0,1,2,3,4,5,6,7,8,9,10,11,12,13,14,15,16,17,18,19,20,21,22,23,24,25,26,27,28,29,30,31,32,33,34,35,36,37,38,39,40,41,42,43,44,45,46,47,48,49,50,51,52,53,54,55,56,57,58,59,60,61,62,63,64,65,66,67,68,69,70,71,72,73,74,75,76,77,78,79,80,81,82,83,84,85,86,87,88,89,90,91,92,93,94,95,96,97,98,99,100,101,102,103,104,105,106,107,108,109,110,111,112,113,114,115,116,117,118,119,120,121,122,123,124,125,126,127,128,129,130,131,132,133,134,135,136,137,138,139,140,141,142,143,144,145,146,147,148,149,150,151,152,153,154,155,156,157,158,159,160,161,162,163
0.0,0.9474998397879192,0.9525088717417377,0.8182219793190134,0.7875118734651535,0.9699319667325736,0.7318338642210335,0.9360213906918089,0.9092318257857898,0.9641121961997476,0.8459037673038934,0.8305922240851874,0.9750330764596002,0.9413593595576055,0.7902361214757173,0.9517886048082826,0.9496487373759734,0.9633555003288355,0.9312327970075592,0.995767622550353,0.9733751609858906,0.926649769170646,0.7788247132049293,0.7541160901667743,0.9725655623073874,0.6853036914343048,0.7627602101181762,0.9360928217607,0.911521403476078,0.8267342938929774,0.8526537262190717,0.9600915370978372,0.7907293484609331,0.6925439933869096,0.9722952139206875,0.8384161067884943,0.8710674064231518,0.9266600791103331,0.6421084053410846,0.8283144000333404,0.7775733198299767,0.839728498621101,0.8784831257411826,0.8391216230273544,0.8333346827424755,0.7898600942933405,0.8308095378439119,0.8199090412370458,0.89720505986861,0.9186445956121448,0.8845181290348622,0.951669558224537,0.8599930120657064,0.8768881106461575,0.8700179504093833,0.945977627590692,0.9688576346479324,0.8265946883748613,0.8937088321384788,0.8922917336304905,0.9219911890789866,0.8408289204955719,0.9458441414521275,0.8318000329900429,0.849961592845363,0.8167752901475287,0.7279311588880697,0.8910491417799719,0.914852656422859,0.94467750103149,0.9122962253984003,0.9452439201797765,0.8770567570371632,0.9244083894102078,0.9421791697267079,0.8068332659645194,0.7896423984344149,0.7682329714455381,0.7508883863221467,0.7726883954227827,0.8563383857862096,0.9410106365356025,0.9441630087853773,0.946815549921179,0.9454154285572254,0.9460935365488145,0.846931663410199,0.8687016691054935,0.8923956386356401,0.6719017885361941,0.8498879411191799,0.7716140056355277,0.9261261919405284,0.8679382085396083,0.9406578845583163,0.854776020213351,0.7966757470692325,0.8681626294928063,0.8255398241887253,0.8394550030084481,0.8074266917698699,0.7714923275151951,0.6478541688227633,0.8730029560578353,0.9551909261488887,0.8896341460066622,0.8233526113897999,0.9127593893891365,0.7767280285757189,0.7799586766367108,0.7377697489192846,0.8063857232463867,0.9076000823933499,0.7832439307690631,0.8819672636572087,0.9340856739581401,0.9033920291734823,0.9433757031011615,0.9181484310526459,0.8563671672861677,0.9168620414088733,0.8570329267608469,0.8892026096843522,0.8476381058806983,0.9236391338875357,0.7970969199108257,0.8413233142779936,0.7248607543948192,0.945127311689745,0.8520597754541392,0.900186460676035,0.9663127372578736,0.8761510789668221,0.8245348255938779,0.8026334392049035,0.8437973720484161,0.8608819503878756,0.8057716053054447,0.8313093049363524,0.8410452876185623,0.8487174181367636,0.9298409962917594,0.9252661446707371,0.8281774094991372,0.7856503400527316,0.7287062451202972,0.9565445788936329,0.7581203578964666,0.998994231565698,0.7537741614892044,0.8976050685655552,0.8671605486891629,0.8366783927619698,0.7550691463406459,0.9184688625142645,0.827762964986945,0.8930123629515558,0.8889309627817443,0.8582886452549952,0.9509465631629357,0.8061134303649957,0.963204439525753,0.9441831473604538,0.8636119500393872
0.9474998397879192,0.0,0.9297904841088178,0.8651161687901333,0.7467904701587157,0.9187161984856216,0.7507434390126718,0.9418232141863582,0.8360446085259182,0.9655777257252864,0.8162012121557174,0.8108870871113731,0.9700908797020177,0.923098570313655,0.880006750761846,0.9034285297725883,0.907436182640181,0.9487450842785374,0.8911486023449502,0.9565059468691126,0.9356215888389822,0.9137278265159348,0.7801146249997445,0.8505943544916905,0.9204268295870607,0.7119992606792256,0.7676376766922087,0.9059994321805984,0.9663046930521237,0.7649204431575027,0.8698948112135838,0.8810840711027942,0.8978826320491682,0.6814190063212513,0.9312859227294397,0.8206420379910982,0.8619118810787649,0.8997512643361645,0.7228261600408602,0.9015396832002923,0.883509123296014,0.755537909062349,0.8528856367225782,0.8453476571838793,0.8705185131723817,0.8371029216501905,0.8160042596523075,0.8100233239594511,0.8804463640826409,0.8813822204082308,0.8679828396260914,0.9482957929957347,0.8731174310326968,0.9253592835054301,0.8760941339553973,0.8922263847455643,0.9497230707563622,0.7630189462604506,0.8778348952470636,0.9156447681683472,0.9457534927464137,0.8025577519063573,0.9125664580186008,0.7725601491616821,0.8377288359633226,0.8227588040875358,0.7492559306458829,0.8823267309148485,0.8574309222074574,0.9034254960197721,0.9054435579753154,0.9585221048083391,0.7868102789184658,0.9149396516603534,0.9024135769361715,0.8192414575774607,0.7733312716259559,0.7941203698735892,0.8119199425927908,0.7835010874290883,0.8630885100070875,0.8881441638609071,0.9835061200375004,0.968237477661335,0.8533169333175924,0.9804305169180135,0.7732321365756392,0.8166250479438666,0.9030915236665947,0.7244209868800332,0.7912244662415874,0.7327492530288597,0.9153086792118464,0.88406687808455,0.8978818455853371,0.8887567226684238,0.8010350407700629,0.81714265336515,0.7334725455453615,0.8647625894945785,0.8664291124377196,0.7354512962128232,0.610720941696863,0.9155793130748882,0.896623124922763,0.9128105525735049,0.8262767076969781,0.8767015386553407,0.8420602398439804,0.7978177248334067,0.7083300135560527,0.7394856560569829,0.8529791356556021,0.7332012971737365,0.9253919518037809,0.9482350576390097,0.8870149633231144,0.8728746837225625,0.867716601759574,0.7992668848030073,0.9102539348638637,0.8509885552846398,0.8287864462179189,0.9053345594160349,0.8623849870532917,0.8867848052392078,0.7722782255984556,0.7765031877060422,0.9585498970066656,0.9180574238199066,0.8348557912154723,0.8891818299009425,0.8800064642134808,0.7852696852452319,0.8185686676205108,0.8690734084190981,0.9033090486790541,0.8890715933572703,0.8912664808877943,0.8734965700453139,0.9167546036196682,0.8365593926598649,0.900998799272972,0.7489071825898369,0.7922274236348883,0.6710348239596758,0.9406081886208267,0.8260683064751476,0.9519420222618961,0.6962433346447892,0.875082228359525,0.8837262742767877,0.8010550203081646,0.7932030841712112,0.9617331303614434,0.8611002331219124,0.9372054024259203,0.9438147722449592,0.9358556102236112,0.8828193275459738,0.8601711550075216,0.9154151742978206,0.9349459993139214,0.832679080224666
0.9525088717417377,0.9297904841088178,0.0,0.9148380328415678,0.8957617267803694,0.8736291439493951,0.7899916787410657,0.9364431349522457,0.9193982636902879,0.9646027046594398,0.9076273632692785,0.9019187548952289,0.954100629311539,0.9887644695518211,0.7806136247460461,0.9848059692796834,0.9858653613115634,0.9665163175881247,0.8689234295340081,0.9379368337195757,0.9642342687306361,0.9860011099602576,0.8998350087034264,0.7555851934307782,0.9346993637639858,0.728827652018656,0.8839409260713661,0.9755907508025139,0.942292971866307,0.8646300346394733,0.7720838543738625,0.9135534383535557,0.8002952357208938,0.6968376366062488,0.9752760814554934,0.9201485801666872,0.8417840201492074,0.9630461665972304,0.6647286436242102,0.8896382277412429,0.7826232768637216,0.8861010026774658,0.8279522076282017,0.7851605127852295,0.8403187728515366,0.7455185303558723,0.789365761735186,0.7789844205111657,0.9457052658780059,0.9270009536163978,0.8734254226610012,0.8945883102816733,0.8075522204912123,0.8878846636576327,0.9159635039940416,0.8716963286324455,0.9243271457024284,0.891911077875162,0.8991091328385629,0.9071618821723603,0.8653937801730223,0.7978893080037323,0.8840712654169582,0.914898084987216,0.7746634176475488,0.7298782117576479,0.7402528794526291,0.8334280196651204,0.9735619830062687,0.9590272290571794,0.8457167331311912,0.9253049371453177,0.9020019934417102,0.9563903940811587,0.936403248338012,0.7088805609982118,0.8502858547202633,0.8634175751413629,0.691336250974708,0.6638911586009338,0.7459285042669628,0.9299527405106403,0.8982197245263059,0.8901908985382958,0.9458322403676988,0.9404757286902562,0.8030697215594588,0.8669115102183429,0.8298866353158554,0.6607001443997708,0.9388634658066632,0.7580596816413965,0.9544506806512594,0.7705518432567333,0.9844694165430354,0.809901660192522,0.7079562577341145,0.8195472536817574,0.8734234711900164,0.8198898983847979,0.7716353763549609,0.7626085760745299,0.6683919829926133,0.8321596032678465,0.9316644747129064,0.8576063568137662,0.7788553234693811,0.951832808218478,0.761906207909093,0.7322166064751731,0.7474736004537538,0.8880384210231814,0.8522131411756002,0.8571035921466666,0.8316592199248303,0.9754089522460211,0.8061021609302338,0.9738026378531254,0.9237263366128602,0.9302624761697253,0.9896682359937066,0.89242545808205,0.8291049491073411,0.7819553804509142,0.8488707658159076,0.7493590990096171,0.8769833715416006,0.7741185664053674,0.9445834234517788,0.8417462692359476,0.9103604206534746,0.945422132699096,0.8559908865947701,0.8549188739667883,0.7592867522379474,0.747994252213369,0.7661828280084012,0.8458101147864909,0.9200545451646913,0.8208960023641222,0.7845344782109378,0.9442017072117775,0.9507867833347338,0.905016907712559,0.7817890456747066,0.7580407173871969,0.9729192131182258,0.7054345559021401,0.95797239233694,0.8074830573689546,0.8314913482129301,0.7932185307243903,0.9264162311096099,0.8183076200987897,0.8856896796976299,0.771881600275154,0.8797815688420982,0.8546225970263583,0.8730740893107711,0.9455285395250416,0.7433102512638482,0.8658953825240744,0.8793968435173444,0.9044063504072307
0.8182219793190134,0.8651161687901333,0.9148380328415678,0.0,0.8493589601616693,0.7429354011278476,0.8875528106267923,0.849808122076595,0.7666988369710686,0.8922914312780035,0.8621256819469272,0.8985786860225705,0.8841856077403839,0.9271713831495252,0.8019680612704416,0.8708765666631568,0.8580640832645732,0.8433189371501477,0.7148675706614824,0.8060243438651916,0.8755380166967953,0.9158683201609948,0.9299449688799377,0.844326935566932,0.8448344644679294,0.8598181554165231,0.8856691459490103,0.8574922726594775,0.9073408002549803,0.7207849597679223,0.7274379590148932,0.7925649781386903,0.8349050846158644,0.7658772432598735,0.8838929629421315,0.9215158845758461,0.8429130810741722,0.8396835153781583,0.771506962495947,0.9630292207414958,0.7773178946497123,0.7836466692392255,0.7486660335261993,0.7895641100360767,0.8896255808470275,0.7118862816021074,0.7172301608899682,0.7868451087505702,0.9385483033414935,0.8198964030864673,0.8218596712548204,0.7983151008077708,0.6966770337101813,0.9145144567613989,0.9510651251578093,0.7837491541551016,0.7944322064365259,0.77769605593591,0.8592373473798125,0.8447047690906093,0.8209889233417286,0.7061134796621712,0.7499579446181118,0.8684909580415641,0.686677337233182,0.6671484027041689,0.8352962774109803,0.798570042709653,0.8589796256757665,0.8376126998242321,0.7882769643247092,0.8575930628597052,0.8251677648960332,0.9266200152660448,0.7814651401413192,0.6406166447524104,0.918649302992732,0.967453516488395,0.6549443458964767,0.6096397206994355,0.6510142149937107,0.843026177569205,0.8064875555995474,0.7860269682313042,0.8253769622248571,0.8513330513053025,0.7440179678120189,0.79593221532936,0.7398640228549147,0.7363025846616124,0.8535457289530954,0.7419954733578014,0.8480598538216012,0.6866034462827989,0.9090043755686735,0.8180420191307535,0.6362993080414963,0.7802689259029876,0.7939229914198398,0.8207245299321577,0.8084015721879987,0.7646916501625329,0.6996659178876539,0.7738475925774041,0.7935315967667564,0.8054725862418887,0.724039323272812,0.853915910447414,0.7599190953056457,0.754188924093877,0.7965826066377885,0.8573848672098191,0.7995494369918447,0.7708323175017867,0.757557019953305,0.88533589544939,0.6825166914748138,0.8749287457389922,0.8787825872189624,0.8446701256446608,0.9353990567494416,0.8344601714985522,0.7608075485246246,0.7524961678197367,0.7404812499315866,0.7527438514147339,0.8098904675641685,0.9012162874871977,0.9111110018309114,0.8348727495028868,0.752041254284603,0.7849043346885274,0.8115710037017347,0.7823066780954895,0.7766378457785665,0.6743506626608309,0.6880329737413159,0.9218067666963218,0.9899808268802338,0.7400385846248856,0.7426487314094762,0.829306905697749,0.8837524618267305,0.8240053726011559,0.8311698792261272,0.770925071456977,0.8729439982339195,0.662639561964293,0.829493721200637,0.7023001090796059,0.7863738836346004,0.6756585255228422,0.8381871842709138,0.8918107039316966,0.8607066431802566,0.7804800528754503,0.8602060587182737,0.8544328059567494,0.9155539315785856,0.8584088767228478,0.6974853234658027,0.7295045887963932,0.7815752065464311,0.8370816574792459
0.7875118734651535,0.7467904701587157,0.8957617267803694,0.8493589601616693,0.0,0.6951405790178494,0.7414188298575164,0.77164839270667,0.8726121520354729,0.8017107678513338,0.9030407644323595,0.8781111962326628,0.7769425682133729,0.8907393136149427,0.619509192586137,0.8997213215780191,0.9040981457393977,0.8225467089141822,0.7180206850389105,0.7642152326959321,0.808648484704971,0.9102173314992269,0.9565248629604797,0.6199270196359745,0.7828764641924396,0.6732490968084629,0.9631795190473895,0.9008875936722665,0.8102029264686584,0.8834537639148601,0.5904587933960932,0.7653110617376165,0.6434602163040565,0.6304160453199972,0.850344424215326,0.8747160076373935,0.6990336125289964,0.8841587728160866,0.573246825649868,0.7742352990461168,0.636479310248579,0.9328842020713688,0.6656574333855336,0.6302672684512504,0.68953689197801,0.5873631324829516,0.6516027639984499,0.6517164853174601,0.8553252727135925,0.8034458868697603,0.7244884256803552,0.7050548132844012,0.6535008323734071,0.7223662163576259,0.7991056565593682,0.7148960245858342,0.7480291709509022,0.9358610798850722,0.7673317412584121,0.7587388539815323,0.6721698248342964,0.6641058415709787,0.7106405356092884,0.9592547299440687,0.6139291794662889,0.565038208900805,0.6512625213998086,0.6600097177118824,0.9352495593227081,0.8529410218401369,0.6595855224570621,0.7490253106175488,0.8819128975171621,0.8217486335357581,0.8253127519184095,0.5469813521652274,0.798911347389694,0.8481115894704265,0.5371130917250643,0.5197872068461667,0.5726762379103012,0.7848888367952016,0.7094299441898463,0.7046921670482199,0.8540224339600723,0.7741160303683173,0.7056184990804968,0.7571470581195573,0.6506339507433597,0.5676770895084088,0.9816816478932481,0.6647213487332179,0.8344799032511814,0.5899995695934231,0.8984118821614789,0.6447602292176328,0.5487290260721731,0.686404018938264,0.915810809689826,0.662365293779842,0.6170458490049313,0.6529127959389227,0.6487218689787145,0.653238094356522,0.7893313367706696,0.6795632905950642,0.6239367798808296,0.9023286645187872,0.6146304857432526,0.6033468315420109,0.6902713840805559,0.9405315032349723,0.7083006003948183,0.9373933574247645,0.6494775354747702,0.8649233417528334,0.6331372401316617,0.8933234115387126,0.8192044546376418,0.9672629272878986,0.9233534233715851,0.7753785278835517,0.710798917992952,0.5974265734456342,0.7200095926947842,0.5764754985350932,0.8360936649310597,0.6791206771864209,0.7765668496829323,0.6710227267228032,0.8675676187735932,0.8311506338939053,0.7291606380530266,0.8444216490643126,0.6218790214965256,0.5731674703821538,0.5862500652617181,0.7133935073321407,0.8420562873497379,0.6678960951891831,0.6000126227232793,0.8936151469873794,0.8285447611977829,0.9629480253587567,0.6828755916391062,0.7489747902838921,0.8384330441071303,0.5536194188228997,0.7931588338825589,0.8979112276785609,0.664854823749188,0.631775260426358,0.9687698950623024,0.7455785703329391,0.6937423391804883,0.6065279745768123,0.7285475443157623,0.6703517306272953,0.7247031101082935,0.8224381125194629,0.5778919556227432,0.6999786816555885,0.6896130965244311,0.8763886952894366
0.9699319667325736,0.9187161984856216,0.8736291439493951,0.7429354011278476,0.6951405790178494,0.0,0.6657629281103775,0.9065659786026463,0.8626998500591615,0.9016577474551094,0.7885067613579602,0.7799674483852297,0.9379457733341556,0.8563075329760347,0.772386891497379,0.8849602335287347,0.8728425855280739,0.8994750653387742,0.9352573640994745,0.9821970169354644,0.9246312227769127,0.8528275481298658,0.6816088932260868,0.7468044126008047,0.9462570807866869,0.6463936045689438,0.6770206291508208,0.8681331866800012,0.8575869119245824,0.7684024007102745,0.8901825258855163,0.9202466566471922,0.7652069333402999,0.6709479162229315,0.9138621873701307,0.7476735211091056,0.8647254871476312,0.8640216151351248,0.6494520067390445,0.7600045485174874,0.7540423358499997,0.7736401775557087,0.8591781731231849,0.8517273290479657,0.7985305640645334,0.7870102837990033,0.7983549138735883,0.8339337165202282,0.815551213565871,0.8493254688618743,0.8355178198871916,0.9351159066299555,0.8488494408085066,0.8390081278219628,0.8044371748355944,0.9478916942046552,0.9425628520504167,0.7608082636501488,0.8263588441712589,0.8308316413890963,0.9409186755298863,0.8121427137202423,0.9338207485947889,0.7365993944243517,0.8536364883363494,0.8471746920607809,0.7057418661601127,0.8829102487567224,0.8223539321809136,0.8998955171141823,0.9129765413572773,0.8955990824517738,0.8137569755279127,0.852509511795888,0.9002496646759856,0.8479709027049404,0.7261296533952709,0.6895565922858101,0.7807427064652541,0.8576207886713727,0.9119246371192811,0.8914037175609074,0.9384014392020262,0.9542183191818522,0.8800778142192738,0.9167677658076252,0.8645029238102696,0.8047418716056343,0.8864197288581731,0.6932115393849859,0.7548088146478864,0.7321502210396431,0.8499901440872656,0.9065182389083957,0.8556989421995099,0.8685052439868314,0.8444145504565059,0.8515409550975628,0.7440076187049656,0.8077026747941632,0.8195145051188544,0.7520232751367472,0.6049277181229314,0.856439033968733,0.9045210472306866,0.8621776369397106,0.8116064912394516,0.8502556762161522,0.750561041847827,0.8027839361890327,0.7096169776161028,0.719964029610082,0.9019014540781655,0.7195906829023917,0.8750956967272703,0.8688083361888418,0.9240164225392302,0.8608979576682871,0.8624106851485213,0.775563943264465,0.8305011975850684,0.807013873478893,0.8959437938060577,0.8671633220189012,0.9413031829857995,0.8192150185848543,0.760762433176651,0.6853544560280125,0.89528959444993,0.8178058718933303,0.8495058867167282,0.9300916491607313,0.8825565127384887,0.794362130762317,0.832826265847556,0.8812117148810726,0.9106443972629031,0.7510034064102076,0.7561318571859598,0.8266710588911442,0.8684787512351287,0.8635424688277442,0.8478276244471188,0.7416387827640826,0.7761145275831361,0.6704526022498205,0.9128156396399455,0.7736548665621401,0.9616989598883172,0.7003067760971585,0.9293794636425871,0.8797830712057513,0.7550874690954533,0.6820935996596379,0.9169597174975016,0.8594279005875307,0.8862153685747094,0.8889379361490255,0.8243247757986992,0.8875442644222742,0.8146290012085039,0.9881300102276033,0.934210863941594,0.8169000301284912
0.7318338642210335,0.7507434390126718,0.7899916787410657,0.8875528106267923,0.7414188298575164,0.6657629281103775,0.0,0.708809493738084,0.6318895182545705,0.8240558941522015,0.7082556398826049,0.7424564122583495,0.7991592432517107,0.8350009364334915,0.7779806388053236,0.7318416982242577,0.7318356262808672,0.7394999034822906,0.6151052228033361,0.709306776423936,0.807671496786565,0.7618306834537589,0.8459678426625246,0.814293435759192,0.7746000044906135,0.9360401219608332,0.7293898971549043,0.7064055212458045,0.7581724365659801,0.592978849997797,0.705901221091184,0.7760702176102388,0.7737792923365215,0.8979807598467849,0.790116206088967,0.9024836627326945,0.8118792538683566,0.6809776868818505,0.6790428900302433,0.9130648714572087,0.698710181542692,0.6882223312532523,0.7544378275558358,0.8105186607122263,0.9059635871155033,0.7175601263595003,0.761175510683896,0.7694548839552358,0.913816394145267,0.7764513608366838,0.8402744424507199,0.7543038034906355,0.6444349031119133,0.8772059109552147,0.9260582980972845,0.7540983991445813,0.7094096045350542,0.6357904931683257,0.8934651195457507,0.7898131028818208,0.7393916600888277,0.7268661359699324,0.6829415758392364,0.828189470519997,0.697254080079479,0.6833265069071193,0.8992413758022256,0.8256908237959867,0.7589938801627722,0.6824335079888375,0.7851571596516058,0.8159514165660818,0.7836320700707817,0.8851697213112971,0.6466382911396632,0.649347370072323,0.9442402145402327,0.9299617414628943,0.6246505047322322,0.5852017440941021,0.617992047358465,0.8128269636447809,0.6915414613669277,0.6655667176958926,0.7847789551153025,0.7003527792652894,0.6797646224475828,0.8351083048266383,0.7062823982204558,0.6929501092695902,0.7532620482779965,0.8700425111876199,0.7557158707036189,0.661379610075557,0.8363430277039451,0.774189324339092,0.6232223484347088,0.8441256896929066,0.7835583610528375,0.8729954574083494,0.7800324537139512,0.8159229520289563,0.8684969576538628,0.7366328328646405,0.7311704642176281,0.7875269110650648,0.7443395855783778,0.7083063762811483,0.7791225212325156,0.7641224459410576,0.8836323612268553,0.8276513189004254,0.8022119821993008,0.6257636102516501,0.7032104433708489,0.7248416852490175,0.6439442753709052,0.8134055879815871,0.8589724692210982,0.7175037417710196,0.7979718341709692,0.7212180478319908,0.7310021028170988,0.731337303324028,0.6652023735034588,0.707406839338434,0.8445851905805538,0.9068176324194323,0.8560819615962459,0.8119112679964614,0.6219522639599999,0.6691882317403671,0.671360077373962,0.6335259980780431,0.7370717643224105,0.6599497801044399,0.6256050992201936,0.9020638018545545,0.862788719808251,0.6474136862888709,0.6938324456095925,0.7578357482878084,0.8553038115043307,0.7571079357814655,0.8075480766434254,0.9005773905739909,0.7183036290178376,0.6324751290804346,0.747276352421047,0.5785461279449524,0.7270640677904029,0.6076904933037122,0.6883109947002124,0.9577218760290239,0.7716191973425915,0.7482888099201804,0.7290377256606223,0.7906712362502382,0.827057360213856,0.8382009488576675,0.695002870270027,0.6500190766269434,0.7402184499987944,0.6842679678226771
0.9360213906918089,0.9418232141863582,0.9364431349522457,0.849808122076595,0.77164839270667,0.9065659786026463,0.708809493738084,0.0,0.8770026537305972,0.9289822431408613,0.8198009130988858,0.8391546236059025,0.9391946893273306,0.8990037844969476,0.8428427784861087,0.9254329882310903,0.9193331009473633,0.9523825929304304,0.9233329836309409,0.9393286723331277,0.9278069799758943,0.9122411166543041,0.7766861541975271,0.7615364128422539,0.8930787909093082,0.6797928405769236,0.7876017145302806,0.9157767252955339,0.9082463208840095,0.8200423690303342,0.8601120086798482,0.8872763489895363,0.8596902094719853,0.648247029474129,0.9031095349246401,0.8383182524656083,0.8195791267216767,0.9318665724053186,0.7261902531585578,0.8413829750829129,0.854307127974497,0.7682930145888341,0.8722828215679164,0.783336166518189,0.8397917343062921,0.8167537823637366,0.8002233152061818,0.7607694397062738,0.8477816710920404,0.9065041505238287,0.8701088788569514,0.9223989634363194,0.869930442549218,0.8871510557187079,0.866707815316425,0.836715739540016,0.9548158999998033,0.8270959130505853,0.8441319250903798,0.9176221599726619,0.9202655741709637,0.8248743953294814,0.9377584164946656,0.7769132544890552,0.8247394612611856,0.7996475319410109,0.6981218675873171,0.8422322154835702,0.8887676087097125,0.9509239702970369,0.880060675876532,0.9185204724764378,0.7852429413028458,0.9052247582683032,0.9367646157274914,0.7796164647101345,0.7733431516039928,0.7624514655708231,0.8030766361231455,0.719028030731553,0.8263131350120044,0.9084346128804837,0.9541142581531852,0.9543482757969389,0.8708759939460003,0.9714972958590331,0.7868520662801599,0.8318371062577765,0.8970124454934119,0.6692129942563447,0.8287766840256033,0.720794819711017,0.9357673443837339,0.8459580333089249,0.8871751446361998,0.8295633927425559,0.8072346998806398,0.7745479456527514,0.7418264491232639,0.823214157598767,0.7898891053239889,0.7842429036823075,0.6160118370266308,0.8983767622643963,0.93105501137689,0.8999148501160973,0.831567456748075,0.8664928830488169,0.8039027606760795,0.717300112991123,0.6767529517316173,0.7622285856954714,0.8131955259712357,0.7749527288069225,0.9074202987244606,0.9401015476539795,0.8643124239070972,0.8876716857805369,0.8302317155177938,0.817538505157002,0.9026822125707705,0.9555403831902863,0.7746137808104431,0.8522865702208707,0.8175254548781374,0.8352339013719533,0.7891764487735544,0.7733692512335825,0.9109372589976548,0.8787079417304876,0.8657329937493397,0.929611658777739,0.8628081081580325,0.7910250141332764,0.7677904105094182,0.8212467979303854,0.8555780947398423,0.8303859908466724,0.8586294023523937,0.928308458054412,0.8708583456451713,0.8421230229956734,0.8901685248531814,0.7887150976866266,0.7400851146841667,0.6651717197011784,0.9713527202143356,0.8009565719453576,0.9348680776456683,0.7271236209058074,0.8613924787142551,0.8720319025596895,0.8364300736051729,0.7629584213304594,0.9314656755540645,0.8140968216469896,0.8756854239082649,0.8850085953410042,0.8523960400539492,0.877663104020364,0.8098910523218545,0.8782283569793233,0.9246759612956555,0.8262972607027399
0.9092318257857898,0.8360446085259182,0.9193982636902879,0.7666988369710686,0.8726121520354729,0.8626998500591615,0.6318895182545705,0.8770026537305972,0.0,0.8434378129633556,0.9105244466713776,0.864911894119665,0.850962492953549,0.8831028463797207,0.6473684240085054,0.9646564646059956,0.9582052653646282,0.9006563505943792,0.8936174820909739,0.9051610949821443,0.865370449244638,0.9328349106347755,0.7945625553054936,0.6277776989245272,0.8698022653144608,0.5938151138421744,0.844683603952795,0.9709767771055027,0.8582822190031265,0.9660788150095427,0.6868546773404854,0.8371504939292356,0.6658139999853314,0.5821500474448064,0.9056858702442037,0.7775629749013991,0.7428898204868252,0.9735839076516742,0.5829030873914944,0.7218731971234813,0.6781950026117829,0.9281340228331788,0.7284439136906314,0.6768867632201588,0.6818358829747373,0.6406600024618754,0.6858473602773418,0.7010330730434162,0.804292255074058,0.8333362230571705,0.7394620209394482,0.7986410417010154,0.7599314115238311,0.731279023177018,0.7579282046044383,0.8126635661904545,0.867978114640567,0.963697598656956,0.7524534906807898,0.7834368346824365,0.7773564499588644,0.714364611553452,0.8394495563585993,0.8428900247486583,0.6967743376476279,0.6513716197787247,0.6137042882998274,0.7110075272361114,0.9290137811852548,0.9691568315185405,0.7346284746008814,0.7986534525480973,0.8661605330505349,0.8102122017491697,0.9676054911189511,0.645679841171116,0.7088522500227007,0.72008955973561,0.6225732266548752,0.6458098131388843,0.7109939594118365,0.8248455693860065,0.8394885483367314,0.8573291860098557,0.8867768834552271,0.8902263575897227,0.8012143397638251,0.7500773231657359,0.7456369192868618,0.5931180251041867,0.9086391299678647,0.6370846061861593,0.8715511452430474,0.7082548052743646,0.8856163935837444,0.7096219006884028,0.6562635407686723,0.7124164376848005,0.8379520174433629,0.670683429362384,0.6638054922481708,0.6522363026696311,0.5649221509669183,0.7246571759328104,0.8747444876893541,0.7322099259950521,0.6734645970050849,0.9570017123215319,0.6323782975696128,0.6466176602435876,0.6416613940697267,0.8186568389546303,0.7672315440602149,0.933892118661398,0.7420658853431302,0.9293298055133358,0.7709971390216347,0.8954545740128086,0.8198489955895003,0.9396029309874748,0.9078018830871639,0.8162103977353616,0.7942739507669412,0.6770154945707867,0.8629035733758866,0.6485166751963911,0.7751374542817165,0.6231979670836936,0.8070531264338837,0.6999205545217496,0.9936227484234798,0.9726396018180961,0.843914905699005,0.9175906784511367,0.6842803354483388,0.6818339443930733,0.7248787385562674,0.6792535606786202,0.7790600080644265,0.7654031293256571,0.6944637960687717,0.924032701146739,0.8207843282487164,0.8802459271188856,0.6903323360679763,0.6531572424606765,0.9372235914764785,0.6332760151645336,0.9018861996116498,0.9231775377128758,0.7690478438738457,0.7731178128039008,0.9419409032089746,0.6508321154186296,0.7761424978059025,0.6780102122499059,0.8139108809238617,0.7359475999218276,0.7431039576838716,0.8443190395638454,0.649917322126234,0.8738731715530825,0.7899551815376175,0.9265103638678618
0.9641121961997476,0.9655777257252864,0.9646027046594398,0.8922914312780035,0.8017107678513338,0.9016577474551094,0.8240558941522015,0.9289822431408613,0.8434378129633556,0.0,0.8244432132548059,0.8206141096180636,0.9843137777731267,0.9722066115658291,0.8649767030792465,0.92751772043818,0.9364682297472404,0.9696811391797672,0.8680360035558174,0.951356880481015,0.9741764375774165,0.9280856831155049,0.8405130748648674,0.8162738758173722,0.945641610894201,0.7555911865364661,0.7940683633225348,0.9138192851947281,0.9387384801861368,0.7782365997499447,0.8539348926219466,0.9462507945218867,0.8694183610302831,0.7361217855848994,0.9624917630571783,0.9052165583510309,0.8772614342601854,0.9002467091712817,0.6752215008341365,0.9249427524567096,0.8402133520777705,0.7987735450650473,0.8992308415002364,0.8554486073955173,0.9061694207325097,0.8379346302471044,0.8717879516945982,0.8130520259960545,0.9513635705076237,0.9427905665239377,0.9336453435984078,0.9592569468894804,0.8620127359183799,0.9412213764479298,0.9352586978159482,0.9109561315486145,0.9526787496805617,0.7871213428353625,0.9557554437608211,0.9484203489821549,0.9157726330740427,0.8600624250901924,0.9213471770758624,0.8556378544376911,0.8581868302134595,0.8239716481341706,0.7807615425562907,0.9199156332126304,0.9193425788372255,0.9030832971119614,0.9276857567259575,0.9888992603649698,0.8541472969936375,0.9764216462356515,0.8950361870183055,0.8057066513347589,0.8468896943051125,0.8463601703356062,0.771229112068904,0.7299699488214774,0.8250294547389944,0.9494404868530707,0.9368633101736614,0.9177472742963334,0.9271830263606711,0.9390781967465182,0.7853727441288708,0.9089848456394631,0.9073469873500182,0.6856868572733428,0.8565077801390111,0.8188683197465859,0.9526735364063038,0.8568594707580898,0.960718912897083,0.8691960442131437,0.7824132373897703,0.8782716231221509,0.8203704192553677,0.9101610519530838,0.8391110623453223,0.80032972515305,0.6967820436994985,0.9139320284825909,0.9431793370690547,0.937015497598434,0.8587485758469785,0.8845076713885274,0.8543956874843446,0.7867595638159319,0.7648008062078906,0.8239075723981819,0.8924155806685955,0.7501111425221224,0.9071865644629742,0.9374783454519409,0.8741967492450845,0.9477737872830583,0.928081423986626,0.839743798252439,0.940406319520986,0.877758476299888,0.8434459570171037,0.8779697104247587,0.8501961647610454,0.8351500771206262,0.8735028723986117,0.8063686926734048,0.986380863580437,0.9269945612594491,0.8404198741602821,0.9033907970376053,0.837451008054667,0.7712097197085284,0.7943893609514235,0.841943487143731,0.8400080410220957,0.9067414311904592,0.9055977565105898,0.8516521026094225,0.8729924228344301,0.8964110288779908,0.969395094141477,0.8235540056516868,0.8002679863084349,0.7673224000576472,0.9323927108137021,0.7878557865378674,0.9738140904717235,0.7073389142581142,0.8640390806460674,0.8462086202584957,0.8264177805688337,0.8621213887854341,0.935059170022934,0.8358962907588424,0.8887628939020772,0.9191577652712436,0.9135634529203567,0.9594394014512602,0.8439147325005549,0.8912645300280162,0.9475585750454717,0.8277419380564558
0.8459037673038934,0.8162012121557174,0.9076273632692785,0.8621256819469272,0.9030407644323595,0.7885067613579602,0.7082556398826049,0.8198009130988858,0.9105244466713776,0.8244432132548059,0.0,0.9647109336959213,0.8483908994772575,0.9008672905197773,0.6366501614753862,0.941536590205069,0.901288574737411,0.820094492813034,0.7519358773583465,0.840402911634491,0.8405286563463089,0.9557984001398012,0.8663571007074032,0.7061635069562284,0.8765323695335183,0.7055052426036538,0.9093603394575087,0.934377701425416,0.8909303663084716,0.8497391881326101,0.6513665817944202,0.7693264562210962,0.6652619931174014,0.6595529261023413,0.9141457718295544,0.7948300037981476,0.8163042350404509,0.9146708441842263,0.6582971929922982,0.7849111513473606,0.6413662369731817,0.9430940563870164,0.6570187112561641,0.7211760574657646,0.7225039794649208,0.5880066055946561,0.6158606656401798,0.7830811450902935,0.8573422389131273,0.7498205393693097,0.6985255421637645,0.7325584419903837,0.644297920870117,0.761387498872104,0.8142717285722754,0.812975420342417,0.7696715110431174,0.9131884337041843,0.7395160905227444,0.7240269670103501,0.7754496796354902,0.6244253003419172,0.7246632214280936,0.8783864530650627,0.6120764721731407,0.5893065109619526,0.719148463844216,0.7063891321381623,0.8782515446843314,0.9208544467628984,0.7037821409840783,0.764201572045937,0.9068509512163312,0.8193030454893568,0.850316780045825,0.5807481965159215,0.7997705000944431,0.8433934984679025,0.564944248254833,0.6247042188292585,0.6281797186397886,0.7795845716459372,0.7837815513835911,0.7941501084796052,0.8384829617017792,0.8480291015468023,0.8481757002342647,0.6998984857052705,0.6619635288611919,0.7024104594633696,0.8929106315885205,0.6262701205574751,0.7912309353735733,0.6349217699520237,0.8899005829686538,0.7634175143993042,0.5776518391632848,0.7256086235843026,0.8474391333917692,0.6667855127936719,0.7272412579229396,0.6517425658270616,0.5880986704048311,0.6643841871322502,0.7693383144694951,0.6837431050266892,0.6099778436357577,0.9749739201529817,0.6019520647689783,0.7206382635955171,0.7339505440594531,0.8650307781931826,0.7943140800717455,0.9380447922399701,0.6692457658749531,0.9041480820972364,0.6613891357689907,0.8748879180712558,0.8674831649823327,0.9651372546928191,0.9335344899964862,0.7577098474781563,0.8340670200028555,0.650373073371944,0.8577981541778453,0.6426661866739943,0.7435986359123233,0.7005732931811122,0.8225805672044214,0.6816712369289284,0.8859237943476451,0.8676380797621966,0.9022474337407932,0.9754418299259733,0.7593321221558783,0.6157133893330458,0.662575859219678,0.7259025930859383,0.870281396388748,0.6682209399410829,0.6547320692476717,0.9181254530846256,0.7920463415249523,0.8740460777951361,0.8118185477153458,0.6997851669245257,0.9020261329809756,0.5696256706629999,0.8447907097808077,0.8883479095136135,0.7889671654292403,0.6546594078046561,0.9244869456255009,0.6859079745523183,0.7846280125661349,0.7184894101651073,0.8767487937302895,0.766862446866602,0.8203179911485553,0.8293286973965706,0.5963068870561046,0.801073123092349,0.7180007755367349,0.9934580365865862
0.8305922240851874,0.8108870871113731,0.9019187548952289,0.8985786860225705,0.8781111962326628,0.7799674483852297,0.7424564122583495,0.8391546236059025,0.864911894119665,0.8206141096180636,0.9647109336959213,0.0,0.8506630410778406,0.8869705966895995,0.6650509214970104,0.9177063086197064,0.8743461852148914,0.8049580724217617,0.7443547243441625,0.8262435229263437,0.8598691826706414,0.9376634619835715,0.8614850140591391,0.7360897379968431,0.86959584242141,0.7539018991115964,0.8833504851529121,0.8978349353561876,0.8629141094531856,0.7986642721984034,0.6803446656219905,0.7756907051967675,0.692045065109248,0.7076908107648168,0.8967347112586517,0.8294001293625192,0.8354477668455743,0.880183736174765,0.7268887982197331,0.8059252559809985,0.6559578514732375,0.896699996076327,0.6798372312462031,0.748480317333287,0.7683376639832817,0.6082878289583401,0.6264343034028983,0.8024606626170299,0.867327139097973,0.7606795891501924,0.7289721661416423,0.7430934773780297,0.6411275736962825,0.8064567534174456,0.8575318041726958,0.802647430232481,0.7695393629410654,0.881635735967587,0.7556127911290806,0.740080759053957,0.7997080267698267,0.6402551406576608,0.727495946531945,0.8674565666073504,0.6249802864531968,0.6068221738269203,0.7611062136671501,0.7273953567010991,0.8573109106614476,0.900594707103651,0.7278951503229467,0.7670786295412548,0.8953184003779106,0.8460467085081813,0.8201452323052923,0.5863921888819323,0.8537593059505546,0.8614529084344561,0.5818988486429134,0.6166882094913227,0.6253644488337197,0.8119829250974182,0.7733067298290701,0.7804962166088302,0.843301899479666,0.8371806591862209,0.8585673206085488,0.719450203053284,0.6701441672765027,0.7299614824558074,0.8755752019190937,0.6602442997918685,0.7885162839748222,0.6419588894459368,0.8874097527103424,0.7807379077706592,0.5998841336751685,0.7485578586154616,0.8316903924611992,0.6975366320773737,0.7457516909100349,0.7137564257286674,0.6271079127774559,0.6771680687671862,0.7720250219559207,0.7054491901158148,0.6383952923438145,0.9233819160907873,0.6223063822631596,0.737762272326971,0.779711403391466,0.877668316287166,0.8070934630815757,0.885493259142119,0.677125452542344,0.8779676292675087,0.6536701805614422,0.8716012303052711,0.8742451537819451,0.9192231633476902,0.9196638022697253,0.7920805535716392,0.8209314818182037,0.6689354447644519,0.8210040302931174,0.6624897812164927,0.7626591125106706,0.7657249957442879,0.8379801581079889,0.700378889188297,0.8297169462976342,0.8491893269176323,0.8855373133655641,0.9329321329786414,0.7921234833156114,0.6196506377812911,0.6567540456488705,0.7519884759065992,0.8828440256956472,0.684376786436021,0.6636740346598811,0.8935197853716885,0.8092622761994002,0.8730079551804276,0.8331419235437983,0.7275603333531167,0.9084134894611843,0.5780036572897119,0.8293069625006135,0.8221635913983288,0.818469000900933,0.6413366812570388,0.8965650220901576,0.717076560859108,0.8130236398344494,0.7480658267612178,0.8674546962009233,0.788169095026663,0.825294294986165,0.8359612802400129,0.6029918991211556,0.7694026175525477,0.7286088951578465,0.9485652130347324
