0,1,2,3,4,5,6,7,8,9,10,11,12,13,14,15,16,17,18,19,20,21,22,23,24,25,26,27,28,29,30,31,32,33,34,35,36,37,38,39,40,41,42,43,44,45,46,47,48,49,50,51,52,53,54,55,56,57,58,59,60,61,62,63,64,65,66,67,68,69,70,71,72,73,74,75,76,77,78,79,80,81,82,83,84,85,86,87,88,89,90,91,92,93,94,95,96,97,98,99,100,101,102,103,104,105,106,107,108,109,110,111,112,113,114,115,116,117,118,119,120,121,122,123,124,125,126,127,128,129,130,131,132,133,134,135,136,137,138,139,140,141,142,143,144,145,146,147,148,149,150,151,152,153,154,155,156,157,158,159,160,161,162,163
0.0,0.8736961087208901,0.8477713516424538,0.8239356487277995,0.7614198945352975,0.9117335651978565,0.7929852982435233,0.8570512985533121,0.8816361056581181,0.8244754704441272,0.8420342522748367,0.7512508739478385,0.9705903353603222,0.8203814431734344,0.8430479240080406,0.8934895600149091,0.9068407676135694,0.9249681176100215,0.817774937811541,0.9567172326985197,0.8574911156220498,0.8652610718164699,0.7767349228503281,0.8358957087082226,0.8939022846136795,0.7834505734659484,0.7690423713114766,0.9221774063656163,0.7587863982343612,0.794788389588288,0.8431472094449703,0.9000623727777369,0.8366697691590933,0.7783630731750386,0.9015115778826012,0.7134047925933579,0.8995268101337323,0.8366353303496401,0.6965440522654823,0.9199723346978567,0.7669954387498529,0.8511059022350764,0.8381141469864399,0.8538515298692084,0.8649032990368507,0.8641658420595295,0.8244875000742784,0.8229608046641051,0.8939662682845083,0.8319281683034889,0.8576453457045908,0.903402931629787,0.7867759903795253,0.8044387184489041,0.7575528174395075,0.8628876757076556,0.9146265079553889,0.8045061356227714,0.8410617260688599,0.8012735902166116,0.8769265446845481,0.7148888237745943,0.8771113074849461,0.7153315090461115,0.8205120558339069,0.8567991505007846,0.8464694535914525,0.8881296079085027,0.8319812701001084,0.8862015778497593,0.9415993172007396,0.8103589398795307,0.844618320598118,0.9045399679887658,0.8905063583577071,0.8646648078476856,0.8060389310257544,0.7722996658571845,0.8047953021317247,0.7841220702792041,0.8658755561955745,0.8647463575142927,0.8675434294726045,0.8522920155588344,0.8414290775634984,0.8996860692415287,0.8568984233517168,0.8181026639683121,0.8808097035749363,0.7723002662161399,0.8310322723939644,0.7776540101937074,0.8062148208599424,0.8758346791008729,0.8721831142745813,0.8125804300622967,0.7687883894383533,0.8303946827017294,0.6748930180790526,0.8728790588910842,0.7443705639432447,0.7494518701652315,0.6986013499162085,0.739243191252899,0.8358245616386831,0.8883553541816979,0.8014506888987208,0.8861147333728832,0.8385315236051932,0.8478190252359193,0.7974297848908354,0.7577625302862208,0.9026826902575452,0.765121555373421,0.8352798333463157,0.91846519982041,0.9050577762628003,0.7971293773099448,0.8350617086005414,0.7441420441633476,0.8415186409272059,0.7295837683734875,0.865581375125857,0.9169744513866838,0.8436478853662149,0.8043798072988673,0.7426176373668142,0.75005274591183,0.7853413238255799,0.8743128967597953,0.848731503889221,0.8943693317124278,0.8086598310111601,0.7745674558849027,0.8058374042580023,0.8411971360918508,0.8700616394715625,0.866396856076896,0.8583538131384072,0.7994591471604752,0.8396113489786601,0.785493108755907,0.8659836408169007,0.735886272346345,0.808778435074277,0.7926260843486377,0.8336443920949266,0.7930965720595059,0.8630104680489442,0.6448475639754768,0.8956426844994382,0.801011684016089,0.7870782400904912,0.771311196419277,0.8251960560125341,0.883904407706763,0.9046475484635822,0.8850522005867647,0.8815940292954043,0.846606262218817,0.8041591267944943,0.8971484646099056,0.8778470518152565,0.8873564914560433
0.8736961087208901,0.0,0.8799720419537291,0.8217692941565802,0.7478321159868032,0.9638432823037912,0.7857585005777188,0.9026028938876681,0.8714631673445038,0.881908820471792,0.8122451193895136,0.8879042901450596,0.9046657488952534,0.8199998936064037,0.8387692347870248,0.9007855128084286,0.8827997975160865,0.7805848329348941,0.8571769643811551,0.9189346696290294,0.8602800103420262,0.8651297175925304,0.7576159198991429,0.8426392422232738,0.8758437633870786,0.7330332840445604,0.7774485886749823,0.8608261201547218,0.8755059210152357,0.8029061149878957,0.9287322056906366,0.9012443326826828,0.9172384053199698,0.823740592808923,0.8912310739128247,0.8044084420687975,0.8352056890815417,0.8452853779627999,0.8357569515462795,0.8787290664934747,0.8715542043982137,0.8190566470323091,0.7478398686201668,0.8645714149509408,0.9021501425604407,0.8327305150467056,0.8323527197125636,0.7996838920675562,0.8295547002261806,0.8255375280629633,0.8119286340544192,0.8728290413611444,0.785757691238386,0.8743049944081887,0.8259875058611836,0.9042285281547298,0.8586343951341847,0.8557385784142046,0.7635214956605152,0.8549078960272231,0.8753953845147235,0.7467347343561239,0.7938838970470263,0.7613562077507187,0.7365052802966893,0.7671271150060228,0.8068462335737384,0.775926891174463,0.7292826576802031,0.7991827591835001,0.8559474514894951,0.8017685383571292,0.7581792893245318,0.8471556406046125,0.8928015490525134,0.8102097138447844,0.776739599220984,0.8390211617420754,0.7806334078899116,0.7576179460634389,0.8276445455307554,0.8260761747403498,0.8987647847152327,0.8461411755638116,0.7992814033842381,0.944791919229018,0.7931668811449332,0.7393976344288056,0.8765867493726408,0.8488969076205604,0.7665357002831285,0.864811962125246,0.8520505456904979,0.8348369151771889,0.8030107243856254,0.8942931731741608,0.8228539695818536,0.9061298119191089,0.7135371076818552,0.8704779795208041,0.797078440348734,0.7249900879915016,0.6466105438242487,0.8034816709073717,0.8184574816723467,0.876054323780207,0.8196338871942532,0.8784463674972732,0.8483265132931386,0.8663479647449193,0.811558274844907,0.7373467082157197,0.8209272665429983,0.7823623971539048,0.8067838545410395,0.9125575627220773,0.8773635007530163,0.7826209731521065,0.8204093421073732,0.7705193396053956,0.8408950996992787,0.731830860564014,0.8320607048246667,0.9113831601875033,0.8022133444827273,0.9067894987958084,0.763856299136716,0.8567209385672717,0.8853859900131381,0.8310138246456937,0.8944027926844575,0.8878944334646535,0.7709529112710555,0.8229371392726035,0.8257540669873966,0.7842609977769647,0.8910049961359011,0.8704173795967105,0.8448161501579218,0.8501037459830771,0.7922580711702181,0.8412892657369114,0.8946688235045615,0.786822574384722,0.8478028261902668,0.7384108078690373,0.9211797869001306,0.8312763951533665,0.9140484906910323,0.7365996629560474,0.8315428145460347,0.8145759128940049,0.7999919994877146,0.8296503462966838,0.8837854547266369,0.8259358187610306,0.8309218351643513,0.9085957301912486,0.8290920279329362,0.7717671311769271,0.7507387178482645,0.8599045939292468,0.95570972328853,0.7975888386036761
0.8477713516424538,0.8799720419537291,0.0,0.8461928937338059,0.8502859593402647,0.8728715461376372,0.8122801090352043,0.8734262718064546,0.8107659016490628,0.9266280410048782,0.8789544956741108,0.85588979543898,0.8736119525928333,0.7294594833823294,0.8648594212458292,0.9001298821376479,0.8876948297496768,0.8391692700982443,0.868108779079562,0.8618299172590751,0.9247849233390747,0.966281323824304,0.7885678211053287,0.8469653494883215,0.9095198285466738,0.7211993990743933,0.770275685736393,0.8549825083852877,0.8139542941476899,0.7926220294373332,0.8113011588707343,0.8644117266510274,0.8200749645352144,0.7321337016793088,0.7932603670405853,0.7349671173853459,0.8174494804373593,0.7813837879175287,0.78303745210827,0.8680255296236139,0.7803548959267459,0.8694360946869095,0.8356000745877279,0.8178541176168601,0.8343386501544756,0.7833420558377259,0.7769040366488338,0.8210189321713525,0.8679842498043902,0.8096321370443792,0.8357697822224763,0.8129548128635381,0.7212673936745166,0.8731555557159296,0.8088290073363459,0.7749461377654273,0.8283118669862717,0.8817860010385911,0.8318437728832517,0.7472919864912753,0.8451748197239306,0.6497566441449496,0.8166701569851581,0.708941132326132,0.7545019572404555,0.7520441659079631,0.7698366481094328,0.8175443285798436,0.84145768615111,0.8763803147912382,0.8353529746770738,0.6981047429816439,0.7584211905691746,0.9074446247534178,0.8632171680867674,0.7045403485904026,0.8305947234376466,0.7949380894784274,0.7093149475983407,0.6408403776990723,0.7823583267659423,0.8391596841653933,0.8407670776895094,0.7505392031430238,0.7603990836865983,0.8355395083455903,0.7883851397271189,0.753571197641645,0.7697291933780471,0.7149852223410611,0.8160741153926154,0.7447953658008962,0.8254120042107284,0.7380880211399603,0.7973547875121124,0.8319520357286923,0.7468635575375315,0.8011816958192312,0.6149437718345389,0.7729049112967997,0.6631757076653824,0.8219268698145558,0.68727714574461,0.8517496341673971,0.7531484871330983,0.8145969341924572,0.8101510457601593,0.8769389264955101,0.7918010503708238,0.846340817308177,0.8334943540937274,0.7182939989431061,0.781214885622763,0.7556249827209602,0.7096497763792771,0.8216466343198369,0.7814153562613542,0.9093268222120314,0.8674921397787922,0.6659129419039534,0.7710062457793705,0.6947383601458166,0.7420425407212746,0.8354655171734808,0.6966989937068155,0.8322750304620175,0.697501941427545,0.7546504133182877,0.8055462573567641,0.7986436233441119,0.8061306119862276,0.9113599764302992,0.676527642408278,0.702766850129654,0.846690937385818,0.7393824958052745,0.7833312644853978,0.7832562895732986,0.9141137417546239,0.8340163883812899,0.7697663996322678,0.7527862812458528,0.8259963218407655,0.7998075531941877,0.7882074899744861,0.7493056993712306,0.8601759234769756,0.7784323249797174,0.9218345296249751,0.6360142763618126,0.7872926063444387,0.7460469522355964,0.860909905544316,0.8525210871319703,0.90110778028465,0.8236319348617597,0.819605031067679,0.862670504820358,0.7437336476610238,0.7273465110464058,0.7424576580761575,0.7286717250417035,0.859831944253811,0.8079774259291406
0.8239356487277995,0.8217692941565802,0.8461928937338059,0.0,0.7917723178601181,0.8366934435389144,0.8173339038825521,0.8340379168042514,0.7649309776032919,0.7554211321662183,0.8537007998214569,0.8146046983835482,0.8362464773795013,0.7641254601099158,0.8052944155394871,0.8365519210256667,0.8699247666678666,0.7698001393177908,0.8520791353822005,0.8341404658503284,0.9124241054148572,0.8577503372783823,0.7670187305513183,0.816550177696171,0.7995931570786678,0.7963343037479352,0.7524692618966052,0.8620319287171624,0.7306748705633004,0.7009539306088705,0.7899348231503373,0.8412175350418277,0.8635085843261779,0.8085536541997607,0.8280283789797176,0.7933225237755529,0.7841909986892686,0.7758564994011212,0.8149097727022322,0.893231586287704,0.7993500540787042,0.8037774107510127,0.7751492660461551,0.846766541395174,0.8482036940044317,0.7715788627094338,0.71376382430678,0.7884062024768437,0.8411151710928043,0.8445736116637806,0.8992117007604242,0.8628160222669167,0.7278411958727332,0.9329661018582558,0.8405355381281608,0.7360717731400734,0.86165463361461,0.8480112044402652,0.8128214987770211,0.8013285307040365,0.8715148098727535,0.694949787349793,0.8221457672289425,0.7366545777414891,0.7632001031532087,0.7705723380343313,0.8412883754399896,0.7360291790422969,0.75988776721297,0.7949005998380905,0.8371762474386765,0.7256440418995077,0.8468603203760239,0.9299859811880975,0.8328440227746626,0.687643190873274,0.9031315963809208,0.7652973232658877,0.7198465617009627,0.648102917293268,0.7167317054016789,0.9073471684838292,0.7259539658255112,0.7392643769142322,0.8673750174822796,0.8053744596511955,0.8018616299984512,0.7778333091304143,0.7544500420197601,0.7153126650106887,0.8479110691745492,0.7982980068672643,0.8139062885268799,0.7821649032429271,0.8867477384464322,0.742449754480127,0.7979563723367287,0.8034547823339059,0.678916468341767,0.8366064027441464,0.7024026273202273,0.8257961814681771,0.7824034340857738,0.7080903753203102,0.8122247957178499,0.7943889085369777,0.839397121173899,0.7829103861105149,0.7696862133620602,0.7880461585918535,0.9149474760076918,0.829260901986789,0.8349679186397121,0.758479482713431,0.7474961036295917,0.8225834201463107,0.7553271361717065,0.7725183919712068,0.878627320950146,0.7112332049128698,0.8176389574237812,0.7507110419855865,0.7844010623712145,0.811896555264503,0.7259953203588634,0.762536045047956,0.7892489678758662,0.7697237064845125,0.8077734504942394,0.7583757471590455,0.7211975494039732,0.8749075452035451,0.7210512371816581,0.8010675713898927,0.8350966492422013,0.6989593730774256,0.6925272464924438,0.8170226219523157,0.8352019926969014,0.7771593094950772,0.7295146366514188,0.7627130419130824,0.892432473552527,0.8618286063213683,0.7848833840207177,0.7709968623612199,0.8188735866512787,0.6851820225341144,0.7726043731538216,0.6559658988772258,0.8740659702794853,0.689082492892514,0.8811353472799706,0.7521023097302861,0.8204211392775617,0.7830576454620026,0.7935463404675349,0.7983922575049344,0.8121124206791416,0.8077055544168226,0.6586905177615251,0.7365014177349248,0.789750613587098,0.831334333419542
0.7614198945352975,0.7478321159868032,0.8502859593402647,0.7917723178601181,0.0,0.7274792755872976,0.8326275866802862,0.7492310882003782,0.7856318303326187,0.7759216083489066,0.8057889372068607,0.785058232532835,0.7572347718168985,0.7060771212677572,0.7379730549390751,0.8234935747258514,0.82741142054542,0.769253555182357,0.7290401344180696,0.7335009069678881,0.7999746149428691,0.8462863036952323,0.865785123171169,0.7329233161468012,0.77543855652632,0.7190135030635229,0.843633346687622,0.7897344909129946,0.7041311331963832,0.8391401756033392,0.7029757555156629,0.7691270385880724,0.7130102715835668,0.7023674351234344,0.7380292451780277,0.7079935254345446,0.7254006395363045,0.7330723559123038,0.6837952674550041,0.816106962060611,0.6849666806717469,0.8765854688736426,0.7287238965572079,0.7093466177996185,0.7396177102254546,0.6856285433863186,0.7481325713314744,0.6901174551354511,0.8348470557385473,0.7594710142942015,0.7682736653489781,0.7286343091286293,0.636655667417746,0.7346394964033865,0.7236689434788733,0.7217350271856485,0.7334322497772031,0.8686097608430771,0.7446082723482333,0.708952281304529,0.673354411896828,0.6298662489974693,0.7010677829822509,0.7125349657413959,0.6492390377757717,0.6213275020892419,0.6959241689472478,0.7218494561022413,0.8169198747128465,0.7684000919647003,0.7245194097932298,0.6546677785080813,0.7350346992298725,0.81592059253004,0.7511336933549,0.605992352140693,0.7910891375565419,0.8279604958833463,0.608690907263971,0.5694095832645215,0.6219533654610975,0.7734091817342166,0.7531217632705085,0.6393930512857778,0.7342365607799918,0.741664210152956,0.684745196108149,0.732726699182676,0.6855996625499339,0.6667952663884065,0.9104006734933067,0.726036059840019,0.7720238494194661,0.6271587058064141,0.7680164670857512,0.7146255979366296,0.6109408838361312,0.7301892993676006,0.6435127430917975,0.7071444837156856,0.6019941373351801,0.7096972383449541,0.7045516210081145,0.7124572902390681,0.7002396723739848,0.7435241704763236,0.6912505837844034,0.8085896362483673,0.7102368666406846,0.7113103577174812,0.7643035141065501,0.758594085604738,0.6866641559607126,0.7721286886630453,0.6382001381497872,0.7943368021764174,0.6670991277162258,0.814432177992927,0.7563237680651674,0.6936274014566411,0.7865780960226767,0.6680327083713892,0.6741151837521141,0.7201245724976698,0.6287597071042815,0.6777410620778481,0.7091273689007442,0.7220009715192539,0.703613642053481,0.6965109963111813,0.7762513312900577,0.7896473468859215,0.6155732681958016,0.6805253719748356,0.672996255523805,0.6056137680635432,0.6735176192016243,0.7455309735679246,0.8083228348387322,0.738810597273991,0.6126807983506805,0.7199723537344437,0.7883906561625775,0.777130119181645,0.7010820089044518,0.7834350883303431,0.7991848279106893,0.6440242291594366,0.769405297696689,0.6376913078906609,0.6834088858208743,0.6264907985030316,0.8399780879846008,0.8247692253324457,0.7618166360229756,0.6810897199936595,0.7024635408252774,0.763572426229903,0.6679874819913252,0.7179525147870864,0.6077546502544197,0.6523023412117527,0.7488950730218294,0.7874481599333649
0.9117335651978565,0.9638432823037912,0.8728715461376372,0.8366934435389144,0.7274792755872976,0.0,0.757813230471478,0.9077597783438652,0.8622193554356071,0.8508459239189398,0.8503526394921411,0.8452940590978434,0.9470781706740174,0.832370668554175,0.8283376925467534,0.9204663915680493,0.8872114359415044,0.7943061428696194,0.8485772643569547,0.9402400738039769,0.8688181740813271,0.8631029134401949,0.7129500515234021,0.8370734521224352,0.8827294029906261,0.7727801596630924,0.7454233680635721,0.8709270477533162,0.8630592946826494,0.7728622938656715,0.923555739846271,0.9172517680490674,0.914685512649764,0.8141155640444641,0.9091530779256843,0.7897936917531757,0.8879556073167276,0.8670023402447219,0.8277790098182964,0.8694988209210771,0.8477764906048018,0.806408127865662,0.7780322995304265,0.9158933496790881,0.9017232673487471,0.8320015272399269,0.8044388850569888,0.8646244199699983,0.8254022019140795,0.8250004528498146,0.8316118375401738,0.8999852793701529,0.7833846180863758,0.8837821345523595,0.8393460956970532,0.8932366227222006,0.8811534646206979,0.8511426307329636,0.7652990444075853,0.8368058018787543,0.9374809843567864,0.754943414848903,0.8461906662163478,0.7475284105048239,0.7562083523516006,0.8123534503891954,0.8453523977323804,0.8168483644635867,0.7414230847600809,0.841046594070197,0.9079286972213635,0.815792144424551,0.8006642561024155,0.8662297051426473,0.9109593369247736,0.8400228196386721,0.8065744567030947,0.8201629581957657,0.8092910164702574,0.8243975354920355,0.881334102102123,0.834704194006285,0.8859148693654827,0.8998379443593336,0.8259258340410406,0.9394890397305586,0.8722576688339346,0.7527453516812533,0.878759688044766,0.8381938421624534,0.7703210529992031,0.831186047771331,0.8416662010745429,0.8718547331905645,0.8285173637192371,0.8985399573655317,0.8518868453391204,0.884465737308216,0.712151802153258,0.8737274167585877,0.8266217640704894,0.7595873340885624,0.6584200457305267,0.771629887985963,0.8416916840599744,0.8784770480143536,0.829490901740403,0.8637206249674932,0.8284086348825421,0.8781918571714019,0.8243232464660738,0.7483230235184415,0.8889249015651233,0.788562842080358,0.8356854450472525,0.9038128519354561,0.8880831922117048,0.7751478679211438,0.85218847757978,0.775253230494963,0.8516309195501073,0.7664915680135392,0.8722963456586347,0.9329299820307617,0.8579948955100168,0.9156628427290253,0.7595704910003227,0.8409860630056996,0.880317844957024,0.8496275679654052,0.8628752890979461,0.9263930142387146,0.8396239996777098,0.8463542074558734,0.8627683977712025,0.8279776502894589,0.8915238163764314,0.8665670013168663,0.8310115260445817,0.8328815129815444,0.8433231295453034,0.8524703840393858,0.8680708093706763,0.7831994114040657,0.8853030184989055,0.7347977594610074,0.8976895172704323,0.8254493770813318,0.8949389917136032,0.7238303875048916,0.8938131568878557,0.8228222330182682,0.7797362290051191,0.7712228725365813,0.8736164216750805,0.8735825445463256,0.8720572615022029,0.9167743169797783,0.876843069260322,0.815104330791286,0.7672954483226382,0.9039520792903072,0.933578376145915,0.8354990033342977
0.7929852982435233,0.7857585005777188,0.8122801090352043,0.8173339038825521,0.8326275866802862,0.757813230471478,0.0,0.7521110981261603,0.7481659245553228,0.832579395409365,0.7445751230664999,0.7929037655440343,0.8054201492655815,0.7158953826239547,0.825384246347426,0.7729235124181509,0.7667041475201807,0.7560004547779094,0.721549199557607,0.7513139287945849,0.804788263976502,0.8070375945645187,0.8718929489343324,0.8185372315994598,0.8409849149807948,0.7796638522276012,0.7574829573702008,0.7483475999504924,0.6990815069679588,0.7304212610759742,0.7801696869304212,0.8206382721818449,0.7637126712292878,0.7922231108316359,0.761989475512073,0.7049439095079014,0.8115556587117566,0.6640737034221875,0.6947411378564644,0.8900795709059278,0.6784709696974115,0.8344603036666606,0.7640162832525651,0.7827827509991924,0.8233904044857996,0.7596631436324149,0.8103816824874832,0.7425369881553231,0.9195544139129038,0.7460952112602367,0.8248645897943949,0.7508531753122611,0.6401034537019322,0.7773192046772479,0.7529534684101227,0.7986468627186051,0.7343792138141574,0.7481571374804847,0.8343331116144236,0.7237371896701025,0.7201769107663601,0.646816824948571,0.6853806497605218,0.6913739011546888,0.7054103872811063,0.6936859079453364,0.8282411707946309,0.8293507218316503,0.744930729941843,0.7308759565518492,0.80033116731259,0.6863634983006024,0.7471233988832053,0.8611485310436877,0.6882419866395791,0.6989951267443234,0.8522806897020839,0.8487600529959234,0.6359482009398552,0.6153261060619234,0.6602934247958939,0.8204754961231187,0.78255899388984,0.6334749545098117,0.7333214176597693,0.7335467674658077,0.7220253499526624,0.7984393551730716,0.7455840293563435,0.7374618688904649,0.8022725826915258,0.8258898484472708,0.7411621339299233,0.6838628288573688,0.7736546493102031,0.7890867351503065,0.6415680398415343,0.8099223826310892,0.6396771400439626,0.8138951418804217,0.6526745755116421,0.7625667894578433,0.8024006593477909,0.7543419019404072,0.6948132736721482,0.7841725153490907,0.7313293813679117,0.783016858617193,0.789393697560085,0.8140395909969156,0.8611381972270487,0.7300709393302626,0.7693207147220051,0.6642332570344452,0.6568399808702261,0.7637078728582313,0.7123221020308687,0.8257130081529819,0.7855565232820516,0.6629981972794138,0.732706423664229,0.6480481107736525,0.7177535236418032,0.8123881132613133,0.6537361167478026,0.734121503443971,0.7255387748674789,0.7626485250701415,0.7237341869699352,0.7518874398927549,0.7290978357510921,0.7267887395350866,0.6260741170685383,0.6504060906590582,0.7252332027469915,0.6551039455120854,0.7159047550583614,0.810891310618419,0.814540121981866,0.7359349411451436,0.6731525171537576,0.7129112875765525,0.8462956287071447,0.7260414800735371,0.7498365344337018,0.8895642437141118,0.7854535836902532,0.6905813499154847,0.7924297245352362,0.5774069841167776,0.7436313552457621,0.6345084797935459,0.7303801328140722,0.9070519417494783,0.8035554829254515,0.7764415844414388,0.7483009598120213,0.8360932474923294,0.7402858565136783,0.7613618681978359,0.676816759445266,0.6824895292657435,0.8052369670588272,0.738446697379902
0.8570512985533121,0.9026028938876681,0.8734262718064546,0.8340379168042514,0.7492310882003782,0.9077597783438652,0.7521110981261603,0.0,0.8908257962056902,0.8390483117818301,0.8046225140131639,0.8870430967195762,0.8886412635582863,0.7560866254445153,0.8647918137669561,0.9014408081788503,0.8482388804072424,0.7948761185784881,0.8511849632968022,0.8833555429560787,0.8437847011871461,0.8514536761251432,0.7668149786138198,0.8047108428493756,0.8637027945020873,0.7552669301436712,0.8121918685928657,0.8483120166448677,0.776811385013706,0.8375125082027287,0.9399752839684136,0.8698551539086407,0.9008802140769403,0.8018355659954793,0.825084342753083,0.7766980711748502,0.840072615077576,0.8456925802203215,0.8423086550400685,0.8326279090116673,0.8310633781098973,0.792838870828094,0.8126407659790834,0.8044975384129089,0.9190045409063919,0.8511436706742863,0.7987521619959761,0.7706932306026855,0.8048850405512079,0.818452212867542,0.819488386224156,0.8367106296518517,0.7358195745388755,0.8361100299195781,0.8040951060542096,0.8370240412910229,0.8473986273795556,0.9104583113826927,0.7237293810421718,0.8268398821791451,0.8767149972275201,0.7272166637995583,0.8184024815682999,0.7103307568996697,0.7195792592004185,0.763814403368353,0.7848595644175084,0.786059978608115,0.7602208425016338,0.8962223556575034,0.8619365856892948,0.7486683869827444,0.7241641142848485,0.8555015659093264,0.8841333106984164,0.7621625591977793,0.8074545578828268,0.7994449995376113,0.8306633395979028,0.6806755857106738,0.7682063154414426,0.8514659169719054,0.8847815703397445,0.8302147744970896,0.780690995374372,0.9403264572257707,0.8447943854045317,0.7572309291084538,0.8773781347841693,0.8295142262456002,0.7930943649682511,0.8184724678410216,0.8199967004563512,0.7807455069641599,0.7559624038771393,0.8653740193714066,0.8119726513104928,0.8530268161430197,0.661675961721948,0.8389780891491407,0.7355193384608139,0.8336165126737272,0.6788353750061398,0.8153162651375696,0.8168657471299199,0.8952401300911099,0.8273507124071898,0.8516722943943515,0.8199458304850878,0.7965194966212814,0.7755701388269881,0.7368054182029953,0.7762599927357561,0.8035856536481952,0.7942059483713608,0.8871875342104462,0.8141743649848051,0.7870526052904526,0.7579760019262384,0.7385248714864879,0.7953621326770478,0.8433451808102512,0.7539638561610216,0.8816135741936812,0.7126665210933019,0.8762114070858906,0.731358567159668,0.8753069344538615,0.8176316273204292,0.824516573738419,0.871460785941665,0.8896670755068261,0.7701091241327968,0.7741165963220097,0.8035322369123821,0.7211546155843439,0.8606903762136189,0.8330300176440361,0.8640625129802181,0.9339367969354804,0.7792813242045141,0.7758532285153873,0.8448632806793095,0.7674427740930228,0.7999598845807016,0.7467100037749119,0.9309620619133123,0.8146645920727612,0.8788961166557708,0.685910794306348,0.861849537730099,0.7541367692991748,0.8014310719153422,0.8170032941036128,0.9020608443230158,0.8567376457196616,0.8037497230003698,0.9034046142617508,0.7551074521044321,0.745483577591492,0.7095672072579766,0.7777075781847401,0.9356378045333001,0.7818555233478486
0.8816361056581181,0.8714631673445038,0.8107659016490628,0.7649309776032919,0.7856318303326187,0.8622193554356071,0.7481659245553228,0.8908257962056902,0.0,0.789694453768801,0.7895404919157686,0.8071500859761181,0.8602692304568454,0.7651060475993855,0.7853089906324516,0.8490242857893169,0.824099684771882,0.8073664413803717,0.7626272151401287,0.8520295598108457,0.7659849923061451,0.8471501662424008,0.7793490352802663,0.7662012226496269,0.8289500640895555,0.6974320643652475,0.8553207324757304,0.8452674379472068,0.7231808267691661,0.9104622194429882,0.8503516773094394,0.8032328999109318,0.7956690599279994,0.7340089405543899,0.8250233417473114,0.6955062570954857,0.815683857040019,0.8139119146069282,0.7092833659159152,0.8055688301617022,0.7244745143050098,0.8888876038909546,0.700668034690235,0.7299658368374297,0.8180400661427931,0.7619651215296365,0.7775931101334678,0.7025305996795345,0.7852291480404282,0.7488517204038179,0.734770675884814,0.7842412433842338,0.7020622786517614,0.7256648561098801,0.6897249016334988,0.8962649546023912,0.7926774204051051,0.862769972305916,0.688573410051862,0.7646703104090387,0.7766438182270647,0.6790592126882473,0.7373129794423823,0.6855691315888132,0.6737972509822912,0.6851879179619432,0.7572218410429972,0.7774926213812412,0.7503024947125545,0.8666932709437751,0.8164271850199771,0.718645599052338,0.737760555837808,0.7893054365581335,0.848058249761378,0.7282085668600055,0.7272828984532483,0.781321293445691,0.711530351464752,0.6779334810528302,0.7197072807621073,0.8258141860133821,0.9075389589253199,0.7715393308358031,0.7371198051661222,0.9140323782548002,0.7973105018556753,0.7114265935497134,0.8176777911972489,0.8563248426834341,0.8113598604369041,0.7871042760797511,0.744492602072337,0.7299743152004918,0.7633892130886245,0.8184546590373194,0.6995088223687385,0.8071295218511538,0.6684842234542216,0.7833734005229884,0.6927819983765937,0.6808322105285367,0.6124314464574785,0.7186798802134986,0.7586766667882807,0.8191813151137449,0.6950810527749168,0.877216958940693,0.7409636971765561,0.7733828773724002,0.7100455398448764,0.7060905450304491,0.7617337409904167,0.8283295201941623,0.7286626762794842,0.9291100112720482,0.7766389628635183,0.7226014111106237,0.7005105170286151,0.777449806860847,0.7940791352434255,0.7413174111518086,0.7562169286243148,0.8238016437582529,0.7508837375165182,0.7508525502153068,0.7087417527558996,0.7931573038125942,0.7221996252053509,0.750413575383929,0.9558211609791699,0.8364735093594707,0.7605409933399755,0.8000095703297353,0.7182037046811486,0.6796736392153077,0.8312267355505574,0.7811409368335356,0.7889078710328282,0.8057133662007487,0.704575474294253,0.7563137454469243,0.8351406166350289,0.7191292008713721,0.7409601142527683,0.7397324920114919,0.9214116345510093,0.731782859560826,0.8142252403122332,0.6746279280307277,0.792606087372183,0.7109801622955041,0.7847457961519954,0.786934398179884,0.8007917708920695,0.8118607211775545,0.8156050708224912,0.8689222463160267,0.7525698046252661,0.7241483935879961,0.6600043241308453,0.8011335223031099,0.8810074258495774,0.8486131079521849
0.8244754704441272,0.881908820471792,0.9266280410048782,0.7554211321662183,0.7759216083489066,0.8508459239189398,0.832579395409365,0.8390483117818301,0.789694453768801,0.0,0.804257249688853,0.837074863643649,0.8622961775343412,0.7281815536487425,0.8538749309557123,0.8621405391437242,0.8158958038629835,0.81144093361366,0.7986612511712127,0.8255270971470646,0.8156702392155999,0.8776178171162374,0.8017365265458104,0.8061564551322257,0.9395676655414406,0.6924416021408631,0.7678150831989432,0.8008929797881933,0.855785903194234,0.7944357127854407,0.8427619189090577,0.8648745245238572,0.7998694453984173,0.7322423715964458,0.7844212231508961,0.709373701837589,0.8354598885447883,0.7497802608306923,0.7340332080473597,0.8314212962640257,0.7415628351934799,0.8158323669453897,0.81130538910989,0.7997581715426312,0.8291507531821549,0.7786042218047785,0.8125387066129134,0.8033218258946677,0.879769583540304,0.7482623359245151,0.7724550195380546,0.7498218786064607,0.6916556730672426,0.7902597059393713,0.7927373723290718,0.8096336458152364,0.7581989031129681,0.8091125073165198,0.8115776845076381,0.7247329044788501,0.7879723420827556,0.6474031489410439,0.7427886565192562,0.6965079702460856,0.7059493047485317,0.7168840239933001,0.7493441161896949,0.8363022822603411,0.8082274991884093,0.8362958197810927,0.7948169121872263,0.7153001105940666,0.6975101281823196,0.827695166841819,0.7957783768066131,0.7575656573284221,0.7663594452347572,0.8195402349873636,0.6982746665944451,0.6606754409861098,0.7788337145860931,0.7491531374460846,0.8736104882161302,0.7438546556021822,0.6960842456396512,0.8101678063113145,0.7612637457860357,0.7551421062204825,0.8047033027848305,0.7277190521201634,0.7472184492986976,0.7607208683826004,0.8029897293228067,0.7133438869684546,0.7240104210843743,0.8974905903206952,0.6896796516035866,0.8159422260460547,0.6125501650878904,0.769252257343491,0.6893300008092733,0.768596849306487,0.6716180607550017,0.9194770540222496,0.7157686696835471,0.8007937323281679,0.7538644099938192,0.8722401585711081,0.8049494599444185,0.8403257004324602,0.774751719792914,0.6595841437144802,0.7530556335710826,0.7219335229009255,0.6983149630439854,0.7812178867699455,0.7976588485792766,0.9236667138812442,0.8057099719397837,0.6651513252949185,0.7156789527854952,0.6723990405366984,0.7186508877821353,0.8408340392324958,0.6900460155798266,0.8775066466454594,0.6600239117904203,0.7566423067118229,0.7976442703731321,0.8150321112496031,0.823247339821028,0.8004110775945312,0.6695839868569817,0.6479342675538213,0.7812142663278605,0.7372938446739024,0.835118558469559,0.7908288176793344,0.890343113332638,0.8250204983388746,0.7984641582315216,0.7492005867824018,0.7796166324844694,0.7205874767856929,0.7910921952165422,0.7580306455456314,0.8086597070262539,0.8179015303486594,0.9607563813984721,0.6237970809813977,0.7403613110744963,0.7739476276967372,0.7399753450787286,0.8764872870797579,0.890046487923879,0.8151388075083226,0.7909277196562153,0.8719524434980509,0.7514196281611879,0.7151109943924012,0.7874031372409773,0.7465607663298801,0.8889030296126925,0.7286729321105683
0.8420342522748367,0.8122451193895136,0.8789544956741108,0.8537007998214569,0.8057889372068607,0.8503526394921411,0.7445751230664999,0.8046225140131639,0.7895404919157686,0.804257249688853,0.0,0.8058389572730117,0.866932917357593,0.7580861863284966,0.7299708033120693,0.9065252680883994,0.8711071384345889,0.7711727525829165,0.8067318254692719,0.8574239374782393,0.8555523551142572,0.9033994647115013,0.7526093060226897,0.804414285783129,0.8741986445066262,0.7607020252984229,0.7812940056306446,0.8921317230639414,0.8135359740993766,0.7495564768665471,0.7602723824798424,0.821688517837132,0.7464129042352493,0.7471473969694761,0.8360722265517863,0.7169687080681195,0.8567506927702372,0.8145867460819378,0.7761761712465542,0.8230032342871475,0.700513601128323,0.855496487125506,0.7388099303478632,0.8484876187146586,0.7899162319783796,0.6770193700036699,0.6547790017814424,0.8918413718331524,0.8527637969990369,0.7420302864185901,0.7633670528077069,0.7678841125352389,0.6457234721075037,0.8275123854979675,0.8172150176566627,0.745404279876314,0.7955264385092294,0.8672945606797624,0.7518973820791178,0.7030162455020298,0.858001422904838,0.6212847395355405,0.7644167489793771,0.7236130427165071,0.665914404519415,0.6938850656311061,0.8098218648964456,0.7508997785976148,0.7948605474448076,0.8722382908730286,0.7831340956482986,0.7054243174201631,0.839276956551826,0.848167702846503,0.8407288990505025,0.6695894700102134,0.8455952523794477,0.7808372743576012,0.662443448186232,0.7061136408124715,0.7300120601397346,0.7659676769469465,0.7577222934486957,0.7779471706218681,0.7847182700719484,0.7992597931356641,0.8825825531508915,0.6978007353353132,0.7074933644400779,0.7147762466019422,0.8056195082064171,0.6876430802033735,0.7725758089709603,0.7232598643595877,0.8135696589809474,0.7955712230198514,0.698222182736552,0.7580636889074914,0.6482485415140666,0.7259828357387038,0.7223438988725026,0.7702746135191098,0.6581480614429744,0.7132987939982526,0.7356840243427412,0.7318159543509966,0.7200403860947816,0.8724026989111018,0.6744366293493925,0.835901655825965,0.8488064079196806,0.7574126117779314,0.833309842197098,0.8404242172586813,0.6868362041905541,0.8047759671094199,0.7286295280401158,0.8465485007377133,0.8799540261823362,0.7149659536934435,0.8062835842120765,0.685493884007968,0.816334598510007,0.7740254413718957,0.7951832781569487,0.7815781716419615,0.6753171454789362,0.7244822705521087,0.7918856356596051,0.7238338723885609,0.7668197992463597,0.879587407964034,0.7989473316920754,0.7945215151545648,0.8723642593010744,0.6942255786650219,0.7365553579037724,0.7572239590586106,0.8766421658833132,0.7365920386963429,0.7297235106154071,0.7888019317199071,0.7602041448573331,0.7921060416066907,0.857683174097406,0.7174676027933481,0.7850787542850095,0.655569765308593,0.8371070560508974,0.6774660339189328,0.8532982620904459,0.6871970282913448,0.8494130316272497,0.698034865950977,0.8189745380680068,0.8170093248408321,0.8814499745811285,0.8067269144894647,0.8246239108737918,0.7776869181698449,0.6421964844863821,0.7832290871588833,0.7604974721904846,0.9182368185352523
0.7512508739478385,0.8879042901450596,0.85588979543898,0.8146046983835482,0.785058232532835,0.8452940590978434,0.7929037655440343,0.8870430967195762,0.8071500859761181,0.837074863643649,0.8058389572730117,0.0,0.7883448399283512,0.6920015490190548,0.792211120679158,0.85279616837138,0.796258696007343,0.6774505782172747,0.8380763276320168,0.8036813463057113,0.8401340025765794,0.8325900898987766,0.8094918108752334,0.8407069452143275,0.8567423776985055,0.7286534100656996,0.7870591142543392,0.788599741195463,0.7949762050479764,0.8033396941182512,0.8836787873254526,0.8012501755313237,0.8193204127517991,0.8392038137627975,0.7747605470779526,0.767557176585766,0.7874794377274978,0.7534341119360501,0.898599828055317,0.7986274613912215,0.7839360643972549,0.8112081119493388,0.7066794763295107,0.796753271617499,0.8650800958645607,0.7323825941235115,0.7365257649642445,0.7639121214077196,0.8013177273749826,0.7325568303757977,0.742725597789188,0.7580114872254776,0.6348838813795594,0.8314130410933613,0.8017837539605883,0.8145861868153418,0.7504491685675689,0.8988198131528584,0.6725428783619603,0.7555723374675345,0.7826475886856636,0.6457977700998742,0.684871051824606,0.7063238799669973,0.623338130177904,0.6469063751332038,0.7526223216032203,0.696811659531054,0.6689202012438581,0.773997333964582,0.7412996615300205,0.6703444102644206,0.6811558334552184,0.7909028522969749,0.7750970146536577,0.6563593009580483,0.7862487982669315,0.8480592544574139,0.6990501787956116,0.6352682696222062,0.6699704938695354,0.7780552764786547,0.8311161487851918,0.7128758084272161,0.725831980904318,0.8563542048127886,0.7666657759607572,0.6591926890894829,0.7531619163976994,0.8345085992818551,0.7407713552726841,0.8115863464426752,0.7667476426077338,0.6854537825382628,0.6922434533421771,0.8654302062063227,0.7131876574388657,0.8684710541161274,0.6457446090512362,0.7615278734238794,0.701094827829084,0.7622943552765019,0.6564707813011408,0.824097152312702,0.7046038957497942,0.7949028649643468,0.7469654935554083,0.8567966301374841,0.7350350600341734,0.8354246782482788,0.8389017685895855,0.7159882826990739,0.7085279906231574,0.7634982962392254,0.6728948545619766,0.8201122669008314,0.7211454919033624,0.7938587939734828,0.7631200955595134,0.697307400802491,0.7569783750642566,0.7078648883141931,0.7368025614586631,0.80982580914995,0.6631310563111608,0.8452675291748067,0.6866989531787424,0.8680976781055091,0.8215109760158684,0.6984427069319398,0.8164737395970155,0.802514250063228,0.6864145606053058,0.756864121380608,0.8084053957328896,0.6236126657457569,0.7984530790566604,0.7775816854831784,0.848744461345016,0.8529346133314558,0.6613658352326356,0.7540904914596371,0.8043626367387745,0.7536514548958271,0.8126067826917647,0.7383160042965511,0.913615187684061,0.7124418386614856,0.8686332934607826,0.6948495567077076,0.7890955283701083,0.6614999319581355,0.8012076683102451,0.8317826436603969,0.9302134540142815,0.7822125524690275,0.7637427533281979,0.8835508516441379,0.6990893074828534,0.6798317716077352,0.6113866616413802,0.7062035279875923,0.8682669446129664,0.7621423449534929
