0,1,2,3,4,5,6,7,8,9,10,11,12,13,14,15,16,17,18,19,20,21,22,23,24,25,26,27,28,29,30,31,32,33,34,35,36,37,38,39,40,41,42,43,44,45,46,47,48,49,50,51,52,53,54,55,56,57,58,59,60,61,62,63,64,65,66,67,68,69,70,71,72,73,74,75,76,77,78,79,80,81,82,83,84,85,86,87,88,89,90,91,92,93,94,95,96,97,98,99,100,101,102,103,104,105,106,107,108,109,110,111,112,113,114,115,116,117,118,119,120,121,122,123,124,125,126,127,128,129,130,131,132,133,134,135,136,137,138,139,140,141,142,143,144,145,146,147,148,149,150,151,152,153,154,155,156,157,158,159,160,161,162,163
0.0,0.9729516133956717,0.9685185955664807,0.8474231580514988,0.663835986562229,0.9758297376816634,0.7527746287193193,0.9490224587926974,0.8919934340475006,0.9693884262955338,0.7100746607200216,0.6441467691159064,0.9892688123678446,0.9398046988375602,0.9716160338256437,0.9741928971379485,0.9738195779838568,0.9786921088535968,0.9487552936738602,0.9913230033103206,0.9600909266148429,0.9419122684846145,0.691181443872305,0.8977976775790478,0.9382064007189171,0.654421335539015,0.6635481015247511,0.9722221882924328,0.9800231138065795,0.8564934410164927,0.9561226326473171,0.9747689042283317,0.9708305035095739,0.6901699660851013,0.9554014734554598,0.8279584556282272,0.8882254317008499,0.9703581237535023,0.6951317662226647,0.9557224361572417,0.9282136981906046,0.6920092369904883,0.9636807273331033,0.9240422828518834,0.9404018819565612,0.962154083803807,0.9601141465915591,0.8262351716357493,0.8868394101148209,0.9428561787478238,0.9494834921079117,0.977681350272708,0.9118401784174129,0.9458183337704423,0.8707052189527161,0.874001722767489,0.9697756421830811,0.8311513012527353,0.9304474627903726,0.95664361245406,0.9666871698242749,0.9207450617038324,0.9442191364032275,0.7007009322989235,0.9471839218653969,0.952228302279037,0.7361214064834506,0.9776683136233462,0.9380637177885824,0.9768494707178204,0.9922386163495615,0.9574721981180322,0.7326340427308726,0.948579736835911,0.9553554821065544,0.9614919337086827,0.7173293070079955,0.6849056072303804,0.9319288642479981,0.9090091638931661,0.9396490414312452,0.9478633077217081,0.9349454375615368,0.9413217123172479,0.9061955706369792,0.9588298450537108,0.7979176982306617,0.918807816614175,0.9656130114694527,0.6479206242757715,0.8463501710808902,0.8726662745886412,0.946729023198493,0.9528128578910503,0.9106047970367411,0.887902264122546,0.9302470619610346,0.8691791853353548,0.6800045256738029,0.9657407195022089,0.908398615429349,0.8988640824185689,0.6844930728209813,0.9569247485643756,0.9524548006834679,0.9741099931667532,0.9376861967028361,0.8513966213150368,0.9604010074210323,0.8411315173005544,0.6677866579004993,0.6457747788487722,0.9103279167206116,0.6531354356198976,0.9413390720366813,0.9605726548865241,0.957737369421246,0.9295915356787363,0.843784867510654,0.7833868951362749,0.9105483259375059,0.9366297277429895,0.8569707068979397,0.9879844438822144,0.8962660127270529,0.9785604166060279,0.8348367375588714,0.7821295651333522,0.9523212685341993,0.9690732728533148,0.9013289356209845,0.9761920191849899,0.8564349508322088,0.6514497950082201,0.8400705535210453,0.9412739258150112,0.953125532396317,0.9599940131951613,0.8939034459225854,0.935179901701636,0.9463700652378916,0.8846748644546447,0.9458135847687644,0.7116163634996396,0.7285334297639972,0.6811002977858971,0.8517955857911044,0.9247854669085703,0.980919167155315,0.5588390888922835,0.9332183736421877,0.9114391326776681,0.8531459994487882,0.8412467854051543,0.9163672646494048,0.9490188575454467,0.932222661475168,0.9205806970260123,0.9487187118554523,0.909601160768038,0.9375918090915979,0.9741401419144985,0.9754107618707302,0.7664386332276477
0.9729516133956717,0.0,0.9594790858778741,0.8191372413076935,0.6590601006021707,0.9825309417925926,0.7390075808408706,0.9806456633168011,0.9461798385373522,0.9661006691019765,0.6908183593911287,0.6911870516764307,0.9600466009379682,0.8784476262999719,0.968539198239221,0.95079024970934,0.9374305681995545,0.9440970470068731,0.9524104611024619,0.9676825739464194,0.9342684843956655,0.9496359699965427,0.690692104892687,0.9160157818964664,0.9338741910858845,0.6179339531732562,0.6809392485668068,0.9481158861387499,0.9522279631412195,0.9140907847946296,0.9759999038031544,0.9303038262819385,0.9645831332761821,0.6788131785466266,0.9088498972198132,0.7774134749683563,0.8675760395303057,0.9356421843215915,0.7253905336742416,0.9193796483648611,0.9178356297424943,0.713980904315342,0.9094301191052713,0.8696912328390493,0.9235923439368795,0.9415659852365512,0.9412541290233785,0.7750113759799144,0.8424000627068953,0.8930431794672481,0.8981161423907514,0.9461524204529846,0.8886655256424464,0.9108951191916133,0.8016087816068846,0.9137522027763294,0.9383513108793181,0.8668791441862653,0.8646956946073591,0.9293991061499303,0.9416029506487679,0.8753911769816534,0.9026531787153543,0.6470164300431098,0.9045893093673222,0.9088371231553778,0.7101277835125299,0.9464651597389363,0.8714165758759521,0.9770997888798629,0.9585268889582766,0.8953156831534691,0.6773510008967423,0.9042470758271293,0.943486745215278,0.9309752027512276,0.6802323043011829,0.6861875296432439,0.9106796463755976,0.884309595108526,0.9160813236132813,0.9385336164034257,0.9799128941568259,0.9141917916424119,0.8387142059858671,0.9858958420461372,0.7785587166353604,0.8548677500681947,0.950799383787508,0.7022293027247155,0.8040675144387271,0.8695783353124266,0.9026424934285495,0.9214813147634526,0.8477580406867231,0.9161635542695294,0.9061331376628573,0.8715491568309439,0.6338608999652946,0.9313368255041226,0.8580228715296954,0.8457888700732817,0.6321234720596393,0.9626944239083938,0.9013098900861616,0.956882902657242,0.896125684063202,0.8721493997276585,0.9319067350415033,0.8515851105491274,0.6460725745326931,0.6019996461588655,0.8546997280230798,0.6654907551944588,0.9050257676575503,0.9867051706377841,0.9345084657464748,0.877514261054868,0.7788092713543611,0.76914218184284,0.8649306513675371,0.9118228786801582,0.816251493727872,0.9844667746814308,0.8519756903360644,0.9732564770910902,0.7873153784794,0.812282479315978,0.9033652761734156,0.9227549804565789,0.956552984306218,0.9586581221384338,0.8332010883527319,0.670126362345078,0.8200545110780225,0.9012897917734741,0.9687235787852343,0.9143762463518655,0.8625450923644298,0.9470170000397666,0.9133576054905868,0.831944940090904,0.9336947855988934,0.6690703577212763,0.7007170189573843,0.6543369438669387,0.9116646078992985,0.9224186531178082,0.9709453854600306,0.5595666262452901,0.9037537843634517,0.8922149386423663,0.8472802110087061,0.8502920249547906,0.9456887368415307,0.9519606604655791,0.9390687779696515,0.9562316135960118,0.8935540066199537,0.8365371067136035,0.9041479377885624,0.9458734069098224,0.9881524734821653,0.7717505928988393
0.9685185955664807,0.9594790858778741,0.0,0.9048627044221316,0.716839196976392,0.9522381300658502,0.8198983517176248,0.9538397526356418,0.9024252902074557,0.9837298373868928,0.7293258820821706,0.6947202271568733,0.9775122153828123,0.9288302447259943,0.9424857361604225,0.9797012645596451,0.9656770513329428,0.9398734091377945,0.9079749486144377,0.9504722721054188,0.9749040307914969,0.9652175281648343,0.7584208912964275,0.9167667960717046,0.9564019204849977,0.7004137357308087,0.7326790249860611,0.9583453270525685,0.922086097915934,0.8716762021514879,0.9352909286817231,0.970088300458485,0.9363437511362402,0.7485671657803933,0.9308457741829238,0.8526144842872393,0.9038205738777038,0.9115617895797602,0.693181692466524,0.9799142925294558,0.8747339177014738,0.7646052278793847,0.9270199335599353,0.895629197726233,0.9738778348110361,0.929431167463779,0.956853205886659,0.8108968536957394,0.9203301025584567,0.9193303108880723,0.9414984126947816,0.9485663194980799,0.8555740728563218,0.9447445998855337,0.8698021774911517,0.913893795992732,0.9234939578627674,0.8883259840573103,0.9273950742180282,0.9359256004638618,0.9311559771697933,0.8912083507283504,0.8919767307605464,0.7283640039485014,0.8978733250074821,0.9020758396086154,0.7862483572314576,0.9739840261450702,0.9340353043061862,0.9578838709258308,0.9666171361697746,0.9018569332149031,0.7667658029561738,0.9738319865357773,0.9101548472384706,0.9007944798287164,0.7800908122868131,0.7482655668756074,0.8706420151956524,0.8322430014761,0.8754847716765327,0.9691623962782785,0.921714048107552,0.8718546784478972,0.9093349631320797,0.937615798785453,0.8116626173622894,0.9133535254637026,0.9315900109840995,0.6862329645672808,0.8966245813249557,0.9243121920861366,0.9057524249102685,0.8905947125473541,0.913921143974227,0.89705386300639,0.8754885253106813,0.9239829981687933,0.6999425840885608,0.9757912639685354,0.844485373656557,0.9339256221525623,0.7283163808894844,0.9397026678335708,0.9129076602069365,0.9665877599396262,0.9154086571403975,0.888630160645344,0.9329176517254314,0.8724689533605112,0.7198187172312076,0.6779956681422051,0.9147577118777787,0.6990888370270382,0.8813277780358324,0.9655728356120165,0.9035460741488744,0.9369055567663305,0.8674958153263986,0.8320578062046636,0.8902997116011919,0.9163874608302098,0.8563283593085846,0.9539146670116929,0.8291710570813737,0.9261330465868618,0.8796375619838068,0.8468045588635954,0.9441463821685108,0.9217119500363428,0.9139827684157013,0.9564520358314922,0.8006684180902975,0.6522634512560583,0.8282099425052067,0.8656939080175629,0.9035420323601833,0.9417800897971841,0.9193320282102672,0.8949713382190979,0.8752425178314167,0.8985501669565651,0.9769551250948019,0.7516496731238214,0.7381177658583045,0.7430674313620387,0.8773940181975161,0.8750315319990419,0.9728721998679848,0.5643715997782204,0.9021683367061857,0.8403356977592719,0.8883331420003882,0.9156833275399769,0.9353234855233044,0.9403643278819523,0.9101134552401069,0.9475035025829616,0.8944519926657856,0.9041149057601652,0.8831953483186108,0.9023914087245463,0.9661353725304648,0.7745814510306891
0.8474231580514988,0.8191372413076935,0.9048627044221316,0.0,0.7925041056841314,0.8142951041339469,0.8881408133109835,0.8065759719361124,0.780340503576793,0.8499945383136939,0.8184234000906494,0.704071031189735,0.8658088398822349,0.8936219250017623,0.8123074660396584,0.8850104279839519,0.8688243270289713,0.8048423766934845,0.7813054833419825,0.8342946308551947,0.9289028738696469,0.9046910257715806,0.7971682157879498,0.8689657437670313,0.8737140505995222,0.8228234518740265,0.7531953456710241,0.8527050676650262,0.8075686391966915,0.7248318868624446,0.8118287486382064,0.8813858767806824,0.8057206591552787,0.8384278386495694,0.896463520937382,0.91829104544188,0.876808864452205,0.7954826021828268,0.7231793019153859,0.9349624193894702,0.7469952103829857,0.8025237818901813,0.8209974668397241,0.8961426633294552,0.921714992638422,0.7868954562747573,0.8212524585458417,0.8532601825566051,0.9362068289731692,0.842619505210532,0.8800558594349569,0.8347401588688307,0.7264398125295847,0.9291467256930407,0.9303035365119111,0.8176621438732878,0.8067269284157232,0.8419872983167369,0.8887458850387624,0.8280270955491584,0.8344391122106296,0.7929817201055155,0.7728985166432881,0.8455696524204207,0.789502792059076,0.784536965423302,0.8928430172462178,0.8671693891970728,0.8642846290089532,0.8174303426598593,0.8612866975972986,0.8133176576940638,0.897068528549902,0.9376640157378174,0.7691256739383302,0.7574656099268534,0.9197447192380944,0.8055917199793725,0.7280852091415931,0.7134603228712482,0.7328888647179733,0.919932674449636,0.7572273400886368,0.7346593523716609,0.920470756344724,0.7875067766997994,0.8359520719609845,0.8625799868830217,0.7785186183084557,0.6657237396523564,0.9325947145505757,0.9125543633199412,0.8087296908380769,0.7669512908752005,0.9291142804855377,0.805192200425106,0.7651892739594564,0.8941338090597378,0.8163837027517991,0.8909093730819277,0.8114046651211375,0.9441376158768716,0.8441987365339376,0.7871270690316058,0.8195027825758505,0.8295111064246861,0.8166673396948987,0.8112481593539634,0.8018772056236193,0.8576343222434144,0.8719593914843728,0.821484430202084,0.9142738852324434,0.7442887218231976,0.7523078243313874,0.8217060089505623,0.7578236936548828,0.9106815384310039,0.9328291901513295,0.8686059879088419,0.8872641772654088,0.7990462353460921,0.8761793366180173,0.8097059599287089,0.791447592916571,0.7785870829332093,0.9141406242130264,0.8405675516719909,0.8954687803810024,0.8026556340668394,0.7550606383392157,0.8400580314324293,0.7440378596414129,0.7090901428985171,0.8598688638061726,0.7446421660970904,0.7380532644070241,0.8819419803816013,0.9029951618799005,0.7504269288967178,0.7409039375645248,0.9278400223974812,0.9218460581389782,0.8946508018887234,0.8140817343260337,0.8354553256152728,0.7903987630377347,0.7155980043866242,0.843384422749753,0.5985345932795406,0.8733633043665447,0.699379218712143,0.920051944194729,0.8678216102866286,0.8272818164051585,0.8497185709601299,0.8193664738051929,0.8232014282117044,0.8498558399516755,0.8915386567678617,0.7411096585305322,0.7779820964157869,0.8197932963622798,0.8031485532521102
0.663835986562229,0.6590601006021707,0.716839196976392,0.7925041056841314,0.0,0.6165825220533335,0.920414037790673,0.6563872075341864,0.7232677438953651,0.6888545701924835,0.7584134153291303,0.8020619244731761,0.6590380877568821,0.6913962939105417,0.6718128157060722,0.6963476595216367,0.6529210554136989,0.6279745084094572,0.6060730019824283,0.6490365224737874,0.7168023115252165,0.7658182090455645,0.9052920403183643,0.7596121197429436,0.7419232008401073,0.8197536678028048,0.8811285257259477,0.6399306720529523,0.6263964599003752,0.6912744220293416,0.7040753218901609,0.6733644462549518,0.6270829891280127,0.8315499378017228,0.738278991189633,0.7900865983988415,0.7568296507322549,0.6258073183535029,0.739114359829353,0.7440669746202434,0.5870211419655685,0.8544948517329267,0.6456609748173352,0.7240215292475216,0.7672991382386557,0.610624105057849,0.6732109403768042,0.7114808253648647,0.8304046839139119,0.6577801306011276,0.6746476682556147,0.6256793563043008,0.5556993432008307,0.6926573128611597,0.7429636366970551,0.7341401709469121,0.6121160995960656,0.796651108774931,0.6875081497856789,0.6418148213798225,0.5999882822947229,0.6074933641989224,0.5776790161060198,0.8198495372416619,0.6036944439890112,0.5819623506364945,0.8030758702159646,0.6964818016351761,0.6864417377798153,0.655710070075169,0.6685434312450639,0.6341524372013062,0.7476012889045788,0.7165117055042245,0.5777241501061965,0.5800043738079504,0.8195658199928819,0.917537387382307,0.5643032535509079,0.5326809131031892,0.5489674636945051,0.7595768195398525,0.6478175822511059,0.5499394818169402,0.6950469192859253,0.6453532978866897,0.7113282866893752,0.689818452775155,0.6039729970061477,0.7214876487352675,0.8544820938800691,0.8435787316029574,0.6360675986090907,0.572209361928852,0.7119608013483545,0.7389286095385174,0.5683734367940175,0.7942853981546569,0.8142500632244314,0.6801634942095024,0.6475288269609863,0.7422456173538396,0.8146959190427369,0.6703174835721646,0.6227367240105971,0.6525523901100426,0.60507526846567,0.7241902589056304,0.6267710187166347,0.7490505499215793,0.849547615648579,0.8449220622202586,0.6793234498992593,0.765371650585059,0.5711150141629617,0.6627127755483863,0.5766566401840436,0.7968694398211723,0.7013134780421222,0.8101511600961653,0.7738731108457583,0.6298541882798669,0.6983721987577225,0.6343083498747579,0.632662583445779,0.6089775119154693,0.727314754342205,0.8597976684969255,0.6714667753518969,0.6288681273491384,0.6637303721538894,0.620747233209323,0.5746592550546052,0.6916865383006517,0.7150347413609286,0.5729791853014894,0.6076003331292211,0.7423863274923174,0.8020046723714782,0.634414084991395,0.5633955378915564,0.7549023579105941,0.744977442769052,0.8182744194516591,0.7790798727622753,0.9006217581412539,0.7641111256523588,0.5576062095701464,0.6924095625194739,0.5656031920882919,0.7049218319680594,0.5414843945265667,0.7989602519956485,0.8296600690602605,0.7126926692233402,0.7012801762523738,0.6459812010076587,0.6944112139522659,0.6557969900357173,0.6674969763796946,0.5629761796823335,0.6005348918230643,0.6806889399976216,0.7662340826286153
0.9758297376816634,0.9825309417925926,0.9522381300658502,0.8142951041339469,0.6165825220533335,0.0,0.707781901317716,0.9625269173875043,0.8971658238152783,0.9579263159497093,0.6922925767553518,0.6456919710744494,0.9772289915689288,0.893502459442084,0.9433259093371551,0.955407935148258,0.9497358240375314,0.9492283003421552,0.94735042005373,0.9701470749722596,0.9290838380307033,0.9226048059907762,0.6522661352583007,0.8841178405047253,0.919450958940232,0.616090722817557,0.6419741957184925,0.9625989217035661,0.9680273231704654,0.8619021527590426,0.9391836615445655,0.9422665286888323,0.96032589430686,0.6621178688093621,0.9010068274402235,0.7629412680651815,0.866273637822976,0.9419555290155138,0.6833181640535927,0.9115503059363264,0.9140031686073806,0.6853156898326483,0.9141391666828536,0.8746676625549179,0.9051031896506464,0.9450355884927979,0.9274958127229352,0.7922921997138577,0.8248470732882673,0.8927808216602419,0.9031996533907664,0.9593960489783718,0.9041980328265438,0.9154304489863757,0.8081138355893269,0.8870050548192903,0.9479399976515825,0.8237449048919372,0.8739124013346431,0.926830211051012,0.9781517797126277,0.8907356007431814,0.9273284574280287,0.6387251409865236,0.9157125925236883,0.9351918931855613,0.7114579405338248,0.9490467674244502,0.8790783800275934,0.9766169058675997,0.9630263568677764,0.9068873852427959,0.693064516999935,0.9098398662935433,0.9629230912625334,0.951118918736946,0.6814701798777835,0.656472948969136,0.9232736487119325,0.9348460837007145,0.9484640720171907,0.9108558322331594,0.9530091612997219,0.9498847671237787,0.8528927711310588,0.9667032179780974,0.7937219687708041,0.8581808756252021,0.9587079316471185,0.6680342939364731,0.781138934370038,0.8293542891326032,0.9029879486000167,0.9454903976807764,0.858788902567216,0.8870808777856012,0.9270255432701392,0.8463486269223466,0.6250960271868681,0.9372941771768648,0.8759396905142341,0.8511019551484268,0.6258417053695796,0.9336959975200328,0.9147212062728771,0.9543997168643437,0.9146987209891507,0.8523454093588547,0.9326290481372262,0.8409270210975367,0.6366692290990521,0.590719558361038,0.8878214138998384,0.6525733965584545,0.9253246531102666,0.9713246621003111,0.9525401669946296,0.8578355911959089,0.8055343747108263,0.7598027370648642,0.8428375220588136,0.9164732202721437,0.8339263061422375,0.9840380711318509,0.871907232086351,0.9796021623639575,0.7905011245347586,0.7670241207542257,0.9187201549919853,0.9296251215276385,0.9242992741973737,0.9792792435981418,0.8756075136570273,0.6550714608753203,0.8192242117235485,0.9205914225425571,0.9592706850174024,0.8947397630430939,0.8386448890949922,0.9174691521822996,0.9390782774002869,0.8408248155200723,0.9124857476401297,0.6599041954985037,0.6981242731531961,0.6351037473437666,0.8518606974042922,0.9342586505527732,0.957808985574826,0.5618968469034571,0.9013494392155612,0.9107099997798778,0.8115538157660971,0.8088360628266019,0.9150402207583079,0.9445208228809684,0.9500669785859213,0.9385885965160092,0.9131155405640358,0.8649843843171092,0.9290088965398213,0.966217513876133,0.9639234969100944,0.7531315906357512
0.7527746287193193,0.7390075808408706,0.8198983517176248,0.8881408133109835,0.920414037790673,0.707781901317716,0.0,0.7301310876323215,0.7685928467658685,0.8003500223757731,0.776524138283167,0.7633708861161522,0.7672418697136861,0.8014636201658759,0.7411828962065562,0.7885037759302397,0.742937281843509,0.7098430263119326,0.6620364901901196,0.7235397362459303,0.8019782937514701,0.8416370184715486,0.910969122487596,0.8180805095568285,0.8362833535880185,0.864140721448047,0.8747492805821129,0.725185300063109,0.7069668376565119,0.7258098696006967,0.7647047170846372,0.7846932854557116,0.7035200681491398,0.872214255638772,0.8130760709014448,0.8484733503589352,0.8566234511407369,0.6833757371852041,0.6853700877900132,0.8542443927517214,0.6395997348061462,0.8898173829820233,0.7249355931252195,0.7993516889560895,0.8673771091465928,0.6918095496469434,0.7666058574791348,0.7800474691456165,0.9284010524873453,0.7342096586039317,0.7704674599565686,0.7100453803516816,0.621950197458827,0.7814871751883881,0.8275205959927724,0.8279784443106577,0.6842154959026449,0.8152320757522509,0.796611229232106,0.722892346544962,0.6923329482685483,0.694769866035347,0.651572250470499,0.849688176463316,0.6796757204064263,0.6649787990460896,0.9064943894901061,0.8111390283607421,0.7832635802805654,0.7336082711824641,0.7632889043716051,0.7135409413392289,0.83914538916721,0.8318550531048896,0.6489800917938194,0.662059220132811,0.918463802576349,0.9471376912083875,0.6244097114813533,0.6071188992254967,0.6240872501258509,0.8417622813725036,0.7169423506839357,0.6194354264407955,0.7845906222813634,0.7070820566034057,0.7875237854435846,0.7914703763099034,0.689760781148321,0.7279345805008651,0.9220811794047048,0.9351860513519425,0.7065402271835951,0.6467995024757922,0.814155621564152,0.8113236554006424,0.6370809471336993,0.884807622202717,0.8393893704258504,0.796477209670552,0.7190042965197218,0.8526516161834939,0.8759205702608754,0.7364971805339772,0.7019593489812724,0.7424050992714437,0.6918109522839833,0.7886669870776525,0.7126623180382965,0.8317140209350086,0.8869625829258324,0.8313157142745068,0.8049091261804979,0.7584311332686369,0.6417029958282173,0.7407753897209872,0.6533121655576115,0.8780863815155443,0.8120981684531504,0.8914398900640719,0.8089102604233931,0.704600701172421,0.7803813303896059,0.7195171908819021,0.6932763606877206,0.6849014707975237,0.8407502681479299,0.9022954546328923,0.7645566105826529,0.7109838856962655,0.729844652757774,0.7052334784916021,0.6393959250930917,0.6632344694003027,0.7583568025997401,0.6403204621189491,0.6692327345644985,0.8176564458651803,0.8620514364729023,0.6797198991905021,0.6372375353732994,0.8602654973494649,0.8478877333739446,0.8535824258890776,0.8117933633161154,0.9522444941221637,0.7863287791070326,0.629099322319617,0.7772373137317808,0.5440078874558179,0.7634517547932629,0.603310224564675,0.8137976714135012,0.925669302852699,0.7744404702800486,0.7871596516841464,0.7260581769609348,0.7853887058689888,0.7420046781336407,0.7848913504942455,0.6444279576018679,0.6744082795079201,0.7621747893896793,0.7694183908667266
0.9490224587926974,0.9806456633168011,0.9538397526356418,0.8065759719361124,0.6563872075341864,0.9625269173875043,0.7301310876323215,0.0,0.9443863830454642,0.9604417270854574,0.6722340045217943,0.7096891022229841,0.942289283996024,0.8442942453216433,0.9515806460882625,0.9483555117453161,0.9266158057365493,0.9287031974775135,0.9431678906175287,0.9460033292838274,0.9188622120850297,0.9258337846853966,0.7092875325190866,0.9000735051494865,0.9276540745205519,0.6167356503817423,0.705384833956349,0.9423780025324506,0.9120044468341846,0.9411952484520241,0.9657085880563525,0.9135070737892393,0.9475790941777246,0.6876275837686375,0.8728266073486144,0.764372219877821,0.8499952002552957,0.9193749045062637,0.7131598364866149,0.9028818948629244,0.9043311710249429,0.7151306497096241,0.8991655395212095,0.8281315828544535,0.9250320852008739,0.9362431338505196,0.9366929808755102,0.7410249157698058,0.8281012804828027,0.8755231724757694,0.8791799467051995,0.9291412086727946,0.8683187375824932,0.8794994671345252,0.7754889956792517,0.9087083584895002,0.9191250972646537,0.8987135215555813,0.8390766022474353,0.918216159651253,0.9151968175055533,0.8595995837368163,0.8860321403506948,0.6326783538831443,0.8779942153209512,0.888197626841564,0.6921884716247971,0.9249193262446248,0.8620261730196536,0.979375036653379,0.932123365989977,0.8649194920088871,0.6554028907930763,0.8903221360519291,0.9314891852791564,0.9086798534389225,0.6734645197028714,0.6871631210143034,0.908514758535067,0.8467218198585363,0.8923505552721611,0.9191074032796159,0.9764773055858823,0.897199715497778,0.8214396159566901,0.9867316958061828,0.7659720335400739,0.8384349721786223,0.9466765497063799,0.7080832136466944,0.8006636114371156,0.8590376896263121,0.8817811863822707,0.8946305668102235,0.8122320098135543,0.9038592448090011,0.8817816529501391,0.8767163992871054,0.6115621467195627,0.9194327448301851,0.8090858884379136,0.8500199191711647,0.6297960969222197,0.9714823018223925,0.8824916399079542,0.9606967691185128,0.887750183955958,0.88665673991181,0.9212053880606005,0.8316661793760669,0.6337779995558035,0.5939751997884973,0.8210632020987566,0.6796653543238806,0.8896836428759949,0.9896049464433747,0.9187439661489291,0.86196616791272,0.7551883651273985,0.7607593516937583,0.8313115198799004,0.9269194227409465,0.7874300025756401,0.9655543015809493,0.7941120316377689,0.9568416730633562,0.7750618935846787,0.8283992624875298,0.887815819657104,0.9013125352247717,0.9696841941561815,0.94319901102501,0.8034274890861574,0.6430919063147154,0.7858454444146198,0.8664733268801892,0.9626952438666108,0.8911892307772322,0.8650718141212198,0.9506648837904295,0.8871974734483044,0.8011898745793238,0.9152737159619572,0.6509826149479809,0.6780363494673186,0.656260836865468,0.9124536142468163,0.913817379905252,0.966768818258658,0.561685015823997,0.8769007239646643,0.8709690704249596,0.8388527520070401,0.8610745244057771,0.9608736118995705,0.9319157071750106,0.9103460325064546,0.9625128573336597,0.8426447021732225,0.8113076268067556,0.8861024202170851,0.9080862819750781,0.9821961379960819,0.7474007868165954
0.8919934340475006,0.9461798385373522,0.9024252902074557,0.780340503576793,0.7232677438953651,0.8971658238152783,0.7685928467658685,0.9443863830454642,0.0,0.9122868019422536,0.7149878208830168,0.7951347245098297,0.874627569297085,0.791961133421853,0.9060649213191123,0.8892388942593007,0.8330181880196887,0.8424809046336332,0.8593169862648616,0.8824201586121674,0.8592734812403207,0.9423887843330444,0.7434065930487216,0.9265261860911046,0.9266237673753807,0.6257872150682193,0.7635162630766453,0.8538718424290478,0.8612403562556606,0.9611490997039933,0.9651201152228592,0.8352185677019192,0.8683377975795962,0.7013501426385156,0.8573428161969583,0.7279921968912978,0.8715849819264683,0.8451158300491886,0.7815473041327659,0.852234158032832,0.8116976234403173,0.78997854957442,0.8095561028351315,0.8142093245867956,0.8926933041940678,0.8348280181614074,0.8634717397880043,0.7492291606944566,0.8227904491501197,0.7901931167303781,0.7971924871937618,0.8315220598805427,0.7684116380933838,0.8193007656287956,0.7358060037590197,0.9494529035233172,0.8248860132875809,0.9201231866469927,0.7693173742021985,0.8244768131619323,0.8317016742579373,0.7617574097021038,0.7791935870948566,0.6275041370981143,0.7882002668550643,0.7828969664440203,0.7164347916777638,0.8844296730465343,0.7851814510890807,0.9325818667901912,0.8704044655279446,0.7893364017368205,0.6437993004253718,0.8221773500698896,0.8299951827128652,0.8160661648799292,0.6692715750420825,0.7483889984681624,0.8006315399964431,0.7769656265924529,0.7937987121105933,0.8968594170366989,0.965840470219397,0.7978768382205224,0.7460487204794689,0.9414107015174251,0.790905756022817,0.7682655700931519,0.8482649889092936,0.8114540602904231,0.7847199753112976,0.8717945756737614,0.7982904073047544,0.7971251285633129,0.7630666571990509,0.9622501272614135,0.7839588797772521,0.8771087876557507,0.6222842591823348,0.8379734079025192,0.7928384481586755,0.786036624296175,0.612975516159169,0.9194318095507559,0.7876403342444119,0.8684244186594694,0.7736355154289957,0.8961818171553428,0.8258663980827358,0.8715302482222069,0.6597775170250139,0.5984308390883463,0.7781235145500487,0.7330504933592514,0.7835480475135909,0.9372450781391319,0.8168459981989117,0.8445554967051143,0.7055519162572115,0.7872453249861885,0.8239043527124694,0.8294997894586581,0.7732629245366589,0.898743038847993,0.7914650105444732,0.8850007905918639,0.7160551492625975,0.8836548138633828,0.8056105009162113,0.8186968205261355,0.9692268936696731,0.8518615595136088,0.7818285629072335,0.7152660205732677,0.8056004696385447,0.7858761924363371,0.9102629250614716,0.8552256248595437,0.8520230996357919,0.8927049687078179,0.7978806866584343,0.7832887846422091,0.8745706400483135,0.6461624698105086,0.7217829759072582,0.6789585526022699,0.982420676336901,0.8155035337145005,0.921068247401845,0.5548112690411989,0.8644552524163807,0.7776928173478348,0.8285168752585714,0.8673037213271749,0.9479929044209952,0.9378130388755985,0.9018633906759573,0.9549246357118775,0.811837037050856,0.7401010968536786,0.7826352766356486,0.8503406423649702,0.9420037334980902,0.819776674108609
0.9693884262955338,0.9661006691019765,0.9837298373868928,0.8499945383136939,0.6888545701924835,0.9579263159497093,0.8003500223757731,0.9604417270854574,0.9122868019422536,0.0,0.6920109710357104,0.6792369697858078,0.978350829812705,0.916550588537823,0.9479279637533727,0.9678900808047931,0.9497642025175218,0.9476641029988593,0.9004887718921919,0.9434563894758587,0.9361564900697779,0.9406715951403558,0.7437653711569664,0.8934391145709992,0.9542000903019503,0.6692181206535565,0.7260075881840558,0.9467158660624655,0.9300040063228723,0.8964315900734522,0.943597428014057,0.9658067713168147,0.9401598191545458,0.7185928313682772,0.9104482280937322,0.8117154379124735,0.8958383014785496,0.9078831715917419,0.6611485389341546,0.9587647326581427,0.8754827707072954,0.7446569161772384,0.9251831332035236,0.8674542703862279,0.956601107880011,0.9401799552397355,0.971240831710165,0.7823913135186189,0.898570091123086,0.9043438662860334,0.9240252153586846,0.9394581102206706,0.8653353383347422,0.9041285189452575,0.8329840312771026,0.9263452272194843,0.9170963000387068,0.8628333412207412,0.9117316560579025,0.9318693947163544,0.9200250842887806,0.8948623479659277,0.891679065921559,0.6935576146978865,0.8962180434535729,0.903760958599012,0.7554845568399933,0.9815141588764694,0.9260053400780223,0.9648723888905535,0.9617191744732502,0.9019361808036434,0.7257757774317066,0.9470033544578245,0.9136340563279615,0.9209522660912982,0.7401464781810235,0.7358341993668887,0.8818608986448614,0.8481196171737467,0.8902621262240202,0.9406443252058438,0.948913881427099,0.88361694447259,0.8702801354661367,0.9445162057936359,0.7901855484246203,0.9066523075803945,0.9516940622329144,0.6871527505205892,0.8632755569805455,0.9097784283499133,0.9020117318795616,0.8944059724568166,0.8796162440536511,0.9099497609282291,0.8702906546835876,0.907668440911296,0.6714257463984052,0.9695451696461362,0.8380700443499879,0.9007503780653607,0.698399919406872,0.9576501866334866,0.9056488706629882,0.9719361567245951,0.9066934748391872,0.8846838019830542,0.9421759606833423,0.8538710712307747,0.6770843379018098,0.6373298446487095,0.891683020209725,0.6782137279692282,0.8897252559388799,0.9695181163507621,0.9179275836068232,0.9197466024596324,0.8257014954410238,0.8171883350521012,0.8563654869958744,0.9212514208628174,0.8253724181094522,0.9652804228416559,0.8172375263478554,0.9421176931073103,0.8489735593581437,0.8338338729832806,0.9196882078216934,0.9289946889870453,0.9403646480859025,0.9419807241409097,0.7984313966817047,0.6206130730704196,0.7871549908212757,0.8736793814900735,0.928207095085103,0.9299745042912707,0.8923712491292021,0.906251146482814,0.890926258316022,0.8723637987380404,0.9567082069695005,0.7029632837857576,0.7115824581672383,0.7208528576601511,0.8703199484889058,0.9003691788995705,0.9781919463844526,0.5432231989908186,0.8737975839399178,0.8595394148429927,0.8303315788686743,0.912627022684691,0.9302378022937944,0.9370862624673073,0.9050021171977712,0.9578528519935399,0.8846429481126192,0.8884979176038477,0.9025888705032585,0.9120635017637932,0.9797283107686585,0.7431332508482381
0.7100746607200216,0.6908183593911287,0.7293258820821706,0.8184234000906494,0.7584134153291303,0.6922925767553518,0.776524138283167,0.6722340045217943,0.7149878208830168,0.6920109710357104,0.0,0.7527063292713173,0.7222861249451019,0.7238366709057514,0.653502076957903,0.7564986409772464,0.6893857814732097,0.6379872629213612,0.6409189967161674,0.713179769329161,0.7531709341735668,0.7919915089572878,0.7404499053652095,0.8266869183323607,0.8015454287585101,0.8452959409799164,0.7286332734696763,0.7116409506762436,0.7066304469658258,0.6379071095687143,0.705992020696758,0.6910527475047934,0.6345989227585594,0.8384368117084762,0.7973154990796207,0.7151119656202929,0.8700695137078611,0.6741472381558349,0.7621575945847707,0.7468387091705688,0.5923443099934053,0.8342453255207654,0.6425269112172156,0.8283978258513927,0.7697536418608526,0.6114107851095215,0.6320441338116805,0.9205613753071067,0.8081260875323535,0.6377483659881027,0.6631527877879372,0.6601263115402929,0.56700795992516,0.7356025578115892,0.768511701650056,0.7611647058941462,0.6430448125890166,0.761329795817022,0.6789349514099666,0.6279687390828298,0.7022389472812175,0.5955476096855586,0.6090500593606705,0.7519793268489666,0.6126095537200493,0.617699512114377,0.8981895350404564,0.7169929757850105,0.6686260658393502,0.7126821283355393,0.6970393369603194,0.65522644714812,0.844785888620891,0.7262667097665373,0.6219766357617446,0.6135503383862908,0.8156944964433346,0.8030241044449133,0.5926853901912443,0.6580389990795698,0.6033402732357952,0.7292055990159312,0.6589652491875211,0.6255048477056083,0.7301255714443498,0.6814693772488273,0.9370375820707926,0.6506907438648656,0.6154648268076224,0.7547121237900626,0.7427970096229416,0.7323509654096265,0.6230571000622824,0.6204663659977719,0.7353407105028978,0.7838873687219858,0.6049439445966207,0.797338891875124,0.748044319850677,0.6851520883518293,0.7765209686585678,0.7349970350648655,0.7032795217408631,0.6493278555236234,0.6333692844197049,0.653094510365799,0.6148934809128004,0.7937941289618182,0.6136884249654739,0.8873987126372006,0.8926351987953943,0.7707915776787483,0.8021105167305804,0.854803515654401,0.5988896879043792,0.6922770586218063,0.6103758989025844,0.7642610683829976,0.8061327926135757,0.831704110861254,0.7761348498171381,0.6185282271324833,0.8932754688181929,0.6655881987345833,0.7913598533111073,0.6570131093245825,0.6720867331634829,0.7732442006912285,0.7351992374818881,0.6342319522410269,0.6652090314909189,0.6780473282463184,0.7916729487027854,0.8776739007866191,0.9091050988336369,0.6113269933145675,0.6476315752306842,0.7239341858541892,0.8139247540068508,0.6136930095316618,0.6087998609007439,0.8157213425799572,0.7059252865480461,0.7392370753220778,0.9631551982694659,0.7745182019153733,0.7265628794475106,0.5705652808845387,0.720328584598653,0.6587080440800963,0.8315443049119277,0.5679422467625025,0.7676713224684618,0.6957406187456822,0.743894234964095,0.7963795003339003,0.7988096741197029,0.7367563450931037,0.7664195161627729,0.7100557527619417,0.5867854595044067,0.6893451115269171,0.6732727897852334,0.9476235127688704
0.6441467691159064,0.6911870516764307,0.6947202271568733,0.704071031189735,0.8020619244731761,0.6456919710744494,0.7633708861161522,0.7096891022229841,0.7951347245098297,0.6792369697858078,0.7527063292713173,0.0,0.6434075968658574,0.5965818744147778,0.6471048113978245,0.6908579200527597,0.6228613355054885,0.592314453483121,0.626899095324196,0.6479547463970172,0.6836019729684295,0.7507516527748949,0.8431388683607537,0.8164087842126877,0.7640316009487282,0.6953125177602171,0.8726970768424525,0.6468374022154347,0.6128068038237847,0.7712542351215572,0.725205221909201,0.6170578864574644,0.6112410649612395,0.8177901553822416,0.6721103778298139,0.6299875080583599,0.7502067300474391,0.6063528012401955,0.8018240467952524,0.676334888255715,0.5757714011672398,0.8949086397948508,0.5851803503813847,0.6554394143950476,0.7394181696533739,0.5912670597940083,0.6282310724653783,0.6643061008640311,0.7165080675252791,0.579220114364366,0.5918253597628141,0.603022496513164,0.5311671286227132,0.6334166047601139,0.6081332161632831,0.8081308653510408,0.5885620872785091,0.8700500094921866,0.5815740932556072,0.596786802244431,0.6018412763368554,0.5428923901986664,0.5474623274907757,0.6134029644491167,0.553605799425327,0.5513716426600683,0.7219648046336468,0.6499212275755931,0.5876525778628079,0.6823864802766744,0.6261368820586762,0.5657378379027854,0.6141483185406817,0.6416534378368535,0.5814751758245598,0.5631395314550107,0.6717513872866058,0.8338263230999089,0.5668706352388376,0.5537422461355185,0.547261774535729,0.6984209015329191,0.7050715951037766,0.5584394500284519,0.6035579248690137,0.7003641258935392,0.7402014934109462,0.5755907704529674,0.5960905152742143,0.9335803902857455,0.6854884930336628,0.7467663752879957,0.5698503070429021,0.5572990550058826,0.5953618785802269,0.7971270529218077,0.5491991129849519,0.8097875371918517,0.6034880290376118,0.6302622840868327,0.604436490117096,0.6451199862839888,0.6059574607539838,0.681723987694902,0.564303685038147,0.6390247038440423,0.5629413736789207,0.8281601194980249,0.58712931124468,0.8151356872635874,0.7469099395326017,0.6374663694231977,0.6209789409611188,0.8354963608412109,0.548615833795476,0.7100187184875572,0.5707145358829567,0.6823938933882644,0.6118836016796027,0.7438443739468,0.6664987875414289,0.5962337053833056,0.6902748704899411,0.6368700625624981,0.6031905191246758,0.6228027019761634,0.5939823958915594,0.889587049121496,0.6339197116145029,0.5753383105577473,0.7470727132695744,0.6148192553664253,0.6148553096879514,0.7655592602525124,0.7230742271711343,0.5414539833240669,0.6537151596904006,0.6565185927211874,0.7589501620754807,0.6419673624582273,0.5463105102677368,0.6501983720474825,0.6781951645619281,0.6111307435955383,0.7409619077405929,0.7344118355236199,0.8470327663517098,0.5599878230428155,0.6995290795095739,0.6119477880439785,0.7013528111574447,0.5316930378735508,0.7397945085234129,0.7664852121541768,0.7971399467359767,0.734236247211028,0.7059306989959714,0.7722673625109661,0.6035642499188748,0.571058968626782,0.5401299439664592,0.6007766926412998,0.6870116210435752,0.8206348079024716
