0,1,2,3,4,5,6,7,8,9,10,11,12,13,14,15,16,17,18,19,20,21,22,23,24,25,26,27,28,29,30,31,32,33,34,35,36,37,38,39,40,41,42,43,44,45,46,47,48,49,50,51,52,53,54,55,56,57,58,59,60,61,62,63,64,65,66,67,68,69,70,71,72,73,74,75,76,77,78,79,80,81,82,83,84,85,86,87,88,89,90,91,92,93,94,95,96,97,98,99,100,101,102,103,104,105,106,107,108,109,110,111,112,113,114,115,116,117,118,119,120,121,122,123,124,125,126,127,128,129,130,131,132,133,134,135,136,137,138,139,140,141,142,143,144,145,146,147,148,149,150,151,152,153,154,155,156,157,158,159,160,161,162,163
0.0,0.8528090096042564,0.8287370749119315,0.7980876602041783,0.7626173316218359,0.8484319687611805,0.8102802669616923,0.8287934068377818,0.8346600238112708,0.8235013781852263,0.8246904762670836,0.7980215470519788,0.9286026433634278,0.8098271212927124,0.8869642039240789,0.86835120097434,0.9022162224552142,0.9577187544147735,0.8541813676256693,0.932209646600046,0.8757148409684006,0.8404111059679853,0.8131986019161804,0.842322275148388,0.9045426381361272,0.7913744609536415,0.7636279654375971,0.8715745254577452,0.7477536622275015,0.8217446268733988,0.8852334112313426,0.9139256821862182,0.8331029589337041,0.8155149211106107,0.9085335594621553,0.8360383670585964,0.8914955541135636,0.8805594288001239,0.7547647290473498,0.8546891908472989,0.8379402644454673,0.8037487823704274,0.9208077798029707,0.8656619093203215,0.8964082302630948,0.9435343341718041,0.867849896212491,0.839626873827397,0.8911499861429241,0.9374446181620313,0.9250973845302987,0.8972768150939756,0.8152526205300494,0.8436302803819486,0.8380548975711025,0.8167276872769992,0.9485190366431215,0.8173936466750973,0.8553705734111824,0.9195964812789398,0.8266627301943019,0.8070564941084094,0.8986516407404167,0.756283408819983,0.8884721981144065,0.9072997887392258,0.805143096044682,0.8600895209163202,0.8771769660519231,0.8416311063755043,0.9175721727406179,0.8736264518203442,0.8059859472827536,0.9059013316944722,0.8836151556868196,0.8824694742432252,0.7989123797131974,0.7549870016388577,0.8572935455928914,0.7260658688422464,0.8130819855583481,0.8761521643243196,0.8246700981746429,0.8300832320155206,0.889683493005408,0.8858975378150663,0.7824877608625155,0.8801970053257869,0.9106848235884081,0.7442354945085249,0.8901230650392021,0.8374678063715993,0.9069675571965827,0.906410539795461,0.8614810969270368,0.8020081766526971,0.7770278669133769,0.8193378745652695,0.7087256974610658,0.9020950850320137,0.7897808464837042,0.7901486648251839,0.7984746344482653,0.8045878508508276,0.9141066510939262,0.9068738936284442,0.8877903761304399,0.8155750179688764,0.9109712646306637,0.8528671589704243,0.8299299064420409,0.8373344172236704,0.875319551072848,0.7473272580964079,0.9087256890963943,0.8831446972110364,0.8817648116407473,0.8644187094382481,0.8137231738839966,0.7389785080920246,0.8391079297677316,0.7477768160696295,0.8375759556631026,0.9026103283793394,0.8019841915565284,0.8421980598496455,0.7881930432644954,0.8112666425877245,0.8322636364987042,0.8799536885459784,0.8131627473800985,0.8229747443713309,0.7617563841905989,0.7401614343835976,0.8312949161324384,0.83714984068635,0.8670239650856967,0.8762623144641044,0.8197661732754056,0.8857065730438753,0.8104786479843249,0.8154334289806079,0.8868486574985782,0.7661575909328296,0.8327811147010955,0.8196151089699116,0.8146487617774762,0.8032446134046828,0.8731189311933246,0.6249390475421273,0.8847961049093498,0.7966101482453817,0.8513816216160773,0.8144602388022427,0.8483390752461463,0.8833416545500943,0.852346698804944,0.8396006774907503,0.7927323007350903,0.8524125329433696,0.7955295587866436,0.8909940781677277,0.922788244105384,0.8520633007590213
0.8528090096042564,0.0,0.8570764881939074,0.8199341690520933,0.736732266033806,0.8691842250341716,0.8051266475986039,0.7969062195203311,0.802445376425453,0.8841118299932299,0.8083159853826684,0.8281689468700761,0.8616715871615407,0.809871720722953,0.8842437840065368,0.8088462754003535,0.8468550596136162,0.8327195063586726,0.8193996873937789,0.8294821872760961,0.8322884260702262,0.8927386268790696,0.7562900829629046,0.8630096426077201,0.8362939221089717,0.7097709170359677,0.7694229456188856,0.8093338704990958,0.8794842545765904,0.7674677034753753,0.8449658422472152,0.8167240302245001,0.9012671616675639,0.7372519471393939,0.8417069004649289,0.8267592391274331,0.79848200552935,0.8159870529585008,0.7936526451383006,0.8570158980003629,0.8993013287981256,0.7888722968021677,0.7512470933794163,0.8229895231422228,0.8322735080144089,0.84276088252101,0.7952866161577381,0.7812320276465963,0.8038001351004342,0.8302694268062123,0.8262032079131841,0.8299640306859817,0.8203932514742766,0.8892098509899851,0.8224880267184772,0.8475308807736368,0.8392339232973985,0.7805774686174682,0.7885018881993429,0.8844320425544588,0.8219251801826086,0.7377383958931737,0.7814260949504221,0.7173703577992921,0.7814293899750903,0.7749870755515981,0.7792000539232627,0.7716209967894208,0.7471133151352646,0.7556574322991315,0.8172240054492499,0.7958590682618399,0.7032692828949081,0.839779309504952,0.8634241591292481,0.7822562834079941,0.7406610897012317,0.772088670870604,0.7497470922497708,0.7049777059649324,0.7956777264779324,0.8108340448898498,0.8640524491977168,0.7906829174609089,0.7527452158516457,0.8795824384403513,0.6797118986161159,0.732792391216115,0.8218310851600269,0.8190371187817715,0.7829169149654094,0.8243556467434445,0.8761058651338458,0.8295634064878216,0.8197116932967582,0.8521050024598701,0.7647543585358606,0.7837313346907265,0.6708646756825575,0.8455397555422409,0.8025407373110789,0.689405091776608,0.6670783049918945,0.8016194649115914,0.790896810960819,0.8070599112071326,0.8063166385833369,0.7888106188868901,0.8805353832627572,0.8772410028173132,0.7892182886528163,0.716230064425106,0.7881048488751752,0.7260708225920691,0.8168127801677818,0.8851420987615722,0.8048570706840781,0.7766551318486796,0.7875917581693355,0.73577937542707,0.7932613288892788,0.6818065277022833,0.7507210057659126,0.8789876131351838,0.761563078556126,0.8866124557128839,0.7387230307096989,0.8129509775867538,0.8452429411155,0.8249384341638405,0.8379024255039925,0.7837244193509805,0.7102361207526336,0.7806943493672247,0.8178928377813279,0.7892820734474819,0.8160253911572464,0.8446981558267808,0.789881810518647,0.8178941549893483,0.8093567874266977,0.7931139045810109,0.88915284931676,0.7556379906972298,0.8055262354711941,0.6897691291832612,0.8405179635393332,0.841480027190327,0.8367804481635016,0.663264536661842,0.7639122968941631,0.8148738935721782,0.8390108622739976,0.8441820479097065,0.8314480051472233,0.8184008995270707,0.8544715588048131,0.8450099772855459,0.8237836489303878,0.740886754041558,0.7866089748215517,0.8182931117124437,0.9085139900052462,0.8048244554838823
0.8287370749119315,0.8570764881939074,0.0,0.8085249679875224,0.8346667268663391,0.8832216054286987,0.791558584518059,0.8188440235161846,0.7268834170947107,0.8653445557739387,0.8781336984666278,0.8351083292450626,0.8992086026645595,0.7425394110745317,0.845650620676394,0.9107448069915809,0.8892652985818569,0.8157184985519599,0.7705716703675278,0.7892126560387853,0.9225403209883503,0.9361003688617108,0.7351155380051195,0.863361700099302,0.8431405036038035,0.8297543733039561,0.7346918874007182,0.7657406205912862,0.8126129235885322,0.7758341721708288,0.7754010169613876,0.8460184342224213,0.8331318444052878,0.7291459642910668,0.756192218940416,0.8261476492497608,0.8648646837816327,0.8174341652058574,0.7884395032561982,0.8467461685921451,0.8397478377662753,0.8412311432791147,0.8455791617707182,0.8589012710656637,0.8441008742870383,0.8350858410232043,0.8343845013189762,0.8938318038145241,0.7976208778776015,0.8507725945587346,0.8748253393608135,0.8670246760402929,0.713847617981126,0.8940272545093395,0.8431231304548581,0.7932861997872355,0.8229727332390145,0.8735573457725528,0.772489499888508,0.8163921468334047,0.8296749398484793,0.7445761174342148,0.8545083699547319,0.7106983797780243,0.7537971790474657,0.7864677486708483,0.7949168929345453,0.8711007851168396,0.827396410923017,0.8085354464680331,0.8780037171828939,0.7177082838295338,0.7399259308975414,0.911972158844527,0.845737902716038,0.6920377593191368,0.8385646850524744,0.839447276038163,0.755601497786037,0.7038018595234453,0.8077981258822289,0.8094067873300503,0.8520507405053576,0.7816535323394829,0.7858837233401781,0.8424219759287782,0.749551096814022,0.7435026033454357,0.7598111922547047,0.7543844203004122,0.870780576571834,0.7417631543355545,0.8579206677047344,0.7461486074024539,0.8042694312957422,0.8444735552832986,0.7400606581312205,0.7679644742492215,0.629580604833584,0.8057333491006196,0.7030727542874713,0.7962481835782347,0.7197105949835072,0.7849211479527043,0.77536660487415,0.876586130632521,0.8646739999117578,0.7916733902960748,0.85817819721282,0.9036134447194258,0.8290675123165501,0.7645049302612512,0.8249669447868135,0.7236922007485734,0.780227893565273,0.8586177502625365,0.7215220414759043,0.81726352913418,0.8765033932798768,0.6872880658474484,0.8200109789437631,0.730022888995733,0.7496146081598375,0.8678647410400381,0.648514926374518,0.8667043385367627,0.7566582833051064,0.860205702030721,0.8446227442906977,0.8212279135809826,0.759904120048128,0.9090812382652329,0.6839167237757402,0.6990161408459492,0.8405591153017706,0.7464488989770961,0.7807707983544846,0.8079791175299382,0.8008681436375137,0.801726074001901,0.7408055206254199,0.8103943544374791,0.8054654634905475,0.7830935710033323,0.8613586506641588,0.7449230458379811,0.8620054245381914,0.8121370796113929,0.8445618157942453,0.64210720281574,0.7458883958733088,0.6911651748324251,0.8309482684959398,0.8981769578879409,0.8683542732150579,0.8398212675709253,0.8130452096547809,0.9068748440855836,0.7088304282082226,0.7611647200750283,0.7565601697401829,0.6924492804522829,0.8638900604491992,0.8193815642510709
0.7980876602041783,0.8199341690520933,0.8085249679875224,0.0,0.7299747812487465,0.7868269868807442,0.8413659761532961,0.8108715902314283,0.7135881146366237,0.7799114352155347,0.8735111397286399,0.8101000697408813,0.836455952443411,0.7737666821056498,0.8493903469829788,0.7808189430298136,0.8028977042472963,0.7821145173922119,0.7776897398029654,0.7410411137877104,0.8199817064063003,0.8465991026701672,0.7824422986181477,0.8270254412579064,0.8098538967679856,0.8090208237752334,0.8180407923550175,0.8150407689288205,0.7629966408754746,0.6802111428317568,0.7909093912361059,0.7733889910190602,0.9159944709909603,0.7751819163559233,0.8051548685042402,0.8399198763909692,0.8302783333946452,0.7768887406984328,0.7953024889797107,0.8646295874613402,0.8276924210213498,0.7536321800842939,0.7547561064405638,0.8348490053187866,0.8488005213875428,0.7792120090358692,0.6818409572808969,0.8059394705255173,0.8160547491831606,0.7886602837978471,0.8591011276455248,0.8018386462410508,0.6854560706358038,0.9250045169014094,0.87514283247177,0.708968179340838,0.7883247920124229,0.8077290465730854,0.7736994706925767,0.8168173105896894,0.8573548829776491,0.6868210017831993,0.7738833101005066,0.6895908011844094,0.7130002142705659,0.736771746847257,0.877193861589541,0.7506634012263849,0.761447543499685,0.8090242299336843,0.7946261163479621,0.7285265010122323,0.7835996853200842,0.8868633745468708,0.7860118049540799,0.6754136262756513,0.8408454784238951,0.7647325630079533,0.7282703196355967,0.6251061824263648,0.6735493587882098,0.8386908978248667,0.7309348490946964,0.7420037889693615,0.7885415180941379,0.7912379014292936,0.7696661920885965,0.7571600281457072,0.7526851054226514,0.756122053961272,0.8461532379928163,0.7993987567812173,0.8121633664656804,0.74026458860993,0.8521102787320658,0.8022124033812245,0.7161274185425374,0.7542791733031124,0.6467469359900749,0.8485982947698186,0.7642692469290044,0.7776412644440271,0.797335857543251,0.7619092248385295,0.7813632560242659,0.7583120754366097,0.7896563204389602,0.7432193875369089,0.7961657022183877,0.8005712711412067,0.8677142318939636,0.7840562682814471,0.8444991169533643,0.7722096479674342,0.7718965220532896,0.8195683672196459,0.6921386875141685,0.7473049669336078,0.8320015635996496,0.7527205887655278,0.7475790898196396,0.7838073289095817,0.7163256242769732,0.8149634195191806,0.6697018381415404,0.8233339371514777,0.7489169295134884,0.8089089242759119,0.8081186264941377,0.771921916260985,0.6675673669203365,0.7411252674872207,0.7529199009048403,0.7904269744506626,0.8180314595962351,0.6581468323016931,0.6724586556563571,0.8333681325793377,0.8075956843599454,0.7747868746438704,0.7988942605044803,0.7273851927071505,0.8516954797777956,0.7959241595323023,0.8095929453976196,0.7405930991083789,0.7653596593091093,0.7100735534978446,0.7311787929528875,0.5880488451855841,0.8333317278046851,0.6763548098932421,0.8348738938028702,0.7706910986031248,0.8315519518176832,0.8307545167665008,0.8342846004728055,0.8178705863977319,0.8763302268210705,0.789787864930859,0.6835394026463427,0.7099321292400669,0.7849913889211092,0.8292109501922944
0.7626173316218359,0.736732266033806,0.8346667268663391,0.7299747812487465,0.0,0.7484748506004748,0.8397052372993137,0.652751645166874,0.6760543919511751,0.7117852446376881,0.8533022030713866,0.8006702800044174,0.7581574796563476,0.6760491569134242,0.7921911694535966,0.8274334893454177,0.7901071789185772,0.7200858731602549,0.690058009077309,0.6897339637717014,0.8439445740615957,0.8459022628179849,0.7368493713144146,0.8480053006148013,0.7496715683541066,0.8249327087672826,0.6787013304654491,0.6646665510207543,0.7557541525158361,0.8012709031589854,0.7130955052693826,0.7452367454762302,0.7369992688960333,0.6889090195127502,0.7287219217482919,0.7479837376528202,0.8203922680373599,0.7297678430017744,0.7746353356845582,0.7940177172606296,0.7574690865658494,0.8276616874477586,0.7740134037013213,0.8921294258909266,0.7150344098472838,0.7116111466958281,0.8014994859862966,0.8878444146945718,0.796033428944988,0.7658456693253397,0.8132529738053066,0.7876963044506642,0.6215477790239773,0.7871086061609652,0.7845921042505082,0.735588551717533,0.7455518651409885,0.8204140440913396,0.6875177565151486,0.716688821341226,0.6555685111281481,0.6673264065817839,0.7324620404337683,0.6761496909899033,0.682755192783851,0.654514677709904,0.7127501342165504,0.8198673542719788,0.7088896883134247,0.6812268671390141,0.8040531060321418,0.6769219035233209,0.677052971213613,0.794182883837803,0.6718376505702673,0.6267554403260129,0.7909672092162614,0.927632981608221,0.6487860044091234,0.7472426260249796,0.6907380414472398,0.7425972060778048,0.822219350793944,0.6347387396608015,0.7267964604226725,0.7168574655140825,0.6592711761814862,0.6837909072353973,0.6365188907579787,0.7070288037980375,0.8949943723287652,0.7119878714018921,0.8225731053590737,0.6671453802125447,0.7528146185224974,0.7908281674547389,0.601159268793346,0.6820695943898493,0.6641513138912858,0.6840553480425272,0.6852759821942382,0.6847818803345054,0.6918353993772641,0.6840823343511256,0.6701767871199454,0.7655793446235079,0.7027699917616609,0.7025675754651016,0.761410191846043,0.8502138915176484,0.8310985918853879,0.7759619643039647,0.7149757072352466,0.6444115331363722,0.6804935678504095,0.779835828874332,0.6301296702792274,0.7933936086180037,0.7830692686785192,0.6501099973476918,0.9056791289236195,0.6371166674278939,0.7151890995592945,0.834673783598821,0.6754787639868914,0.7665862975119125,0.6816401432633604,0.804079062045207,0.7197467014145329,0.7311416455036743,0.6542705932496568,0.7785610681956529,0.6219796346500593,0.704935775227526,0.7415850300063562,0.712632343814354,0.733645405433303,0.7992760051197684,0.7053919121248541,0.745669242234842,0.6319876547322818,0.774736103023752,0.7339680828316951,0.7091939032474243,0.8650976855973622,0.73680677474149,0.844572628060881,0.6954048962969063,0.7174986834446031,0.6055340571291724,0.6988566603819973,0.6208654581712287,0.7677463251731445,0.8163682162276602,0.776582962631273,0.7338964416968043,0.7520450888566942,0.8433758240833984,0.6923708279312754,0.754032294530681,0.629936215170432,0.6729300420647626,0.7441438182346223,0.8879740461149901
0.8484319687611805,0.8691842250341716,0.8832216054286987,0.7868269868807442,0.7484748506004748,0.0,0.7356837137779076,0.8459288247270877,0.7947978807324516,0.8157125707163045,0.8108925701177216,0.8430665431782441,0.8669296466943303,0.7174801033981429,0.8108165086469012,0.8677050604726312,0.8519673951010682,0.7816395420190612,0.8399208253561256,0.7872040392197975,0.8737545791174185,0.8426642278839148,0.6754602641954237,0.77849256657485,0.827217570508815,0.7320828906635654,0.6718106446154852,0.7680265089132596,0.7743133979947604,0.8231889181955164,0.8359824176650192,0.8757570915473424,0.8430760222157994,0.7238429700630765,0.7554531331769422,0.7987781432966407,0.8266606602944215,0.8093704147186623,0.7888453064998981,0.7496102234573339,0.8254760674838412,0.8053870804940427,0.8120277538923282,0.8446157025982475,0.8004175870776425,0.8319066494784461,0.8114865387906914,0.8253731701685969,0.7392041028788398,0.8286704749607985,0.8686172412596522,0.8787347366673598,0.7797914990170836,0.8725099876824715,0.8172340813437615,0.8427863378563856,0.8461592476353911,0.8906979994588188,0.7094369571889831,0.8305100483408,0.8607944274716082,0.8094343282853205,0.8887279316625791,0.6504134621105605,0.772656814028224,0.8141405269669711,0.7303151243979286,0.8184326913668171,0.739342335477281,0.8168948833344836,0.8670230909181694,0.7090898588277202,0.7161821754665095,0.8495242770080127,0.9060703724069293,0.7680351817194129,0.7818146077007702,0.7666810996628242,0.771712495745388,0.7840124398818036,0.8774202472957108,0.8286675658926813,0.8700536959219495,0.8157657465245511,0.7941246554780108,0.8401983003427784,0.7822743093180761,0.7372755099157207,0.8239666766166659,0.766636780134801,0.819998103932435,0.7950564830051574,0.8549413685855616,0.8191180416131856,0.77274149370286,0.8478163583575837,0.8158731419406615,0.7759931697846855,0.6456236310316597,0.8082722704475501,0.7206390869534484,0.7786339881679806,0.693910796768411,0.7739794677917615,0.8227758055250137,0.8412718862985068,0.8654548686918283,0.746646131547762,0.8124362148653104,0.8348593067414012,0.8040896367496239,0.7176744716301291,0.8414815289273265,0.7392947340548142,0.8119145360522908,0.8492756329078879,0.7981683419395869,0.7562114823899284,0.8120939734828521,0.7207183925537364,0.7579570851993591,0.7755377002582684,0.741457228037679,0.8960772519330588,0.6985878960174531,0.8767501649581835,0.7650508852669547,0.8317185455255579,0.8155951859137834,0.7544222018443284,0.8311144150209704,0.9202598492291604,0.7234575918164263,0.7615268286505419,0.7862225438445806,0.7561855875764828,0.7967379133418273,0.7374743965613016,0.6884912633544903,0.8313061573111274,0.7758508459568135,0.8176567356783059,0.8232211111229982,0.762566732664793,0.7946706060017349,0.6911152886356766,0.86540901044859,0.8454570084881833,0.8054442975290617,0.6654939393745267,0.7821138940396857,0.7821618943573585,0.7821622956147514,0.7654201319829204,0.8564442999787025,0.8174221467604199,0.7864760800185172,0.8951823217361276,0.6987998675894201,0.7893933329155397,0.7428552977213309,0.7897001394091594,0.9025299201329605,0.787410336119243
0.8102802669616923,0.8051266475986039,0.791558584518059,0.8413659761532961,0.8397052372993137,0.7356837137779076,0.0,0.6781014158303841,0.6937475409387008,0.8287122391971972,0.8308517025461647,0.7831432178643424,0.818729719772917,0.7949576496224702,0.8410544658166806,0.7754378676659175,0.7902233416809229,0.7884214885839561,0.7103391240208244,0.7135369216141052,0.7938988458303557,0.835763494530297,0.8514949587664408,0.8452942097947034,0.8234887986187496,0.7949514589901212,0.7950605060608503,0.7491243895998317,0.7922032340039779,0.739075339636634,0.7573922675638167,0.8115500889066135,0.8036214632805605,0.7650474245210448,0.8066836171264514,0.7869537650944212,0.8515391303935499,0.7017441382665456,0.7343321985091736,0.8905687389758755,0.7432648470962645,0.8313353447557185,0.7527172987819285,0.8506475357317603,0.788191236285345,0.7590210478940466,0.783226117828045,0.8160253290950391,0.9185967481154821,0.7786172607541743,0.8591324974617,0.756161682237941,0.6670436972329238,0.8311646120649295,0.847540525716027,0.7806666716898877,0.7553934784961704,0.7422047267602246,0.8380066381895306,0.7902753965948588,0.7110217556988138,0.6860865424217236,0.6979599842194213,0.7206085984035758,0.7219233571361989,0.6939495225132617,0.8532526816803523,0.8246857457229979,0.7620920509371523,0.6997548466389099,0.7895898877052481,0.7562790726002838,0.7615757708279177,0.8616366785033929,0.6802526360695822,0.7141074799153351,0.8433824912670828,0.8789301036510431,0.639043222861234,0.6758440182490623,0.6563503296644598,0.7834955504136423,0.7811925227091854,0.6341716890522868,0.7500245162375765,0.7071168195629928,0.6722598464821549,0.8012938071132689,0.7272820092392647,0.7314006343635768,0.874334396239881,0.8374372630705148,0.8433096060588982,0.7184973722778252,0.8501329987993272,0.8087378976881292,0.6110792436573289,0.73267446313059,0.6981194460599195,0.8213668171117915,0.7631248467859204,0.7080265155893674,0.7843683586825475,0.7229790364782718,0.7127340005821037,0.747373115767674,0.7284365843390171,0.7283763180799047,0.8258566072450892,0.8589896049572664,0.8851742635737808,0.7743168273252116,0.8117009184947199,0.6826535236772934,0.7067271475828216,0.7848504083560094,0.6867251819887623,0.8381270391457908,0.8070960519408983,0.7148818727788652,0.8026366637872241,0.6459775737392455,0.7196873293368337,0.8439675595328597,0.6996576740229371,0.7854865693877481,0.7538709576020205,0.7914521323431777,0.7522225804664993,0.7759929669031225,0.672593981070317,0.687786617528474,0.6593735126418968,0.6873374401636599,0.7379676611766696,0.6929158627486671,0.6973178681446467,0.8561527521214344,0.763968288239609,0.7380543532856354,0.7110062693537483,0.7815133750266526,0.866289592257101,0.7450122881593723,0.8287638348006638,0.8127046833650172,0.7479370165491355,0.7110353967174541,0.740430447595433,0.5593986295181761,0.7377790017281776,0.6670890923303113,0.7806350650818068,0.8754899837747118,0.7677377156862996,0.7751071505037831,0.8176351311568739,0.8198399308112609,0.8403193091734437,0.8465026865054694,0.6919971253467783,0.7217694715513644,0.7769421015478338,0.82237747830763
0.8287934068377818,0.7969062195203311,0.8188440235161846,0.8108715902314283,0.652751645166874,0.8459288247270877,0.6781014158303841,0.0,0.83266210274655,0.7762132651166598,0.8155974003719232,0.8164296047831798,0.8765198048188354,0.7100947746438182,0.8180535734533044,0.8393236500342706,0.7872061077825304,0.7972532117938893,0.8032876762639949,0.8218003355356327,0.7932623602763457,0.8071890368238217,0.7023423617709612,0.750811139255602,0.8356083910070705,0.7575647899546413,0.7829812382787498,0.806925873371938,0.6997201956163993,0.7605440097901727,0.8893513312898642,0.8099305265213282,0.8325069920627604,0.753800650411995,0.7610930358404755,0.8012825442691921,0.8592262529193603,0.8701026659099895,0.808090506056321,0.7403499265416256,0.7826021290091735,0.7072277953709363,0.8296339078378983,0.7554381811042419,0.9023691790581226,0.8406453312261649,0.6943276130224453,0.7892072795417432,0.7342498118667687,0.8017893451678669,0.8067134691271808,0.7772723650971634,0.6891372123810687,0.8221705728913237,0.8160453122187966,0.7334673503745953,0.815446267692126,0.8637760877862465,0.6920160124511787,0.8221928537684986,0.932167809481747,0.7405602133966723,0.8393540289798973,0.6584042558197396,0.7169386062629172,0.8031049593176449,0.7928931210209298,0.7687707061799299,0.7917121947008775,0.9608012232228615,0.8306590395098916,0.7202020563202237,0.7112813322003554,0.8365815805753986,0.8946638806310272,0.721636524337344,0.7931314954853845,0.6830140669955904,0.8526014464406435,0.6250714444881937,0.7225288706262427,0.8201447768440313,0.776638455599645,0.8742606376692267,0.7697988252985302,0.8923602411512526,0.911626583523918,0.7540082291091277,0.8495057970038514,0.8150981903168365,0.7728396425464964,0.7383769962751916,0.7790485542282415,0.7604756900984958,0.7241081252988723,0.8168326028422374,0.82301875698535,0.7537746867873556,0.601382161639222,0.8125882122441053,0.7479178671866923,0.8861227662529532,0.7212354711261625,0.7840727214165559,0.8398824908337422,0.8337629598568516,0.8473052427917565,0.7595352044778575,0.770388871370259,0.755713283207648,0.7420364746785644,0.7346644484047359,0.7988475445158782,0.857155624629963,0.8160421324104128,0.8098420020538071,0.7282003393831191,0.7549561273406994,0.7235953523305435,0.7240450987982605,0.7041150975779069,0.899447946560097,0.6980334190769459,0.7997309607252858,0.6432200767449071,0.8513207178527513,0.7021762197861091,0.8667364245069851,0.7883179192542267,0.786815669378451,0.7959841493635211,0.826049425924907,0.8542721039138261,0.7438651028537964,0.8451278866632284,0.6753733641589631,0.7728200683232189,0.7532386983726933,0.7941966603505355,0.8853481907395832,0.7934910993703692,0.7312659566443315,0.7627922736148509,0.7477788214538634,0.7864693196644525,0.7020913228473684,0.8120522412587966,0.7622448340677518,0.8037013599299211,0.6271512269130473,0.8752000979724046,0.6904356274280568,0.7948891891891396,0.7332889107700606,0.8489797192350701,0.9277420456493668,0.8078897278998752,0.8199053280989672,0.7080161372910344,0.7265313806012048,0.6868684067356896,0.7172663292479761,0.8733621565171161,0.7568108551465297
0.8346600238112708,0.802445376425453,0.7268834170947107,0.7135881146366237,0.6760543919511751,0.7947978807324516,0.6937475409387008,0.83266210274655,0.0,0.7192198910722366,0.7288807884787325,0.7608049058371453,0.7718700015750309,0.710901266375487,0.8112996745296174,0.7254230585222374,0.7023654363790737,0.7669322063939679,0.7509309367238164,0.7838136150947322,0.7225979880547544,0.7986809280592106,0.6588960259351484,0.7094454033095197,0.7697882315755278,0.6483407224930118,0.7117695322423112,0.7052274554086954,0.658733293809541,0.7903856348046436,0.8980710561390536,0.754651105290686,0.7658990314471683,0.6691077794019696,0.7874284950314755,0.7393497393724935,0.7825913192254632,0.7826160049380166,0.7606068219813502,0.6797127156982142,0.718503094570548,0.7605112750908739,0.7385309353605995,0.729602045586265,0.7773095999532704,0.7504953483413845,0.7041325141294625,0.7103128359944477,0.7051510668985793,0.7698260079924585,0.7531901853369298,0.7154181096619174,0.7111824920625389,0.7472005429682621,0.7236175461416237,0.8103163143589481,0.7656797328038134,0.7689637821569366,0.6781471132727566,0.7689310227621282,0.7776456491730932,0.7197874672767213,0.7410525695901893,0.6487211480647245,0.7468894998733122,0.7244022559870218,0.7279185799953846,0.7560487593450409,0.7133551775303357,0.8215193518811688,0.8138170609687895,0.7173844318545027,0.6850082544935148,0.7402885381703463,0.7921894114277309,0.7222980394043599,0.6943340032378796,0.656284709382657,0.711589247424346,0.6094028795913468,0.6812957240179293,0.8585023453890105,0.8011699778224874,0.724372147631576,0.7033338527837647,0.8160618349483143,0.7853639993278893,0.739205516296754,0.7691140111504741,0.8479185663400413,0.7472792284259231,0.8099046342098426,0.7498157995529902,0.7371902372312595,0.7359633599751402,0.8017205204562335,0.7723772719235211,0.7098729354722035,0.6630614911775847,0.7394424770223669,0.7352589024308507,0.7288582638352638,0.662565219820389,0.7166244419076634,0.7891788337321576,0.7266847984056701,0.7116485413164668,0.6824849986490951,0.713586165363074,0.7234857730475295,0.6964167670651837,0.7010558170442256,0.7449149933677968,0.761021773866713,0.7256275192369344,0.7540286425239998,0.7011431280501745,0.7213393624241198,0.6381135912967821,0.7256485550452806,0.7151594674589365,0.7521208729075437,0.6680581721205181,0.7679964335841539,0.7736661955598376,0.7461448607187657,0.6886634825158704,0.7822382059532924,0.6759357590556156,0.735598248060189,0.8532706790116382,0.7438996566729078,0.7428700307230419,0.8049683686213763,0.7732121098401186,0.7164677479613394,0.7446560999752345,0.7236512101019434,0.6825013056385171,0.8269563654946361,0.7319598926244552,0.7264348293788163,0.7993876962174442,0.7463798042858476,0.72210134834637,0.6842990089154519,0.8596703239316833,0.7020346777719374,0.7366977023441705,0.590724834894379,0.812043734857405,0.7023546614538769,0.7604448567506662,0.7085946213154073,0.7389470246460522,0.8530914934252891,0.747647742995031,0.739682240791082,0.7001054339198083,0.6802100437965458,0.6367715770486061,0.7708715465443763,0.8761490659117348,0.7683321403416884
0.8235013781852263,0.8841118299932299,0.8653445557739387,0.7799114352155347,0.7117852446376881,0.8157125707163045,0.8287122391971972,0.7762132651166598,0.7192198910722366,0.0,0.7908701033439427,0.7870289377779198,0.877930889356213,0.792670392113306,0.8208953985360152,0.8192145936579587,0.8266694718265019,0.8389975694796762,0.7561109468695465,0.7781337325923028,0.7842860282023396,0.8310037521352314,0.800379648655874,0.7899469595076511,0.8995408740966829,0.7233458429338886,0.7955532610452742,0.8026203043638206,0.8726220751311528,0.7560101962998825,0.7920186866320572,0.8590704680573806,0.8132389688602114,0.7468250414584385,0.7883305234033665,0.7852560593265171,0.8316896898698074,0.764362322329443,0.7010412778173342,0.833782335462244,0.776739332997306,0.7840654994063128,0.7824027533567901,0.7802458026837056,0.8314954380433394,0.8209905509820656,0.8091362636486388,0.7854022456658444,0.8490268431553666,0.7827808136169931,0.8068790773236513,0.7632248871753586,0.7256559963263326,0.8093714812113959,0.8278752269191628,0.8142089547059123,0.7676112613946217,0.7586516381126621,0.8330310304002932,0.8115693530398764,0.7788295688544221,0.7135736357471244,0.7495273999194773,0.7199544309891046,0.7266654895078568,0.7524392515764672,0.7800989734832352,0.8116034824169418,0.8328917245964393,0.7752715268676841,0.7729516933023975,0.7706690887049177,0.71258038405191,0.8414453956731062,0.7980691801087656,0.785429732037188,0.7635331793280273,0.7802354017807652,0.7156560874519793,0.6650469815729758,0.758669870145635,0.7308237414987113,0.8124394910777238,0.7572596836673595,0.7289855592078914,0.7879175327172855,0.6982164073139144,0.7857241397944528,0.8363276170291146,0.7186858065029753,0.780653641964481,0.7866554015628238,0.8406648662099949,0.7472402968186908,0.7670713023072223,0.8557367869235325,0.6723164773836691,0.7865776600813059,0.634716873622505,0.8400684865860143,0.7469544437338798,0.7293974005503251,0.723077885286559,0.8497262461023029,0.7536337140455611,0.7994082242120469,0.7935908824547737,0.8138523192002456,0.8609382631854963,0.8459627540025745,0.775653717847387,0.6935662719904202,0.7975942410659966,0.7279781280600797,0.7654884088739085,0.802007628651059,0.7867301673221481,0.8475522999809514,0.8120527248359586,0.7128160783922789,0.7093751910681104,0.6801233810853735,0.7157981454398861,0.825559969987102,0.6618102565291746,0.8703774142871131,0.7187387891252759,0.7767807239007378,0.8371556283234548,0.8154191254315986,0.8095247703168209,0.7341308895692108,0.6774362937265648,0.6268186621213223,0.7488933816623887,0.7185261645323141,0.7812631990254425,0.8017346123049977,0.8078225933129762,0.7734381376873882,0.7986682241566265,0.7866353354745271,0.811678295642115,0.7193286647534379,0.7912039972668383,0.7514174629737128,0.7279909590574917,0.8185217788656083,0.8873398677908128,0.6134998972151979,0.7147137053673217,0.7682284874603609,0.7528010909651583,0.8786791147947581,0.8236850652108361,0.7949968016083281,0.8016425074710478,0.8321663285420805,0.7741035950710515,0.7701558132485047,0.8196828419240132,0.7546492946237748,0.8712925541526604,0.7160095680154245
0.8246904762670836,0.8083159853826684,0.8781336984666278,0.8735111397286399,0.8533022030713866,0.8108925701177216,0.8308517025461647,0.8155974003719232,0.7288807884787325,0.7908701033439427,0.0,0.9089703027108252,0.8647767174076761,0.7272292804195266,0.8476178868414912,0.9187965855985797,0.8677646511434808,0.785860555221271,0.8171228650469272,0.7920594347430872,0.8912361133561063,0.8962543545658787,0.8187483377152904,0.8902470167818933,0.8650760711195918,0.8577684689841886,0.8200543687941901,0.825227628391767,0.8164885112514413,0.8150387211742569,0.8201361719397829,0.8226579929655133,0.8285060120829824,0.8031941306554041,0.7998003853987377,0.838261752069059,0.9118391469149363,0.8461621897450823,0.8967519713694988,0.8515649513779797,0.8153647528616966,0.8004812801244658,0.8334361817852082,0.8975895203028083,0.8541220940787271,0.7871127369497929,0.7196553095978777,0.9398043319824835,0.8679999700177707,0.8158747742021734,0.8689340025730992,0.8043844342318203,0.6482112670605809,0.8978395034273694,0.9252705486787471,0.7083899986231359,0.8336161201253498,0.9210093520945979,0.7319271119744346,0.8131449115710745,0.8284638463009499,0.6814529618992184,0.7939077074949137,0.7097272676113964,0.6966924384040991,0.7263617793099946,0.8191081591979178,0.7857825227486,0.7826076086333041,0.841258991106358,0.816613548172982,0.7291724516715979,0.7416323810895751,0.8922579376351655,0.8024866526062852,0.6719211512439517,0.8982898505744908,0.865795475252986,0.7503363725518283,0.7056918354825562,0.6893856772816566,0.7935716571898618,0.8041975796667887,0.7546205648882386,0.8042484855334074,0.8157738374403124,0.809529510835003,0.7385007299592696,0.7400933941597437,0.7660163176176442,0.8978953987566948,0.7354635599117307,0.8813854642616348,0.7418483505327907,0.7883591894079175,0.8362234162123459,0.689497958792442,0.7343005930849439,0.643355053855148,0.7750263303865669,0.7850942459465421,0.8308550930896431,0.7464156116828461,0.7586277008658887,0.7606974483134311,0.812999843988433,0.8071508528093263,0.7905753917021283,0.7917929638483251,0.8800827002367286,0.9042816748547576,0.822502060240948,0.7893929160220797,0.8312965910255834,0.7609107174393154,0.841366380718337,0.686848062357877,0.8755952672675683,0.829000894111242,0.7039180481297721,0.8587588746673087,0.7568555237535544,0.7518229755945107,0.8656117460966507,0.6780803976969367,0.8798944227616263,0.7016138080721022,0.8900245805758142,0.825643219486249,0.7755312557142164,0.6982668792197781,0.8237971411891819,0.791924871430964,0.7769223924370116,0.8821385827470265,0.6856488364512581,0.7661252471959905,0.8383539355685826,0.8359275550386116,0.8666513829090666,0.7213365403461452,0.8022898270448934,0.7874092366410372,0.7763679096090882,0.9315764585753021,0.7452610188405091,0.8338090950853496,0.7297831776531303,0.7986920062493266,0.6501621759610285,0.8527505497018751,0.6636074388463468,0.8986813991926011,0.7959551098419929,0.881479094790831,0.8638647184723292,0.892084785012231,0.8789575473381951,0.7776712108401975,0.8165989857166212,0.6461867438644847,0.7172898025881749,0.7976540555177661,0.9262807451270052
0.7980215470519788,0.8281689468700761,0.8351083292450626,0.8101000697408813,0.8006702800044174,0.8430665431782441,0.7831432178643424,0.8164296047831798,0.7608049058371453,0.7870289377779198,0.9089703027108252,0.0,0.7983076157711577,0.6555582335556891,0.7976311851388602,0.8748532612697908,0.8320764621262288,0.7240950048064508,0.8733248396534123,0.7959838566795876,0.8807335483601632,0.8346773113687116,0.8041617458534761,0.870288709635225,0.892692861597187,0.7772157675065258,0.7506536262395282,0.806009386403808,0.7822658330342303,0.8521637546502341,0.8521937049399594,0.7976883558529164,0.7855936083734858,0.8366169983204558,0.7803616364241442,0.8040098775838062,0.8503270814582322,0.7960177006314191,0.885281666295741,0.7711716316414493,0.7976745302549894,0.8299119483843017,0.7837611443467493,0.866677607939809,0.828401260767911,0.7581632703340362,0.7195863130846349,0.8720230242233414,0.8162148604604337,0.7641198719847627,0.8025286702814183,0.7978372952527898,0.6274869183189283,0.8517219189201272,0.8496230624180894,0.7685828853781252,0.8059318113739814,0.9340777415890452,0.6695315727726403,0.7751815254361342,0.776662465820002,0.6474355565694047,0.7518187114516673,0.6780253569621171,0.6636435063815909,0.6912318670675694,0.7367086875306752,0.7211114180954213,0.6973682946118286,0.7983249481526278,0.7601445967323462,0.676503420818148,0.6902855739383298,0.8123844018932544,0.7859990568465015,0.6638217193510204,0.7965116593715124,0.8141540571386234,0.7418401708741451,0.6961356047964724,0.6853016332398179,0.7755045592078896,0.8113872119077917,0.7238997053874575,0.7828225454982981,0.8319490374113556,0.78360169114319,0.6750357046937143,0.735518849726764,0.8121528824004697,0.8212254145703173,0.7670122991486712,0.8185894627622325,0.7255542298316467,0.7070060677898222,0.8541438216529704,0.6798163169001341,0.8063557732913357,0.6292442876596478,0.7429747446768343,0.7291993105987783,0.7719254796540582,0.7167641588286341,0.8117553483590941,0.7260478031057485,0.7926687741190469,0.7747273795219047,0.8315079540378538,0.7430312072658616,0.9010339312967369,0.8949282876879834,0.7752965398713506,0.7362731926893125,0.7880212647715982,0.7224584456695037,0.8306704187160296,0.7140290729778219,0.8310262640940271,0.799519265139772,0.6848851158170906,0.7858222676741734,0.7139726131307653,0.772730988067158,0.8401118745106654,0.6642775079603253,0.8627026494927748,0.6674810201360455,0.8621733254845071,0.8320569191040825,0.6931863419451719,0.7646813032190657,0.7974932918471463,0.7215831224489003,0.7868229520950379,0.8597040050642732,0.6456859662832646,0.8036571639473926,0.769215420876331,0.7808821478928057,0.8630518941830052,0.6774964450071076,0.7705409941591911,0.7694841602583098,0.7328155618060418,0.8814394822381587,0.7330874317616818,0.8609174273994622,0.7045957880730592,0.8366100605703339,0.6845066384078835,0.8409738302340312,0.6620098086371726,0.8582711751310853,0.762171049721815,0.9376308997534927,0.8198676968323901,0.8290172774652047,0.885291452320512,0.7050314092803325,0.7414332036589164,0.6113118996916874,0.7378490191720243,0.8315899274776544,0.8791301130026781
