0,1,2,3,4,5,6,7,8,9,10,11,12,13,14,15,16,17,18,19,20,21,22,23,24,25,26,27,28,29,30,31,32,33,34,35,36,37,38,39,40,41,42,43,44,45,46,47,48,49,50,51,52,53,54,55,56,57,58,59,60,61,62,63,64,65,66,67,68,69,70,71,72,73,74,75,76,77,78,79,80,81,82,83,84,85,86,87,88,89,90,91,92,93,94,95,96,97,98,99,100,101,102,103,104,105,106,107,108,109,110,111,112,113,114,115,116,117,118,119,120,121,122,123,124,125,126,127,128,129,130,131,132,133,134,135,136,137,138,139,140,141,142,143,144,145,146,147,148,149,150,151,152,153,154,155,156,157,158,159,160,161,162,163
0.0,0.8797668791125328,0.855793354691392,0.7937798179235208,0.807042649121111,0.8702175316233631,0.8067077108217805,0.8837394967967402,0.8679256054083075,0.8328731894350219,0.8793802751149989,0.7808250433844456,0.9479812677531608,0.8816450532526998,0.8393799993031047,0.89454010921737,0.9066014038740604,0.9548574503607964,0.8255875618714552,0.9338801789686523,0.8630730666226428,0.8809934330628426,0.8256471015954194,0.8384425024327904,0.9083846052465362,0.7836466068300678,0.7837663963727227,0.8947936792004728,0.7930095956822943,0.8002682692139637,0.8473100675833758,0.9111020995233775,0.7913778555561434,0.7913000246274652,0.9501080822779251,0.8196383948837872,0.8970403818783359,0.8976227908760339,0.70865441523432,0.8927889196062669,0.7834696470060516,0.8776918533062339,0.8754059649078522,0.8388707909150328,0.8800581532850912,0.8518788675879319,0.8308370324314851,0.8439183211654028,0.9043318278433209,0.879579171804079,0.8723756281753471,0.8801830258863185,0.8070622339197008,0.8057188929465111,0.8218784930331201,0.863198951495207,0.9155488446641976,0.8337473986452208,0.8637590760632669,0.8777676901266039,0.851178784681052,0.7802213857056116,0.8991076775218559,0.8042736848263707,0.8422912756807235,0.8395179138017119,0.8167161821665798,0.8532717429379294,0.8472824153288345,0.927699412080304,0.9152326976959764,0.8872352618761461,0.864611779513912,0.8976706532717744,0.8771956921973267,0.8403848414121475,0.8051382147753179,0.7791053196589032,0.7818735180165093,0.7321791027136207,0.8269752888213023,0.8545325922884683,0.8378036565015781,0.8652021497581228,0.8874355982350247,0.9042028521523224,0.9019945716660392,0.8298177278564554,0.8857665471900702,0.7472236291691777,0.8716420862864434,0.801739664665694,0.8732720673916822,0.8685190005656095,0.8855998470589687,0.7784743015500406,0.7319935175699953,0.8243461845309448,0.8058331139171423,0.867661289340452,0.8011859511577449,0.8108116830177033,0.7309855351256979,0.7428449330952043,0.919583628990523,0.8651559243801964,0.7967694094595957,0.8714564012523306,0.8432764785605442,0.8492930727004887,0.8156585456439468,0.8431987807649947,0.8833454602326706,0.7782678043012295,0.8871115253701459,0.910087296693864,0.9063557045980941,0.8507831892349741,0.8413601676261794,0.8204510498968834,0.8712429601961563,0.7867998573956078,0.8931056771780723,0.8733431226792313,0.8701334697015902,0.7900205057720797,0.7830924786381616,0.7983800892742455,0.8371190467897649,0.8532218066202691,0.835031961511733,0.8519405833860781,0.8207933222740514,0.8089302371073513,0.81204056493138,0.8208747454953587,0.8325667461243785,0.8707408304655434,0.8531228755848524,0.827055162354972,0.7868581647206809,0.8799017139935624,0.8704078016083232,0.7886716176193865,0.8463543910108808,0.8042986264413203,0.825897634696465,0.7423210552506915,0.8794367853541032,0.709791117110536,0.8949128797737204,0.8066387940939012,0.8249186065591877,0.7776755749684287,0.810298986065635,0.8897811630052895,0.8839114725322943,0.836693705498817,0.8363925312512925,0.8618819916587636,0.7851007422323286,0.9300067080895271,0.8980692992232466,0.9034531581682568
0.8797668791125328,0.0,0.9091399236811759,0.8455703862540069,0.7706133746888996,0.9361892575547932,0.8004050357024813,0.9595455739100311,0.845997295732229,0.878034081281717,0.8623251956011954,0.8833176161736321,0.8803215804743593,0.7888241533927396,0.8961196349773599,0.8445252342379395,0.853115195036855,0.8330216392956858,0.8833284363898705,0.8625965605551584,0.8909533559903976,0.9363257415082329,0.7582580681217106,0.8899365206484383,0.8818582743599398,0.7094624900438828,0.738702276051097,0.8350047099933333,0.8556085521486434,0.7597502929909762,0.890433553876265,0.8477494341621656,0.884888635834828,0.7562622138796778,0.8575563470462991,0.8309776352659841,0.8250527775131702,0.8172774848646961,0.8314313236269769,0.8650799176418636,0.8646430365911223,0.851904471248087,0.7781026944595164,0.8331631728938188,0.8660170623810064,0.8166125623302104,0.7658395288906971,0.8173571949701289,0.8148024534082484,0.8204309234016682,0.8443829809874962,0.858241200933602,0.8165550896989989,0.9038065488436158,0.843281942427365,0.8648775426454098,0.8655328859143683,0.8519941076651407,0.7937473669907001,0.8590197505601952,0.9225543517095398,0.7154082476227809,0.8461640766467539,0.7188793429694638,0.799515907404709,0.7865412501595838,0.7966443785515934,0.7847438457394548,0.7281500461817887,0.8831898413152066,0.8655446016791976,0.7583093126903935,0.7603386326977086,0.8757482098438615,0.8778289613906821,0.7539942418456047,0.7867778182130934,0.7725510165447415,0.7411670037564912,0.6898038686618136,0.832581268359666,0.8744205284830454,0.887131649865501,0.8165273331366685,0.7923939364625402,0.9170870782479622,0.8362699769762566,0.7160394147633382,0.8247472787536422,0.8289795030221883,0.7814964453676962,0.8215540453369495,0.8530855906039809,0.8359375629707282,0.8271199164644545,0.8381107812884236,0.8078639231596518,0.8212025978724617,0.6969071324196565,0.83474453144147,0.7727139581653956,0.8063345624095809,0.6658541431612598,0.7855339483083933,0.8276682490047439,0.8055053103345475,0.8051862642325737,0.8285818099722954,0.82539520302761,0.8904690971904126,0.8353459637896553,0.7405220043226818,0.8176040351517653,0.7341931922259359,0.8075600234607199,0.8890451993584311,0.8449419248639624,0.7953380035526137,0.8278495279887873,0.7407432686553641,0.7934370262509668,0.7722499043770028,0.7984208678620066,0.8970720760263384,0.7802772360413136,0.8736933050809393,0.7392365767703853,0.858960572460627,0.8595015007620322,0.7839339087601106,0.8171139689768121,0.8626374930938303,0.7432153947447588,0.8381247387162449,0.8670366454238829,0.7767382117957251,0.7995986842455527,0.8143617101583062,0.8152398831769209,0.8567879917282466,0.8016629504204443,0.8125766376070191,0.8893984880812458,0.7977340151275616,0.8214397747708614,0.7014686402554867,0.9108581535160601,0.8078469778131421,0.8638335129689398,0.6961022083359287,0.8537806897359409,0.8186324451766442,0.8359458594597959,0.8007416594525028,0.8693493090556025,0.8949027311286902,0.8811576288399177,0.8827954564772017,0.8130936352793551,0.7461381049782176,0.7591773122049885,0.8293908224297896,0.9323994485634252,0.8537185272300681
0.855793354691392,0.9091399236811759,0.0,0.8043146956229968,0.8459770713856533,0.8914727656754374,0.7877222301386999,0.9019784261656164,0.7911420896957888,0.8927363256211888,0.888628470048973,0.8346729508392214,0.8988227330440565,0.8208392313236563,0.8031596056123382,0.924592593342297,0.9201473025143673,0.8484193682029473,0.8122423805811012,0.839791483271814,0.9124674947755618,0.9462320041148962,0.7791632941829176,0.833158129559918,0.8614607494598087,0.7639812828763111,0.7711574119298684,0.8381844108145228,0.8508332037041726,0.7776626144148198,0.7685238576831314,0.8861185998769583,0.7929438059335693,0.7432756267391186,0.8238262347820499,0.8608071501091102,0.8134041228322334,0.845044259300659,0.7497576926519635,0.8758566426677721,0.8059129956782837,0.899401989823298,0.8131599044194106,0.7990953142439774,0.8498571471220728,0.7924101723733079,0.8141399458889776,0.8252956677777613,0.8283371495583398,0.8592251142485103,0.8523735418904527,0.8560219295469897,0.7701405938963783,0.8609125540104378,0.8455354195867731,0.8233030271307,0.8440082298756376,0.8924174109259456,0.8268429138604055,0.8483647381870449,0.855697936944729,0.7555887152179006,0.8654948839418231,0.7993028877475571,0.7676893299712094,0.7642282371764584,0.7790587076318854,0.8032207201124824,0.8253549498256011,0.8704636951538158,0.8480569428765778,0.7519057954586622,0.8123401494524456,0.9142307111873668,0.8855397497877485,0.689015215276249,0.8378196386584427,0.822705402105442,0.7017877902524443,0.6565114546360167,0.8022989533602323,0.8222849503712092,0.8288256168881363,0.8007927651813334,0.8299081389917358,0.8690051426384834,0.8110393549672483,0.7469087552873944,0.7829891792720999,0.7250737323132747,0.8538856185144499,0.7648043066783632,0.8707186920998577,0.7620597264845593,0.8482511296238181,0.7760535748707337,0.7424097925515577,0.8049818479720471,0.7347798105917583,0.8146521009216587,0.6985153339531393,0.8427970178582513,0.6878577213874454,0.7484894470754819,0.8352383866284153,0.8445061735528856,0.8316808384840025,0.8542471547494462,0.8216159388927752,0.8548477975394384,0.819580208797897,0.7937034843607425,0.8187204931970979,0.7749088951540145,0.7789380237700675,0.8836326888368441,0.7957291909775422,0.836355908384743,0.8841426992799936,0.7679219962494872,0.8295058004309914,0.7547953537076096,0.8031631360048757,0.8227937380649306,0.7223975686848035,0.8029341180150583,0.8016651255299035,0.8484918179403086,0.8800840552829731,0.7883717668586204,0.8184907033901346,0.9291300305273881,0.6944232389027075,0.7651313443241667,0.8119970871507857,0.7319771956073009,0.7491213500972802,0.7925709470237834,0.8398456889746666,0.783947794320438,0.7162516511538353,0.8860224128744155,0.8532315323655512,0.8474111029417457,0.8223434093433791,0.7469756014237358,0.8566435955514993,0.7595596755249473,0.8829799433259444,0.7698668313354161,0.762840747407997,0.7398125816192526,0.8549978688035001,0.8598480325038677,0.8270794509481001,0.8069626414036767,0.8145730909451045,0.8523731939520279,0.731794942462287,0.7763182961748588,0.749428884330856,0.7563118505846973,0.872379530680472,0.8311881354834855
0.7937798179235208,0.8455703862540069,0.8043146956229968,0.0,0.7677736563795527,0.8337834459364963,0.8580232782760704,0.8212308057777159,0.7138310976431522,0.7716226471495917,0.8272577266377255,0.8375793051863512,0.776833309960837,0.7561980788097691,0.8230830452566674,0.748986482815271,0.8061346548411868,0.758950836121674,0.8390788504824075,0.7342527214116977,0.8555068570541969,0.8217673777582084,0.7839903455120522,0.8170797642512933,0.8109694065145687,0.7655913086292503,0.7194012839724199,0.8075373451430566,0.7692573516529052,0.6647366316584711,0.7778935119081584,0.7758556913294797,0.9216625167667116,0.787874255680048,0.829731328092494,0.8609381931439617,0.7530359022981686,0.7340708069808776,0.7564631890648876,0.8611687079085834,0.8526262752051387,0.8006494281262742,0.7293385082224462,0.8520050316714919,0.8035306648406054,0.734147053239127,0.6998873758939853,0.7671767882463836,0.8052957373451108,0.7761050650145905,0.8668734528702601,0.8680953878887835,0.7338811492429452,0.9203228792144917,0.858257317655849,0.7468463074377061,0.7925798061373952,0.8308248154290798,0.7812910366787054,0.7972475207748566,0.8266650511105049,0.680429231757833,0.813755449066232,0.7048267560758054,0.7380182780809412,0.7174957351836911,0.7877238999709302,0.704078559218802,0.6983066209887981,0.7923523854452963,0.7785634748260011,0.704965442186026,0.8000727025588368,0.8620296190204154,0.773725076455574,0.6655313476128523,0.7927786127381942,0.765169686362706,0.6871073074429909,0.6242660505099578,0.7220563611799815,0.8635935663283753,0.7184031654489362,0.714221023987338,0.8309108216108121,0.7824122228267261,0.7764287048694849,0.7208527890090706,0.7358794017030614,0.6949864202876941,0.8298295809254679,0.8589539560428107,0.8072671423758865,0.7505289256735717,0.8534757585586532,0.7666815910668646,0.7126765229960176,0.8322860124199069,0.7259658749441678,0.8383810433681516,0.6998628987019874,0.7639141587788493,0.80032494487653,0.7791439365318381,0.8086320921154914,0.7240894989999139,0.7613162829738063,0.7694224956667077,0.7680568393484791,0.7847568413360455,0.902240985864715,0.7976165498760688,0.8196920725747313,0.6920464461052124,0.7709541771608601,0.8192767205190274,0.7734752130181444,0.7140687782514237,0.8905559481175078,0.7702318972701625,0.7343331246222555,0.8484199749448044,0.7668572683817891,0.8138749509450401,0.7084108544185561,0.7822649286435656,0.7747023558304001,0.7553414459045895,0.8477615276774119,0.6990100082055777,0.6802096519137164,0.7541869493770116,0.6567383944574509,0.8283388383172688,0.7653143434372957,0.6564193011577835,0.6446292829661077,0.807754751368106,0.7637763837268243,0.7387621370931213,0.7886216365722516,0.7375225572530313,0.8764871586912103,0.8172360362354882,0.763780424570582,0.7459432931712381,0.7843817542808099,0.6711533515799126,0.7439743736341113,0.6407499735026592,0.8394997231561572,0.7372613014448228,0.7898847368080896,0.7212667489546835,0.8526324702198583,0.7517001443307525,0.7607995875312809,0.8163234670731888,0.8706196305864533,0.7832133851152929,0.6882388095715657,0.7652165701991267,0.7977559321138589,0.818643440281717
0.807042649121111,0.7706133746888996,0.8459770713856533,0.7677736563795527,0.0,0.7494035602321539,0.8275181427681875,0.7524361329460356,0.7807515037059284,0.7541444642294168,0.8578763434746938,0.7923009526003616,0.775836910126607,0.7738519038198842,0.7908647807662894,0.8469464560082607,0.8237609908747521,0.8024541630566296,0.7312312439855256,0.7379319774253958,0.8144682869005943,0.8626202816722579,0.8061828389509755,0.76993183463425,0.7781906975098806,0.7777685669580663,0.7868682883677248,0.7499447718602639,0.7748561836231741,0.8276472094539146,0.7437245201771814,0.7888583253896964,0.7478690258011927,0.6960392911304907,0.810484021387557,0.8242355321408742,0.7798884985426717,0.8168411620113054,0.7350128798043181,0.8174778859893642,0.7534155084632013,0.8514416536826837,0.7956108741502421,0.8013278327009935,0.7482295049677617,0.7031125560784772,0.7902874444081318,0.7863679004013026,0.8307788931872087,0.8153051533506847,0.8194132867183345,0.7778909844512311,0.681143387188267,0.7665094159746906,0.8127290311188659,0.737664040586059,0.7726960831940372,0.8848488303996674,0.7500231560065624,0.7726289534481781,0.6839272631995942,0.7134009674119205,0.7771132024236463,0.7794983179437306,0.7073142846534639,0.6483827582977602,0.7013289490584522,0.769954887785994,0.7940524353740281,0.8027936567775655,0.7933403503008587,0.7404299772819053,0.7526334374265133,0.8156924095284727,0.7505103400992009,0.6298276782486045,0.7963456964897521,0.8935859495244534,0.6385185784983791,0.6235463797147982,0.6682245530026826,0.7864126360411631,0.7924159101133901,0.6772561770698305,0.7799314071145942,0.7664459983885219,0.7331989801523155,0.7504960926912662,0.6881497390684813,0.6668721614661369,0.933142068991462,0.7587661525016887,0.870922350249659,0.669675135336941,0.8095223383597889,0.7443739067685597,0.6169836853621748,0.7198311855126475,0.7982760940889727,0.7131738912169098,0.6828983596380682,0.7493856265504903,0.7136946197437471,0.7036954388538517,0.7778741633625325,0.7555728574261095,0.6948986105427455,0.7623603479920893,0.7511053607588162,0.7390119041580742,0.784211989329772,0.8392836209585431,0.7174112127688369,0.7567459513097935,0.7145437477053217,0.810788995472344,0.6905880577484903,0.8262595894967983,0.7774674583018956,0.7781957647658896,0.9024437172233803,0.76726096228029,0.7192383250467249,0.7780905870867572,0.7103365010414355,0.7252832880762705,0.7422476154363005,0.8163464055552985,0.7499717419958346,0.7497692474990549,0.7458293671214428,0.7943163160737717,0.6483795110564513,0.7583808144407543,0.706422495834974,0.6867951556775689,0.6957871672930452,0.8192800093984881,0.7694410866796331,0.7863036237777712,0.6581942867886873,0.8321322378724192,0.7889616442919993,0.8089805378996944,0.7973887463650952,0.7656344669091313,0.8426459015443333,0.658362987752829,0.763763639074118,0.708254527461572,0.7364691352504811,0.6807115649378727,0.8092018969408341,0.7941696368141933,0.7567910860128472,0.7196501079257484,0.7274855016115699,0.7794731459896475,0.7298958262323159,0.7772089169864286,0.6350664685443103,0.7243145147594253,0.7861465191630186,0.8550116060306674
0.8702175316233631,0.9361892575547932,0.8914727656754374,0.8337834459364963,0.7494035602321539,0.0,0.767937106937601,0.9060929329206704,0.8004007430436699,0.8518549604629617,0.8530590258893187,0.8470353821688396,0.87776774130235,0.7597437559004582,0.812311284154624,0.8442350226143442,0.8490270045224139,0.7971158927646425,0.8608048648789718,0.8191041413946449,0.8815638278857104,0.8798047429922049,0.7119339602397159,0.835535535084383,0.8758854253609288,0.7154025878868802,0.6793546286744144,0.8197881354082732,0.8299218100272259,0.744343255894177,0.826006814539476,0.8522422240096724,0.8498259209285498,0.7415980150272174,0.8211058197480547,0.7794374145086735,0.8294271086652174,0.7850699290949358,0.755638478542685,0.8121010925166,0.8142405402517532,0.8573138267473015,0.7603391121605285,0.8470749552277443,0.8076827275195252,0.7768691787084631,0.7604366049221074,0.8341661820973718,0.7768766423906039,0.7732854406959258,0.8305236461697059,0.8850909723614119,0.7857157558544048,0.8735320530490409,0.8094217418546338,0.8828242051048208,0.8353935544978032,0.8569776634665696,0.7543276025382786,0.7927697283431987,0.9152606072225846,0.7186513749569591,0.8753542530971086,0.6753560161478473,0.7662246361317224,0.7847913238094671,0.7700261589236164,0.7955183171493843,0.7088535198277314,0.873586526607043,0.8544781737836405,0.7125970551527716,0.7768477535849377,0.8541547956605706,0.8711440401706876,0.7583960778135983,0.7698177293346887,0.7649559382996122,0.7231349967542863,0.7706865720453941,0.9035742445150118,0.8338249489156608,0.8670099020196287,0.8349668151850481,0.7993985715824569,0.8679716021927234,0.8751509851137438,0.6918268428800942,0.8081962324728336,0.7810074975213595,0.7754530691113368,0.7919398446052903,0.8083360145638274,0.8247070886656288,0.8085610011561634,0.8344925954933925,0.7779519474979866,0.8283652805029291,0.6817399438467513,0.8151710150553683,0.7312394447480836,0.7781647221744845,0.6701429711009941,0.7704893782207668,0.8091471447074149,0.7906134938315377,0.7893257550543104,0.8243646438914505,0.7771759063312774,0.8828438941809448,0.8356615028739749,0.7153008181635739,0.8647007791819262,0.7165429229558993,0.7978864410789706,0.8735147416809387,0.8617290104203348,0.7468513180197023,0.8690222528390515,0.7521947095416023,0.7469736527352154,0.784769152599448,0.8232086451499846,0.8925311481536085,0.7811397625936206,0.8546230444410664,0.7349721724173645,0.7917472902101191,0.8518817626738395,0.725630475380156,0.8047628827842765,0.8851662318255644,0.7442816181456104,0.8216820843060779,0.8159938599088877,0.7534692262718363,0.7773246300407567,0.7502889799866574,0.7399745137560307,0.7767168254164337,0.8059153711865304,0.8135155152958783,0.8399693751238275,0.7628503945114291,0.8083654470597623,0.6941261122335023,0.8570724054227853,0.7940135515670673,0.8365398033464531,0.6939403293119332,0.8301276843473545,0.8180546504726363,0.7724374650372735,0.7365906176999215,0.8676505843896547,0.8521549204566052,0.851777049081515,0.9080627823545754,0.793554616824702,0.7744441962962052,0.7676946851160351,0.8547844973592627,0.8910139804464517,0.8417879912454364
0.8067077108217805,0.8004050357024813,0.7877222301386999,0.8580232782760704,0.8275181427681875,0.767937106937601,0.0,0.7669103595012298,0.7094012318221309,0.8252255834365649,0.7839506136686976,0.8047383334852977,0.8098222869216256,0.7904464886301158,0.8684915091333735,0.7615660439572147,0.755620109541734,0.7728597992719403,0.7314862987219043,0.7152497001181265,0.797279745055955,0.7973717653658098,0.8416905669686456,0.8125416064788756,0.8388830388093789,0.833256057221737,0.7442906346958835,0.7300134201356008,0.7649379932493411,0.6952352717641186,0.8300494797884572,0.8453490140717054,0.8368050352050499,0.8039507655678172,0.8246222246330264,0.8455753428444056,0.8564024425976112,0.6969232301185684,0.7360115936291611,0.8848008196212609,0.7458811634444952,0.7912230633261796,0.8074063774123972,0.8598796681961967,0.8480949648446054,0.7693029683159266,0.814785736366075,0.808952488707725,0.9075914451078085,0.7835896139250881,0.8918156989973745,0.7835190671561079,0.6766377357977282,0.8295646096386334,0.8904400384440229,0.7996073803278073,0.7499642661771716,0.7672481329780284,0.84478080068593,0.7979586653449381,0.7471658912807272,0.7438960676633312,0.7431149348373461,0.7408366768120078,0.7434694921232742,0.7116019296701646,0.8549572079245826,0.8444740399708711,0.7330081772703,0.7620673574003732,0.8339014318327879,0.7692208944722204,0.7724374725653745,0.8683022000708092,0.6775499840060452,0.7312255224787274,0.8792579571914323,0.8967751466912051,0.6531581415555058,0.6387402724497203,0.677685424393992,0.8285167619079843,0.7725331782904312,0.649462975484413,0.7811682176348296,0.723883979608892,0.7808638556678582,0.8423119444573423,0.7729556870569629,0.72673501501669,0.8432452178196235,0.9176205187841889,0.8311264975187156,0.7167260487945372,0.822563629202338,0.8202692888893195,0.6427130844269678,0.8058687268634392,0.7790227230120615,0.8638522704640277,0.7672374801610171,0.8518082757176848,0.850340692560172,0.7596454106362739,0.774833550711496,0.7639352639912252,0.7403164149131046,0.7289467134807408,0.8321287097406408,0.805564219100056,0.8889982796597946,0.8042444520406912,0.8161002596217481,0.6551041854351249,0.7327508523414988,0.7582811422824859,0.7321290541392881,0.821392440501316,0.817772808243465,0.7438522270963078,0.7695591006176008,0.7987704297400805,0.7329326358345704,0.8551042740705859,0.6965934687891667,0.795734669321317,0.7849622032531207,0.8701063937362529,0.7855178944530159,0.7848599027249294,0.6701774414564156,0.695475599768357,0.6492632833345404,0.7036444749803925,0.7299143727296696,0.6866622045385337,0.6825782539199373,0.8768661858517766,0.772022889442417,0.7683942388806805,0.7464187699293449,0.7897544069576499,0.8638232520366718,0.7739924206562675,0.8238277188916977,0.8640353614715218,0.7740259681540457,0.6972951357792272,0.762527361625749,0.5741392942833133,0.7988707172935396,0.6896926776662479,0.7182695189000904,0.8537313672341655,0.7978056015554111,0.8047757585859452,0.7493631068346954,0.8349027968534403,0.8350223402945802,0.8537505785535328,0.708915425542542,0.7374029868663119,0.8346888988536398,0.7665995589487669
0.8837394967967402,0.9595455739100311,0.9019784261656164,0.8212308057777159,0.7524361329460356,0.9060929329206704,0.7669103595012298,0.0,0.8464005654288225,0.8830127394445283,0.8402297170212686,0.8864821451297584,0.881565847073849,0.7688487894112385,0.8388191299884405,0.8704728522489384,0.8888246389892382,0.8574753449204683,0.892391238737085,0.8860857316033117,0.8827785623516948,0.8874205775886019,0.8136773962636189,0.8624010992523817,0.904486220485421,0.7158348894534065,0.7791267062132031,0.888592570619973,0.814779757684634,0.7994865542090073,0.8574441216255014,0.8475041648433278,0.8381103913665053,0.79760656171267,0.8469538247069944,0.8167542879612547,0.8037760409265166,0.8408505964228172,0.7613607151066326,0.8596444826632642,0.8482119042160328,0.863372779516522,0.791682816041345,0.7814129611867574,0.8872116535300741,0.8426188719728851,0.7869064426056991,0.7695162915386141,0.8203422370102434,0.8173080215749753,0.8159207569304746,0.8679401227344232,0.7905883166644846,0.8425866754934381,0.7970282930425591,0.8630410480289278,0.8703759034122122,0.8789638328306054,0.7789855870362374,0.8647533439223309,0.8708868334379675,0.7022941234192821,0.848981549810562,0.731761093535761,0.7644944836255868,0.7801007442945453,0.7539683295772108,0.7495283956561802,0.7598461781820456,0.9076960347119887,0.8179354587722811,0.7507404613052613,0.7576611746072026,0.8646172032234195,0.9005845036909981,0.7483634246286728,0.7550306764237105,0.7509762274624279,0.7885485229733364,0.6572579509837897,0.8073286346510544,0.8330794689927338,0.860106603310238,0.8413345287801878,0.8164987189533695,0.9568390328385761,0.8215528430293899,0.7119859012145487,0.8694111946115032,0.7996598146533448,0.7929099166011985,0.7951467378295911,0.8282875012688914,0.813357223030382,0.7905547024080227,0.7980233943970275,0.7569517990321131,0.8649398318675645,0.682171518820186,0.8424441420346,0.7082735388861081,0.7933095725636093,0.6771903466800171,0.8126955675944945,0.8358971290982731,0.854253643985925,0.8154813761997876,0.9049723197284568,0.8272811765258284,0.8592934370891325,0.8054793084920424,0.7512032905738477,0.7857388059535506,0.7637236952312925,0.8288155626114339,0.929913117370723,0.8848371945589937,0.7914034746569075,0.824471667328604,0.7591042861937045,0.7667284958134224,0.7843734485752831,0.8157019327416717,0.8547845627270467,0.726255885657896,0.836955202053916,0.7358138941044972,0.8352255226266798,0.8798480770469147,0.7640155471822504,0.8705737438115109,0.8549490587041566,0.7236170284066629,0.7910431986802898,0.8142292387673927,0.7175600439703134,0.8288780392086214,0.7979783156679768,0.8547933060883218,0.8560922995378513,0.7624757005431246,0.7906855637949193,0.8602800360395134,0.764778604384276,0.7834292697314047,0.7275632172549048,0.8701501458190285,0.7870516369485756,0.9075668009433085,0.738168445130564,0.8343121186214686,0.7953069614222584,0.8384866760770493,0.805233669535302,0.8946991213433849,0.8480760344591816,0.8494325001774186,0.8812899840135886,0.7607618237408073,0.7339813605351113,0.7568367561705573,0.8193732880730903,0.9293567856835524,0.8316608016854266
0.8679256054083075,0.845997295732229,0.7911420896957888,0.7138310976431522,0.7807515037059284,0.8004007430436699,0.7094012318221309,0.8464005654288225,0.0,0.7592244163983533,0.8109686528548581,0.7501282334953299,0.7964762561243004,0.7860818193303889,0.7632915873296214,0.7859596258053257,0.787720417645166,0.8360521345712857,0.7546635839058536,0.8112359199294397,0.7445746076834902,0.873647377578396,0.7280069773477463,0.7283127860214776,0.7892073205036644,0.6220417270584143,0.7932325934577902,0.7932280980884672,0.7295569310015229,0.8589651360975218,0.791235430485706,0.7566384263476295,0.7190597492943621,0.6453024549470697,0.8305176813972934,0.7153524754140839,0.755384788035595,0.8333427785896187,0.6838631352194247,0.7387685827843333,0.7002878273543707,0.8889593582941308,0.6931539626908324,0.6984639484857723,0.7307096574462486,0.6914455865656375,0.7078938659669017,0.693700460677324,0.7485572431057872,0.7557655007950758,0.7198987701233739,0.7304384940499011,0.7396563463157249,0.7117303633024257,0.690850823645285,0.83826926397038,0.7783840057621939,0.8206108581156243,0.710704078845063,0.7559407623218397,0.744717621647154,0.6655785301899632,0.7464158865094489,0.7089054139822244,0.71767808276053,0.6636983969067851,0.692105800636038,0.7315018229436752,0.7578295476511422,0.8897010973565144,0.7771038069979205,0.7271451115949947,0.745341736480503,0.7516242091531409,0.8381493223860482,0.679079321506986,0.6790329733774603,0.6978144594256723,0.636140984244459,0.6159014510464855,0.698509555259925,0.807467324328261,0.8421644680500296,0.7414994561950947,0.7243627937986862,0.8510610776032301,0.79075169514391,0.6948236715883407,0.7421418233620555,0.7783850267250888,0.7986466552970359,0.7388538050214872,0.7671862590100319,0.7151996955079409,0.786445544489306,0.7391372345990342,0.6728580953751959,0.7103128685448165,0.7352658644130451,0.7043817200724051,0.6868126996590315,0.6643738647015838,0.6026256775886198,0.6772908904643561,0.7827811498746371,0.7069268379950887,0.6482974532080794,0.794225015204847,0.6856315790511772,0.7333744723568528,0.6885971375229564,0.7182232809771303,0.7295712878312102,0.8230584807647905,0.7082702734255769,0.8490700997529738,0.7454368217781105,0.7427613694006461,0.6895855942564898,0.8128380604737864,0.7824362062281133,0.7226527808161848,0.7280960579428767,0.7452700503705638,0.8072007887475712,0.6874814019487233,0.6911576774413134,0.7311037498940395,0.6904421158309239,0.7079759386323281,0.921123385501707,0.7948114936573588,0.7448842997544602,0.83747437394076,0.7207639835205696,0.7012563822446801,0.7381364203044168,0.7242315027232863,0.7303602797262279,0.7730172482078117,0.6868081820027663,0.786973533163093,0.8031198092483174,0.7602952279982554,0.7100313001159724,0.6754576218221442,0.864390787931417,0.665812478327485,0.7726866807118634,0.7108144079150233,0.7629349187493717,0.7383068542583701,0.8086297347878498,0.7123083981688846,0.7181864473030463,0.7866877020592761,0.7957202325276791,0.7442000632165905,0.7300270360162713,0.694507345972416,0.6400184670365338,0.8155425445379794,0.8340718006604319,0.8611869025890653
0.8328731894350219,0.878034081281717,0.8927363256211888,0.7716226471495917,0.7541444642294168,0.8518549604629617,0.8252255834365649,0.8830127394445283,0.7592244163983533,0.0,0.8208431868573802,0.80875186039996,0.891352085511973,0.816675552403011,0.8027635532072205,0.8625796913636536,0.8198848874604187,0.83112861718275,0.757303854718107,0.7816154162859792,0.7852350354391262,0.8379634712741824,0.8112212578778977,0.7674857887848917,0.9231146827341506,0.735841305290433,0.7960355568459663,0.8020263523126914,0.9022209422694696,0.7682699662467579,0.8223608388319225,0.8959717882326697,0.7922947169747889,0.7518962966115667,0.8154465865271953,0.8052219094062082,0.8627715369254128,0.7909274922662405,0.6896850378727925,0.8319599641606359,0.7415493717419428,0.8179852894480479,0.8077276950230238,0.7837187517933291,0.8533683077008858,0.7796962579424879,0.8174343592075738,0.8087937089936468,0.8608320335022219,0.7643879284231316,0.7958840047074235,0.763680710745539,0.7077942945101652,0.7801522116628355,0.8557357729819902,0.8460302658485992,0.7537432112369737,0.8164734446619726,0.8197349557745399,0.7886653685879778,0.8041298003556849,0.7312405375283794,0.7771977786694021,0.7551555301744847,0.7046152838116597,0.7211594685511603,0.7719935808861559,0.8323400346479374,0.8161729898025155,0.8839567351741167,0.789528149366969,0.7766007464266512,0.7466200986531721,0.8387811685131911,0.7951863387505426,0.7720188284426092,0.7893563080793785,0.8319217582100371,0.6928345165314723,0.6643884648728895,0.7762418698288613,0.7363798332485859,0.8403019851380736,0.7948475222065975,0.7450479321119859,0.8074407824448466,0.8289503152333895,0.7843635239626665,0.8597481379447738,0.7186630177433699,0.7893672854573814,0.7928348080836909,0.8377232382447276,0.7193537603487752,0.7625327867464932,0.8655228997382043,0.6577973596974684,0.8180282853458816,0.7056394155712516,0.8211145361810648,0.7568574329712903,0.831548013144365,0.7169019337729238,0.8317441581296094,0.7849040319143046,0.7991420969274927,0.7559886879045905,0.8440611226052799,0.8203779118111941,0.8174371054943136,0.77546986608925,0.7149714323375851,0.7997357368618884,0.751693897020725,0.7615371739144621,0.8025849500417397,0.814913171134171,0.8678392114066442,0.8249287562602972,0.775768114191255,0.7177614388939687,0.7959973611765173,0.7454870052464515,0.8223834298816153,0.7006127999681661,0.8727311727854238,0.7218298757919176,0.8296764844675857,0.8576235270752108,0.8057067098544942,0.8185447539959279,0.7679245965893384,0.7100477448721795,0.6708212840702069,0.7363193151014414,0.7023112321350466,0.7777070888368496,0.7970434324182362,0.8303446172009424,0.7859985805739071,0.7944690280776374,0.8485981647509607,0.7902393963236911,0.7474755817731857,0.8181130741033098,0.772322412359029,0.7579313381856857,0.7962662859910701,0.9176831205017902,0.6821310237572,0.7439970602458505,0.7841613071211263,0.7254027200745369,0.8504746764359864,0.8302459135703428,0.816632320978053,0.784887431647969,0.8566658746593869,0.775657436037929,0.7891381205910605,0.8130279491917318,0.7844714796518394,0.9013054937183614,0.738918166166599
0.8793802751149989,0.8623251956011954,0.888628470048973,0.8272577266377255,0.8578763434746938,0.8530590258893187,0.7839506136686976,0.8402297170212686,0.8109686528548581,0.8208431868573802,0.0,0.8384215940688304,0.874869829182152,0.8279006738526723,0.768679392967549,0.9235695515973261,0.9063469920393076,0.8383474007767723,0.8264949906452046,0.8486632752871222,0.8636889366630082,0.918997289761155,0.8167130697295105,0.8288113259524106,0.8792719940407899,0.7615826583709792,0.8187585732182563,0.8947112733684639,0.8764189121192961,0.8055807623704059,0.770502887687026,0.8404125742098127,0.7660976382163716,0.7587619238682318,0.8868580327710431,0.8195536636815501,0.8502631160199777,0.891303691278421,0.7703307666469547,0.8540314973994063,0.7652787296178065,0.8961602789320653,0.7690652642104331,0.8323107674404583,0.8012662703007741,0.7111962342115541,0.7008741787295446,0.8716466245735214,0.8661326011466625,0.7981223828245136,0.8059602854476633,0.8090378513049031,0.7077283281037656,0.827398461133183,0.8659066296368082,0.7752884819387523,0.8382174135147088,0.9107444064939079,0.7756769146997737,0.7927462074179029,0.8353574077349394,0.6624147293427436,0.8148090386022009,0.7899780703797872,0.70995025351342,0.7007558935523307,0.7732024290387963,0.7441614160956739,0.8022391974964113,0.9114872153426173,0.7902614581725302,0.7686458157274343,0.8372224047119193,0.859356148085375,0.8665401311152728,0.6785946170942911,0.8238429009677467,0.821691362078541,0.6754791372062524,0.7042649866611121,0.741254969332042,0.7830274235030917,0.7933130154818165,0.8103311802365851,0.8338313133598213,0.8442928383427892,0.8852762500379008,0.7152563949218844,0.7388957739485603,0.7145219792314368,0.8690158056201809,0.7259735533963146,0.863150408094739,0.7560307152370069,0.8467511638062256,0.7740232411307394,0.6713039744901015,0.7657617653519224,0.761994161046073,0.7528666773321964,0.7745245582915175,0.780204199043405,0.6777494999914176,0.7204434867538785,0.8095523222866189,0.7542817693301384,0.7304088101825635,0.8753760403058599,0.7280334086390606,0.8390893365884174,0.8384178253329488,0.8210119251451947,0.817710680670832,0.8633163079458305,0.7581589970631323,0.8773050326046864,0.7765852214134257,0.8530490098093267,0.8636384349274628,0.818132613198472,0.8644930857737091,0.7465405757475939,0.8413681798247785,0.8035170477459116,0.8184045506383828,0.7903164631273426,0.7227754417511306,0.7863982642649858,0.8466050733134388,0.7350595887066668,0.7992006504849529,0.8602233939496194,0.8221953075863695,0.8553541468831244,0.824171559182061,0.705682115152061,0.7439753815486955,0.7997494912450288,0.8452967059777475,0.7819855517254114,0.7215750761316619,0.8907103496150452,0.8060093101699801,0.819031810320887,0.8755305993120842,0.7252979742011432,0.812831565822485,0.6701139133185878,0.8435727427708988,0.7990455651253856,0.8407045987127264,0.7407144731939678,0.8741674812997079,0.7270364508121792,0.8135934737590347,0.8108129254881199,0.8872370335398844,0.8174992021284229,0.8188415353855851,0.8179413610315843,0.6646435240775931,0.840482639214473,0.7980432346830153,0.9460882729732893
0.7808250433844456,0.8833176161736321,0.8346729508392214,0.8375793051863512,0.7923009526003616,0.8470353821688396,0.8047383334852977,0.8864821451297584,0.7501282334953299,0.80875186039996,0.8384215940688304,0.0,0.7639128952198051,0.662236558140046,0.8268101861033917,0.8131876183299837,0.8026566947967464,0.7230804476230162,0.900031929386643,0.7847103640624475,0.8807761624436119,0.8309946172927247,0.8136813770471704,0.889374593059952,0.8773049940331165,0.7336103648739632,0.7113150462565537,0.7951475500843466,0.8003271450181335,0.7616333739357208,0.867386970869622,0.776078620333654,0.8255587831424983,0.8341984698795937,0.7945534682272695,0.8155082821477497,0.7807774111206495,0.7472747503883648,0.870679616860728,0.8035089969536664,0.8380444586955107,0.8129311721496624,0.7556695252408208,0.8400886472421548,0.8322848465460603,0.7446418795822143,0.7212887021329636,0.8045877989210998,0.8076869559273747,0.7445194016638178,0.7929499544505335,0.819638591506855,0.6710884893609173,0.8602671882964472,0.8354134260901583,0.7862359889767824,0.7949588085731014,0.8936982065189067,0.6990240723758807,0.7725581945921607,0.7864090083410136,0.6164240724661944,0.7586143753802833,0.6836249896285359,0.6867360171475536,0.6814583208975789,0.716889083926041,0.6885876874802437,0.6570640015532797,0.804759448445891,0.7487184375689154,0.6666873516392985,0.6940254936877187,0.8028636131495704,0.7649777299398238,0.6582021864564148,0.7588163955221805,0.8032250046976714,0.7238761179450633,0.6456186932102617,0.7114226332753097,0.8002801608525925,0.8098736356470528,0.7092787550935795,0.7734378243190967,0.846588454577462,0.7865690628810755,0.6486001610221904,0.7385936207001212,0.7868391624132327,0.7667648567891037,0.8063586008044872,0.7985345443834929,0.7309147330154787,0.7202970649691885,0.822988630671804,0.6899985097828621,0.8561072091668733,0.6551872977221013,0.7563814409821262,0.6951562904689581,0.7891292788809321,0.7018170185612479,0.8322465795450796,0.7328028739299529,0.7667173860621895,0.7507345676519132,0.834648490158421,0.747392659883758,0.8655599031075514,0.88396098952925,0.7512703723318582,0.7182858588963468,0.6963771712327875,0.7224874197621265,0.8262793028747257,0.7726360853764717,0.7874398541315359,0.8133479395967118,0.6850133945313234,0.7511462489852991,0.7457830558109447,0.7723237505579194,0.8415982139145111,0.6766485801376696,0.8520661295813599,0.670174997895016,0.8615553900244245,0.8593801492238059,0.6704611577320424,0.7404189182676522,0.7720359132003591,0.6535237373657627,0.789441706560684,0.8227226155344984,0.648007417236271,0.7740327712282045,0.7767496457652407,0.7989306243301677,0.8622276632560221,0.7021932090814632,0.7374595114594074,0.8010118226873141,0.7396903675941985,0.8206898597992786,0.7199769202981625,0.8753408714816112,0.7002255648149277,0.842872119913076,0.6942274797709538,0.843985057988389,0.7125748838568543,0.8017073817572901,0.7573326190513543,0.9440519765126644,0.7975325275962338,0.7905394299395482,0.8818462980853874,0.7384254130324494,0.7002174254590544,0.6369686747185854,0.7499291262535682,0.8568771860932313,0.8246437712136747
