0,1,2,3,4,5,6,7,8,9,10,11,12,13,14,15,16,17,18,19,20,21,22,23,24,25,26,27,28,29,30,31,32,33,34,35,36,37,38,39,40,41,42,43,44,45,46,47,48,49,50,51,52,53,54,55,56,57,58,59,60,61,62,63,64,65,66,67,68,69,70,71,72,73,74,75,76,77,78,79,80,81,82,83,84,85,86,87,88,89,90,91,92,93,94,95,96,97,98,99,100,101,102,103,104,105,106,107,108,109,110,111,112,113,114,115,116,117,118,119,120,121,122,123,124,125,126,127,128,129,130,131,132,133,134,135,136,137,138,139,140,141,142,143,144,145,146,147,148,149,150,151,152,153,154,155,156,157,158,159,160,161,162,163
0.0,0.29651756113977235,0.3076722467472548,0.23986394174232692,0.2920453884987164,0.3188072546992177,0.2319162399776637,0.3131181158203734,0.32724169283117455,0.3221841724028153,0.34105062144283393,0.26860039775985445,0.42452915955897574,0.27314357493463476,0.29149646297279236,0.36428342652142304,0.3744453965605593,0.4016163197037945,0.2637355874655431,0.4137875130091914,0.35571673828599476,0.2899040789928119,0.24257424708103048,0.29162256719115726,0.40239417217900925,0.27155166516453877,0.22796751162165854,0.33790338192540326,0.24252459923655828,0.2722363075480938,0.3347554672820404,0.3643618338492101,0.22588398936459403,0.2856777975437361,0.4253343101919765,0.2763792467315677,0.38244180361611535,0.3162240978936152,0.24350810148089147,0.31482819773940696,0.24525378630589387,0.32572816686943834,0.3374405207046172,0.37073134789233086,0.31391735854548497,0.349983666000231,0.28429994357060884,0.35613101347311427,0.3265627563604983,0.3377716153119393,0.37252548948906666,0.34778478702881616,0.24946620227779767,0.26850773700886454,0.2902214169291557,0.34283237509061115,0.41964837645043224,0.2852276309901938,0.307375164429499,0.31006750048950116,0.31495057188152814,0.2415459893940555,0.35123431609359057,0.2376214871162723,0.29777216709044396,0.369832386827572,0.3195588875329329,0.337539688358274,0.27372086726692024,0.3290911569353812,0.42297210335394514,0.3164619755557369,0.3695301489181763,0.344706343685259,0.36143059108282527,0.3467600290410294,0.2596987638201451,0.2709145976107948,0.30006580444305836,0.28603848685148203,0.3537145424204739,0.31099010090497203,0.3432718840098654,0.33728620103137025,0.35226268680682926,0.34523410058230414,0.3157655978271177,0.31865772845072193,0.3794983615909107,0.2991247273630472,0.3401702321438186,0.2697612865222506,0.34400578732989273,0.36111079666110935,0.3409728814302569,0.26756531757546337,0.22369602080049272,0.28269738191142235,0.23159510725160862,0.37834313424174615,0.2905234887902238,0.2655573238099977,0.25604580554702383,0.2325371499727113,0.389497445325388,0.34372710403681656,0.329542465391674,0.33281381427975454,0.30896992740038465,0.33882972590557064,0.3069214222287433,0.3304517211034973,0.3763903743532627,0.27368473289433615,0.33527150507180753,0.3468579834916,0.3576740900772314,0.3028161632682148,0.2951051130367409,0.26668588062755844,0.30454960674623577,0.237504946817086,0.3171967845796635,0.4087959312606638,0.2994663334545256,0.28561677249655126,0.2434642285572039,0.2486951499332067,0.2889516741144732,0.2899318808270036,0.2909709146657496,0.2952031844597583,0.26559939072676086,0.28369278327889424,0.300437609065067,0.32904460218221715,0.3339657605399715,0.3011164567398898,0.2654143237917186,0.3009789430075923,0.24592733508198733,0.28896155138035035,0.3316227939412368,0.269773350223348,0.3383931994813925,0.2683955557741169,0.3017310579028348,0.26796089103595844,0.35969387315454815,0.19247432450412946,0.410215945225298,0.2860550537780695,0.26834099103304426,0.22747582786897672,0.3144287983555342,0.35023070724995264,0.2578451676790567,0.36325779878057285,0.267419778980012,0.35934355584679856,0.2680752452231465,0.36286238643119056,0.2302336732811092,0.40304558231243626
0.29651756113977235,0.0,0.3501883914202996,0.28132918417643,0.28711137800298875,0.35987341441803095,0.26419035613059016,0.3311696632563664,0.2828015873252658,0.388279301074506,0.3236546840908786,0.28195540777362327,0.30589819179664507,0.32387233094208273,0.3388224195784749,0.29974819673366476,0.3439361668935256,0.2840561730632085,0.26252785101862275,0.2993295401740625,0.31736631609504884,0.4028269710377131,0.23908973593661412,0.32271851704763654,0.3001309128765782,0.25315873702280334,0.21885208069484902,0.3404779933530094,0.373393903014512,0.22356057565178308,0.3392445886543547,0.2845191454025925,0.3091332713949064,0.2469264501858374,0.35669173223825573,0.2954134195776123,0.2633880526860473,0.28823449318951766,0.30347848740135003,0.3014014155718605,0.3502204564745386,0.3068758226232035,0.22913728447314716,0.3134522708954126,0.32601383210145674,0.2661920834924567,0.2401548581294988,0.27728734969659324,0.2826928822237882,0.28106656092673227,0.3135981742497838,0.31240705204388525,0.2927884904974779,0.37770374512206195,0.32566112277007125,0.3255443658037014,0.3047282436847888,0.2660512764307532,0.3143997162943879,0.3002078245446031,0.35351925669343165,0.203533890967413,0.27517571458107865,0.225416322696219,0.26217093490534615,0.2613245999514083,0.2904496206994891,0.25588898903270585,0.23061377990932583,0.30199152288518,0.3108215260429777,0.3134341124963188,0.2617903545375983,0.3378686767489397,0.35347393956238177,0.25206216982401947,0.2546107974707307,0.33343757841788196,0.25037816628765774,0.2568369039155326,0.30317227430563926,0.28940996128494484,0.3780343436193471,0.2865867598081567,0.27259449739606456,0.356599603274579,0.23569862356236265,0.2342740533347982,0.272880932649,0.3103266535149909,0.2586649854626366,0.2746529879382039,0.34016017693031986,0.291206294921853,0.3209248747772624,0.307831380709754,0.24760873708558215,0.27264766418400715,0.2207946127306084,0.35977747933268966,0.3087815833869733,0.213167387875613,0.19568694682075918,0.23500101747770905,0.2794679771126364,0.2708835682475962,0.2661379652487862,0.3458673907000042,0.2942503361744804,0.3309548254300754,0.27358825087174676,0.24299876236594747,0.29134542393643115,0.25210376732384904,0.3161741232261618,0.44696182200946843,0.3039302667647361,0.2256529547505499,0.295676375106608,0.26538005785219393,0.3121583878432484,0.23692005670632907,0.2564463214437729,0.39499781491277386,0.28168779955272033,0.380635457620812,0.24841841647391633,0.27939824916658706,0.3517839483195808,0.270735357796014,0.30399673576798164,0.29731101137224725,0.2376441554014143,0.3397776515515292,0.2883077716414831,0.28956037835766396,0.2681630586759335,0.31906919802914724,0.2599683302748165,0.2500884210497335,0.27529923420966973,0.2815237184060499,0.3520743473541009,0.26272855802589046,0.3099134396446933,0.21329950634587325,0.3327793040666232,0.29809932412710427,0.319030089382493,0.19897722711080493,0.2932099189575768,0.29857973262153154,0.2567373419404538,0.2591133113887279,0.283799981322462,0.2944433993478337,0.2567944087454918,0.37477170035059193,0.28147202204858796,0.27177278524317955,0.2965624537973681,0.3273117243520789,0.2290740140902553,0.3283867756541153
0.3076722467472548,0.3501883914202996,0.0,0.28049676727317796,0.30187206923348964,0.27057545452080733,0.24186076585817734,0.34092573122088093,0.3006899395777541,0.3902436010797642,0.3343337516122013,0.2730715108743915,0.32081906879571176,0.2843705900675002,0.3171585198693516,0.33306316388695967,0.36514140340475626,0.3461828094469202,0.24664058023112947,0.2757599752088948,0.3702408459824607,0.4654027829049414,0.23507767195913384,0.2858627158981105,0.29027321979174814,0.2840600035515128,0.23506666049506103,0.31622022676456857,0.253419794418211,0.23546610031312132,0.292938998039146,0.3006930042761978,0.2551012151342737,0.23909918287992732,0.2947203524295715,0.3245022262327468,0.2936122722003177,0.3186196387082391,0.28749880975788616,0.31387528052530633,0.2885042144945189,0.3150086673632663,0.2835011165812437,0.28439022470551056,0.36304828784125587,0.29788445484988574,0.24546201274247834,0.29114955262102327,0.3134596355797258,0.317532765468967,0.3441253689855664,0.3031545242416007,0.2318696211790575,0.3651025983594202,0.33612885767821116,0.2623107288962019,0.305659921792087,0.26723158328060115,0.3310389187068168,0.3037417126812937,0.3059871950821223,0.21947567566185577,0.31668542714378284,0.24833673219804134,0.2801602870592777,0.29403433703700904,0.2938801299763456,0.2999537357990665,0.31933127122327964,0.313996764982718,0.3641188973486973,0.2853656137075521,0.29007242827944113,0.48065346936455344,0.36126877388649903,0.2180456460683681,0.29562161493923056,0.27736714075095553,0.2619814230406326,0.19419137971294018,0.2663509983370062,0.3404672456217615,0.31467054498304725,0.28325705219615954,0.29043570505798827,0.39285036882547353,0.23513792691649876,0.2537721239931463,0.27377956544615023,0.2715568165430806,0.29658292182271506,0.23849350657380972,0.31252784574000003,0.2433650034859542,0.34744492978241515,0.26715571150113876,0.24324716386442005,0.26228828281077937,0.22301612908518645,0.3376139527803202,0.24943022001828888,0.26619597702840186,0.22272843353844257,0.25304769477347805,0.3196099808284819,0.31024074085989356,0.3010982358257249,0.28203036868525616,0.28642764918463876,0.31685737793646757,0.27611986649067416,0.2780342175039354,0.2774630207787942,0.24748704224206294,0.28566078406970713,0.3408385362663383,0.2326975962348242,0.30027641106282965,0.29041916112849764,0.25160046170114647,0.301027429797068,0.22732034132822596,0.23743323477630224,0.3178564722082283,0.2267346550082215,0.30950346284227104,0.2547634555001685,0.2855685686773855,0.3294862388169882,0.31223661937342434,0.2824702557623097,0.3652799045391841,0.21349345433170855,0.2599978523260764,0.31994038213776455,0.2529555744169279,0.22430726615343646,0.28916756903053986,0.30504659690199976,0.274416114313829,0.23657595081909424,0.2668220371459545,0.31919419063113125,0.3131445874426876,0.2964741875071854,0.22189373812287594,0.3593134604613845,0.2679890121153365,0.33718365292006724,0.19767952992524185,0.2733713708717771,0.22346049091943784,0.289643135393185,0.2889076995692453,0.2872427491257577,0.30436980437802985,0.263260565028906,0.3318530364625582,0.2144318795653982,0.2722454414963451,0.3078861027321821,0.22904435643827586,0.2302330457411847,0.31255327995928145
0.23986394174232692,0.28132918417643,0.28049676727317796,0.0,0.28450070706698277,0.247832511655735,0.32711929496907494,0.2580516325659925,0.2323691575528439,0.2618698291725848,0.28885801580542325,0.30101530092007567,0.2417512376732018,0.2297133788732796,0.37774028824902905,0.24129446726087173,0.2681739106725324,0.2540178233683408,0.2430958043680572,0.21506178320084957,0.28888320422786723,0.3032647559919723,0.24850125843676252,0.2774744743565435,0.25209041459790077,0.26284275370198756,0.24940617486779926,0.25303047384964605,0.2443427373520122,0.20355325737236604,0.27024242487142325,0.21594096433318588,0.4174752346726457,0.23280245284586779,0.25785346311674817,0.26934424772235427,0.24846522379416563,0.239212561587299,0.28499222029611,0.2930524471782532,0.2936278453483266,0.2533168522673046,0.22478117662318525,0.30137368065565384,0.2686385679010129,0.2585327679977745,0.18720527323977798,0.2466485333083358,0.2574605467519758,0.24243461253493606,0.3245977507755774,0.2785171876512395,0.21787153103026463,0.38004200883300543,0.30929520975375074,0.21867332338092538,0.26451098976897214,0.27977421971611843,0.250645347544277,0.25993453202148564,0.25504184930590396,0.1851587615221962,0.25828920354335516,0.195097605917483,0.23861464593887285,0.22831021777705351,0.2853887080826932,0.21543268094103277,0.2182636969715522,0.24345589047852595,0.2528101171212464,0.22807959947848036,0.22664454278869922,0.3404873093494457,0.24998025188554754,0.18655020536016378,0.2775342187330674,0.3053841837679921,0.21937798121839466,0.1747324515839553,0.20519531971855304,0.31164667397309137,0.2500711850690188,0.20205651987555254,0.2602259783085527,0.25183267685454064,0.21936159387466583,0.23264763131248858,0.23883608250825134,0.2372095481839867,0.2914826071960577,0.2718409982887852,0.2623371982473108,0.21098457701592846,0.2797730088791206,0.2662030447744411,0.19452032219865234,0.2470505806826624,0.19941681675442174,0.2810639950057136,0.22867570552917377,0.22772364849250606,0.2639648029891067,0.25151702259703396,0.24906747690179265,0.2417396839905555,0.24888593407380544,0.23643882315370968,0.2636697640553132,0.24923162206744648,0.304094079154657,0.2431710415719557,0.24027817924854036,0.24367913369871563,0.2493568207101217,0.28490816340456887,0.2133026333554334,0.21355610794789393,0.27193948777417715,0.2428135302675964,0.26415042710147807,0.23918168090961894,0.19793886520659387,0.28801295027854024,0.19288812937039881,0.27533055435826165,0.21792208278570285,0.2811920350220623,0.2577659794735349,0.2636975633292205,0.20519046209926559,0.24657293986444062,0.20408885939744106,0.25225719076654457,0.24485756640083375,0.19950951625921295,0.1813729245420537,0.2942261239257611,0.2657851563053949,0.2461955020685469,0.30149471982577797,0.21233535914185842,0.30429649172087914,0.2524870238735817,0.2411038925875163,0.2245568775082329,0.2972115909875511,0.2338676858340688,0.21546634639960746,0.16204899141655077,0.2709110908604788,0.23044440783960976,0.267368929183735,0.2357180841492072,0.2910434359080212,0.25107232921379474,0.2323731264604022,0.3067241572440394,0.3132377047194274,0.23300742713800543,0.22402806406442896,0.20935743577590618,0.2100692811610221,0.2788587691427309
0.2920453884987164,0.28711137800298875,0.30187206923348964,0.28450070706698277,0.0,0.22640843800520213,0.3424542838352924,0.2885117452963911,0.28468817781198774,0.36781781530521274,0.3082411755641731,0.27672951481268426,0.2545205339942139,0.2769615605128032,0.3049973927776267,0.2941491045795382,0.3218485369379173,0.3295382497911994,0.22875818435087641,0.23277814026229973,0.3280304746073593,0.29078865613307553,0.3763177169539715,0.25162867050630483,0.3123923339169821,0.28598401923244793,0.29650963752492293,0.2614530984907737,0.24392700466323278,0.29042167306311834,0.31062211827180136,0.25438525541938023,0.2375096532477809,0.26888636801378096,0.3552889125691725,0.38115698299385226,0.2939983321733693,0.307367331591192,0.2832810277342278,0.28581436581413794,0.2882600791495978,0.3876744316891682,0.28874017206106395,0.3192866424913094,0.2697296800278157,0.27698478373915636,0.28393873227354716,0.29912700474643605,0.352159264456154,0.30373400521041144,0.35096977168659416,0.26120642999166627,0.25779693166625484,0.2810437326840621,0.32858099167982774,0.2926643741402775,0.2630522371397516,0.3312307800600886,0.30666744527977036,0.28568144344990104,0.22732167094895775,0.24164460896779,0.25995871514984453,0.2953257033938188,0.27035628326804967,0.2295280012595915,0.27628313066348525,0.2676801014874517,0.2811481049589412,0.3187215069710906,0.2902369769592824,0.30014313919795454,0.27128199231168904,0.3134415601453973,0.26475385712492827,0.22770667038569642,0.2838057005294289,0.4254308715392772,0.25910037642566497,0.2094458658636793,0.2695994355644639,0.32298961772679213,0.32615728489945456,0.2305608678503013,0.32233180765414526,0.28230238509512856,0.2606214157078494,0.29300241456885895,0.27534918733988456,0.2772386940180816,0.4924615422834918,0.35211016674702245,0.39020620897201946,0.21506252492327851,0.37496491577038094,0.2673512725356983,0.19115125670003377,0.2816429946941586,0.28858754434498596,0.27905107181926,0.2556389337393736,0.26758209162289737,0.32080048756146745,0.26538502830251554,0.30063587549946535,0.2905690841198082,0.26982786688660076,0.35677766104689584,0.32762844138252883,0.28249883437462,0.2945622966178317,0.3808559914014477,0.26953795359486815,0.34022223718464006,0.27027643482783337,0.2862762269848221,0.2567410881189594,0.27553005821247806,0.260320013525239,0.33553648832636085,0.3566286497161334,0.29357470225977583,0.23344790344961963,0.3479116776624508,0.24764355240288358,0.25229269546047817,0.27368624075424974,0.2886089620165947,0.2936720728537157,0.27344683151880816,0.2931103078735672,0.2573441479984126,0.21909723605168063,0.28279577848323906,0.24915214715452594,0.25568516599084734,0.2214542641661978,0.32943371455949993,0.27835112437475823,0.3388604606011539,0.21858134254327766,0.29641530703085894,0.3637623584500518,0.3475626626527924,0.3376827982468582,0.2870467950788112,0.3119513601995513,0.28947905611948044,0.2959767527625155,0.22276166102621292,0.27081732414582155,0.27674925830485836,0.30567837791151775,0.3150542517112775,0.33591301257080386,0.3030389972437486,0.20315169032063926,0.3583321574661587,0.23968915690293024,0.28584596823571257,0.2763853905730537,0.26378156532937375,0.31214928260921815,0.35685542276981874
0.3188072546992177,0.35987341441803095,0.27057545452080733,0.247832511655735,0.22640843800520213,0.0,0.20740282691165546,0.2865722517948431,0.3083075290803676,0.2529175127379694,0.2894334458063172,0.3049419235082459,0.2893787033345581,0.22441378406683482,0.27866057644636694,0.2701445173828175,0.26320392311304197,0.22233978638566154,0.29637249586596665,0.3088350195831514,0.2910295339218154,0.28343040430975674,0.17345031132986666,0.23164006470229062,0.3023880262570128,0.20697338699960569,0.178779411591018,0.2508349274799999,0.2513144480203348,0.2283503938894649,0.3390428471731596,0.3167131157562782,0.28581159969345615,0.2283886576317713,0.30319538224623094,0.2567182807135835,0.2667405329345776,0.25887388089942276,0.25666962448298236,0.20585667426496496,0.26964057436708866,0.2883507852743981,0.23816244342960985,0.34552392697159445,0.24777817849260564,0.22299679164251915,0.214635586595726,0.2889208138652348,0.20866511131283688,0.27334036605289563,0.28704284968839444,0.32487970878760336,0.23433012278262869,0.31844419545747893,0.26859238341640745,0.3222625750885738,0.28528611510555446,0.3108619720288529,0.22201926236518305,0.23662998874024763,0.34306566025929236,0.22982844392782809,0.3133161388386047,0.19070509774842156,0.2598831109900094,0.26799290719939534,0.25399149033441465,0.2628499735891772,0.2042326075633898,0.27157059291177427,0.30455008479904094,0.22889473448099246,0.2938760115608226,0.26366064952770657,0.3483796894194102,0.24562004509788293,0.2145392254309603,0.22491525297926535,0.22956073937452517,0.2760167405478961,0.32134698881842405,0.300858780445495,0.28220135177423405,0.28031351016118633,0.27397054169656276,0.2781034513067884,0.3039705322740445,0.23431512078093414,0.25684458190832665,0.27401607809930967,0.2483530522541932,0.3068627641568768,0.2698661809144097,0.27614114746563,0.2556220477505583,0.32535238009902745,0.28192879623948214,0.2942771747900178,0.2123425539970655,0.26373551125766426,0.2538848615744304,0.2167090109022516,0.2270221536537206,0.2273556077621694,0.31214457089683023,0.24697596267927666,0.2660255261429245,0.25678388617455966,0.2119692012349823,0.27978541831828796,0.28382654874090507,0.23365876758417858,0.3543074408466543,0.24223319119517958,0.25527225374869644,0.27440593781788813,0.29304652843696793,0.2093153476615662,0.2992295774144512,0.24185045161387447,0.23728176249259827,0.2486355076582374,0.28282148805494134,0.303040581746418,0.3159334209515416,0.30445600588164345,0.24086677197825265,0.22015294341820332,0.2816442031453235,0.21700194376375417,0.28799523767784413,0.33767558871051107,0.2378479212052629,0.32151657217710405,0.30831468615116214,0.26333075653811255,0.2472716038832702,0.22239008413954897,0.20157336455317706,0.24218031798718562,0.2741547371591669,0.27725405242471285,0.26855600024312865,0.27132978339406255,0.2768582641434464,0.21951902196391793,0.3204425330544432,0.22722167482548314,0.2750174611632679,0.18899390878518504,0.315106379998223,0.2717055092645072,0.2127646214599641,0.18806302810118797,0.29812716464271743,0.2887295212789362,0.22997304489565093,0.3128762330100659,0.2507186266504043,0.2542049685256971,0.2107085138189416,0.34454606905423374,0.21526668224506218,0.28259530282193085
0.2319162399776637,0.26419035613059016,0.24186076585817734,0.32711929496907494,0.3424542838352924,0.20740282691165546,0.0,0.22244602945094105,0.22324912973942815,0.2994735558311367,0.2631483299487379,0.270044089304706,0.24075548498356997,0.27553464894841473,0.3291843199392522,0.23030548392133793,0.24465061104311145,0.2648045666182229,0.23082207567874463,0.19050791533155498,0.2451900030787078,0.25771301319668705,0.3583221234866403,0.25591320690722336,0.26907239297003194,0.2680966346035869,0.25275598916828906,0.24596907427310039,0.26201502604741067,0.22928657853568896,0.25914822113604524,0.24266697218973077,0.26970782794017795,0.2595038321835807,0.2700260976100613,0.25397200003714077,0.24907613945769097,0.22577228969310653,0.24902414288560987,0.29775283063237556,0.26793167883690283,0.26632334539920244,0.23370234926722838,0.2884127562138879,0.2553241523322497,0.24087077236662924,0.23976151227196732,0.23705978184463658,0.36728369043485243,0.22031210153951683,0.2971997773539566,0.2326047021682609,0.208894507670439,0.28765451922246515,0.3214310516909264,0.24621419155805563,0.22268095845430885,0.2509064791452625,0.3133840529978677,0.23602977922418067,0.20528638692855153,0.19718085360385051,0.20708741112371784,0.24276689903011128,0.22200379731220835,0.19309166940762093,0.2884939023419524,0.24427409397256597,0.24271083716226108,0.23357203749017835,0.23539800017862536,0.24337292670539598,0.2282958334142387,0.2939935687521701,0.2000735024364946,0.21580205234095812,0.3149292557182025,0.35618093131026196,0.208595595463061,0.19650451809456643,0.2171233109578125,0.2591326461210045,0.26742627998328133,0.18945004686394312,0.24255775182770534,0.22685865196973617,0.20661432156266427,0.2570585773663435,0.24181885306612985,0.23154526185295826,0.3070764544951201,0.32639915650846785,0.28215146168254696,0.2025866100616396,0.29089785461463663,0.2604566585829551,0.16813466229427568,0.26564537159930257,0.23507403595087636,0.28836994173481895,0.2450967829775052,0.23698249415404754,0.2911499972653341,0.2340491689989614,0.2241501889988764,0.23098143295760426,0.20993283100597943,0.26160243976688036,0.2873164151332792,0.24146155527369445,0.3113404802180163,0.2483929361111508,0.23507518839512348,0.236816780128921,0.2308268914781341,0.25420512199345624,0.22961012664160205,0.25631318498623246,0.25565526269315947,0.25052253518401024,0.26497386883612595,0.2290410952145585,0.19475134939552313,0.3020774215608718,0.21213244026530143,0.2719074593492206,0.22265996766023693,0.26812193036932697,0.24692402146366807,0.2506391761428292,0.21717715520699346,0.19795787988378016,0.19752966568990515,0.22058150234267634,0.20188519876147012,0.21930208974151227,0.19310688062830556,0.299310664089459,0.2490066443626764,0.24649303957544433,0.24511112857101885,0.22821364343434067,0.2960194430797693,0.24182624688047025,0.2471639642613772,0.26459759897739915,0.24826871037751344,0.2601583092042193,0.2259498919758916,0.17318768081189972,0.23738472048959597,0.26456243943223634,0.23478925814239907,0.292900690929733,0.2972972236260897,0.241622472786763,0.21374042894655887,0.3096732643453542,0.29464235766907115,0.28267866950840503,0.25581268092379206,0.2234616607699154,0.24451903768261496,0.2581152128943599
0.3131181158203734,0.3311696632563664,0.34092573122088093,0.2580516325659925,0.2885117452963911,0.2865722517948431,0.22244602945094105,0.0,0.3318524745954509,0.3007949890718793,0.3097058274193638,0.3124519916479034,0.30169854158484793,0.24545035164273676,0.31646029179395835,0.35567052187181747,0.36337236481304486,0.29471614187993256,0.27306378766998085,0.2880163054150654,0.3636509108502424,0.2984065433353149,0.22200599345639396,0.25486739753758253,0.2915335368755185,0.2691620674249965,0.23600552171723363,0.3004513251955429,0.23817965167709745,0.27219983167012374,0.40019296519445224,0.2960547488875775,0.28087168812959823,0.24838515909823988,0.31490532474438154,0.34420290524954944,0.3072546434584211,0.3948463444432621,0.3519172425004452,0.282868009195279,0.30841982176798693,0.2755667026139663,0.31732944084409453,0.30810817170352933,0.3643365880231605,0.3047314493902841,0.2502333471070499,0.2994583405237372,0.28454019778127154,0.32198985515977036,0.347826308195086,0.2934612113099845,0.2521687409040515,0.30469922849405134,0.33076336769495257,0.27068855153078714,0.33201298286717645,0.38066782278816097,0.28991300958477934,0.28874787111188993,0.3601765312706508,0.22235698588027236,0.34565841851515083,0.24189118403377974,0.2572762309768204,0.26795939949628134,0.26233593520533305,0.2658025500251529,0.28428571870453895,0.4391895865051335,0.3338136837455939,0.29574091443105355,0.26433754901602624,0.35918853578955046,0.41159150516779774,0.2301666864209492,0.3011867257383397,0.2823367716514143,0.3633865889697437,0.2177881802524826,0.27765902585434554,0.3140383745128299,0.3548407161184208,0.31780534138878075,0.33477713290832783,0.42532853940008103,0.32517457104165126,0.2735048269979219,0.3285252760509003,0.29305120273725704,0.30704000378856655,0.26231826925869517,0.34386251522131656,0.2582134458995672,0.33511642204554226,0.2831839930520812,0.2738298874201789,0.265196889294792,0.21829468314252287,0.3229943405827522,0.25680090712516235,0.325137629470037,0.23247224153608223,0.2593340876096025,0.36519190418780023,0.33805236938680283,0.3205747068188939,0.3156989804032285,0.28300937111733504,0.27615803625725244,0.255670824588006,0.29558946583093004,0.2851063262806967,0.2972821117547854,0.3233624749028543,0.34428369856177726,0.2773187552278266,0.2622878589602307,0.25231112720668736,0.2572233074526553,0.33056831530255587,0.33603363486733223,0.23812533453727158,0.3548961077752641,0.24476978006657013,0.3104135433865338,0.23965450412360637,0.3389954820434902,0.32048011648743824,0.28372400744441656,0.31928247028327383,0.33711276226052483,0.2598980541438138,0.2751263930135696,0.30972921293874395,0.2521719659525306,0.26527478774575075,0.2976381571296888,0.2679840953328787,0.32886838602668994,0.23930258880135627,0.2577107897411715,0.3241526007671733,0.28618128467423587,0.33090494549896066,0.24647329961130893,0.4030320698078087,0.28824022963099427,0.3293760923841644,0.20948703266783766,0.3499313041440434,0.2790855767587518,0.2826974396563059,0.24611588742578774,0.35645582046271385,0.3370021832773805,0.23263684229910747,0.3591194610209381,0.21410455992330116,0.2730958932136029,0.2533133188149935,0.2761441292365328,0.2404423841953425,0.3276320602310338
0.32724169283117455,0.2828015873252658,0.3006899395777541,0.2323691575528439,0.28468817781198774,0.3083075290803676,0.22324912973942815,0.3318524745954509,0.0,0.2728295264508329,0.2608124180581233,0.2735197190558322,0.2703327348227453,0.2858437458928082,0.2674484505638907,0.34125693302575794,0.31094080151445264,0.29818690837049977,0.2558237499567846,0.2835141715238778,0.3248400462521617,0.32690670953601186,0.20465225171303655,0.22281463345742333,0.2916751602895377,0.25522929059241367,0.23297894540501843,0.2621036789206726,0.2318697772613673,0.35586300090959344,0.3874178880909256,0.34619413319017023,0.23874578464831447,0.23537098421704436,0.3013049607749277,0.26829492634932456,0.26993203075614186,0.4084471400373954,0.29896804985536096,0.25303041616294586,0.2414052233430867,0.3632712860238974,0.28255759376020656,0.30169509547317735,0.28897291685797744,0.2721874760092682,0.2455205497302001,0.2548335202111852,0.26382072746137775,0.28923046910198996,0.2990601969452061,0.2761594202470659,0.26447598448240944,0.2708997804228297,0.2728536366220956,0.37655343668608365,0.326266288462967,0.334715036508174,0.25830424385335415,0.24567285500040034,0.26620502176426747,0.29601823925542753,0.3033035278572886,0.23978073795065127,0.30021103374205543,0.28208106323174725,0.2915878867543379,0.2982527356053461,0.25730513342437555,0.3329418930509733,0.3892999851151551,0.2830132839274862,0.32678139862461025,0.30050263951585193,0.3854232082045231,0.264277858610259,0.2631339271472319,0.2609356093739314,0.30259669806896916,0.29037588112978374,0.33893332179059277,0.3884283645805273,0.3871347942232537,0.27842287440288394,0.39613243306248463,0.3774690507727177,0.3104948131321506,0.3045386267472693,0.2999035138769157,0.3778324290109893,0.3218503563588584,0.32058491280195683,0.29111522498184966,0.2671090374137442,0.4069557792066333,0.29498799830036365,0.3029194344758754,0.29367728706178736,0.30126126343061466,0.2700527369223623,0.2881962371369678,0.27012362306288595,0.260075438971523,0.2312140043029752,0.36775699372398,0.30690766904856465,0.2716584792954876,0.2965826872328447,0.2538484546877096,0.24161304389539617,0.2416352485814621,0.35917861137885665,0.3201208708918715,0.39114068580437067,0.28315691213463595,0.30675071330906173,0.30503329580823824,0.267253129781662,0.22785511142427134,0.30497576780071295,0.3396809049374079,0.2997120815324086,0.27565920839987323,0.35092892271091713,0.4043470519727146,0.267661391016489,0.30070683753774685,0.2659523537131748,0.26638841679061176,0.27513683518649396,0.4704297586767539,0.42964142558725804,0.26843819316666123,0.3648731322204059,0.2703089056486176,0.30227486549563526,0.25480672119635206,0.26069222411585274,0.25461662001693314,0.35324911105642376,0.23073413351607427,0.3421386430438179,0.3316351808006213,0.36916857102060174,0.3335082860848848,0.26122886619407426,0.4334021032675391,0.2942469393476654,0.32551031205927716,0.24656843478931864,0.33590409561545326,0.29136987932732417,0.2557632049884682,0.24089416839865585,0.32162621245648026,0.34122544114629083,0.22587829032574577,0.3388944633767302,0.2300241039618819,0.3340865268583594,0.2425472398234859,0.3402397887966692,0.3584745016369269,0.3256996038384887
0.3221841724028153,0.388279301074506,0.3902436010797642,0.2618698291725848,0.36781781530521274,0.2529175127379694,0.2994735558311367,0.3007949890718793,0.2728295264508329,0.0,0.3062009961429823,0.2565914545320742,0.30248036168244546,0.31746740866330864,0.32610883840020694,0.31838194967451516,0.33706254288001425,0.3704216034093267,0.2433602944895209,0.25567492936796715,0.30840232627024333,0.31953598907836456,0.3001643416205326,0.27188821531111457,0.3711051473243238,0.2804603999881244,0.2428383736893814,0.2962388944943294,0.37093590816537203,0.25743780764317153,0.3492080053579609,0.3018776588091743,0.24113488158117358,0.24592651327849613,0.3554767689457799,0.28925220577945415,0.3357127086241304,0.29903193514762744,0.25255687923359427,0.31481360812564474,0.26452643709605855,0.3101142239510098,0.2971937427172603,0.3129417619471693,0.30948572478744085,0.28276021030730586,0.27180981784731284,0.31746640868712855,0.4049815327070278,0.25716652027134485,0.33353948446316833,0.2751507943775782,0.2339493844073738,0.32707772809613517,0.37436870721122345,0.3029138402568068,0.27766590613520437,0.25685192098437737,0.3629536416001321,0.2722911677288747,0.2767936469160007,0.21386010113912182,0.26365977289419534,0.2439545375735737,0.25952747809397453,0.24719428273803495,0.2658574549338719,0.3084223469579121,0.3046237065067939,0.3488816139307933,0.30848226957825786,0.37546028519176733,0.23994591407572388,0.3527704669094997,0.27775596123470647,0.2759545996057044,0.270763294196273,0.39409388977638454,0.25092268190488654,0.24630228252512448,0.2914650503735576,0.2817899155354948,0.41371047656043575,0.2725862024649002,0.2758522166421715,0.3159792571957605,0.2499253963054672,0.2949668302625892,0.31086211109602246,0.2530338888584139,0.30943112961688163,0.27335598791147947,0.36357797430900346,0.23602175471750364,0.3345571638896037,0.31604680573524235,0.19832663473015613,0.27299027865125713,0.2447040095330595,0.32964947696338276,0.30245669394929486,0.2509012332434945,0.24188016273401744,0.29244500294479225,0.2792150958553198,0.2838787866849778,0.2536449188859633,0.34581692530885494,0.3092493389246231,0.30804700328393303,0.27236065887288213,0.26425610953320877,0.27211356883082444,0.27149882159625294,0.29337591209927677,0.3281896290127467,0.28963013762532275,0.33345465497407495,0.27118354972198927,0.29115011508803856,0.30769958748936443,0.2458219181969755,0.2259760022884437,0.4033663642813946,0.25118178850222944,0.3802016391317423,0.22145800178690506,0.275576734957696,0.3447655931258502,0.31805018214001635,0.3173374839676151,0.2619276403397837,0.23924956610418116,0.24242420403803452,0.2506753645932055,0.2732110903659786,0.27499006624981853,0.35471263882015525,0.2955138370688221,0.28947299225847206,0.27265300212559584,0.3007043867732061,0.32787301871986074,0.24981376831700533,0.32736244490885036,0.258704411727036,0.2732000885884514,0.3296962496350321,0.40279191648440626,0.18867249146820975,0.27121811286776054,0.321292295497459,0.249385497995735,0.28534871593303196,0.3020709706328543,0.300715592968534,0.221800359969584,0.3864364341271316,0.27658160520569747,0.3233504935769902,0.3591527741434986,0.32248139228215,0.25627131981878065,0.3078914980381229
0.34105062144283393,0.3236546840908786,0.3343337516122013,0.28885801580542325,0.3082411755641731,0.2894334458063172,0.2631483299487379,0.3097058274193638,0.2608124180581233,0.3062009961429823,0.0,0.3171439488718766,0.35709621351607296,0.2400025982717364,0.3054554182344589,0.3454417633726386,0.30214569163926813,0.2837332842401349,0.2465844582074656,0.28072421552171406,0.2960836428018199,0.3409763540098088,0.2702602171475719,0.32932291342268266,0.35432520314692384,0.29503623750869234,0.2704919283610583,0.34484940688984794,0.269153713901292,0.24116567587384652,0.31098196420107604,0.27777675098893734,0.23792854661216895,0.27443372074312,0.3211395804326572,0.2933648346852502,0.3744019921511315,0.2719920746701802,0.31595489195085663,0.28106710860429696,0.24649447424261695,0.30528902104573263,0.24100027197114432,0.33208478458091456,0.31379314546766834,0.26298186696456227,0.19047019434790174,0.4012421844017931,0.31614625586775913,0.2342253304150924,0.2995688456860224,0.2414282547516046,0.19997804214219547,0.3183295660678136,0.3701378409976048,0.260443666303236,0.2775064164115758,0.31881354899304515,0.266177039961895,0.2564135237501476,0.33777767132199055,0.1767112472292328,0.26717175639012436,0.21486598144797034,0.20718162022493108,0.24383543179302103,0.3513377945724039,0.263656268722278,0.24735602236291437,0.32413553765206937,0.2877125982128951,0.2406326554922848,0.2961046732004827,0.3476125939703133,0.2966690615094024,0.23567134388817257,0.32110571384961484,0.30912676847218307,0.23537683376849824,0.22146493912308782,0.2578971503078948,0.25935400520004126,0.2890950645859052,0.28845454701475604,0.26120755476608515,0.2984692551384502,0.30802760976119276,0.22539295188612493,0.26477094321433975,0.31177070299864806,0.29120339413359647,0.223076319935615,0.30146830234338945,0.258385580720193,0.27215727132783013,0.2912544876744382,0.19437816178105505,0.23683854061839843,0.19625204082344974,0.2947381875178321,0.30106422320670984,0.25590404872244255,0.2225956195959068,0.21269191617722355,0.25711039407745684,0.24483362939269046,0.2406735393434565,0.32885556867597976,0.23872241270988714,0.35073167769030816,0.32875145103477277,0.2556637397181579,0.2973232563214283,0.26472225316416115,0.27379761270813713,0.3130776561565135,0.252138682206647,0.2613617087060569,0.28171873534575453,0.2472413986716583,0.2822034824304132,0.22176265430023762,0.24661796095202884,0.3461711123357148,0.24116950270714133,0.3261792014326501,0.19387611688291495,0.29128412054025704,0.29008193968383944,0.2351764518497652,0.23635347785248714,0.26583354346078936,0.28370549874701806,0.27849506307373934,0.36602723713730007,0.23985946971761632,0.24842139111667683,0.26516865831155423,0.27856961610011505,0.26806058856180714,0.25623419608311304,0.24567587720660802,0.2532669358858451,0.24858834684651848,0.35045997346014107,0.22350422922348728,0.2821095866875821,0.24376249729923746,0.2741923021551192,0.1924791479462693,0.3925272398105914,0.22808308741549882,0.3039636964724128,0.22563453927133859,0.2939191791254633,0.35219699574115776,0.2916272753773029,0.37099927548483713,0.27091847065287383,0.2606039931431202,0.2355453112519267,0.2691089928251466,0.20730933843228483,0.4281009792650142
0.26860039775985445,0.28195540777362327,0.2730715108743915,0.30101530092007567,0.27672951481268426,0.3049419235082459,0.270044089304706,0.3124519916479034,0.2735197190558322,0.2565914545320742,0.3171439488718766,0.0,0.2240316293321749,0.18680186093724635,0.274149451679546,0.29272131749422103,0.29830023236688186,0.23175332964086698,0.3667253128401816,0.26261700112603437,0.34622912033012215,0.25276676487636396,0.2435681884647483,0.25469616854047844,0.33650869363235425,0.240553596755451,0.2379869721375821,0.2769185649042249,0.23306697379199592,0.27597959062818433,0.3442911015901337,0.2734351202254711,0.25968640198396636,0.31101244530508604,0.27466876253105266,0.29865332483429974,0.2458623590208408,0.28685829888831543,0.3807665671970821,0.2419736647079099,0.29936397538380694,0.27303420199997075,0.258257851913325,0.3276640312424369,0.2591110188965175,0.25683591738387695,0.22127625674741297,0.2765820244439278,0.26755518142970935,0.27295162692562797,0.32216272756777514,0.3072951258355398,0.21729088488209883,0.3217273409775793,0.3418959940911441,0.236995886899159,0.32579606870438893,0.4229328571042511,0.2233447887715877,0.2545273340295727,0.2396912431716672,0.19059374294208295,0.29034206488988423,0.22730176696270857,0.23160619500247956,0.24560209051913126,0.2281575301921005,0.1957055259483731,0.21467115962180963,0.2638164405143652,0.24017057351856097,0.22019816420595537,0.2522485337000612,0.28476095336710694,0.31480253526132873,0.21653182828284281,0.25995823093393206,0.2858323570749309,0.2538268402395375,0.2052877682037742,0.23452574265429532,0.30041049969556727,0.2613485831553039,0.22249081926761421,0.3117421111843315,0.2905952281100097,0.2393430869831199,0.24311855215088848,0.28917810736088073,0.2581835919193639,0.30111634936175696,0.29550051421971973,0.29099263822910904,0.2566666925987456,0.25823862284285665,0.29266476720311385,0.2131725658525701,0.3051118684899826,0.21283684967512612,0.26307767123356446,0.22466884756082017,0.26208459940669354,0.289625615273654,0.2893256613061901,0.2760143125620205,0.2532982429846358,0.2954101988699429,0.27909629645430567,0.228410921330667,0.2732245017412489,0.41769606834470563,0.30728117812224776,0.24867706654659497,0.31191995509809567,0.2508987716638389,0.28015748232884585,0.27340729979180073,0.2837578944519784,0.29054903626163026,0.24929372001579453,0.2602085730573675,0.2634316108271951,0.22546818690641193,0.2963496601161164,0.21177245462643327,0.3172964090162177,0.2247466973348464,0.2593327039215337,0.30855381103513735,0.21212671846757483,0.25387661256804733,0.27359038155983906,0.21205971582260663,0.3116335086138219,0.2760418610496642,0.20242634267262677,0.2324616717639323,0.24846632060364474,0.2326459761409272,0.30497743257857596,0.21074536782221082,0.23265406535942734,0.2912798662346572,0.28622265173132994,0.28939705493669,0.27812116481354593,0.36586820496877703,0.23526805198597944,0.2917633570754922,0.2245596886105022,0.3504162824743473,0.2776488774488287,0.2936699482609609,0.20881460285322984,0.43151684720972844,0.2368062290008833,0.21291876435991952,0.32382597246410766,0.2166544090574136,0.2584327073321462,0.19383018612342337,0.24972074608983352,0.23455189494119305,0.30656000747004675
