0,1,2,3,4,5,6,7,8,9,10,11,12,13,14,15,16,17,18,19,20,21,22,23,24,25,26,27,28,29,30,31,32,33,34,35,36,37,38,39,40,41,42,43,44,45,46,47,48,49,50,51,52,53,54,55,56,57,58,59,60,61,62,63,64,65,66,67,68,69,70,71,72,73,74,75,76,77,78,79,80,81,82,83,84,85,86,87,88,89,90,91,92,93,94,95,96,97,98,99,100,101,102,103,104,105,106,107,108,109,110,111,112,113,114,115,116,117,118,119,120,121,122,123,124,125,126,127,128,129,130,131,132,133,134,135,136,137,138,139,140,141,142,143,144,145,146,147,148,149,150,151,152,153,154,155,156,157,158,159,160,161,162,163
0.0,0.3436015933510293,0.32135895397973435,0.2809001255924649,0.3129686076861048,0.33154721848775587,0.28691928823127766,0.36213215309080093,0.3379180706438962,0.3539276042777971,0.37115864032871276,0.31931241831590984,0.4591890980357845,0.30049025464662493,0.3334020656725991,0.38364673630852125,0.3808961154354557,0.4682101614892885,0.30729920025191787,0.4514272583197788,0.3762464023562323,0.3312353137229364,0.29962739372764174,0.3264774884597325,0.4570359153643858,0.28984220855296033,0.26863163536623097,0.32862423320351586,0.28513954316991524,0.2807513891607205,0.38789893471035536,0.38989356371455536,0.2732774018208647,0.3270275191169227,0.4602912571003848,0.33305897158198855,0.4464853176543726,0.35897965252150654,0.28643708085543224,0.35764109709484376,0.2857679717635217,0.36211354732856454,0.38220034486987203,0.3818640300238179,0.37583977099014104,0.40645121274851315,0.31320207908215264,0.37494963207755,0.3952627529551116,0.3844974628638918,0.3850370760152755,0.3509739875227455,0.29565635857716377,0.30276658375404525,0.3345893554627794,0.3553645287219867,0.4417483587144426,0.34029735185134985,0.33338092624664667,0.370980551090857,0.3363550792305486,0.27701396312141763,0.36070450427167483,0.28727830183462333,0.33267461675644167,0.39363459422416547,0.34238876705843135,0.34552076232807816,0.3047692375609067,0.40190184702793275,0.44247473118703806,0.35212998377852367,0.3524298801926609,0.3706430841332889,0.3785515718643461,0.3863991364456557,0.2863667084723533,0.303622294262113,0.32667971144784175,0.2784913963841828,0.33304040228284226,0.3659809062426952,0.3232160795731651,0.34131029820593844,0.37112006875471065,0.3845728430782279,0.37257349414391777,0.34375328411061007,0.41377319456602246,0.31265944811283214,0.37803566455746923,0.3357498895953194,0.3693170512622902,0.3923110978976982,0.3530751011656853,0.30878466940078436,0.25173789031049687,0.3309881445419657,0.28101586116286537,0.3930936011504997,0.31797841551605505,0.34170325811089663,0.2896793101969888,0.290955751712397,0.40469616030684546,0.36394585830847886,0.35032491133003474,0.3608327232867782,0.3578057208556994,0.38250253053672606,0.351323273783498,0.38142373382461847,0.37285368257236784,0.29660421319014607,0.36787386002388006,0.3591608598366481,0.3907374903581132,0.3612349157285119,0.3022750454257185,0.3036265308752008,0.3328891615806206,0.2793372153102166,0.3697953518472215,0.4058158687229263,0.3166960032436438,0.3234100352581237,0.27322098112362947,0.30935233366257653,0.3272341866139108,0.3269650174219408,0.3017715163103953,0.30011332369861965,0.298495853210695,0.3245103308981773,0.3523259195806153,0.33030383135832514,0.3469076768043658,0.3509140046438335,0.3049182159176003,0.37194956661680706,0.2700913899612109,0.3382349245388019,0.3816501896245105,0.29173022226643786,0.37625426315024024,0.3220054133633358,0.3189147200290939,0.28750098779918176,0.40374914814837665,0.23952112097392722,0.45174347563818446,0.31752807734979843,0.3361972806623975,0.2509334394959284,0.37241969694071414,0.41958899171960146,0.29743090718382353,0.3467763664596996,0.2934683812466774,0.34114513942141383,0.29523321021670784,0.3946912125310002,0.2577161053300668,0.44604428833615895
0.3436015933510293,0.0,0.3699806015033176,0.3409007067404722,0.28720519658164634,0.3934278592085736,0.3097664277101123,0.425772367178752,0.32436180163624617,0.4314023356401507,0.35938617448220644,0.3413142604848609,0.35386503155170473,0.3382280598352483,0.39277875671843543,0.3131895188103333,0.32913162595488266,0.3376136083381992,0.29973027022362736,0.32486844345980215,0.33760183883319134,0.4546620514529686,0.2851981728235964,0.3438034604341934,0.35775450816734217,0.27034845918205935,0.2669290472139086,0.32514268364441823,0.38688722941670045,0.25396959804139074,0.3897853270403968,0.3063192321735344,0.3741629815916463,0.27010707882464013,0.3415785994067569,0.3275552361674514,0.33026206913707307,0.3222922354744336,0.3384859021949271,0.3223058210760765,0.3542820199770953,0.35444792684834264,0.26124916844927304,0.31547490757153346,0.3897652961513619,0.32172507671132294,0.2643936607692101,0.2932355065174009,0.31365311709558236,0.3029703561578512,0.33731119709115753,0.3102666413716241,0.3337186616903093,0.4131063768958171,0.3440220302320674,0.35231729483356783,0.33250520989967525,0.31501363071291144,0.3255645622613338,0.3547954009017243,0.4071557115965677,0.2434571204512914,0.2986431307677375,0.240638712641961,0.29378059649751204,0.3019523930565408,0.34760563452621973,0.30857301030168816,0.2672724781722253,0.38952778663530435,0.3487132020233041,0.3094794668772674,0.2714211583528543,0.3700713188794014,0.3823053134139019,0.2847684717933951,0.29255627267743806,0.3467481297385518,0.29025769658231015,0.250147131483591,0.3071028249294563,0.343515488531147,0.3976667510835722,0.31101550928492155,0.29102954732309766,0.4164072026767412,0.3041289916088615,0.2639937454714118,0.3074311212145551,0.3727392922405685,0.2946738480773167,0.3171119941651425,0.3352319173966134,0.31962005509809827,0.3397176152724392,0.3860721960612994,0.2830931447545816,0.2967258244724579,0.24701171630282467,0.36827245712721385,0.3295038557826962,0.27638396488426237,0.22916334318269407,0.2901012466049914,0.3015624572298791,0.2985721280244118,0.2910674823753789,0.37315269122155853,0.3307079406845817,0.38096932328586647,0.30370164744937267,0.27155798174763734,0.3197521719059504,0.288174828312978,0.35062373216692816,0.44318005563865787,0.31602054703020466,0.25746091688979944,0.28702562091425343,0.29692743719819387,0.307449133001416,0.28980580902792497,0.2839037156792905,0.41390047784318784,0.28648793680843704,0.4135796986161762,0.2759289694550453,0.3679358702967887,0.35215254993126,0.30878769442933746,0.3210025293959558,0.3134708787932241,0.28365681255467967,0.35944307601471703,0.3395299023767725,0.2923643927620637,0.28739168622762123,0.32409752937929537,0.2973649708838296,0.30855922608555103,0.32354338139005046,0.31779072253585877,0.3924818029921531,0.28760198973890916,0.3420679074235695,0.25541612980693873,0.36959202340922864,0.33497797123721634,0.3589317596359849,0.23049014679915286,0.32434847900013986,0.32684141227353625,0.30338552293114623,0.29116076325203727,0.3376947669486814,0.3965728667025621,0.32074756309884267,0.3977165841407701,0.2943106799987753,0.2734004260773126,0.32508110836923293,0.33601391155994986,0.2593129718562881,0.35944822931795184
0.32135895397973435,0.3699806015033176,0.0,0.2948963644821377,0.32068488592978694,0.3252940971373659,0.2777906138699829,0.3676198130370713,0.2732895752718106,0.3945159806684867,0.3528692856917376,0.29941638698109074,0.3733437201657541,0.29081571923540955,0.3139022125248624,0.3795218554196493,0.38313683928103087,0.34526008986143086,0.24985095352231895,0.2780900788879751,0.3814980351537799,0.447977335993569,0.26396893234508706,0.31599923882274544,0.30636607591624093,0.3250094324725116,0.25815501836143734,0.2986710909640491,0.2872981765507281,0.25989807915347607,0.28506989301101315,0.32140988414577076,0.27904167062759255,0.25915734723413225,0.28991151312523916,0.3263584537742589,0.33836575384521106,0.3099722441838812,0.28817048642631643,0.33595021999884456,0.3115890614491282,0.357977204643676,0.29121631976580864,0.30643112744333156,0.3638195728310967,0.32774003938635565,0.30660142501519183,0.3161097470333631,0.3133526208618684,0.3148712384874335,0.33699997661673986,0.349947997258426,0.25551904167615186,0.34971907289087406,0.3217202994657627,0.2958925381408486,0.30261440580967297,0.3257215064520106,0.30983593926513997,0.327572489355863,0.32044284391467837,0.2526016717946081,0.34042554036553846,0.2608418151003792,0.2749629777957286,0.29712064108336905,0.3054054956708992,0.3405457830887712,0.30630460146041155,0.3392319086801777,0.37114460254331144,0.27974394808416697,0.28991647948211896,0.45149007618949244,0.35817875882551664,0.24514885743827064,0.3287130888135191,0.33878360689246806,0.26809112397016366,0.23054423617959602,0.30517590239384007,0.3195700566212339,0.3287085313666067,0.3007922439253299,0.29226808654610753,0.3862459392295695,0.2708432063695371,0.24662170677727013,0.2940674528775806,0.2806697401811148,0.33105661853112905,0.26592492367556003,0.3158096950636998,0.2589415341413259,0.3274632391998182,0.29224175289071724,0.24945217102886724,0.3009725013900616,0.24361357855887214,0.34827023375465355,0.24867005410065746,0.30102825181799414,0.23212083109548357,0.2785103782649016,0.3038886036736958,0.3647110925694138,0.3115563632140938,0.3049539904444241,0.33093030966168524,0.36802582008789264,0.30143757412730915,0.28189652118102637,0.29263045339291643,0.2589304924452851,0.2944088526997076,0.3828854964950158,0.259722646307729,0.2927936819920655,0.3214242707506888,0.28807592468096826,0.32797429202889133,0.25989967981235973,0.26897084792884135,0.34866219519671604,0.23155253713434054,0.3334374786911402,0.2789273977491448,0.35157545847385824,0.3437533657243268,0.3125935436518014,0.2918094492996107,0.38769361032989114,0.23569397010237747,0.2684647462048923,0.30467460859343776,0.2619120802751481,0.24789227195495991,0.29380217429791433,0.2878334700039408,0.27612519349226866,0.24273654592832322,0.2992450195457258,0.32816647964940376,0.29786560638106135,0.31566649460978685,0.24314961598757814,0.3559965798378735,0.3074524046815846,0.3420114385453168,0.2384312538192765,0.26407704112280567,0.23856510111630383,0.2923530671753946,0.3286645031313464,0.31728958132297835,0.31954587971843107,0.292174166503128,0.37885028095863643,0.22207446514887438,0.27802430844458925,0.3359666980392645,0.24714539146570516,0.25053821729454073,0.3329585865589025
0.2809001255924649,0.3409007067404722,0.2948963644821377,0.0,0.2743289798130596,0.27946140396975944,0.33427504091442684,0.3082744853208523,0.2434666227508061,0.3181343913912815,0.32270055484211124,0.29268353538152875,0.2954591316903315,0.30505868891549864,0.371408309274678,0.27382163387556196,0.3194523455608359,0.31892873508510494,0.2773547706539059,0.25910533273958586,0.32317915330231106,0.31803884997798915,0.2849335984242438,0.2867291148514532,0.2946810435737226,0.29283670970936043,0.28655986491130586,0.29257696102334607,0.3207085928121643,0.2128557482201442,0.29425405626929346,0.2673327498884466,0.4400348650214161,0.2696125347516061,0.30241559471008667,0.32582727898094516,0.28567543647802107,0.2913738475224137,0.31096927275225694,0.3459399901773397,0.3449970433745842,0.28833516139817683,0.2629068301708519,0.3223893439160182,0.3133255016023775,0.3138996600106592,0.21198217544639575,0.2722140121020445,0.295617341680582,0.2905160030556014,0.36525707664283047,0.31595925191436575,0.3001649469989133,0.42507509028034796,0.3475415656714402,0.25687781614789645,0.32076827480043474,0.2991855973933623,0.31883919782447684,0.3467287274400871,0.3538292943612811,0.2432743288366917,0.298980740643665,0.23743873107389724,0.3003202884093554,0.2946529569991553,0.35104707607839297,0.2408827309392178,0.2672300654089487,0.30546584359575996,0.28814702102243783,0.28622409244266867,0.2747417764561429,0.3922929868738545,0.3139265035386412,0.24919033590619788,0.32954107935796634,0.3315282853567397,0.26881932341245185,0.21807395649002412,0.2590093537031819,0.340413609622868,0.2595337717415934,0.2643869480222477,0.31927519973294655,0.2866353326074414,0.28686807702491457,0.28241627325010144,0.2881778837295795,0.26417956131114867,0.3177693535504277,0.3062573743566373,0.3113202099190608,0.2782559014486352,0.34279887263053677,0.28044006404021493,0.24551165530568475,0.281941499670656,0.25158494805447074,0.3424283085356884,0.287330530055257,0.30942139448677874,0.29093865875352004,0.27722654632163773,0.3000593265613908,0.26965493367153054,0.3046550315132686,0.2686731518104072,0.329268154310447,0.28293993801944156,0.3330432300325706,0.28817778109032477,0.3132452271217294,0.2999298242173707,0.31342714866602445,0.3127388448386292,0.28129301355759506,0.24336333266643836,0.3026453874456331,0.3050154022112761,0.2958207223585419,0.31145001374263526,0.25657050869911185,0.3202233130516785,0.2390191039838889,0.314067998826975,0.28549030722770613,0.3124129145486711,0.3282244310886654,0.32727540151909673,0.2373571122721176,0.2845940524659101,0.27523404937511353,0.30582443761789835,0.2902700518988973,0.24179344907452646,0.20325185629992795,0.33161951385231747,0.2956767833620635,0.287211302211405,0.35186007796817453,0.2795796860520012,0.37260939988142466,0.2934155739921371,0.2933775248775732,0.24356870534352543,0.27746468026628823,0.2824997349805582,0.2567025964631799,0.2131309342055333,0.3094240552689595,0.29979511787574054,0.31037342647986405,0.2576638685692931,0.31646190482963904,0.30527973350184856,0.27419054226441414,0.30434223387638376,0.36703201749420467,0.27902524486762886,0.310095650943501,0.273057062556277,0.26579348855969354,0.3089120227367516
0.3129686076861048,0.28720519658164634,0.32068488592978694,0.2743289798130596,0.0,0.25735501729212645,0.3221612378899946,0.28849012925807005,0.27086500962218946,0.3158432196741475,0.31897059030204794,0.2743661291848997,0.2814475146638481,0.27227585820797434,0.32834261287927,0.32272545639640804,0.30811760607102895,0.33013269932866846,0.23211619722904164,0.25395528622738067,0.3227533502280121,0.31721650368008375,0.2986846881631409,0.2676983949979616,0.28888262043453306,0.2933068900306599,0.2631698442750117,0.24032853840147272,0.26447224590197677,0.2800482815401534,0.32099359664324795,0.2710607782694986,0.2659785734962611,0.24884267377336147,0.3465323223882722,0.34631945589310914,0.3234539191315774,0.2998265547784086,0.30837720932626667,0.2828235758937249,0.28583970977389656,0.3327926523740797,0.313975885276488,0.3481937353467531,0.27699308685559393,0.29266642650814834,0.3047991172961695,0.34456992821150423,0.32088990419622127,0.3152347862740923,0.343977678874499,0.2792910905463789,0.2659939484356204,0.29304241088172184,0.32221324859014927,0.26947090844481414,0.27088802814964247,0.34564752855010517,0.2812108305070969,0.2949830889265178,0.2465874982464002,0.2579758898398749,0.2802910233005985,0.27478925988391395,0.28216363375963627,0.24276532451002225,0.275922617734683,0.30448870212591467,0.2719574578537368,0.3266003296926044,0.3321287030542139,0.29422706962882794,0.2483686991339101,0.31184941951232054,0.27130550568705253,0.24296353066761145,0.29205958806724425,0.422382118247137,0.2615168643184228,0.2345209581889217,0.2707553929341891,0.3205490785576504,0.319270100618591,0.24008837095270996,0.2813125115005056,0.27955285740204044,0.28024251775998926,0.28391800933527445,0.2717486749997762,0.25917647196759824,0.44660350500484636,0.32297388603660676,0.3796470590100213,0.23020129971399766,0.3153857321372213,0.2836771748305502,0.20962886087847585,0.2593986847036936,0.2803058297569653,0.27388310376513536,0.2632707445425697,0.28389536120018943,0.2745215611653965,0.2592550041835545,0.2927465611298938,0.30716274040171604,0.26736622203174687,0.2947169093697825,0.3286285498345498,0.2902503039786433,0.2907183747028028,0.3233340262046263,0.26904834562456587,0.2930516115709806,0.2766992258457877,0.2809500407232949,0.25279844833280884,0.2914962741486636,0.2516649396633592,0.30031203360737174,0.3811768999274331,0.28454055393136424,0.24261697072933908,0.3619543790732004,0.2563439365372941,0.28413870020050075,0.2576959901144169,0.3291473289527855,0.2761460442811119,0.28987773504769604,0.25750532937383364,0.27670687815416545,0.23430651114139625,0.2768052920184296,0.27196100265357676,0.27918982876734255,0.24093319498175092,0.3353349667188706,0.2680574100867794,0.3307567527783514,0.23468531964092484,0.3049722542523058,0.3318090902099976,0.29441140921293163,0.3311539359455671,0.26816363146833594,0.32292719164664585,0.2950978129351084,0.2800424586632359,0.22252133573600696,0.27532248708811285,0.2674403518120543,0.2994432218828951,0.28733201659342883,0.31227467747712284,0.3214158440646208,0.22508852072631466,0.3411732899205107,0.24243691333209882,0.27177127384615485,0.26761321948699035,0.2672028128191266,0.26385766588877796,0.3613986790490457
0.33154721848775587,0.3934278592085736,0.3252940971373659,0.27946140396975944,0.25735501729212645,0.0,0.25748444769356255,0.3405938688128589,0.3099369845821231,0.3082411911712977,0.3202629486594822,0.34478085867620056,0.3282252085750784,0.24544010597963647,0.30512157908880444,0.3119643571759249,0.30906382754808326,0.25331515768639434,0.3076265111969803,0.3064118873979542,0.34620761333649963,0.33889823532115115,0.21142334652972072,0.269304338370176,0.338852026540147,0.23658374910750302,0.20999554651235314,0.2652923510975558,0.29000224497304067,0.26324660908792397,0.34000623077582587,0.34039547136275133,0.308861295028667,0.251580555905893,0.2893117310854929,0.2701309490252305,0.3144536825087576,0.2713226038152849,0.28793216177608855,0.24681173959200664,0.2866677604087299,0.3727414312428919,0.26940286769584765,0.34831342872070314,0.2738889868962198,0.26316626872368054,0.25390034852921317,0.2977057935822536,0.23981928869165275,0.28302714255065614,0.31189670248267565,0.3457821713329572,0.2712420317864516,0.33124291597086675,0.2750417874826457,0.3653578950272337,0.3047135502871313,0.3833929180242305,0.24166738091682324,0.2644497140073002,0.3686535697832278,0.26864859555160076,0.34424714879952,0.21005081450214824,0.28319152408771825,0.2887963515117089,0.2810912998785623,0.30802334264184883,0.22366864800047692,0.3274499216657389,0.3391491594470413,0.23790692112834452,0.2933705340537645,0.3046409977513198,0.36751386583481443,0.2711463186631117,0.2687873589811976,0.27496257784987566,0.24783470490804926,0.31231341388478534,0.3837388992333675,0.32509043995585457,0.31879505184229323,0.2881404109294816,0.2982547130499126,0.30453900165959746,0.35507503672604224,0.24343421351370398,0.2873112571207752,0.2924000793355573,0.2930732137164663,0.33670361099304497,0.2892636068705821,0.2896745039981992,0.2811282972338562,0.353954096450462,0.28874641237368304,0.3264973931610655,0.24180508302891707,0.2858505443992985,0.25981429872817985,0.27512667859051015,0.24313599714513787,0.2666844270753122,0.2990323537726578,0.296635681598939,0.29856325824516966,0.30794853236086067,0.25609197878018536,0.3450558170382468,0.3183369153031183,0.25470924161708014,0.3625084660919216,0.28043034763006075,0.2679392636215193,0.32921906983006954,0.3242138609260809,0.23863526430504395,0.3300025885136496,0.28189646156349724,0.2683642076038313,0.29086626134137383,0.30912503083578646,0.35617179166726304,0.3074810340717403,0.32761219956843285,0.2847303354196842,0.27894624140486246,0.3010254266771733,0.23638284112369104,0.31861958527402434,0.4014301713191542,0.2612289218870191,0.3271605554158195,0.31455624226360557,0.282596091789136,0.26907878047937955,0.2405378594686879,0.2227228460459553,0.2762199329740694,0.2764873967709505,0.3263613978258447,0.30860114750826495,0.28263405883754034,0.3105212575104363,0.24801122501258943,0.35158304957350295,0.29642059341513355,0.3148334351560843,0.23950969986912307,0.30851801446523336,0.2951125574832255,0.24459557349270478,0.23404724937490465,0.3536126494854883,0.3354219507441991,0.2746534389359484,0.37310676673342286,0.24975888726028325,0.2784652924949074,0.25798101674502466,0.34285259368491594,0.26257770391949853,0.3276990479966881
0.28691928823127766,0.3097664277101123,0.2777906138699829,0.33427504091442684,0.3221612378899946,0.25748444769356255,0.0,0.26423524805275456,0.24955970582270987,0.31825610163256535,0.3108433958481754,0.31088801608108246,0.3097569338383327,0.3058010804694475,0.3932469773181979,0.2676791157115488,0.26902248362428877,0.30744345013640106,0.25788236783460794,0.2265442761252617,0.2693744064818571,0.3271670894046784,0.36274103005247776,0.2937065235088451,0.2993011353492896,0.2936346160047712,0.28479969268552835,0.2573915302138051,0.30556836272862287,0.2592206302541233,0.3036617409274893,0.29740317773988134,0.3274978462337735,0.2818862451105587,0.2819549823647714,0.28388618582316,0.3278311884804606,0.2532741525171847,0.29880550098898573,0.3301822351649916,0.29756196325957535,0.2868353901259172,0.2795256235446625,0.3086424071773631,0.3106727771750979,0.29343241812824894,0.27427147034210614,0.27117882317932096,0.396685290664544,0.26001119436386183,0.34635786755586456,0.2555802754106107,0.24348633985172277,0.3296729428113637,0.3673373546808332,0.2655213267256187,0.26084438828092277,0.2860030305148621,0.3171851352735727,0.2874118492768807,0.24952109108184561,0.24453740375383057,0.24073638248367288,0.25000303520945444,0.24962390063953308,0.2266834019928022,0.3308673434213937,0.3157193757838121,0.2672901636809083,0.27945394947543967,0.3016324655853344,0.2621029553863067,0.23786863132369288,0.3389275236209789,0.23049910437762397,0.2600785861783775,0.37418170088566827,0.3696751961497333,0.23683688684165508,0.21853419447943367,0.2425783361892697,0.294968112820325,0.2999601780645568,0.2184136958479834,0.24810288940216302,0.26578817453317216,0.24868543514963384,0.294838540238922,0.28061995723088207,0.26376250705375404,0.3398915650818127,0.35676580860752477,0.33070579103487074,0.24402510870608596,0.29440936179346594,0.3175829755560649,0.202811640180218,0.27115759268499945,0.25221425802987435,0.3213968642536882,0.2797904785208242,0.2886725036579313,0.28501460647290006,0.2594428919883902,0.2512212323407956,0.2754686049361533,0.24018880886515562,0.2635422700177806,0.3409272526200732,0.2810577748874747,0.34653263738022444,0.2644569619892432,0.2664847242468587,0.24887980356665762,0.2657397758672152,0.2902042609223775,0.24866273470862835,0.3008213714648203,0.2617682608689848,0.26311406214114574,0.2837068097739114,0.2580760956888052,0.2195518654430208,0.35747819136016135,0.22859141919831952,0.33727641246799195,0.24779071970356073,0.3484330957286349,0.25972346780061184,0.29138700216799013,0.22974296420424514,0.22765183803296085,0.23646536810893487,0.24814157994717742,0.23430133599485403,0.2489681262672036,0.23325814700951567,0.32225031774008905,0.2696956073105261,0.2921106193136139,0.2809325981490078,0.268381966346311,0.3259719930702495,0.25570951310854717,0.28643189586965173,0.29230777702397726,0.28538084948016523,0.30549759162746415,0.25542172464955126,0.19152736478426283,0.26603584563261157,0.28025052807492773,0.2685623107132427,0.32000521284219774,0.3113155448109565,0.30407871376270035,0.27805673049499735,0.3262217171146684,0.30720609000801663,0.31275251573497526,0.27062480582377274,0.2476974681270689,0.24417364071495135,0.29684273186977006
0.36213215309080093,0.425772367178752,0.3676198130370713,0.3082744853208523,0.28849012925807005,0.3405938688128589,0.26423524805275456,0.0,0.36593884672108945,0.3962992242947595,0.32629019471472037,0.3598163158142458,0.3556175315301226,0.290792925860008,0.3329503886039535,0.3668474480329116,0.37716717305760405,0.353968632518447,0.309415430079694,0.33885050846913967,0.3817459938140209,0.328338893880028,0.28283970794723534,0.29155464631057737,0.37516329418597283,0.2771492364807241,0.3016664481413122,0.3375885876184931,0.2795326968965866,0.29059536117829804,0.43155524251455335,0.3323685277054536,0.31689896403146095,0.30028784355287585,0.357273347291314,0.37803655103993034,0.34609773927527915,0.41488180385406354,0.3290823167359324,0.3208583862704418,0.33566174804773663,0.3570175787204301,0.3075933350890957,0.31437618601100353,0.4123451976198503,0.3576450601642544,0.2926464061157278,0.29749059714084997,0.3226857105653777,0.33541835834456435,0.3389801253957343,0.3196396103898092,0.3078272123558783,0.3155429455505957,0.32012669170151675,0.3415203002580881,0.35163208681957486,0.40320026924718283,0.33221538760338876,0.34651538799677556,0.3834764241018047,0.2599971946211476,0.3361802596553975,0.2823841183460951,0.2910230505896194,0.31423318178348414,0.3196499572243149,0.2977273585013649,0.3164127146576078,0.49132426934869383,0.34006972775659755,0.3324232525650382,0.3072418356331545,0.3794611253279604,0.46593008200876673,0.29417290891306547,0.3041091861018861,0.3075211702795039,0.37134008300361,0.24271845809402573,0.31974302512529246,0.34548491459689123,0.3692389357994116,0.3663936828160551,0.36875591468820884,0.4913088623580338,0.3693619625299611,0.2925078334924984,0.4083284594584105,0.3543764885816766,0.32847416589290407,0.32710683186085615,0.3333586338676211,0.30337858769534753,0.3668102368671154,0.3397419792522532,0.29026037223720147,0.3546345406153079,0.26178884900072047,0.39454223079721523,0.2927979574789456,0.3460851361355312,0.27402950568252377,0.343608998975536,0.384078800740557,0.37451658872867927,0.33972405162075925,0.41816388349058403,0.33003597657433653,0.35156193104241157,0.2917111428942012,0.32373381153079706,0.33324600365213025,0.35102103094924136,0.3535618056807669,0.4090142245926296,0.3572275250232054,0.28425477319269504,0.28629724484576885,0.32902862607474087,0.32951892390946746,0.3614822277092982,0.2942944884261272,0.374843772704695,0.28071015687821044,0.33737426242680774,0.28588764042600145,0.36322785711909616,0.3747905287732703,0.3070295714032762,0.39961562693021163,0.341940596957715,0.30556993354364864,0.3200401487851026,0.3501927300526717,0.2714480442510625,0.2988963922491446,0.3129400522894475,0.30989249267548247,0.35975090458285147,0.2833606779706713,0.3041130589114777,0.38291854625937655,0.3091447028903326,0.36569800273735786,0.29340965076189646,0.38619484936791837,0.33441256210279585,0.40246010223779827,0.2698649724299316,0.3693092670003544,0.33035296425812694,0.3200144846589533,0.2881264665498906,0.43671359024798634,0.40126303980576616,0.28499581482642417,0.40911288593972234,0.24729870298411802,0.2848841541440694,0.3187046284175282,0.338524920257569,0.30392183508130716,0.3643901913723437
0.3379180706438962,0.32436180163624617,0.2732895752718106,0.2434666227508061,0.27086500962218946,0.3099369845821231,0.24955970582270987,0.36593884672108945,0.0,0.2934590436799705,0.2571367317777231,0.28837799428932503,0.26772254453603317,0.30378958570049325,0.28537848844135666,0.2855426446730689,0.2706162347126552,0.3105809711357774,0.26563358098670004,0.30442387313294184,0.2916470718183206,0.3338736758462894,0.22752177832769566,0.2378829668047918,0.3065862863345075,0.2338247828083754,0.25234231873045265,0.2508206367972344,0.2473302279761497,0.33268312412086687,0.41150972793954027,0.3065922277934495,0.262593182245642,0.23885557404191018,0.31846219940284165,0.27966638048669823,0.2778901344619728,0.36057072626121195,0.29269138088449737,0.24650959117830476,0.2539823003234855,0.3883121936443051,0.2774592000026672,0.2846799663392876,0.2962058224248873,0.2693663494670981,0.26350788076606396,0.2482461865311923,0.2661721761790197,0.28593808120050135,0.2756816894933184,0.2594361364391605,0.2982030659127888,0.2616157748158851,0.2626806270871002,0.4050400797328411,0.3014125021279057,0.31821615043158796,0.27250406722295417,0.2600577049439977,0.2783775221207016,0.2981610702524124,0.28078184977258414,0.26550569984794864,0.3160517794260523,0.2756687564519545,0.2950703808715212,0.303594923544188,0.2592123445176997,0.3591555860249393,0.361234128349337,0.2987126242066647,0.308872108288269,0.27146367437907115,0.3455204876021165,0.2890688454019368,0.24582056382548664,0.2538381520244904,0.2894932705997465,0.26132989227757286,0.31465989342425416,0.39926732805512055,0.3793453733683975,0.27582767335741876,0.3346508815712335,0.362631403474832,0.3390549469727157,0.3035142461797337,0.30371403333693264,0.40681232155579483,0.2994271219785444,0.38043314751732515,0.2809392644146352,0.2719110089889798,0.369490044023555,0.3284674124383424,0.32770128586002595,0.31557808149058875,0.33795749330741115,0.27249111127915043,0.30504926696416995,0.2814837996360876,0.2687823333878803,0.2737716454102243,0.3549649986472469,0.2795415612232589,0.2518519616815745,0.3039453487448888,0.2580627026592197,0.26091837601480083,0.24323417234902361,0.33414240987469834,0.30302640500452105,0.36349244786493135,0.2741474346961496,0.2956306204209264,0.3151321161837681,0.26486949828049405,0.22032140320941077,0.32716928846376353,0.30496314705948374,0.3154903378773629,0.28384656110649603,0.3205387143757856,0.4170878132315113,0.26777851647361395,0.29234035670021713,0.29006618927324707,0.26008494430572515,0.27994132715264464,0.4816123230038003,0.33765761875614186,0.2832531621542187,0.38990704447540264,0.28601226420432846,0.299900706228422,0.2775749650187426,0.2612955092467672,0.2604289399391529,0.3473149236921907,0.2656440222067818,0.33106979727689406,0.3445057855249119,0.35658128322236027,0.314729449004077,0.27697219952587415,0.41578845284372884,0.28873228443676513,0.33142347222329005,0.26303405211137987,0.3426777517043239,0.31636239926264104,0.2658007591892613,0.25653769121487086,0.31800765478271414,0.3673923880783109,0.23939262035550274,0.3073822653862214,0.25742028438668024,0.2746860816022342,0.25652536528432607,0.36684609426855785,0.3646462314430163,0.3271011954070907
0.3539276042777971,0.4314023356401507,0.3945159806684867,0.3181343913912815,0.3158432196741475,0.3082411911712977,0.31825610163256535,0.3962992242947595,0.2934590436799705,0.0,0.3188770206280158,0.2929703270100124,0.37374852210255566,0.33023000358092514,0.3406403019568436,0.34105166275514937,0.33878959778858364,0.40154647953698297,0.2612263165076853,0.28394092881984534,0.3076995865045652,0.3355796474313348,0.33746931048923534,0.27835743620015824,0.4184624429526549,0.29095548801617527,0.3048403213005031,0.3141188096432012,0.3696034515860821,0.26859856143359384,0.38920368302970365,0.33916479751343775,0.2810138028582263,0.28479471545092805,0.3453905617691142,0.32062330399520345,0.39341421866633025,0.32105475642661574,0.27237639541037784,0.3226728453715553,0.27097489351291576,0.3527063039953558,0.303140725061142,0.3017004801120989,0.3744479537612771,0.3348192659554476,0.2880295025013508,0.30938611024370466,0.3832326426729658,0.276137824607413,0.33437355956958964,0.2809799109224332,0.2700287605068885,0.3389249870927353,0.3761175861596193,0.34679592039954876,0.2907757877994566,0.29881961015229547,0.3512327376763201,0.3254367906757792,0.34942708142742807,0.25718245266668366,0.2771095246819378,0.25853138326827674,0.2759114148844646,0.2858935550805423,0.3236607795575908,0.33500815960240604,0.32464292889867347,0.4279951819544951,0.32454547008609064,0.35431463556760245,0.2630846493368455,0.37872939407239825,0.32765858989920627,0.3122484444925457,0.3093477505594844,0.38436425709753513,0.2796007371880454,0.2570068078955772,0.30084722694747495,0.3116111452230072,0.3778815215723998,0.3209214108229152,0.2977200155048098,0.3574923560175216,0.3228264816653401,0.31422979833864045,0.3810698734099423,0.3015627000157944,0.3223781136605354,0.3114073568932205,0.34459349499063274,0.2632386172868027,0.33450889755019286,0.3604111988032318,0.22853587271733677,0.3158260557772062,0.268903226323683,0.38512249014565575,0.31931357751271405,0.3174791828223072,0.26495779495696103,0.32539538683799496,0.3029907526907871,0.32338710187035735,0.29472725477166056,0.3936725733754939,0.33461411395058444,0.3397141560592115,0.2875711371751296,0.28388110758359225,0.3231757390257045,0.3206210705404508,0.31938161384461616,0.3589086715350448,0.320837264677225,0.32863327448580687,0.2805941320528327,0.33741217713524846,0.29285203575209257,0.3050539613751005,0.2585400352262383,0.3867906910189742,0.2588364965662621,0.39412294953782145,0.2666877643697801,0.3485596916099262,0.35777141395357825,0.33413982985922236,0.3518478492551112,0.28526184417538764,0.2961772578262624,0.26755925109189865,0.28076746566646776,0.2635563541333955,0.28295853527522713,0.3375642378985282,0.31031017718705123,0.32094485357433733,0.2976742058020582,0.33275614153337746,0.3622093060954806,0.26923683062486403,0.3401139140030636,0.29266756648628345,0.28587070503520257,0.36407712943908427,0.4134773734838055,0.22968956136244484,0.29254971668514484,0.3314736425174754,0.2755270269060259,0.3017360176147054,0.3358767902634993,0.371918819181885,0.2634849061324118,0.41430414197414006,0.28289006493160707,0.3294629457518416,0.3951416887115675,0.33330371560728167,0.2813205874229208,0.31411580257723054
0.37115864032871276,0.35938617448220644,0.3528692856917376,0.32270055484211124,0.31897059030204794,0.3202629486594822,0.3108433958481754,0.32629019471472037,0.2571367317777231,0.3188770206280158,0.0,0.3519901440375258,0.38516679832266065,0.2866857986247252,0.32877747174893335,0.3868833470614529,0.37475863933702663,0.3484077397820026,0.29414398752912063,0.31164096181113354,0.362755203809227,0.37081565264878913,0.2954981248362762,0.36252161315731596,0.3604355037867105,0.3256270336560295,0.2851692455207625,0.34918670663119483,0.35646906186413824,0.271982739890658,0.31139801382577775,0.3303621216546168,0.2924613152671979,0.28477008883462235,0.3486129369771363,0.33973090682648877,0.4068539751394717,0.3237979883241518,0.35965414239942334,0.3412979537731409,0.3179079754272916,0.3178915675028304,0.30080455372197,0.39052483575799773,0.32956372108465437,0.3178787620187578,0.23354643155923074,0.42019882159656596,0.36484624986750863,0.2895586873698953,0.3658202820912579,0.30333810000764344,0.2625977207798429,0.3769074679830705,0.4103932125932009,0.2689292713858289,0.3533868216547964,0.36569974514021886,0.3179593720149936,0.33995674865224546,0.37229967058613334,0.22141460151926814,0.32644825701210195,0.25140854268397483,0.25006006284682347,0.2840391725859729,0.3442982125507416,0.2920018890379421,0.28414369415122076,0.3521255601581382,0.32966529022746655,0.2888426598960398,0.3017124168357234,0.39530286065690595,0.3401712067076432,0.2959848284529938,0.37576961212021803,0.34965071620996496,0.27655854061982793,0.267284486315087,0.30768085856470373,0.28042263038682874,0.3080957119728156,0.3153896540464761,0.29421410680668275,0.32200584556047596,0.3354238899084893,0.2621532851701077,0.2973171442833195,0.29384509371998446,0.3702994974366421,0.25483594787404995,0.38912535997105363,0.32981696193294197,0.304819290117245,0.31108148864654345,0.23067172559289922,0.2564660702062568,0.2344594031801975,0.32240683061037473,0.3340868774880016,0.3217886916677958,0.247509607665518,0.2500267782035122,0.29819903340966003,0.2878039273570329,0.28170730634154956,0.3204245042738566,0.3115182898187667,0.39408919121567215,0.39518828034777065,0.29157095515362774,0.3153302988774469,0.2874371857675488,0.33486573576877166,0.3526712144799632,0.3045754382233711,0.30966823760444245,0.31573079120872666,0.27992499150616296,0.3530445182683895,0.26014339729845753,0.29541601097638603,0.4103044109113519,0.2669853075950128,0.39418961336294545,0.23098639718139297,0.35061042231856754,0.3357275639796185,0.2867197244366285,0.24800997733098987,0.3124287204787328,0.3188524248009523,0.30725467051242333,0.377547073012397,0.2839460896473836,0.28548535535980785,0.31272763103189216,0.2955493011774375,0.31355202768964635,0.29064980347702984,0.3058756848125122,0.2943828565436496,0.27193042515412524,0.4126254684438741,0.24193319184708048,0.2943575176356306,0.29824509445271763,0.29967602963511575,0.23802836978949174,0.39733642731508434,0.2813091448694336,0.36988459154330217,0.2593949371426662,0.3238835899579746,0.36483722096663,0.3331009814756407,0.3682506001424689,0.30301829712421086,0.29745053414920913,0.2871351600253139,0.32456871594539555,0.2380652965449821,0.4772446274076411
0.31931241831590984,0.3413142604848609,0.29941638698109074,0.29268353538152875,0.2743661291848997,0.34478085867620056,0.31088801608108246,0.3598163158142458,0.28837799428932503,0.2929703270100124,0.3519901440375258,0.0,0.27172921143946627,0.20989194203642092,0.30207685747384466,0.3246867572192281,0.3278213171966328,0.27478957280482197,0.38893358632527564,0.2955719895166234,0.38121767406393026,0.29424701481044174,0.27946577241932313,0.3146100017185827,0.38330434300993466,0.25348618246131105,0.25754072186028876,0.27921408538759623,0.2764211601928919,0.3233845917820457,0.36088292744329153,0.30737437974577253,0.28464954909323126,0.31347035550100805,0.28573375091821174,0.2983140230555564,0.30733217308889554,0.30208278586929144,0.3747424345892832,0.28433763712431215,0.32316807185100316,0.3252488674955134,0.3029840587172711,0.32992309022167576,0.2973272563697064,0.30137834954201403,0.28477255813969027,0.2964887161948307,0.3053034841134294,0.29311371511613077,0.3473449579303485,0.3299249667519638,0.2527410268206701,0.3249406370195004,0.336284402567951,0.2760327973938701,0.3661428755219387,0.4381859067336794,0.2470046537109347,0.29733605838151095,0.2655456394118114,0.219363560416433,0.32472881863162273,0.2387864666747422,0.2534636139464117,0.2777529364499358,0.24182286406307957,0.24280181011215596,0.2351870597870394,0.3107232041660318,0.281100896127407,0.23975558572903855,0.24934255875035402,0.31087632938546506,0.328008246537492,0.26306164331711246,0.28321249009157856,0.30145160760477974,0.27653953415628585,0.23568243313827406,0.27299807421438305,0.30660822954950306,0.31126791665915227,0.24784088070369267,0.3056442350510341,0.33198735955249375,0.27447197142525,0.25363481490450945,0.3183542471207793,0.283193560833796,0.3221534259099309,0.3078224643803871,0.3191503092792408,0.30339930833710105,0.26363311930062583,0.3323772412127334,0.23488831028577553,0.3202244614842994,0.2272142127336574,0.2816870726022545,0.24126900307028873,0.30692930913938404,0.2774675414713417,0.3307942366001536,0.28434821925293063,0.29266538450454793,0.3095735756149579,0.3103713878362046,0.2770519167127401,0.3614292542654983,0.4325599762108783,0.3020797758817209,0.2573589619504674,0.2897387357971518,0.27775663193386546,0.3423908593375971,0.3097405974477436,0.31609269825820535,0.2983025336459787,0.2555400632613383,0.27870681894317323,0.27434246964878384,0.2623284740348169,0.3475981218936024,0.22704285011639427,0.3634402692851745,0.23761449144456948,0.33401230482774175,0.31373921230423224,0.2332392920090465,0.2826551174919688,0.2920832796125302,0.24035258585082675,0.30500361035809925,0.29756232446180086,0.2311682692156405,0.30060726012093636,0.2692462785019458,0.24903340447616273,0.33965337044977834,0.23063222282134074,0.26543628307464867,0.3111292184859162,0.26882854672162587,0.31383511728818375,0.29354736756331723,0.38964574531126805,0.2770857182856992,0.3332988818305901,0.2506449492214594,0.3552371077367323,0.3005978178072846,0.31939371799966837,0.2517822767947651,0.44401974943491174,0.2857380638129094,0.26814665319922165,0.35916749005078547,0.22807670055053506,0.26877386816245386,0.2230296265463545,0.28327844783819306,0.24674456726745764,0.35051917278335504
