0,1,2,3,4,5,6,7,8,9,10,11,12,13,14,15,16,17,18,19,20,21,22,23,24,25,26,27,28,29,30,31,32,33,34,35,36,37,38,39,40,41,42,43,44,45,46,47,48,49,50,51,52,53,54,55,56,57,58,59,60,61,62,63,64,65,66,67,68,69,70,71,72,73,74,75,76,77,78,79,80,81,82,83,84,85,86,87,88,89,90,91,92,93,94,95,96,97,98,99,100,101,102,103,104,105,106,107,108,109,110,111,112,113,114,115,116,117,118,119,120,121,122,123,124,125,126,127,128,129,130,131,132,133,134,135,136,137,138,139,140,141,142,143,144,145,146,147,148,149,150,151,152,153,154,155,156,157,158,159,160,161,162,163
0.0,0.88438594273485,0.7775807504491231,0.7579607699550706,0.8125950978908613,0.7850370952058253,0.8659958927376996,0.8032178980843672,0.8962264977098623,0.7402206645049684,0.8589184774621883,0.8214703906660661,0.8540290634654885,0.8451720227967381,0.9199403375812525,0.7897411124967274,0.8090291560835158,0.9608320677215294,0.8628084858962183,0.9279568580235185,0.8525211693015357,0.898858219401616,0.8402138232380997,0.8883164975070702,0.8810782996666721,0.7883042722177033,0.7550912370759899,0.7865919573841165,0.7780439793443222,0.8205791443526013,0.9075109715722713,0.8515370932318335,0.8455022819249508,0.7999839610910939,0.9161161535608099,0.8451908726417114,0.9099317434174978,0.9107737037900485,0.8226122519229565,0.8840139857531013,0.862502319355744,0.8232768703353247,0.9043650550751164,0.8781984696264528,0.8945128219233656,0.8820016197848224,0.8489355811609824,0.8579897680188325,0.9323851061594232,0.9029266955656112,0.896428240778195,0.8517201280379618,0.8231208710013983,0.8455153147498441,0.8370402151010379,0.807440248268471,0.930032682094707,0.8021431528852853,0.8556617063087893,0.8818963349098305,0.7743463747650896,0.763486259653893,0.8593801564894215,0.7824238962453586,0.8833457177863097,0.8368432901449694,0.8322494448859227,0.8820918984024063,0.8481707243405922,0.8695943116443189,0.9457521849462875,0.8625037828529681,0.7990870913590662,0.8517115320548212,0.8073435583756455,0.882272960970954,0.7492006379009851,0.7638803993337511,0.8682608090916712,0.6866082032673466,0.7720609175081448,0.9206532986157349,0.8492817559452751,0.7927731213323993,0.8674311657551886,0.9261347536377815,0.8354520288945865,0.8718965828142363,0.8051136099193903,0.806272133399454,0.8806694093961921,0.8640332000528405,0.8854947411336715,0.8923985637769875,0.8997471385955288,0.847483053344498,0.7868380352309852,0.8011015151373494,0.7931093151802504,0.8097994264032395,0.8349650797310897,0.759843240672329,0.7736214067916355,0.7850812765332826,0.9003652395601559,0.815786532475074,0.7397715330013035,0.7754835804570182,0.8855631814021412,0.8538436804899071,0.8416044741110122,0.8666519528759009,0.8182280856372375,0.7137083688456202,0.8880014704443419,0.8267469865342263,0.8482879096401632,0.859450086734013,0.740631233021279,0.7455475041422603,0.8489428254175152,0.7427635663633596,0.8828221775124585,0.8908837527674011,0.854330642394393,0.8345722788221023,0.7188645424301806,0.8217666013804216,0.7828951001674735,0.9013420526151049,0.7670898447424235,0.7550901570429215,0.7716943868904991,0.8556185068010627,0.8632704610605955,0.8611059727379857,0.8937668278682507,0.9149931985711502,0.8673175856397122,0.8995263606118732,0.8117871201051944,0.8301169849527138,0.9055064193461293,0.8155911423801648,0.8736485003755514,0.865296974553888,0.8928362525975703,0.7315588719130763,0.8637414914264929,0.608728038310686,0.9143594089291592,0.8316549214279202,0.8544115514187879,0.7868271583813896,0.8192656083786823,0.9280738938847659,0.878883474868606,0.7631080165917145,0.8418697750653095,0.7895930020060515,0.7371666273769727,0.920398355435323,0.9280028017292326,0.9115871314968746
0.88438594273485,0.0,0.855678040637194,0.800045468835136,0.7640252059827652,0.8715054014757504,0.8560079970878688,0.8693694274281861,0.8459404480209802,0.8645256176858033,0.855344390869992,0.9073679415290957,0.8564590080131023,0.8016141842827654,0.8720496614059108,0.8068122417209568,0.8293125521214227,0.8460536826134519,0.8996789046303675,0.8527417256389512,0.8637432877173516,0.915847715879684,0.829854634599794,0.8847416968780111,0.9148236268769488,0.7350533134683283,0.7805581960913437,0.8149919553904753,0.8756752570947144,0.8142036380831472,0.8767655589755339,0.8594136875866505,0.8866086934562322,0.8168788308873307,0.8327846135541483,0.8468511679220729,0.8569369673768855,0.8426583217045563,0.8265791454784333,0.8757894939849935,0.8827622690096968,0.8584981148045244,0.7956879307752843,0.8346232160057431,0.8964002642863316,0.8405624903134629,0.8192352705295952,0.8175324771714083,0.8655740316393228,0.815907529907407,0.8421297826618662,0.8372389302238257,0.7983356614455414,0.8956783118211056,0.8469458955270439,0.8655130527215803,0.8484247291135525,0.8423002223938943,0.7985969475991055,0.8631182310086647,0.8316991460832753,0.7228053854650326,0.8058663205097094,0.7333566876476564,0.77109774717777,0.7613689745115702,0.812122094425112,0.8129381960719717,0.7689258940996336,0.8523802190306435,0.8457522592013015,0.7550951493107384,0.7355844951817812,0.8517456429217879,0.8594654490870625,0.8033437948670531,0.7442744568313253,0.7792399560953276,0.7983678467632342,0.6738836809620213,0.7946221812215787,0.8545846398325544,0.8758751455909585,0.8012000242654804,0.7944348892094412,0.938879972449812,0.7954459760399324,0.752257407199539,0.8162501060096223,0.852137197905061,0.8085869737178017,0.86504281609584,0.8528856904807733,0.8229161824114984,0.8238367194478423,0.8965151119274238,0.7851111582233439,0.8602492233801875,0.7141983480828588,0.8277678537693509,0.7807661599817368,0.7431459562625271,0.7145344994477912,0.8403282037058684,0.8128460951935332,0.7987463205451515,0.7629302163530463,0.8424382242610321,0.8690758314374061,0.9015843353393141,0.852291676418029,0.7557344601519761,0.7992899704162403,0.7477893274065077,0.814424474588051,0.8572170010155413,0.8494902223265856,0.8146512589010917,0.7870878675785773,0.7528831304240508,0.7559478772962398,0.7304612625263278,0.8274520043232665,0.8817268401444173,0.7496743161691536,0.9039476164503863,0.7171898248343652,0.8481647878360403,0.8690830060833898,0.8063545797391383,0.8396409550235138,0.7769089039499454,0.7124229530500722,0.8220669376663545,0.8388789859520827,0.7582357142600914,0.8623611592532646,0.830835188384763,0.8498394289593943,0.8526158396113934,0.8053751677520387,0.827455166009527,0.90969874620384,0.8057075184884147,0.8410852743987329,0.7830560836957827,0.8831610365892394,0.7937168206901907,0.9167730320525747,0.6720153927646628,0.8183788138748089,0.8389670023246016,0.8381065123619782,0.8385294595995257,0.8846487803381362,0.8727087233168831,0.8717030502589675,0.8210882124711841,0.8006368862649591,0.7334538062101839,0.7578327642418101,0.8420898531431228,0.9511167695098048,0.829600806657729
0.7775807504491231,0.855678040637194,0.0,0.7449680032498541,0.8080218643174059,0.9009542430608203,0.8022168806324178,0.8177469081278721,0.6876671539918667,0.8608886319608422,0.8827531736593976,0.8680265613003258,0.8997724031681147,0.6942395583723218,0.759158854730449,0.9472011551448303,0.926189938670157,0.7665471224077369,0.8032905827692125,0.7352828400464101,0.9227552278185246,0.8884701690803114,0.7725391216499506,0.8533235856130342,0.841521410027991,0.8208183126277423,0.7185006239284925,0.778107206754528,0.844924000149739,0.837657824266076,0.7133957428540285,0.8989176115361773,0.7790522006238487,0.7615054024794498,0.6741477704918413,0.7589205821485067,0.8474371369582733,0.767725952989462,0.7616439047777678,0.8697715631238351,0.7947067049621179,0.8745727850960583,0.8043829790973419,0.7857220929207268,0.8107094833827435,0.8212988587451229,0.8515067428434873,0.8408829136175502,0.8021929915939832,0.7655730332892328,0.8490087349809345,0.8513656792897268,0.7010430632296373,0.8516834986886213,0.8139172745809504,0.7982177890884896,0.799841967835624,0.9067495538868682,0.7224340416802831,0.7833496439038338,0.8146761716294558,0.7284915526741733,0.8439639027282864,0.6525456652750414,0.6819586900231543,0.7439285572973626,0.7550865110012985,0.8538295121767933,0.778469861012168,0.8127969491910929,0.8132684652595993,0.6345510682655214,0.6956902339425575,0.92101841402268,0.8529943926645545,0.6868230245752007,0.8820549760517512,0.8709057349991781,0.741390040215336,0.7541958456283911,0.8486157548124988,0.73562870058606,0.8735693371768544,0.7729288640849289,0.774738385125335,0.824979709573088,0.7621806223219593,0.6794500959706636,0.7436944849501033,0.7397852558935121,0.8249097577825563,0.700596182163751,0.8185528595567996,0.7328130662546729,0.7439851480759506,0.8085066891641868,0.697749173616355,0.760568587182078,0.6089994436541738,0.7642085554261512,0.6489777249244977,0.8280621936453274,0.6579112346231459,0.738130048576827,0.7086030199705348,0.8826064383459904,0.8505507847984288,0.8305439075977487,0.8520692158683209,0.9080081433931156,0.8414843838762999,0.6987363782057007,0.7826574709684502,0.7259639483234828,0.7453924120238837,0.8687964241803773,0.7483509098040738,0.7928332146626934,0.853402551511516,0.6624639337595556,0.7367783214474423,0.7054476341311219,0.7661483912523211,0.8787255259141684,0.6086001460135604,0.8717973687974983,0.7328326884508793,0.8661900027513503,0.8468749909921036,0.7342408030845761,0.7655913854868108,0.9268579675600126,0.6558274629075268,0.677468503508471,0.7494741552769721,0.6810245342962374,0.8018896009449613,0.7251768024581026,0.770089104643915,0.7657014885364849,0.6822271083381755,0.8302616122579931,0.7775615006764928,0.7286043195424985,0.8148161199637938,0.7300231024104872,0.8169287395973164,0.8609336573169584,0.8503212729818046,0.6901349837036805,0.6853620369732402,0.7113424686327606,0.785549377128424,0.8910002656737812,0.8598727356254154,0.7796513013676319,0.842628007368402,0.9011275193898212,0.6518272475666782,0.7939056702077586,0.7558137964076067,0.6784901928212778,0.8162332275350755,0.7770559951219449
0.7579607699550706,0.800045468835136,0.7449680032498541,0.0,0.6986449134209689,0.8172049450986761,0.8365918947810527,0.7832759655414625,0.6830129242398122,0.7439618493625784,0.8055802454032917,0.82417315589904,0.7390343340474615,0.7080733561323984,0.7620167404284607,0.698480167874127,0.7576871088075295,0.7253768100360397,0.842141250444091,0.6696860178130805,0.7959603387410941,0.7597676675185115,0.7892623241584755,0.756559509822451,0.8195868332014066,0.765355707155739,0.7169549534329468,0.8020987136533011,0.760135713472138,0.6686707566004239,0.7439205207727297,0.740530083352338,0.927811094237578,0.8138283198366424,0.7519816802453948,0.8006882820621234,0.7567119314928659,0.7221352567054684,0.7128771473547838,0.807570424827341,0.83722581472192,0.7662325807301048,0.709294831246969,0.8118916463661682,0.7762029915123457,0.7091547770097599,0.6848777758130609,0.7450437736301876,0.7722157693627844,0.7025063797891811,0.8211991582576298,0.8460317774282202,0.6835929455733478,0.8902640305922067,0.8149002945235281,0.7222392599997332,0.7313535573228979,0.8268441509690533,0.7151828875476594,0.725199106050347,0.788430319774907,0.6500723661197051,0.7966124729512607,0.6337926245244347,0.666580734330707,0.6766225208893127,0.7649842987736258,0.7015990337236889,0.695849561369767,0.8083398835054667,0.7304486557448904,0.6450552113127934,0.781240721938345,0.8119298917988024,0.7607810960815944,0.6715127410761245,0.7204674771774864,0.7219300788280448,0.7341083318401339,0.6272032377855216,0.7231142774254664,0.7985833983222592,0.7048145513613152,0.7350333129793223,0.8113697920710056,0.7698901561422259,0.7819878799116468,0.6994747380105565,0.7194916772391347,0.683639500385952,0.8173609312824401,0.8305874448224334,0.7475032525669704,0.7035602325222021,0.8060133407426143,0.8104033190506134,0.6790650679094661,0.8569358926298383,0.6604771381833361,0.813294056982814,0.6686140573334587,0.7040792627714164,0.8639718853673481,0.8366952391319881,0.7656790184061667,0.6862466959097218,0.7045124899219797,0.7707767211825824,0.7415409349670716,0.7460783032460365,0.8828859397627737,0.7379507667416425,0.8322242957503317,0.6991847464427177,0.7689872361321972,0.7773894529426417,0.7703124500157069,0.6651521714126303,0.8757561598028188,0.7944865256604591,0.6453782964882289,0.8503589429333881,0.7516970223404286,0.781883458291843,0.6537910752332844,0.8083924436150203,0.7159993468884984,0.7063012051480653,0.8410315035909417,0.6694742750491762,0.6648296951755686,0.6862130117976318,0.6416678386018814,0.7868818017865656,0.7059188275877183,0.6207652574045984,0.6555385869535593,0.747980745712013,0.7320026621326822,0.7098591849149423,0.8390443697149588,0.686264206748294,0.8214989170333278,0.7691704033380588,0.7355358280383545,0.7720150181536708,0.7335831029431336,0.6688783081961854,0.7370269304038747,0.5892387128729049,0.7869170954411936,0.7593061001597187,0.7216678699736991,0.6717256245425988,0.8779877142982574,0.7215545270517997,0.7204222982241542,0.7786794889035247,0.845551706437784,0.766313455081167,0.6951138088509297,0.7611553931488615,0.7797290097959557,0.7631723370459633
0.8125950978908613,0.7640252059827652,0.8080218643174059,0.6986449134209689,0.0,0.7284011193428187,0.8761489021249119,0.6590360648015031,0.7358989239533725,0.6624384680494586,0.8821062714574791,0.8338616972874515,0.7339261193210855,0.6852288910099817,0.8561815551175028,0.8224575308261184,0.7800016176602724,0.7738797891583151,0.7571880719718062,0.7337687139341428,0.8729372219256695,0.8813750138063863,0.7787852141135414,0.8935600183591108,0.7556025869400318,0.856437897447234,0.6609023896403717,0.6288641696643901,0.7836409108835564,0.8595559942827168,0.7759351945758196,0.7562899584855033,0.771822303133705,0.6929446494264828,0.7630078987329351,0.7901378575492829,0.845524757680509,0.8096197532831322,0.8573986796909631,0.8357925282695026,0.8346045472722493,0.7972403594811913,0.867915253414592,0.9001416721315141,0.7311099819247795,0.7436314595900397,0.8571994072372578,0.9022999459107595,0.855771517954661,0.8242118872453116,0.8668509306716283,0.8145925821746929,0.6773774719329324,0.8092912664878616,0.8235902729614489,0.7082607543380544,0.8154929451507905,0.8516071878578441,0.6968252982367169,0.7491841888524385,0.6311385134504388,0.6982008215883442,0.7942093922528449,0.7059235905613493,0.749861778780594,0.6650285261163539,0.6892372494488731,0.8614754037477474,0.7260965227490466,0.7236258704753206,0.8731860517076486,0.7182116179069677,0.6530338717629469,0.7936419067982826,0.6715233518431375,0.6656583259258103,0.7878351569501995,0.9209130672825893,0.7201336494288276,0.737076365741969,0.7186140574797445,0.7989226050087874,0.8602217067980861,0.6423591697900817,0.7628121612660191,0.7751218440884097,0.6920189489578739,0.7195965053878408,0.6137835502787222,0.7158050882673916,0.9266332825917627,0.7431596945932644,0.8894762278567246,0.7142449068739037,0.7830621132796745,0.8081664404075901,0.6435435388680656,0.67980794231647,0.731423605971014,0.6396094402206568,0.7304180363196613,0.7116536425722183,0.7002047911699156,0.7081388233441377,0.7182648301914174,0.7760589643137744,0.6739680822232632,0.6804409996507419,0.8132397519008944,0.8268019395005486,0.8463355684395237,0.8352341202009583,0.6708416639722194,0.6217485297895914,0.7335685967925247,0.7683568553804325,0.6546812648895854,0.842819834726386,0.7273558826963119,0.6393957411343477,0.9239669085016087,0.6708054417273016,0.747711096834665,0.8829270215266902,0.725931209426584,0.8068401703384177,0.6476515447262811,0.847943921416881,0.7142700228229509,0.7971375602610453,0.6444408061580288,0.7763811160870876,0.6227803191598491,0.7731073677035916,0.7747249531514477,0.7936651625396229,0.8183095966024653,0.8582344947387099,0.7466540603649311,0.8458253925176491,0.6672711414022743,0.8061663743692992,0.7583193330319105,0.7535860555261074,0.8921649299996333,0.7771342100787341,0.9072677600594926,0.7092359763520834,0.7471785387245915,0.6100405980339849,0.7580496415873189,0.7006763983919172,0.8054354031380759,0.8005605433368761,0.7861387021024271,0.7745957768862208,0.7705569779185505,0.7851976058580826,0.7177512398900766,0.7577289655585251,0.6226896074891936,0.7352383637034235,0.7911301957727908,0.9138546988666557
0.7850370952058253,0.8715054014757504,0.9009542430608203,0.8172049450986761,0.7284011193428187,0.0,0.7843349223669539,0.8531791671111506,0.6981996520114802,0.849471515443367,0.8325900811334479,0.8636677732586703,0.8888210066972504,0.6920495677243158,0.7321417506950623,0.8685979082287647,0.8845159220912281,0.73717552959414,0.8340571418199089,0.7067097185464415,0.8701428647096849,0.8097757613358282,0.7406851704383814,0.7972500725123136,0.8590468850883815,0.7839586308509541,0.6886909926651964,0.8202815558028044,0.8196109586503826,0.801305318472449,0.7249903612496451,0.879338996392448,0.8405791144761696,0.7949430888492275,0.6827196556326977,0.7382118895147913,0.8313260097920556,0.7418489750073186,0.7117764080546888,0.8182383613991452,0.8011748762617681,0.8619401166574423,0.7420379899976449,0.7873835747468698,0.7939099128148404,0.800588417803921,0.8096012527876354,0.7926397623229224,0.7536276171803044,0.7090977868284937,0.8263043452469152,0.896699180707563,0.7152459575504364,0.8519635013931111,0.7818544674936583,0.8649358098646163,0.7738569005726652,0.903954854698648,0.6765988249017953,0.7604433049707784,0.859725445077865,0.7355171153119807,0.8605374363868386,0.601219335917417,0.6572945648493113,0.7446248979379742,0.7489519480771589,0.8097199792640486,0.7057415130975213,0.8375779028932424,0.785124714221309,0.6179546085952722,0.7183240580943161,0.873488343035662,0.8842510187854202,0.7365886416224446,0.7967405813586992,0.8110531239835111,0.7634426909846315,0.7992371637053323,0.9095134317105731,0.7401299663662447,0.8558233369376945,0.8387711851844504,0.7887339461116527,0.8375824955113987,0.8111691640105547,0.6577455472912228,0.8101305233342962,0.7610069325118045,0.7953701786221468,0.7473387879390119,0.766456458264255,0.756536014584342,0.7376415791972485,0.8381817997658564,0.7060234908961843,0.839365365653001,0.6089823862213061,0.8236910214739058,0.6476609457837746,0.7596189297589181,0.6894202228519625,0.7765363322290937,0.7285477062807232,0.8389823625991967,0.8145034806150271,0.8545259786211935,0.8098520711890801,0.8702314179342902,0.8429745371731252,0.6652100460210875,0.8632352496464061,0.7312070266937898,0.7847999571464748,0.8981527092054554,0.8364276928842687,0.6954732246201911,0.8831608624649551,0.7471117199768064,0.6682259240304494,0.7829977773059347,0.7945950468129261,0.8849077164752235,0.6203346632596598,0.882616132962541,0.7413185875002658,0.807050613103142,0.8680417855726529,0.6805255510136385,0.8069492250972793,0.8729746707310706,0.6891939390524618,0.715860903948338,0.7023900335640608,0.6473226473110187,0.7793154413703156,0.6962083016378413,0.6990728713967331,0.727623614039678,0.7535680267400281,0.7863768989366684,0.7917318511773088,0.6970779241689115,0.768530324798504,0.7193113364607582,0.7852666100293803,0.8570752054843374,0.8179281399643341,0.6824895606934086,0.7091554718728794,0.768991400323107,0.7115137530951607,0.7772044087309653,0.8994969168981524,0.7619556034104563,0.8180391845502196,0.9324072687519188,0.6996002590588948,0.8186372571187572,0.7869407754454012,0.7460549081161365,0.8332621562854077,0.7579014377591692
0.8659958927376996,0.8560079970878688,0.8022168806324178,0.8365918947810527,0.8761489021249119,0.7843349223669539,0.0,0.7405402388377986,0.7824386127172567,0.7752429725194568,0.8671593923774533,0.8827758559587916,0.7877026352226922,0.7658988008403406,0.8964749676272562,0.7726257064237638,0.7769709702512521,0.8220995775032464,0.8157425175044322,0.7526406097000229,0.8546273848787261,0.8790140654409142,0.8959985980879308,0.8907905296662073,0.8767879391668449,0.844434820900221,0.7546713447777956,0.7165918398304141,0.819227150547698,0.806269192988687,0.8462841281982099,0.8101299139845776,0.886000524490703,0.8101787996202755,0.8346386745493517,0.8436241654183626,0.8896778232715421,0.7878540379566427,0.8118648242595585,0.9031799550664379,0.858416602788522,0.8525412604689436,0.8366915950826186,0.9104789547539132,0.8319166914201219,0.7808928501311164,0.851209808061894,0.8628835140897102,0.9357091598613373,0.805126054870435,0.8956820390352117,0.84091231086141,0.700596840005901,0.8748409247122974,0.8685156967651677,0.804773545955437,0.8002674405407569,0.8432226850594118,0.7969361808968711,0.7856950857022249,0.7014596400680548,0.6984985581318287,0.786582220976014,0.7243627543065668,0.7565921968301844,0.6924646845724144,0.8099082272826638,0.8690852951700544,0.7669137583941721,0.7961962828197355,0.863541185762491,0.7463052678342549,0.7437227253549832,0.8468060266842856,0.7018332449945403,0.7430298157015583,0.7845553181726459,0.872979903790908,0.7382698635294415,0.6767739678317138,0.7227641467912493,0.8652470237353874,0.8484627744256531,0.6769651601793475,0.8024148141140298,0.8191691565997673,0.763299792862104,0.8001784489830579,0.7144690356264612,0.7773620732383935,0.9219383099493883,0.8941801924745537,0.8647548844240583,0.7377696841390092,0.8496598112294619,0.9007094195263272,0.661713026309425,0.8245384692085067,0.753532325097607,0.7793630043588682,0.7611106643651762,0.7301639691803966,0.8383004004522343,0.8303088169383687,0.7734827513186888,0.7651841867370948,0.6891413583375723,0.7652902327196579,0.8544403664038672,0.8607923783180209,0.9220635071472677,0.8307831214864304,0.7838136376756263,0.6612748283292453,0.7705898365900697,0.8000559661293262,0.7467110484535804,0.8299769322350005,0.8025158051283982,0.7445818117075662,0.8030527595418261,0.745428191524279,0.7920950221723801,0.8944090223013976,0.7409165436801488,0.858024684052712,0.7067176790180913,0.8346306519327473,0.7951684812782835,0.8040992776353263,0.7058701288290219,0.7114068155520488,0.6404104419602352,0.799620388582206,0.7808235433533706,0.7450443543312382,0.7960088385712231,0.8910269766955341,0.8104298859582022,0.8302241686365183,0.7831686806828227,0.7932617561967664,0.8755945684022365,0.7958903292931708,0.8725051819951543,0.8996738928962633,0.8740263506960425,0.7144412240990881,0.8178871044354475,0.577020310448512,0.8206681927389144,0.7626209088922621,0.7848050371702769,0.8358934275810845,0.8714742737982338,0.8272837564834447,0.7953624653916768,0.8215088912851759,0.8424272952519551,0.7986309601574141,0.6961538704583505,0.8087575510102586,0.8807970776946167,0.875329618368664
0.8032178980843672,0.8693694274281861,0.8177469081278721,0.7832759655414625,0.6590360648015031,0.8531791671111506,0.7405402388377986,0.0,0.7949843019576026,0.8395709957133398,0.7814793411864914,0.8417988418377157,0.8652012845131215,0.7214814656085236,0.7628587518776867,0.7929312536912803,0.7920318043522394,0.7845694108729615,0.8313429551134492,0.7799881306956492,0.7851782039255267,0.8028206399155228,0.7809498680176572,0.7637381231772976,0.873131153823699,0.7158910652891305,0.8180738680346277,0.8489578814241642,0.745731363089722,0.7767731019341806,0.8017182374953998,0.8358157413086489,0.8149581411694407,0.8189067181736025,0.7223946672015916,0.7620437952934085,0.8179497083472831,0.7848406188371833,0.7310931307185499,0.7831514422998042,0.7663171296057487,0.7997396011258703,0.7503801356029862,0.7168466459009943,0.9046172284866888,0.8285771617703478,0.7366531235169169,0.7253083967967208,0.7635244430189868,0.7311338863518417,0.7728796596641543,0.7757217709200341,0.7048844540490407,0.8019936741134671,0.7663459786262112,0.821052276002994,0.7721023730330618,0.8338243321969729,0.7115691172792267,0.8029171140442546,0.8889460062684729,0.7055559626241141,0.7842908510969143,0.6482132377090736,0.676433191305041,0.7518322489378094,0.7991594879961148,0.7587836381621527,0.7658197912985376,0.9335131830692195,0.7698028568016024,0.6628667921934468,0.7142614221372965,0.8320055834708991,0.8821097168050824,0.7434972853408934,0.7518758162115627,0.6990892148591086,0.8159742062316039,0.61905290879126,0.741465383435742,0.7802109215587925,0.7976866692731917,0.8384984246768789,0.7577116022791396,0.8986574927340453,0.8772643548687422,0.717091250279064,0.8761048381243355,0.8242909074219532,0.74285404510736,0.7746674752255451,0.7365139649853807,0.7426656983820146,0.7223547772905724,0.8150390380358201,0.7608307062099919,0.8339616312970892,0.6184956349771004,0.8440920850734877,0.6815777815404477,0.8336837708898424,0.7000580978267669,0.7926984164395424,0.7783898468664434,0.8062488384581007,0.7879944458639943,0.8461075946644059,0.7851073857160483,0.7956340223787015,0.7647060188953113,0.6824691862973544,0.791616814181222,0.8294383607227224,0.7779880737462777,0.8326964801327748,0.8015354354182168,0.7245530432641825,0.7401260923211677,0.7494361139051042,0.6453821235165362,0.8287451109090652,0.7426638758834028,0.79285369833988,0.6313770713274355,0.8315686191801971,0.7095342964624534,0.8239699284687158,0.8156459105693197,0.722950108326823,0.8544460331527399,0.7693323235982354,0.7549430205336921,0.7225160653335911,0.7486693374539115,0.6376423492363863,0.7800004592292388,0.7152088902075653,0.8031593057385576,0.7898542613769794,0.7576920169485116,0.7381397674388585,0.8124395151366932,0.7284060367561866,0.7373849974145764,0.745920546783955,0.7828660646196487,0.7693966736060631,0.8530695719855359,0.6472033691473995,0.7701062767292537,0.7332813652261241,0.7540592514927217,0.7785443182145375,0.8522319125333678,0.8423251132784996,0.8122799240737694,0.8075065863227145,0.6999807293277499,0.7105955814857068,0.722545853544981,0.7305619029743775,0.8742222300036608,0.7238262477070272
0.8962264977098623,0.8459404480209802,0.6876671539918667,0.6830129242398122,0.7358989239533725,0.6981996520114802,0.7824386127172567,0.7949843019576026,0.0,0.6912801547509391,0.7577553025762567,0.7869094820585247,0.7345260282131115,0.7728746941589872,0.8687783300445913,0.6822150346350148,0.6751760487085454,0.8474821092069481,0.7854544841043739,0.8665553649819089,0.7271650266007863,0.8432546080573088,0.776069804238507,0.7944412047843429,0.8095170661847513,0.658430587894288,0.7756178852396175,0.6957565820738579,0.6973145976122339,0.801698090285169,0.9184949983964155,0.7268668882029701,0.7666793343724968,0.7142839425221134,0.8689887129593276,0.7734650953563026,0.8097405465669856,0.83276491260846,0.7974928115427452,0.7457840395462701,0.7618994905404957,0.7876818911560819,0.7694484267450301,0.7620089377864105,0.8292753063965845,0.7553124821067495,0.7379571117753811,0.735078270438446,0.81854325439184,0.7973778146766468,0.7491620870898876,0.7040109061149319,0.7311578062600987,0.7424506317030601,0.7346116124971411,0.7948840002372703,0.7982025239221933,0.7324645369929449,0.7466487376865814,0.7889106594131828,0.6962670288521149,0.6662570211224199,0.7023586482768716,0.7413899355016225,0.7910836700095093,0.6936872984048857,0.7637917271114585,0.7713633992263501,0.745593623780908,0.827908691560951,0.8320874488097189,0.7922273102875967,0.6994714872916948,0.7169151094826616,0.7240657537765517,0.7668964302703403,0.6462316717022182,0.6756630168698131,0.745910961826537,0.5742516865604026,0.6369302420861366,0.8879031951536843,0.8045314510518723,0.6854138014170366,0.7198783860848893,0.882560123164419,0.7860439997732614,0.7844279371328189,0.7310922951578388,0.8717524384879013,0.7689049420107282,0.8524902670659043,0.7722256836303546,0.7574301108376165,0.7868884056223395,0.8125395905756373,0.7415540088306206,0.7449293197456106,0.7636214514660236,0.7102054942119259,0.7937201655065959,0.6842115931952454,0.6878776733353958,0.745095595991013,0.8030898453381035,0.6975313098642487,0.6209891045337008,0.7153875088028865,0.745403257510174,0.761208935477804,0.7287217016044136,0.7790976694368803,0.6930404378986768,0.7266931988684416,0.7371020410010573,0.7407029235331352,0.7251033582822173,0.7900106842508603,0.6126842226138527,0.7252609344539892,0.7683305215171962,0.6954167433478229,0.7490891485322878,0.7689694188026814,0.8286366251572804,0.740937911078601,0.637293179790637,0.7822963458549856,0.6736225889345697,0.8037342805798086,0.8071059555222867,0.6578911219800659,0.7294959508671257,0.852393258665621,0.8173326948550935,0.7712288833390275,0.8240254955007787,0.8270907341897573,0.80387889022943,0.8671741304098176,0.7324754674039818,0.7409637758360316,0.8510313237378553,0.7785089700911911,0.7768121525411441,0.787864652578768,0.8821221881292529,0.6412283025986276,0.7989422127982757,0.579796921201475,0.862009140582434,0.7422651186384888,0.8114079688527761,0.738996103936651,0.7411388216486716,0.8941711313532819,0.7920444250332991,0.6805906784913509,0.7716697839936422,0.6381733161406999,0.6142336561180922,0.8393578576791212,0.8973652137112808,0.8345469193359862
0.7402206645049684,0.8645256176858033,0.8608886319608422,0.7439618493625784,0.6624384680494586,0.849471515443367,0.7752429725194568,0.8395709957133398,0.6912801547509391,0.0,0.7645984225185039,0.817289763606444,0.8460745705392033,0.7140612042632339,0.7151931209545335,0.7944938828703645,0.792090583748753,0.7443055819706362,0.766284844895377,0.7008164936460312,0.7562949615199653,0.7793059892580785,0.7979939348511849,0.7351517114597643,0.9012384185084612,0.6903261400673953,0.7846896007994634,0.8018489533376099,0.8538149772358938,0.7554623703532974,0.7259436111436501,0.8539587785834021,0.7723907190226593,0.7719533879986935,0.679871480802632,0.7229401556511381,0.7930258373757266,0.7091311236069937,0.6646235743649548,0.7817837470853113,0.726178550684617,0.809674874603047,0.7108828754494566,0.7079746304997983,0.812450423750786,0.7574209722750898,0.7688474662634751,0.7275068115519927,0.7780387505740818,0.6713039773717132,0.731900618186348,0.7359198472739671,0.6625115026981163,0.7666397038664025,0.7652741383864757,0.8278669913667798,0.6886822034435103,0.7927396503829574,0.734992346346434,0.7226218944881637,0.7845965547029202,0.6617544133358999,0.7218681763389335,0.6420174844037746,0.6229706635509956,0.6768970785357021,0.7386001580934103,0.76444588968286,0.7756303045860581,0.8231179250883364,0.7022040359459638,0.633526238219833,0.6744554976978484,0.799123222753773,0.8032493663938581,0.7320087013161501,0.7249736844992273,0.7455932345375257,0.6962802946014188,0.6432387091297316,0.7700113813417281,0.6785416458353747,0.7939772639658437,0.7723982392320403,0.6876467013229773,0.787492368878508,0.754094986372876,0.686607423584395,0.8257859464447852,0.7273714479636414,0.7158037844731624,0.7399129720508142,0.7312339484915207,0.6701136776334489,0.680632940230839,0.8375496095357021,0.6420206505554086,0.8317456569977209,0.5924989272944851,0.7981820248622945,0.6480132563409101,0.7398777367998446,0.6814955135462715,0.8321147912846564,0.685660242434537,0.7609206939876982,0.7396100050444032,0.8786728275662787,0.7847719991732793,0.8152891698961394,0.755177404378917,0.6226773801141121,0.7687485425608639,0.7507724522440818,0.7034615793706613,0.7792380239867639,0.7980756112575135,0.7491408516608538,0.79971539738682,0.7185359189173531,0.6092990649255831,0.7094480355904705,0.7101128504066146,0.7726499737767041,0.5952339678801539,0.8549060346637213,0.6728520713310016,0.7573008096065065,0.8512832294327839,0.694252416280673,0.8369085936739564,0.7261693186097893,0.6376633231568738,0.6263224032137145,0.682317105737482,0.61607116210884,0.7553442996210553,0.6843918422450711,0.7737969312302723,0.7088712433328762,0.7496051683290322,0.7546185096280694,0.751113243468014,0.6825912790979097,0.7295042327254514,0.7373294052824076,0.7109407484250971,0.8059075654940603,0.9024147401102889,0.6466015627279837,0.6606572051842878,0.7512677965426778,0.6780476664031534,0.8290615178951226,0.8448457101772917,0.7445644558738385,0.7594951285345608,0.8203443664317058,0.6846968240780467,0.7155656435665069,0.8113006417663716,0.7013410664706814,0.8347727750845098,0.6653098952054415
0.8589184774621883,0.855344390869992,0.8827531736593976,0.8055802454032917,0.8821062714574791,0.8325900811334479,0.8671593923774533,0.7814793411864914,0.7577553025762567,0.7645984225185039,0.0,0.9031227682924821,0.8400750908329354,0.7552437274324612,0.8490726286351455,0.8883013164537676,0.8635165956228563,0.8109466152986363,0.8599268037699899,0.8035175064082869,0.923176358977863,0.9337728544696957,0.8187926763971756,0.908518002173039,0.8709065787697552,0.8635402607777309,0.7420337889928391,0.7731314356697357,0.8785582610063607,0.8253041042888077,0.813456593673611,0.8446461451681482,0.8393107454556012,0.7924646079966017,0.8095919128579226,0.8512733188332554,0.9132828122777643,0.8766299716420134,0.8791473488447868,0.882349935536638,0.8637294276958083,0.8445474662851843,0.8628352721140925,0.9149921117460982,0.8316744203549342,0.7714725813466148,0.7884220980000928,0.9518060428951967,0.8957597170315329,0.8266688978523594,0.8894317344161231,0.8521751889439695,0.701435779000329,0.9099976620661798,0.9183990216278707,0.7458225257711234,0.8551320302194672,0.9174141974427992,0.753265908064455,0.7946690800215515,0.7935452680534267,0.6995223524995035,0.8508213970016935,0.7364193380807992,0.7415076622614344,0.7239026271375302,0.7962380330938715,0.8428090435743852,0.793988034649972,0.8539155268303096,0.8673816075120017,0.7325546515674912,0.7615614875917637,0.8812787629085302,0.8019636396843363,0.7049776891603413,0.8526685009693803,0.8717029309765464,0.7742951848369944,0.7383991935002159,0.7736859493288784,0.8217231289813318,0.8433852930435849,0.7717321190365615,0.8382087001220195,0.8509659332491262,0.842710405731996,0.7391505874773341,0.6913188009598298,0.7526735876402857,0.9065197488740977,0.7703951025905126,0.8964495692540435,0.7705186677300462,0.8364309140921741,0.8665260635897697,0.7182480959755863,0.7659765740046135,0.7190281262573694,0.7256520519295759,0.7806663226728895,0.8102672164458479,0.7407598562089088,0.7764152113642453,0.783263523614118,0.7916439919165654,0.7503636669472208,0.7902880013228083,0.8148767705545767,0.8976772070745587,0.921961436463101,0.8354365508149195,0.7956015136604709,0.7608137364785748,0.7857740413285926,0.820168838227124,0.7343707908327767,0.8681833451591342,0.8400944710617179,0.7139287527994523,0.8438198769199092,0.7482368159139159,0.8388284575402489,0.8903810615309075,0.7477017806400822,0.8952832680174988,0.6868862877365749,0.8628440533134791,0.8459342905927458,0.795981355409318,0.7025342730783066,0.8330071880807419,0.746539005654124,0.8283776037698262,0.86149019531258,0.7611243644809982,0.8201154414507139,0.844822288575808,0.8415596613532692,0.8504371476152779,0.752691601361155,0.8664082346633548,0.8089376871877023,0.8228758509720254,0.9385254392082036,0.788452090080083,0.8783828383887476,0.7325660424847289,0.8452670354287568,0.6776584136301589,0.8335750834267682,0.7554661577188201,0.8647347238111426,0.7843775966013563,0.8736935174353737,0.8509188507173209,0.8804540602222615,0.8267396978169747,0.788351168707938,0.8135172120162494,0.6730202261585171,0.7953448200692723,0.8385553268763992,0.9230178554236856
0.8214703906660661,0.9073679415290957,0.8680265613003258,0.82417315589904,0.8338616972874515,0.8636677732586703,0.8827758559587916,0.8417988418377157,0.7869094820585247,0.817289763606444,0.9031227682924821,0.0,0.795400392952025,0.6884524614770813,0.8477323936370763,0.8362963270803767,0.81719777284578,0.7595581420197826,0.901288693921816,0.7704564619944692,0.8989913051838955,0.8934609483788931,0.8601075018257822,0.9001531423040432,0.91599871849193,0.8028272666975058,0.7510018270955668,0.7644901608426142,0.8552607606284155,0.8564334360784155,0.8522491999288424,0.8174226477878954,0.8700454764168988,0.8488279799726635,0.7820155534897566,0.8353970810930993,0.869177621442814,0.8064321400428016,0.8624029651633991,0.8398824606271517,0.8719662518628104,0.8758567061174084,0.8061267819496821,0.8753001491963008,0.8524370264894787,0.7713902043739408,0.8043837077840221,0.862184515016274,0.8590011489830043,0.7683072796039357,0.8413742810380663,0.8439588421250495,0.674288614275723,0.8952079658901666,0.8649893619047683,0.8218020593192045,0.8005523368717916,0.9407133585308664,0.7018695741421728,0.775593097449083,0.7624413413246748,0.6634309526099832,0.7921217312509125,0.6869155424073825,0.694726368757765,0.675327344523742,0.7531414752833865,0.7974765662141936,0.7158229421272816,0.845992572795401,0.812231725511429,0.6765210564901964,0.6904307201626132,0.8336022134158454,0.7805092307387194,0.6921174177772189,0.7767352321107933,0.853536298476454,0.7701393301185441,0.6838125342093268,0.7480313539700392,0.8243958413912614,0.8750651906944317,0.730439110584137,0.7866096616784889,0.8847392022437661,0.8091081170966931,0.6933059158797102,0.7246940897709856,0.8253721071357186,0.8561657205186034,0.8377771690011074,0.8381749823875794,0.724613611003249,0.7568834029574135,0.9202524027571999,0.6962998391613623,0.8632892849015533,0.6807573305665681,0.7461504491843792,0.7234033022845754,0.7701333636321952,0.7500726965757855,0.8637775325862881,0.7433052889450026,0.7884635769223186,0.7286486913824338,0.8451845881414173,0.8041982366800852,0.9048510951425534,0.9187061918484614,0.7733850647053117,0.7462334846909181,0.7322545112481511,0.7474713987012128,0.8378800746245483,0.7583217260292675,0.8167928811301011,0.8154111456081634,0.7212430614051688,0.7608033945936844,0.7611547730505881,0.7971476958277975,0.8855767498363359,0.6889307079014747,0.9135455159787984,0.667244898758422,0.8801192583359452,0.8612124646562078,0.7329101169123495,0.7742729129067982,0.780891084746541,0.6600504662811756,0.8078929552594318,0.8147643099460192,0.6923603846655647,0.8356823927127933,0.80766360569895,0.8159644046726329,0.857889230067928,0.7471464491103179,0.7950184867381686,0.8285123924955088,0.7797150411830613,0.8724852194511501,0.8035073172372826,0.904550868375562,0.7434039244759777,0.8840261144542297,0.6649751642603048,0.8115460457858941,0.7522702703834193,0.8173678389834937,0.8190452982206861,0.9568330776654357,0.8304022698733153,0.8186902006980095,0.8721238503200175,0.7552925549797856,0.7305716730940928,0.6609540649544958,0.7751515180343918,0.9010577329180824,0.8569879955239983
