0,1,2,3,4,5,6,7,8,9,10,11,12,13,14,15,16,17,18,19,20,21,22,23,24,25,26,27,28,29,30,31,32,33,34,35,36,37,38,39,40,41,42,43,44,45,46,47,48,49,50,51,52,53,54,55,56,57,58,59,60,61,62,63,64,65,66,67,68,69,70,71,72,73,74,75,76,77,78,79,80,81,82,83,84,85,86,87,88,89,90,91,92,93,94,95,96,97,98,99,100,101,102,103,104,105,106,107,108,109,110,111,112,113,114,115,116,117,118,119,120,121,122,123,124,125,126,127,128,129,130,131,132,133,134,135,136,137,138,139,140,141,142,143,144,145,146,147,148,149,150,151,152,153,154,155,156,157,158,159,160,161,162,163
0.0,0.29608740616014073,0.2628339174204255,0.26875522520551853,0.23722726185010937,0.2941379362565521,0.2634728538721467,0.2690394118160711,0.31982497482491734,0.2703891870658451,0.3176483761031521,0.2687546120016083,0.40053947203325685,0.2680228205369947,0.2875992331815628,0.30269582415374385,0.29996170510692843,0.4139408447293564,0.29692779922167006,0.4511655539347868,0.29920888586839234,0.29914352472228445,0.25415060615311696,0.28809581235437226,0.37676973023961186,0.24809433499780628,0.2340864505128166,0.291825490211982,0.2385938776128472,0.24672921195893913,0.3083330146653276,0.3308970000118531,0.2790051283649183,0.2655585359074713,0.3737028154143923,0.2607060362817494,0.3577462381884167,0.3255556230164196,0.23080308592570492,0.3231744103790646,0.265966149913769,0.2877766839409921,0.2954664060109513,0.33815104651645905,0.30178230036111947,0.34565424018926927,0.24487150852494036,0.2866442441431736,0.3463969254676529,0.3356650275872786,0.31212673943750313,0.31762701036965635,0.2433166020440949,0.2688775638387,0.2649432745354458,0.2926398522233569,0.409828893969393,0.2725995504791581,0.2890407805640133,0.3114012802097512,0.2677320400593346,0.2302996008331462,0.29945534749981767,0.2376225701818781,0.29039802341697624,0.3437020954695298,0.31710084625735635,0.31438302197619994,0.27138162794082815,0.3147090119813249,0.40084010013295507,0.2969961462007278,0.3198417552731048,0.3119060734362889,0.3128114862101639,0.3275363336297315,0.2426800751557591,0.23734072982135934,0.28065432913065125,0.22612889867019476,0.2862598215709875,0.317219653531531,0.28274278863376556,0.30119443875206586,0.3045438939746977,0.36386787568381196,0.2883037615819974,0.3000019265023685,0.3210592743896887,0.2884432532836093,0.32230335392841486,0.28031873144568786,0.29202622065563555,0.36043379752813026,0.29905501894063424,0.2952828668638223,0.2217034174732227,0.2774278072120777,0.22597154817454385,0.327709439333092,0.2771339696993292,0.24389378475941587,0.26133915911050576,0.26399712115472285,0.3218891398214353,0.3063462456138197,0.2748309891397114,0.2980256934237256,0.29788842252786174,0.28939080613684875,0.30643426727830814,0.31562271970242767,0.3191248996932541,0.2515985430874369,0.3113614220419753,0.31206533687936633,0.31166970914705133,0.30823053802129746,0.27347674370787817,0.24676143096827152,0.29015116212381975,0.22314776094134098,0.299005126768633,0.3503150674650355,0.2744981183191798,0.2829016864214524,0.23025376135483352,0.2311371242414835,0.25986437938508794,0.32626648022834903,0.25431320580836475,0.2732092546180368,0.264307711355138,0.3018937746703705,0.3048994586929249,0.292223136152942,0.31730279041764475,0.3098476118284287,0.286450174711712,0.31321879371434785,0.27540442694604433,0.2813094123940619,0.30277666428442146,0.24709219421070608,0.32371939244064063,0.3110621697935753,0.2743038065264587,0.24303515835469133,0.3256126651121112,0.18860875656923984,0.3861174159598373,0.265747429975765,0.3064034061374521,0.2225034367152464,0.31993810515557797,0.37014281307420344,0.30086219236658646,0.2964050740570346,0.305347601327398,0.2913979881608487,0.23930926107995437,0.3571636737141472,0.22238885806462655,0.40488359757321735
0.29608740616014073,0.0,0.29796546313354516,0.29642163070609623,0.21686212631470725,0.3470549697733413,0.2905763119276603,0.3164757693881421,0.28076317315979726,0.3730721538830186,0.2736568422315814,0.30814361775269217,0.29994702521603916,0.31794304528397677,0.29038622289773774,0.2780559831128668,0.28862589205841127,0.2813012052493191,0.29619774692542994,0.30718302368863604,0.28841327923298044,0.3649373654521182,0.25204467126995744,0.2870453984087908,0.3367439903745645,0.22057060092047379,0.23328103593745586,0.27619823935059573,0.3468017095000366,0.22839038382579172,0.3188736725936906,0.3185101600734718,0.34864103787724793,0.24822861950035843,0.2942640488609775,0.2698539340344287,0.27251482318098436,0.28942948011850383,0.2720452186211302,0.3074205590248879,0.30685177942115544,0.318224941767868,0.21734711603524,0.2761235436913242,0.33323112558447565,0.268805030480019,0.2506859358944811,0.22692296197521578,0.2999185015181657,0.2716312094015205,0.27960991610914365,0.28114846949183014,0.2851990253275766,0.3502611231185817,0.29469792805858874,0.33434657738808804,0.2995969845302817,0.2550378706818585,0.3130531513429125,0.31202954944127353,0.3021154414479455,0.21442634918101716,0.24118320730089632,0.22972413365294153,0.25628452228680837,0.26611036169278557,0.28811789360790097,0.26668765947518647,0.2386380511756544,0.28632262291444555,0.30108045460132843,0.2822901743033357,0.24610952068668096,0.3077901765886795,0.3190724297623369,0.27518709047314477,0.2504048463384976,0.2879755350053338,0.23803971415343944,0.21930347994839375,0.27058844928962295,0.2777429258215172,0.34455632522361784,0.26010547037232107,0.26234843345519016,0.3831416215023257,0.2381399788188427,0.24237292102521174,0.2680209312144018,0.31973445847909643,0.23989292899137463,0.29605031901368245,0.29233241531004345,0.3035077983818038,0.30561454280064493,0.36117230181085197,0.254992756210448,0.3040856341252692,0.22086117050927,0.30732111617599484,0.27531914869316343,0.2275288350004414,0.20625441104352712,0.2793573671512672,0.2607406993971099,0.2602278450275906,0.251084850391081,0.32208964262772755,0.2905589943346306,0.32478235235719494,0.28869591673892303,0.2420884884799825,0.26944619654453045,0.24520826546646957,0.2756143821256563,0.3470333426572165,0.2879211163284078,0.24374870979134952,0.28112042748651994,0.24749562351084495,0.26545052324274093,0.22405225767441445,0.2613038856032547,0.3384866135446401,0.2517753850711719,0.3584286299773844,0.2518638943944223,0.28319537872110967,0.3210748070496303,0.2830758482236156,0.3054836505253672,0.27809227909942924,0.23870846056574355,0.30832412765458916,0.276415986543973,0.25907725082696204,0.27196704018075313,0.27792639146147724,0.27310514782737133,0.26329819274402755,0.2820861152808,0.319561607977775,0.3525456579887154,0.2618832795285262,0.30450107381309244,0.24821562809876874,0.30233967345924706,0.2733981949808623,0.35433189493106765,0.20783379509407401,0.25479315899677396,0.3040859290873213,0.26005153039911666,0.2849495150282218,0.29456187438436243,0.3089463321179154,0.2785019729981108,0.3131121246126395,0.27883761103145227,0.2584666946466244,0.27145896705151723,0.3105532868414578,0.2348985450569636,0.2760887526122522
0.2628339174204255,0.29796546313354516,0.0,0.2865812884832369,0.24797719823496567,0.3143545850701995,0.2511564615326578,0.29474041454221545,0.23752561798864394,0.3491721262721744,0.31073853003560664,0.30068725168537946,0.312037381101501,0.22517328785866544,0.2685390381453136,0.37770793395016344,0.3271312434402727,0.27513919776304563,0.2582477806645927,0.23857721043793537,0.3381884454543613,0.37789456890753803,0.22290707816240796,0.2670162551262833,0.2888420787616796,0.2659609263399448,0.22819465862345323,0.2617065112280893,0.2535087222959586,0.24955763506964865,0.2467228109914989,0.31249544208468766,0.266572854279629,0.22642644206743331,0.22140187863199512,0.24349862608898795,0.2721584185497366,0.26438294046935584,0.2431699366540008,0.287486547808411,0.2536173193990581,0.30066538041708407,0.24396454699724146,0.26513158383891056,0.28333100753434115,0.26859462836567455,0.2354896111994462,0.26005787650497064,0.2673850918844348,0.25191038595355786,0.2909058432918765,0.3025305079770199,0.19687034576343015,0.3167229438755142,0.2750296731015871,0.23257427846694795,0.26554830613226116,0.31861547180957195,0.25513673979250423,0.2503189625627531,0.24882452923443396,0.20474894827255327,0.2915668407211272,0.2007816796846582,0.21852382696781913,0.2531828131514104,0.24654139561794694,0.2848872952976913,0.2659102422791981,0.2974841581697219,0.29112260942608953,0.2122224061096768,0.23405208325741894,0.3940561918038723,0.31927640813127117,0.19944381087682125,0.29828133341624025,0.27717075080359294,0.21669954902312025,0.19322127162861563,0.2574347144690571,0.2640189597626429,0.29646839895029653,0.2404204981045455,0.23836170339347726,0.3146902608875221,0.21830640131321566,0.21378758499089337,0.24808867347203772,0.2222699592813651,0.2799643821322488,0.2164501348584347,0.2577133044901046,0.21545453738312623,0.24889990611887663,0.2725776050405079,0.20794063078199382,0.25808606757069974,0.17828398423676942,0.2755928858569829,0.1945545841770355,0.25312930750020673,0.20661526075912087,0.2737930364473721,0.23675844408011973,0.31266417072389513,0.26633856225268593,0.265753851922266,0.2556857545504597,0.28355909486555236,0.28183331830357605,0.21632682210888182,0.241565360656991,0.2333690047247158,0.2315646945203477,0.3247470381719366,0.224592744847144,0.286881566549081,0.2936709052717223,0.22764428062240666,0.25827970354216084,0.2110649228289321,0.20118250469859347,0.31161772960638406,0.17654578060436663,0.32607463817548554,0.22190478216729972,0.2687159931509985,0.2895223197429417,0.25333146399495937,0.2510848305358691,0.38952087661039064,0.19848178592355037,0.21800887488499848,0.25177374730992563,0.20438087949518394,0.21584850712825102,0.2323744728497772,0.2606118336404664,0.2472529361600043,0.22482349313337552,0.2543593537291986,0.2518976274785429,0.23321181371664565,0.25563896452578566,0.21890659512704555,0.2987662538907601,0.2664501078869828,0.3051121272610783,0.19401407730859824,0.22223306196092724,0.21012968202941124,0.2554715227228625,0.2858224105426736,0.31044811529842953,0.26086010776304686,0.27388316036179045,0.355188353837955,0.19365240662330685,0.25033098811421084,0.25436194379751864,0.2049295453815285,0.21273524532983853,0.2776907462365893
0.26875522520551853,0.29642163070609623,0.2865812884832369,0.0,0.2374647076074191,0.2554407527110775,0.3101873087360917,0.30771396041685284,0.2590328883233568,0.2892086407050152,0.2973055646893538,0.2830562379990346,0.28590641865819544,0.29009045591354354,0.32368319120092365,0.2780333637992272,0.31288257834244465,0.31693967851852495,0.3021959313462769,0.26284584878646616,0.34435769549858586,0.28841527537953043,0.2818962838465983,0.247833487894399,0.29034391924218117,0.29032154966397516,0.2975270459479452,0.29142341298779717,0.25261348381641463,0.2216663497926046,0.28562467327331426,0.29798207993182163,0.3840550964909969,0.278997707880673,0.2647487323168342,0.31679741233734643,0.275644159050977,0.33501340377395555,0.31241559246348793,0.3602009839780338,0.3085548874231665,0.289363179798036,0.2695965976318542,0.27777361669824896,0.3091646843407655,0.3318682732831353,0.2029873100852806,0.2393413340107787,0.31211325173669763,0.3110651558792514,0.4082953489525634,0.29719032292815756,0.28900279643189974,0.3958199577990713,0.3316024312862941,0.2502519259018076,0.36190350158828133,0.2973925577090703,0.33645604538729146,0.3558463796703723,0.3276158518119122,0.2637597506150785,0.30311473688976415,0.23865453607507833,0.3193224020300839,0.33745089988835736,0.3821825841226922,0.24462682417593842,0.3031098263586106,0.30291004668240207,0.30376004771786075,0.2793051981934258,0.29426536475841447,0.4637420267872337,0.3426151019658415,0.2435116615819187,0.38790040396841147,0.30487502884167994,0.29081836260721805,0.2021525877283934,0.2645600155387601,0.3831106191434888,0.25866780127632805,0.2703214744417972,0.372246212391426,0.3125857739577573,0.2908814538737704,0.33137947555428743,0.3070102516008125,0.2703055618051041,0.3156453606541735,0.289732415434154,0.2887367188276454,0.2835572480921319,0.37622471080343756,0.2515612718036321,0.26540122435756425,0.27263873394903326,0.2468823223955252,0.33605271499375766,0.26982553107752844,0.33121972319542475,0.30771815758793364,0.24880242116377504,0.32343829106160193,0.29222951100886335,0.3389126553171029,0.25980586882606244,0.31054300119826134,0.24522041378994353,0.328387295698272,0.3135477275007188,0.3284633666247472,0.3617339597170732,0.3065319251669257,0.28107237129922635,0.28059207821627663,0.2566007209493515,0.27106740792719597,0.29421653751666554,0.29574673440607796,0.3153527164655052,0.24482831169279665,0.3196658383058293,0.2258355587820018,0.28156696987798924,0.315906907112767,0.2802554430584237,0.2982505990671587,0.3565369413125363,0.24444881125697102,0.34014593681425226,0.2895538617150589,0.30841672838890133,0.29274249353433845,0.23223406257099283,0.19222392635304703,0.30729970761956715,0.30898286104435246,0.3286213690396454,0.29968064313375087,0.29058282863076484,0.3884122776693478,0.32581901240477973,0.29939707709132085,0.266079119601238,0.29709605433021385,0.2865593590628735,0.2562085407742518,0.2090015000778235,0.3130149285527747,0.296334610703163,0.3343839276859137,0.2589270652332432,0.32831080677977104,0.3155295895143316,0.27569854275546163,0.288817848808121,0.2942361720009861,0.3068236120985717,0.2941001609795759,0.2607114148140111,0.31637202582194346,0.28873660811543767
0.23722726185010937,0.21686212631470725,0.24797719823496567,0.2374647076074191,0.0,0.19529418582089733,0.30280112205162696,0.20067893726526115,0.22578280465490408,0.22464755396386155,0.2449508319832008,0.23235394001519066,0.20977012480863444,0.21607821988886633,0.26906664807104097,0.24918467957643303,0.247536558875689,0.2632875893724183,0.21169281598180123,0.2143585628489582,0.2647859469797522,0.2593893075799682,0.26195315091987514,0.237448520516599,0.2243549781407508,0.22237613097980938,0.22966784809799484,0.19442014268052382,0.20426022975929087,0.26469385069345247,0.2403462503909531,0.21660635593532437,0.23309563184352855,0.19655201570840397,0.2566444751765036,0.2491218221309188,0.2299892525067926,0.24361849119504594,0.25358073549219556,0.24750474951243726,0.2554132631614687,0.2685505671740208,0.24857360111448548,0.27628457657010747,0.20413130800193244,0.23032229120723954,0.25487637830264853,0.2354857998420307,0.2782489058066591,0.2657542534146835,0.2659972561253698,0.2250023107590267,0.21416221850720465,0.2282618608718433,0.23164932007702918,0.20239118027180003,0.2301544072322632,0.2820672891435886,0.2383425622052082,0.23704863299445492,0.1744184284985832,0.20191770706230855,0.21333937339072925,0.23201940450950118,0.23954606145242843,0.1886415736573623,0.20937154297728083,0.23260671400273275,0.22427409024203365,0.2303086951442817,0.2507475397601452,0.23012823563312548,0.197287217779305,0.2479531681430272,0.20870644624404852,0.19170365383712373,0.23845453505933223,0.34405545710268814,0.19760016469258662,0.1855994293554401,0.2167017868972403,0.25397461653115433,0.2566108546788121,0.178248036704412,0.22478046094186802,0.22399048512707048,0.197233983152092,0.23577040841204094,0.20295892294164022,0.1988761635519102,0.34803355192339314,0.26270236187796686,0.3005124004394584,0.1891054620031221,0.24786241192621192,0.21989219705357135,0.17066237670691617,0.2098025523494257,0.22385633544877725,0.20219581297041966,0.20486454088179204,0.21188097282392707,0.23427753992214265,0.22800385392753655,0.21857047075060826,0.23431581288023431,0.20967386901353774,0.2230309377950916,0.27164561778182805,0.21943171557842264,0.24822174441361655,0.2631420885938188,0.19131092842515873,0.24282534204903528,0.20046562935329207,0.22346192811521362,0.1969116198654483,0.25720087118265983,0.20672611980507696,0.2232878075364262,0.33678190714075595,0.21010819990681864,0.1847351432787354,0.27621639285764893,0.2046900110008719,0.21690009831737928,0.21315535799753768,0.23880292841351874,0.20185899529665416,0.24496558731529697,0.2121801426314534,0.23783388943881162,0.17753613206624577,0.2227532918285983,0.21373809718954098,0.23203797071665852,0.20187271544424681,0.27275131492302024,0.22862664048886006,0.28889758082160377,0.1924459374174803,0.23985161560920412,0.2612934944073568,0.24708612066445285,0.25447216344710766,0.2296537810550593,0.2764592006846955,0.24134256490676745,0.2183053175559665,0.18286210672790082,0.2106795368117629,0.21706046954027225,0.27404624897850827,0.26397484385094505,0.25581257230191556,0.23448531990565882,0.19698180217608088,0.2549183730256543,0.21074964968022242,0.21456374222072244,0.2046449912684119,0.2067306090978636,0.23472801091969567,0.29423919107378516
0.2941379362565521,0.3470549697733413,0.3143545850701995,0.2554407527110775,0.19529418582089733,0.0,0.22247296263519145,0.2835899988799209,0.2502190509784107,0.2721775778070135,0.2985740127210956,0.2814005707841706,0.3798831306274842,0.22527925701233553,0.2558880245650369,0.31991315586089636,0.288447684193001,0.22104684518053264,0.2587506469376345,0.28657455538587173,0.2905925621833096,0.3120913683459951,0.1858921919703206,0.24199767478425588,0.2936231423640553,0.22059873650253312,0.20260027020281746,0.24808666771298338,0.2518235050164118,0.22895688404593711,0.273903424881734,0.3663119069751097,0.28928241345677574,0.22617079386731664,0.23640317819843026,0.22792812282582595,0.30456468696002176,0.248506075590238,0.24914796958542476,0.23714397108867924,0.23910839612437196,0.28798044613775176,0.22896766647215866,0.2828965873638717,0.26238389600542394,0.24503703548123174,0.22083006294899568,0.2581380206424283,0.22044458545442058,0.25400299377374663,0.27466511144755484,0.2872449427625053,0.21719065029604717,0.2912724041248867,0.2491275220169706,0.3117714982086605,0.2691269116659071,0.2992999216279723,0.2193081298097591,0.24451664850575977,0.35005681951235207,0.23485695994726866,0.2782806335774932,0.1837785074149572,0.22190545220783683,0.2589915053672462,0.2808699212805354,0.30305711493359316,0.2108166040027432,0.2623960138838015,0.30813485128383467,0.20822690094168617,0.25891350123426576,0.30031841978833207,0.3368504195451204,0.2399011972876572,0.2705419410562995,0.24452331068095054,0.21520314236318713,0.2775143867744186,0.33232036816686944,0.25478925187823637,0.28954296635946314,0.28776789499195116,0.24256481263855523,0.29041475720008314,0.28308029409925295,0.2220404608955846,0.2723900560932189,0.27180819169270504,0.23831422978592154,0.24481446800487566,0.2612817259069431,0.25922464129634265,0.23420075144591562,0.3104913365399997,0.24845745950657902,0.26367480595859527,0.18814673525498116,0.2724653887273278,0.2323838063518812,0.22985205218616164,0.19363404674743642,0.21873058077882018,0.25198723150131497,0.29971389675034593,0.2818999666799848,0.2614860980340925,0.23473052131630875,0.3084691515846372,0.26678857574726156,0.2096272817180801,0.33396427134386913,0.2488203598148454,0.2336540700806545,0.3026612206956244,0.25624746977728674,0.21983723158435822,0.30977818975373445,0.22567726857654394,0.23312186611646737,0.22277401329357668,0.2578342506263735,0.3119022555422402,0.2410497668229767,0.30486836748697427,0.2500377999191462,0.25173880262064185,0.25657860618058337,0.22731895148547715,0.27332288982557373,0.38002475597902496,0.25720957789030113,0.25924164907126446,0.27724077763920163,0.23711790737662894,0.26278375967165,0.21282178659832035,0.2150214605942113,0.23711727664067137,0.2501874451912676,0.29317786937014156,0.25554923530060214,0.23639780416606884,0.2766839873934597,0.21367495132474057,0.2990518523227688,0.2799361697502379,0.2693163234553363,0.19815999682834287,0.24202527293685175,0.23383893885871604,0.21500433017765422,0.23164866282078914,0.27912441753021855,0.29418485100882213,0.2899149696889625,0.3292571694921712,0.22566690332136524,0.2736581824150615,0.2258384001917148,0.27010413234553476,0.2123236072781616,0.26811621041195677
0.2634728538721467,0.2905763119276603,0.2511564615326578,0.3101873087360917,0.30280112205162696,0.22247296263519145,0.0,0.23202474710426793,0.2506951384536502,0.28113964298562283,0.2629353919398831,0.2950727153270704,0.2577226943692067,0.26529568463269804,0.3616007364145157,0.24264358303865696,0.25828690464410436,0.2919901879271251,0.2581317088295206,0.22632323960364317,0.28579250825938607,0.31127817257128604,0.3463074149205384,0.29551487813803917,0.28002262079258694,0.25249022770289165,0.25653939675389315,0.2239786548977298,0.26058279433865145,0.2591193727392036,0.28034532050804717,0.26677708560941876,0.3252365418831812,0.2514914919125297,0.24637877711214887,0.25370168803360194,0.2945083388974527,0.25677296398946486,0.29318962431657886,0.34357105733226606,0.2948975029485169,0.3044986229630216,0.27702282978545895,0.2825045518118583,0.27281891056350355,0.2839636862821257,0.27401560504131794,0.22993723683816245,0.3979707415235462,0.2561129752435273,0.3311307815736576,0.2378304768925934,0.2424360161412079,0.2950696046989883,0.3021083021798223,0.26382031251787286,0.2699211962255427,0.2624135819668517,0.32188409437766263,0.26461541394576665,0.2068334384616059,0.2238568273643327,0.22153428398402375,0.24821181660272512,0.26145379161397186,0.21830760962882112,0.28493280368725377,0.2971360096599585,0.24716061874678588,0.24598052123634637,0.3037538775101356,0.254444324872085,0.213948939366146,0.3146120810116237,0.21415012759426583,0.2417122605594994,0.32745578749684795,0.3579011426639705,0.22717912690805458,0.2039605838849368,0.25009529757009646,0.3068058741489634,0.30610766206057954,0.19260359230669186,0.25267491304536205,0.268273775205453,0.2190909658063271,0.2768055226328643,0.2522846821218486,0.25462553284341366,0.31140587054159796,0.3476881574906615,0.3030989503158688,0.23494793527019317,0.2985654743530038,0.2948794520825536,0.20167234119907174,0.26656405841730874,0.24748335125089263,0.2656808581198125,0.2546247340014463,0.2609224742386946,0.2600690507816431,0.2697166918839506,0.23466252238273752,0.2728979215787125,0.23240401429650215,0.25596076226282716,0.3408474135232078,0.2748077549637496,0.32345966229463086,0.2709024917239653,0.224344156145534,0.24827817022882467,0.23422827981243505,0.2618527601979674,0.23867175795728812,0.29214221086425557,0.23386266271097778,0.23413758264334866,0.296003831865474,0.22243690398927088,0.21087094435353257,0.35001012838379586,0.22143858731970886,0.2815414096507448,0.23133418923240484,0.30653048642074815,0.22863203371868457,0.3011814477111099,0.23020529699190323,0.23546636019411155,0.20514700402501973,0.24167476142699168,0.2269245792832147,0.25982920459316167,0.23563861640520306,0.3114628715045184,0.2723649366371727,0.31601769728137785,0.25064636203225327,0.26377236189977044,0.3306466047085204,0.25966677162095786,0.29526487621415637,0.2964666457903758,0.3080405191801734,0.31157158556237136,0.2534378369593079,0.1866827846638953,0.24303284018357765,0.27967825809347474,0.27705862195961617,0.3294756650118584,0.31585864301623817,0.29692579198200053,0.2635604522240291,0.2989406843688512,0.27232593441130537,0.27335509580344347,0.2606858497580422,0.24139910965360686,0.2834436790759697,0.29388150405096425
0.2690394118160711,0.3164757693881421,0.29474041454221545,0.30771396041685284,0.20067893726526115,0.2835899988799209,0.23202474710426793,0.0,0.28995062851997055,0.31008030861109287,0.25102934636721275,0.304814546710767,0.3132975162282309,0.23422734090913602,0.2675612927158576,0.30980026270676286,0.29915683374898283,0.2749127939416069,0.2840104327580162,0.27967182268963225,0.29186170530691924,0.25181272946598715,0.23804022425575605,0.22128172105058241,0.30934229034772986,0.23456478180060078,0.2771112200298257,0.2823738136883361,0.2133576575416072,0.24135127843037021,0.3545553206866073,0.31279608611239546,0.3040410435165926,0.26019765569970205,0.25791462742143645,0.28269543033058886,0.27723716936231363,0.324470543954751,0.2625464453371594,0.27643747121786444,0.2675185918867135,0.2659418048247352,0.25946850011891986,0.24578766225970625,0.3729108715322282,0.2977461038778196,0.2269775567585034,0.2191884258758152,0.2676593280977329,0.27099569448767047,0.2782150406319156,0.262182694006333,0.228374575090208,0.27608250822716673,0.2731162297546283,0.2601529992756832,0.2882434227604813,0.3451644940016039,0.27994710455579425,0.2839835435875234,0.34298238338991793,0.2198472805716207,0.28364556232593,0.22798515831752275,0.228857470542987,0.2644219405213628,0.27544898497999554,0.23888549394667247,0.28338025544606965,0.4102017583514238,0.27048714925390377,0.256996121379225,0.24913351461310929,0.33711194181329307,0.36760259917023314,0.23477408740185948,0.2978874244497285,0.2451193726459887,0.29449945062543104,0.18226226634315987,0.2383055582179792,0.27844828999396265,0.2759373643013156,0.29184760611977817,0.2992412098178224,0.3832860193318262,0.32588264696811914,0.2659036988134983,0.3443797783839416,0.2655570659975026,0.2546163718171767,0.2682304003513772,0.25457744418290745,0.24064705896689262,0.2813684138221761,0.27965757316849543,0.26825193459747265,0.3142566982989103,0.20151702894726994,0.3303513169565795,0.22423951407906192,0.3365971000117403,0.2432441180484298,0.29335708551488127,0.30725089262494837,0.3158288277323025,0.3032052658347193,0.30462371921102027,0.2671707117112363,0.24534415759408423,0.2510720036748745,0.2544348446679279,0.2709091466665891,0.29457052326004957,0.26884311762901575,0.3059742131195368,0.28561777457833964,0.2439403522241755,0.24367038847418687,0.2555359836176725,0.24385728661339107,0.33291091071555823,0.21681143451016055,0.2810749713471693,0.20334665108444583,0.28026252010206865,0.2416637754533366,0.3147506721711051,0.28850679263044904,0.27283913203110355,0.31842435639099975,0.30535337469698903,0.2634355484976194,0.240420223269172,0.2590826625576733,0.1994256223611817,0.23207848110326634,0.25312448207596144,0.2786702988331482,0.2914545944011029,0.25206152913699176,0.24927233484595782,0.30224861169711376,0.2621011303437264,0.27056108678129126,0.2678979361440007,0.2972813518062426,0.26521580612321005,0.3081745566211732,0.20589654955489267,0.2924636530651682,0.26815951523392845,0.2587519182738442,0.25466423051886883,0.3537609605655543,0.30872134303328175,0.24070525012068236,0.31426564936234647,0.21744803562566584,0.2488727605896151,0.2436728818948023,0.2530936182373398,0.24610073951902525,0.24123602001541808
0.31982497482491734,0.28076317315979726,0.23752561798864394,0.2590328883233568,0.22578280465490408,0.2502190509784107,0.2506951384536502,0.28995062851997055,0.0,0.2517087943245533,0.23131748873545563,0.2620188831920541,0.2383213352039548,0.2793651289967943,0.2663661206377644,0.24763958481887527,0.2360275003175657,0.2917973434515826,0.24558660418613654,0.284959949616543,0.2450567859003564,0.30521541750899983,0.21565193425575319,0.2156726050576795,0.27181535905148985,0.215795511393951,0.2505562264918745,0.24400088051112157,0.210397474336268,0.2841872514015136,0.36591904574036266,0.26827559731305745,0.2746403355665541,0.2234945219491338,0.2944367483571958,0.24306931684796854,0.2452779904121473,0.3177903785278081,0.2416612406863689,0.24083766431963338,0.2288944329378871,0.30971114285217854,0.2291550730562927,0.25955012010189116,0.27233831921549817,0.24651686212743154,0.21551346401303295,0.20708140808608042,0.25815978775485215,0.26046115776939294,0.2558372040194245,0.24045459291552465,0.2426037020221617,0.25749301597854196,0.24197002176429608,0.31249343612314734,0.27571491924308766,0.26478248629552475,0.25300210138817014,0.2351817136463003,0.2248803956068085,0.23621988928786078,0.2388687030063313,0.2337995995180286,0.26856426652597576,0.24392519264433232,0.2807376606597697,0.2593588507117652,0.24146488946418715,0.29638233024620875,0.3168318645177357,0.27384281659330106,0.2759926304606586,0.25293557424730245,0.28555198405871635,0.24417535451123673,0.22487969204093655,0.22023030843775113,0.244071956800186,0.1915437097625232,0.23159964702451194,0.3712025873663523,0.3206254484557864,0.22632848802782232,0.2769473754895183,0.33236043515506725,0.2569318424167153,0.2958740506398467,0.2700200181765172,0.33865033433731695,0.28685380060851834,0.34129676635577705,0.24625100914409562,0.239082351244431,0.3230188291091395,0.3083506874123274,0.26666464835844056,0.2798168789237621,0.2659278848041829,0.2625462589502648,0.2642486425841325,0.21855793537163368,0.25829892435471785,0.24958511491217483,0.3052252720935198,0.24491194059158844,0.21381391205628333,0.2575636028646489,0.2246487106826578,0.2083140563489489,0.22936391787577515,0.281467922216948,0.2664781959704084,0.31140901336167504,0.24675619903008755,0.2736697572114635,0.2589319216845983,0.24400465968659601,0.19849855183745824,0.2876614326332546,0.26865888258521786,0.2573592048127286,0.22123411499390122,0.28477386316674563,0.30391516897805304,0.24144267343389197,0.24381625790598777,0.23625956500794593,0.22226822864140738,0.2768357417516652,0.3590670487303881,0.2795877962645419,0.24630403000093562,0.34308938546455336,0.23677144276728398,0.2369285048443785,0.23686593724187477,0.2539660640279892,0.2566498480759261,0.2908258155957559,0.2628112585987768,0.26642765232426796,0.3133621097361578,0.29992455630942855,0.25904797938668983,0.2839550990272954,0.367498879111127,0.2288334768032559,0.2727181441177519,0.19074109374707324,0.31411928039393416,0.2669939518692653,0.2514677309073344,0.23195338101240523,0.27154686987259297,0.3044982285514617,0.22417402385767535,0.2699307807646562,0.27953217582685813,0.2563281273217498,0.21166719663079184,0.2996512376517677,0.2749055143090921,0.2899233020536787
0.2703891870658451,0.3730721538830186,0.3491721262721744,0.2892086407050152,0.22464755396386155,0.2721775778070135,0.28113964298562283,0.31008030861109287,0.2517087943245533,0.0,0.2412222153344116,0.26295722314640324,0.29219953392727926,0.27082686416549395,0.2590322907565381,0.2823513691476545,0.2898158719658446,0.308976427892455,0.25903813819923727,0.2481159291915693,0.26720474213569406,0.27731980714672105,0.28245971252898955,0.23639800143663167,0.37023703673185077,0.22060639719222924,0.2528805317525354,0.2734953606525499,0.31394532830311805,0.23137180218080694,0.2952421123806817,0.3111650716424393,0.2541509470000436,0.2425195471102528,0.25707836348741847,0.2386220606340716,0.2746815652232905,0.26759211145790507,0.21805628848718936,0.2943070065255331,0.23514949973308627,0.3064205603988955,0.2324715425245171,0.2417227696240869,0.2895577895543492,0.2640585882453088,0.2342426476440039,0.21897798756946266,0.33403164784329564,0.2261619856234241,0.25833294735670587,0.2440895958266469,0.22278666684593323,0.27857469248844674,0.2790898417003847,0.2946628130904061,0.2554998590771331,0.24373146831119238,0.31341639076960054,0.2558036273873571,0.2663244563821535,0.2076498382109141,0.22274231629484775,0.21932610689113036,0.2361507761628395,0.2442090053359751,0.25901084182490824,0.2619523741562862,0.27388111124783904,0.31660801439175107,0.2565814759031173,0.2774398022558833,0.2239603387247002,0.3151684025458043,0.28748130703744673,0.2608702301606703,0.2583076519767256,0.28701214911472295,0.2235373030750026,0.21255635867610526,0.2759942235785353,0.2523262523922393,0.31670144304609166,0.25805368632323034,0.25779092843532886,0.31315260294866076,0.24225569417004364,0.2565089303553719,0.3063094716681465,0.24473779671406676,0.24070740112693612,0.258668184983088,0.26355876675376066,0.2291952844237127,0.2857741553786022,0.3096855272032946,0.200167894140884,0.2982495905644582,0.21226567749787223,0.3047105121148332,0.24045656148657116,0.2516235834586142,0.22626395408539177,0.3314284998998943,0.2354224376221907,0.26361649865266723,0.2503110249448089,0.351404076504042,0.2719571535711767,0.2746970171444743,0.25425888378183176,0.23008477068454083,0.25854408301558696,0.2753149085079729,0.23771570159649075,0.2979019801176646,0.28105211291953636,0.3007772831638695,0.2719990886166883,0.26449083290841985,0.2347901376256572,0.23328584795153104,0.2122082904271347,0.3067793047480439,0.2109903418096798,0.3269044297976379,0.23784690086721205,0.24505215271335137,0.3119380479554769,0.27991887758860207,0.3338487202180525,0.2706151855392257,0.23227796857236283,0.22223299612643554,0.2337806887078346,0.22151625172883252,0.24024968271630348,0.2587478674889234,0.28420904702408395,0.26856763582135984,0.2612195672354346,0.28581485547542695,0.29751768166935905,0.22853817085358055,0.27236364576207595,0.2579400439391355,0.23733390150024491,0.31198275307280016,0.4043728608257102,0.20554025165448103,0.22702941758425269,0.29017532397749735,0.2355595248422001,0.288375736331295,0.3092738315657326,0.2874129912970334,0.23678235616264856,0.33581790234090975,0.24693866679487866,0.2816405507075097,0.34033551623734576,0.27183778159137184,0.2653547726534738,0.242798942582112
0.3176483761031521,0.2736568422315814,0.31073853003560664,0.2973055646893538,0.2449508319832008,0.2985740127210956,0.2629353919398831,0.25102934636721275,0.23131748873545563,0.2412222153344116,0.0,0.3097619415425454,0.34247527397821403,0.24180140032578143,0.25594487313838454,0.35521451957556677,0.30899396746053176,0.2823929982081653,0.27361877219827174,0.2819194536159599,0.31959539908801815,0.34346164461778,0.23075379876796506,0.2920075489121375,0.31145109807077515,0.28552859995792956,0.24026208731472387,0.27307340083762704,0.27772773591750427,0.2422469625506547,0.2527181530530036,0.3031769149019612,0.27134385577805203,0.22926231895695018,0.26971142408363663,0.26734215824695573,0.36171394540299906,0.29151144290423775,0.3055114177529709,0.2873365451102879,0.25978303102215244,0.279224289291964,0.26676531302934275,0.35169279499627104,0.2728040121756374,0.2518928165290699,0.1931862994596477,0.3664869658012282,0.30468803704944714,0.2526839045119849,0.3069649622964774,0.26035018177745084,0.2036745978097311,0.3363938366168139,0.3283093599965225,0.22011341050005134,0.29993062255034486,0.33311275885650965,0.2673325072442729,0.258007389987244,0.295653747786889,0.19024998009974087,0.2863735276996182,0.21840616783338015,0.21183315164507618,0.25720809963318775,0.3115704408929289,0.28105277091442193,0.2730406268946043,0.28635855073946875,0.30909931679586267,0.22689122978260443,0.2795023159985106,0.34353202010673084,0.2998721457531227,0.23697929510698237,0.3405566023813054,0.26687942309210216,0.2302068366055119,0.21316377471758632,0.2690955642674825,0.2406507828313804,0.2637106792920405,0.27331880646221807,0.2446614221877415,0.27276931296053863,0.2852123370648397,0.23321118215550155,0.22638967695867374,0.2510265654260856,0.3252433973623959,0.21024698348924933,0.2981991756617686,0.27008635486122784,0.25374909371585763,0.2932568254552964,0.2099429793164892,0.21943411844588423,0.19139828418870847,0.23903622857282344,0.2624762117876019,0.2664886372205667,0.22741100151601817,0.2253754707589743,0.25208806126793,0.24549520100771935,0.24600514407832277,0.2576442002082664,0.2469740041492322,0.3245248145489884,0.3713937361360231,0.24835180639894375,0.26939588245160806,0.25547627573563414,0.247397457231886,0.2670370079269776,0.23031559016107417,0.28481037590349373,0.3081020571145548,0.22129570213190158,0.2847142283054191,0.20807136208738528,0.24581007674921296,0.3137860420657459,0.22116306587814932,0.328494751193022,0.19562036910160113,0.27638838628219214,0.2621471398048161,0.2558290436773775,0.21147561852100863,0.3141041450748302,0.27020480178822553,0.2615464477264741,0.3628638352999586,0.24050195690539866,0.25153914154508483,0.2462519083432539,0.27855084436342714,0.27457515560360823,0.2791348203819408,0.28238240578367885,0.23301889690854777,0.24682231297392507,0.36984093221010483,0.22327413759419418,0.2612331672196192,0.2404530764179775,0.25614862076971706,0.20173856261097792,0.3224961208398102,0.22891908441168296,0.32316159300053043,0.2363252328517068,0.28470411835239384,0.3250271701099154,0.30654521315437566,0.2968167797728691,0.2634625041178019,0.2531919351352522,0.22117849849679475,0.26576607188087314,0.205751454312453,0.3968145944652074
0.2687546120016083,0.30814361775269217,0.30068725168537946,0.2830562379990346,0.23235394001519066,0.2814005707841706,0.2950727153270704,0.304814546710767,0.2620188831920541,0.26295722314640324,0.3097619415425454,0.0,0.25437976500385223,0.19387333006937324,0.2757688018524784,0.3075411272755335,0.29717836814159165,0.24963265193711193,0.34146075395764314,0.26565586220409687,0.35580637949720273,0.2939890749538126,0.257340636772939,0.28167084425319255,0.3232324144947911,0.24995400078437163,0.2552244345404719,0.23786272197448394,0.238171980228026,0.2988837456178761,0.301757239989807,0.30069193807948114,0.2924087546974238,0.2744235205297824,0.23026382559451886,0.2798037088638506,0.2853082384945238,0.28979669740072667,0.35634834300873097,0.28593090601300175,0.2903427460936356,0.2839152800885722,0.28115986633244405,0.2824595366650868,0.29198213424601266,0.2975310837194445,0.2680331522227108,0.2592137626331028,0.29231183284840256,0.2838035591143208,0.3319297526920176,0.280496523202334,0.21608317404755464,0.3187302217668578,0.3250441240006878,0.23773331541761636,0.3320376526160427,0.36884894117653194,0.23626729669662322,0.27750859298671887,0.22441825042900668,0.20453228486861805,0.27456626835225784,0.2269883897027389,0.22711464813642804,0.2495040952128487,0.2366337237656706,0.23522760883004992,0.23693365951219236,0.24764026126557417,0.2679246267588364,0.21726970265551612,0.2220412426586092,0.30497305583592216,0.2804169610747997,0.2202864025037795,0.28489258720425553,0.29516057322954187,0.25206436479789923,0.1858334613440718,0.23049167478471197,0.2813055647334889,0.2901155782990814,0.21370013246576627,0.283714477161305,0.3225199673542423,0.22676516234594643,0.2437697330721552,0.2801777439201938,0.26566781606874246,0.29657783497715595,0.262501143407681,0.2922775706507979,0.2573361835856192,0.24199999321822308,0.3259090952437164,0.21846947147396406,0.2756847828861353,0.19987777523279995,0.25442267989616413,0.21163408656623953,0.26881272053536376,0.2550376704955992,0.31476129002100395,0.2566972567092189,0.30152252026826964,0.2953236065969959,0.2592855322029343,0.2760556069057707,0.3145973971065971,0.3733341086358829,0.28666808165221336,0.22217430551510547,0.26597933670521057,0.24987510168992794,0.2973542946923842,0.2447774096290159,0.3197831680436289,0.2671251667170381,0.21249912506145918,0.26406828752992706,0.22149379687169823,0.21908398154094955,0.30565479616176494,0.18593061667842195,0.33428036955575324,0.21664058910578432,0.33466807067023563,0.2796799478746538,0.24776729917242526,0.24497567145836607,0.2831768028955524,0.20287412369124097,0.25162674910071997,0.26965871474286324,0.2017446977635906,0.2753956616858976,0.2592877590477936,0.26490746965663264,0.3078236023631756,0.2103551621842597,0.25179173530113513,0.2835565790459419,0.2647701629438734,0.3060525575474301,0.2987523649064407,0.37957843310107986,0.26007497354592407,0.313286832978437,0.21607374569681767,0.2749293984676988,0.24537516419574912,0.3024215910188281,0.28581771739749817,0.37203812943104575,0.2551495851881403,0.2513864631963283,0.31212702567639,0.2000383387903448,0.24336891555493215,0.19713249637033217,0.2241544921164951,0.22234983312115675,0.2850273349618021
