0,1,2,3,4,5,6,7,8,9,10,11,12,13,14,15,16,17,18,19,20,21,22,23,24,25,26,27,28,29,30,31,32,33,34,35,36,37,38,39,40,41,42,43,44,45,46,47,48,49,50,51,52,53,54,55,56,57,58,59,60,61,62,63,64,65,66,67,68,69,70,71,72,73,74,75,76,77,78,79,80,81,82,83,84,85,86,87,88,89,90,91,92,93,94,95,96,97,98,99,100,101,102,103,104,105,106,107,108,109,110,111,112,113,114,115,116,117,118,119,120,121,122,123,124,125,126,127,128,129,130,131,132,133,134,135,136,137,138,139,140,141,142,143,144,145,146,147,148,149,150,151,152,153,154,155,156,157,158,159,160,161,162,163
0.0,0.3771392364433093,0.37487899181008577,0.37694535014735703,0.3793998202778351,0.3363533816036973,0.32826870864758956,0.35704685123192514,0.40838424810056334,0.3878446185461813,0.45197754483437413,0.3661013215845351,0.501462414840285,0.3567433108375117,0.35475488339240857,0.42726661331379656,0.41607995955982535,0.5771593653538606,0.35869534116201013,0.4862263344781553,0.3894369717322876,0.4032427927288799,0.3802030823345242,0.351447039978312,0.4596029513390394,0.31443728499810775,0.35252019622042347,0.33991585813475905,0.36152807375137297,0.32935311500245074,0.35560063697729644,0.4148078913723448,0.33777619767892575,0.2951588082470982,0.49980726775029055,0.39562682602162436,0.43833354337826486,0.44147584645787763,0.29361985980775335,0.4762363071303494,0.3417794818027056,0.39707618616092244,0.386380484423995,0.3908455739928135,0.3777926233950169,0.41879188217668045,0.30889266478805844,0.41612528475746174,0.45080019295652507,0.4673565565156837,0.40955487576599253,0.35287805027446245,0.3606773894344399,0.35461228998246763,0.40214527461424426,0.343448932892688,0.49504930397399577,0.40044217362763335,0.3817511077112092,0.43228355425536635,0.3283616400912006,0.29325702370502055,0.420679585290989,0.3565473719499285,0.36122859968845317,0.3868646133330835,0.35683211286343064,0.31722902710392525,0.3282211635591923,0.3968382364301541,0.4120250925860837,0.39427625147293555,0.4068317539933256,0.4196245080086681,0.36666871600411854,0.3454198380719713,0.31779562555003876,0.34101021994419334,0.310866825583615,0.26179288600422934,0.3190883349699934,0.38495369274279384,0.35357511253726875,0.3489148651361804,0.44411691317654717,0.4169807986333408,0.37924160463326273,0.38378276850772985,0.37844865109544945,0.3216079750352121,0.47666036556119257,0.3414160460270803,0.4809158086236694,0.38220533744358504,0.42080432353985026,0.32715157772983017,0.2589793886490075,0.3262230229105152,0.3275167368792012,0.3681274560952876,0.328032165497023,0.32994823895133446,0.33083780244882643,0.30699996299393856,0.4688084583997767,0.3549920366311619,0.34792201080285456,0.3920841057215639,0.400737866119749,0.3747666109858908,0.3656412991513852,0.4905771603740607,0.3733005940340434,0.34570717990281485,0.414807612138857,0.41515451509399903,0.39498531193049896,0.4289126682564818,0.3416587449332479,0.3197886842694761,0.4131175183620167,0.282783521811228,0.38064978924069715,0.37732901937763585,0.35020967328448765,0.3324412207959418,0.2985712685089105,0.3239338739368573,0.34896792322306136,0.4060253784519153,0.31980649263949984,0.35653735740282966,0.3245367829191108,0.37020644798418245,0.3543915680151215,0.32944271144775517,0.34538305580617945,0.42467477670176573,0.4430172636761215,0.39091333980761034,0.32154839244408373,0.3998276064855386,0.3925992503326272,0.3899779413788343,0.38931168997308274,0.34388027173373614,0.3416095148070103,0.29426486620688264,0.41790485676998523,0.25615754294408605,0.43839229769421945,0.3518414315478253,0.4231363268874983,0.3242241772766474,0.3610971017352594,0.3750060373075766,0.37798654805655163,0.35025274726801126,0.39472011437828425,0.3628748098805389,0.3010203850589583,0.40482737140971364,0.26942769555681106,0.5274281473269047
0.3771392364433093,0.0,0.3392460090583818,0.43799203472648024,0.3073255836824443,0.5109966654023846,0.3280239493490573,0.42690280832506255,0.36420319749472985,0.42751323636317984,0.35132541966930564,0.42075285600583834,0.3580032508908145,0.3631799235935827,0.3592704683212975,0.33108516084422085,0.34692089294079126,0.34093664041552457,0.3899647044433519,0.39476355132291285,0.41791870030058553,0.38483311920489416,0.31549455790744785,0.34209666154424545,0.41033199719884916,0.28622510271392404,0.2879410175457453,0.2963501558703379,0.47659169987895,0.28405992089037285,0.389834314813494,0.3822551933807453,0.46494439516349517,0.29101754306032723,0.38594985543182814,0.4030507238948546,0.3558088317618618,0.38598876022318873,0.355411329747014,0.4179198629135303,0.42175383923739496,0.38817986195150506,0.2954014310877472,0.3630841529960103,0.3727372524078334,0.3444059085176725,0.3195796334036297,0.33103665500452123,0.354871329772783,0.39926512315923857,0.40001101101046416,0.38665097908976764,0.5278192929465544,0.445314040800596,0.3983007114145414,0.454932066679096,0.44855062250413436,0.3645425020761704,0.38627563256007447,0.44458952707049787,0.42466518416991095,0.316072108943398,0.37929738178162015,0.29646737819972724,0.38203967936631233,0.3653749976924161,0.36979110229736906,0.30961420032280956,0.2551163421667639,0.3622735025815455,0.3749867024109529,0.379548287445642,0.34633399020511174,0.4032409349761994,0.3978376773408261,0.35203903598465197,0.3214580899225144,0.39050159449707555,0.31417777280358367,0.3127151897455887,0.3841895048102945,0.40977377526627107,0.437729255470941,0.3458820536636548,0.43485558143926556,0.46030213162395833,0.3874537952409645,0.33462588319422604,0.35015681934747583,0.41735547724377986,0.3387608441156162,0.3948282550841572,0.40940023845981305,0.4319408115547591,0.46376134456243634,0.3984484871924615,0.3565693853741248,0.3577047831271022,0.3391619242419724,0.3578086285691416,0.35537967583581304,0.3001903892189673,0.28895423621279215,0.33065696863098115,0.4047044766987338,0.3258251216002332,0.34833155663645876,0.37028951423838075,0.38126436307412065,0.407998552901549,0.35984993435577806,0.39902079928833284,0.411542538839158,0.3508421478147308,0.42575438941318683,0.4167727292501627,0.4240796620014292,0.29369100338440846,0.3623868842672246,0.33133878371253567,0.3928293554177298,0.34845233039359386,0.4149038831451854,0.4110029275247232,0.4249891867668392,0.38814752951893133,0.37676139536172204,0.3471105393539595,0.4098428996451831,0.35370188385892637,0.3559020810504736,0.3867042420100972,0.3530103484152112,0.47886172423687645,0.37125513405885185,0.35656511417459114,0.3222059533654695,0.3713706788420308,0.3602792636955557,0.3638848590353801,0.37102036218223133,0.4161306089665252,0.5244388083903094,0.41869167268863694,0.40988075413045455,0.3013162416290467,0.42997689097430375,0.3457214199366185,0.43245706759324204,0.26489954055626275,0.36862934921552387,0.4677890122375271,0.32117278905846214,0.34705270285053913,0.3741668453550712,0.39385396943743617,0.3753314296409246,0.37632498801342623,0.4014833316493296,0.35035088208567455,0.33533124053189073,0.494617827826282,0.3323819597211487,0.39609653932852024
0.37487899181008577,0.3392460090583818,0.0,0.36371421162556367,0.3598120072269162,0.39740280828740876,0.2682763840510438,0.35549433025347593,0.32381152258725165,0.3743028627284176,0.3949006147383542,0.32631707184605724,0.4087748465009262,0.3088945850005431,0.29104673805863046,0.43767849977149187,0.41749642464493614,0.37290642238831584,0.29170335423235755,0.31342965055534483,0.4140735843987534,0.4474060989574188,0.28625492362253935,0.29613094856213334,0.3341128957684749,0.3235810166745893,0.30317928250939313,0.30180300826257866,0.30139542937399766,0.3047038659794391,0.26166599045483196,0.36992396590794596,0.3035525810290041,0.2505820539599278,0.2986741975896106,0.3383127535282697,0.3316016899442782,0.3546627756993448,0.2631110715401454,0.36649620634361596,0.31333621308388226,0.46536526922394333,0.30845552204536714,0.31089373264485354,0.30716948272243433,0.318175132214908,0.31154142470808055,0.3342269064812983,0.30151897062126076,0.3691356886698474,0.3666088325162822,0.38298002407981313,0.3028471589947314,0.33688195672881804,0.3157757849989449,0.3284039135112624,0.3447579734572972,0.41659386476745586,0.3119363198869883,0.33061060899626654,0.32044630768390325,0.2967750194954785,0.4522337237263463,0.29082275818226494,0.31119581843266225,0.3472142068626294,0.31091100086022916,0.33283459497793394,0.3182489132232547,0.3732342120438302,0.3703556168521782,0.27320873248971134,0.398534609414484,0.45705470764056455,0.4078261357192743,0.2534070896316874,0.33730257420901577,0.3209322716422741,0.26032331767840916,0.2475843105564836,0.35353669911008034,0.3507797336342673,0.3313447909491278,0.32869846378857026,0.35870219437903444,0.3611797555532354,0.3173723126513381,0.27775904432159243,0.29903943723987275,0.2807877095152188,0.4122667916706599,0.26807382363151505,0.3394991126839156,0.28319549113082726,0.3731071910010258,0.2874837371132264,0.2667457217313368,0.3085391292779782,0.27401255250188056,0.31069580681342746,0.23131661708256568,0.3114617742059556,0.2732613741367564,0.27992472172699384,0.36728192285973726,0.35957794617953326,0.348054733355344,0.342031615184013,0.32365721697486904,0.3518786913896683,0.3234363263252356,0.3370971562879215,0.35275649689761246,0.32578659092302187,0.3031587864976442,0.4104976139010167,0.2934798557283565,0.3152482047893556,0.39084012818350056,0.33126714675651814,0.33930181992852004,0.2861711387138089,0.30831220739769144,0.31587009984867576,0.26376148128940397,0.2951512106938927,0.3277326905988128,0.3000086979918217,0.3327057534679512,0.32079707088541365,0.3297991767121661,0.5322048520474516,0.2629858547093812,0.3081407207623984,0.30855490723548035,0.27412944747955587,0.24816148902172458,0.28600084295569095,0.3252423965921093,0.2883627808465508,0.2720609381924109,0.35261479506944304,0.33324337138574,0.38892510826838667,0.3145492416907221,0.25706638207509125,0.37184693902227933,0.29068053224107765,0.34207925360852093,0.26631905933458233,0.2788382047123828,0.26829967732026655,0.31812602343168433,0.35853788962592825,0.32721744222960847,0.2998064959346669,0.3477570057783802,0.3646850173896764,0.25420201366347667,0.31682292681814306,0.32514506254140135,0.27693304817254016,0.2825123378392741,0.39335561045182954
0.37694535014735703,0.43799203472648024,0.36371421162556367,0.0,0.29287799461074676,0.43153195469256245,0.33894678912324083,0.4081342640726108,0.31604463509196123,0.42999777051160143,0.34886165180277945,0.3993578801204364,0.386507366521389,0.30087839518703413,0.38737924725489853,0.33769018766213443,0.3558694195957335,0.35798207373603097,0.37963925605165366,0.3507160017007654,0.44116403980558944,0.35331849063009224,0.32134556107831647,0.3179616767760754,0.4366228695307267,0.3070103225130861,0.3154746554011692,0.30626092323959353,0.33149984654925324,0.26433419717420903,0.3600481958751245,0.3876428124176121,0.4621865682273561,0.3121981850825375,0.3295787575492504,0.3828847924689838,0.383884610773684,0.3270702399370174,0.3339978972467715,0.44059276321737856,0.35063229252850053,0.3753730873492707,0.3281762871362478,0.35868118578768726,0.3655688140605711,0.4068916292973675,0.2719803459671936,0.3407259079057292,0.34837683927211743,0.3712951886761918,0.4845196705976426,0.41136272140361285,0.40272805611506535,0.48418473171703014,0.4016749617474941,0.3736066695601165,0.44093706932581156,0.3640868106245449,0.3831903204648695,0.43709103732656646,0.47577524485860456,0.3334882776099593,0.4162036785240006,0.2566518601103544,0.40677428983944713,0.441453629769067,0.4208417121356227,0.31579540023439956,0.27355022371175625,0.3635218720338895,0.38568525468118703,0.33479266093596066,0.3479920360763233,0.5281013038110893,0.37300812744118456,0.3240034580334549,0.39895256041121263,0.38016835844588603,0.3056727351831816,0.2742965040794786,0.35646872820309267,0.4770444565912107,0.3683177124194141,0.3211395888902858,0.4736442095397722,0.36396015851485053,0.42779590080241414,0.3835861495915951,0.39154320394251235,0.34168519005217884,0.3485172272116244,0.36006740099583395,0.3692493648983042,0.3816019264165894,0.4290862534592927,0.34371320431030433,0.3166199865767615,0.3506220821534877,0.29239529131338904,0.3938456757223283,0.30885584950708106,0.3772127054754395,0.349325362832891,0.32634525322040636,0.3966100326837474,0.3526769925070803,0.4179850426544172,0.31967645601162403,0.36429764398511666,0.37991331522533217,0.4069803965658645,0.3840500814119915,0.4619206393034675,0.3504872045421797,0.385088363901714,0.3467713074098767,0.40266323159197925,0.2992885052391074,0.37130147832713867,0.3177191007310724,0.32349803874704314,0.37057127236372756,0.35221932914480136,0.3943125813582399,0.3074649052844479,0.3535674991616078,0.36700106538014865,0.3407024538842166,0.38408838659011657,0.3583560204098399,0.29367088319586127,0.3961373715227214,0.3506203105615659,0.36172715452520976,0.36243741157843656,0.3031590433542542,0.266482299755741,0.33683512142089933,0.36084548663907556,0.3809927936676505,0.3964911479974813,0.34342378637261856,0.5125057895419669,0.3876788901511505,0.34882039465204756,0.3013045362404602,0.37693813258528935,0.34222877646766625,0.3584728465545301,0.22527261420507955,0.3891797731942972,0.39512254053012275,0.32764021302109053,0.33269465536035536,0.38984204472542394,0.39170845889002504,0.3621609208488268,0.3897794341498127,0.4087369735999154,0.36714306586767737,0.3475062025490568,0.359442242087909,0.3262156964083371,0.3569857434993827
0.3793998202778351,0.3073255836824443,0.3598120072269162,0.29287799461074676,0.0,0.28496798822054925,0.3160260988013937,0.2641391262337193,0.34366937494797356,0.33306847569314607,0.3544913654677957,0.2704651780184247,0.31105747503004066,0.3244542441434067,0.3335866967527798,0.3353883346616219,0.32708991475057225,0.4053526386155829,0.2565726865750841,0.294089895534353,0.3241186758874697,0.39051362773589815,0.3009623696941309,0.29041842469433715,0.30826427440657594,0.2696150528149895,0.2825764502863602,0.24727880393404097,0.3093368432482744,0.3126528311672455,0.3010495310613751,0.290789386343848,0.28267029381231124,0.2162053901520356,0.38191741628711207,0.30625881424246754,0.3084556106262813,0.3193263297747075,0.26609200717129317,0.3238506865857468,0.2889094670683535,0.3992893889414003,0.31974533755896956,0.35254467243276083,0.25874516979675877,0.27301263946051996,0.3008073571472119,0.3508778424102413,0.32401053957002696,0.34190951592323016,0.32485886321870033,0.285432636842894,0.3008304496864341,0.2907170646483699,0.3085336271745919,0.28766600043890866,0.29860861555163565,0.35706540614900767,0.30662609440405525,0.2883906575899794,0.24293259067251613,0.2586297709982037,0.3173608741999044,0.29547388711155476,0.3342081607687985,0.26116654325055505,0.26639418874489434,0.29985657783281905,0.2803037768170154,0.32730663335440935,0.32909423247904085,0.31525501016032975,0.2976181157449967,0.3083790305810532,0.28740576633916454,0.2549646147162645,0.2687240389008146,0.36574521476288996,0.23596376298881974,0.245729586111163,0.2956414638823999,0.31900164820279187,0.3355184359980223,0.24932679990424686,0.3062369085067662,0.2802693760877884,0.28585514099976944,0.2950043797686641,0.2558700653847113,0.24930944545844352,0.46350886650438555,0.30212482569510235,0.39523955303535646,0.25296953050056875,0.34200367528470466,0.2786876313297137,0.2170041835629904,0.2540192834949912,0.30117767731244477,0.24852712881029138,0.25970022945566656,0.2587747803502591,0.26534457888729857,0.2612852726685331,0.3210032528238331,0.2814224434677754,0.2563221567628218,0.3115491539683668,0.3247922472762933,0.29107465007135097,0.28060864377867734,0.3396567238304924,0.2822273778466087,0.3102988411691211,0.2842978922407758,0.3232172863922582,0.27110327201740547,0.3304169733333842,0.27615299355255407,0.30055267410031317,0.4238473339451606,0.2505058110241885,0.26685409651656516,0.3162235569202193,0.3181029187726333,0.2692510437839791,0.25807651033482076,0.2832138683899479,0.2650980399937241,0.3206789254115028,0.2975617285971714,0.3146843981491823,0.24186650379656074,0.293801398359174,0.2781913903418985,0.32496370052750007,0.26214025839024746,0.36375268736003347,0.3178235610189003,0.30640808450486945,0.2714013786383366,0.34785408944057294,0.313878600095627,0.3218977825321773,0.3108680542800032,0.2637716498454113,0.327591097701068,0.2738507101653769,0.30635139030883995,0.2280660580917371,0.2763306493251593,0.2947313942075009,0.3115042432193597,0.31898071132295985,0.2876234548641712,0.2986136046848319,0.27573991760630695,0.31083401592794874,0.31041297981911653,0.2848148661887114,0.2735704217958729,0.3034038686267363,0.25726285942656685,0.4067070771286912
0.3363533816036973,0.5109966654023846,0.39740280828740876,0.43153195469256245,0.28496798822054925,0.0,0.2877822232573783,0.419619534177433,0.324815902099161,0.3837175801646044,0.3645663838934117,0.40088074186313244,0.4127557023646466,0.3008150035435794,0.3355157120150301,0.379742616825013,0.36552420245661177,0.2894604585428324,0.32679489429333636,0.33894757052840596,0.4052710002597125,0.3781102247864049,0.2619903375560276,0.30246209411468944,0.35372422187353963,0.3026475129517191,0.2801456048442016,0.2977439846352069,0.3888820104323505,0.27481174663110497,0.3311507658625558,0.4013239786420257,0.4402792614011258,0.27098545064516316,0.3192448178276585,0.347417526989417,0.34770340309906944,0.3440492614317272,0.3254546378735063,0.349785387833664,0.3648148371132111,0.3655387284171355,0.28697803791399895,0.35951405931230285,0.32628342930239934,0.32432486715127606,0.2840272545099115,0.33393415202584015,0.28343227508497937,0.36924802411148233,0.3788796807179156,0.4035361762417847,0.3800845377280602,0.4135978730387332,0.35848366448145663,0.41231727030893744,0.3817087613144869,0.4129534737724839,0.2925879664753038,0.3596001051448808,0.45029623921235185,0.32281379105059554,0.4225764785111061,0.24983978994576944,0.31039795573535217,0.33559771609297967,0.35569378284369557,0.3192186205756033,0.24256190058125807,0.3399121276008968,0.3674441943118047,0.2939281436046276,0.3350389447387902,0.4204920008636705,0.4179569620652792,0.2845360515115641,0.3576352011165442,0.3547261052597123,0.2859278036687674,0.3304601004125405,0.4064649373445484,0.3587521681695245,0.38816475789968546,0.3753441245970768,0.3798328876968676,0.39436774057689705,0.3785842130719304,0.29364148932002804,0.3552519948420141,0.36865567131375604,0.34316892385665676,0.33168684232931556,0.3742644045111622,0.33762653468140513,0.3697552477713844,0.3812666188218819,0.3170125012341781,0.3275520440933878,0.2804577735156744,0.34882120474300643,0.3008040059947974,0.29232038878923194,0.270727509108522,0.2820220371354275,0.3722890284639458,0.37371325173552955,0.37575060803491184,0.344487408953882,0.3257913880597992,0.36286803179482774,0.3341289582199613,0.32927467706148866,0.44402250671238686,0.35709635004615,0.3685474593511996,0.43266337146807987,0.3541156297849064,0.2692852153821727,0.4197018269170615,0.3248460200287833,0.3635690785978361,0.3577306959399212,0.34718924712790034,0.38114064622233823,0.34054754835820295,0.373269783067942,0.38119914244217085,0.33740321540469304,0.37449576425191783,0.30626006049488325,0.33697359543261524,0.49490915565561105,0.3546513801294644,0.39347906031855684,0.33776579781979293,0.3068958433042901,0.2926623601511964,0.3065097286399349,0.31111232870851424,0.3134777008180826,0.3457958772599529,0.3742434740799107,0.3780890909719516,0.3636494029687265,0.3646882380256236,0.26555947861189677,0.42192298412493123,0.36721074394233394,0.34804038428114653,0.25592391982149254,0.32134581518092603,0.3429942999591653,0.28079857674219233,0.3249428158779717,0.37074738915334876,0.3481917720244653,0.36915759863282205,0.44078888705561287,0.331785170760294,0.3676868574144551,0.31336155794480847,0.36042645461643563,0.2929452383422511,0.3640124533164289
0.32826870864758956,0.3280239493490573,0.2682763840510438,0.33894678912324083,0.3160260988013937,0.2877822232573783,0.0,0.26130805788488576,0.27333285758921266,0.3439108812602014,0.30158033883825264,0.35254886592537976,0.3108379593922096,0.3016759278161424,0.3937980837616452,0.27003999041207843,0.2689438663340371,0.3180316356749519,0.3136048017722448,0.2663892243302646,0.32297570639749545,0.30158008953194315,0.3498496422653058,0.33861568423111943,0.3507606713771136,0.30862099763247675,0.25748317587562664,0.23870668229458608,0.3263029841887497,0.2728564881738205,0.33734610589822345,0.3621965808471673,0.37284851622304016,0.30195659682663095,0.2976032738190886,0.31520707760004657,0.37520813299935835,0.2646119227250098,0.3196123870698437,0.3992683230396596,0.3376671812930041,0.3108368250359124,0.36037851814511884,0.37862685078699426,0.31828183538335036,0.3362308005361893,0.3538926660396146,0.34822043513519124,0.4536149539864294,0.3072621801682585,0.4372628264983068,0.2930696567048319,0.30839817069953007,0.3696640951980682,0.42239268798687823,0.33748087502385843,0.32116182550813166,0.2736659765334414,0.39695991704487704,0.3143473011462895,0.27781873073757646,0.3128661599155292,0.28268912419247266,0.2758841558955975,0.3612201587207267,0.3072448733530268,0.3642294750941639,0.3928832783740032,0.253720980462677,0.269732619740765,0.39268756621854767,0.3122742044738608,0.27356386313942577,0.3563249877421922,0.23141129791152848,0.3587425229132519,0.40952647462404285,0.3750706178660112,0.2652466315142787,0.2918025030597312,0.33869690136964603,0.3556983042915236,0.3532009984702097,0.2321943317381396,0.31042466475464975,0.2714222454045096,0.2932695857402885,0.3785530226599428,0.3129036276714666,0.30367764922237345,0.33761179256747204,0.4236949383444969,0.37688542763858196,0.34705661568354096,0.3491734854479632,0.3679031684424417,0.25539984946250766,0.31057685418966474,0.2994342326494063,0.34187557287832454,0.32456501362865925,0.3407109482744759,0.36271120813679086,0.3100100698745277,0.29347478688006495,0.30353230499190614,0.2975910120996112,0.26480960341079063,0.40197340679081617,0.35637983268416107,0.4433297868984082,0.33364135874563616,0.33177938280155445,0.2536523619761049,0.3020511031115399,0.26310052037575304,0.31828576666276387,0.3546974991413445,0.3037803097349549,0.24916402867511336,0.30897835332877255,0.27770754014756527,0.27845037171586356,0.4201224249946597,0.2984419283344726,0.35440613613348143,0.2866857648790403,0.3306014160203042,0.28582318338993007,0.3487162829275658,0.23967030875286918,0.25776898083929844,0.2620402297393213,0.27686096905080015,0.28982222504484245,0.3570714305100881,0.2993358111946361,0.3659435878634569,0.3040614509026594,0.377453884163764,0.3506300491903082,0.31054569076442334,0.3736898879642874,0.30541017319336067,0.36224513426934696,0.3370175104896565,0.3119916738149512,0.34684085380872826,0.2981234410169187,0.19462444325600248,0.3326274602964479,0.3606239146414322,0.2645094784336608,0.4090788287011963,0.34922469501111886,0.3581119324853186,0.31066649208457664,0.3572947207060393,0.3874864253449782,0.37822175315838835,0.32472313773194733,0.3208248621847079,0.3141572761963554,0.3175190518288204
0.35704685123192514,0.42690280832506255,0.35549433025347593,0.4081342640726108,0.2641391262337193,0.419619534177433,0.26130805788488576,0.0,0.3599071209916641,0.3843393556461168,0.34169106952881534,0.385414477994191,0.4144100193583321,0.29475373037114927,0.3165802482374339,0.36866163889949144,0.3435053087836601,0.33227720692984974,0.3495919334230872,0.3631633628162671,0.3908987807000387,0.3056980855818555,0.29342953388010984,0.2846335932075323,0.3933245120106573,0.3153437632741996,0.3248106936713259,0.3098844602726656,0.31835816049637944,0.2821091478149186,0.3784806151136053,0.3841884451897198,0.38420359571766416,0.2891739228037749,0.3369577875791499,0.3874484844700302,0.3628294528060876,0.40215953602574533,0.31379176534945685,0.38473328523557915,0.37037604002948,0.3407410404405791,0.3234548441119711,0.32462467212801216,0.4042207662043782,0.36948804608879204,0.2841224977678955,0.32643213126296705,0.3203242219665203,0.3679572020201701,0.3506909140521808,0.35299551899849213,0.35220516049233985,0.3400221362665953,0.3481180448154993,0.3697856233571548,0.3925378468770083,0.44809057128679747,0.342042302469318,0.3815876430213877,0.47759063878781005,0.3051163631006373,0.4222207505831339,0.2791748955524079,0.31122729461489607,0.3641279417391477,0.36818545197620023,0.28709937892657905,0.2829508496569794,0.4714200091356719,0.34601754949272817,0.3384144555826871,0.35770943626233576,0.4170355831416356,0.44397543976968223,0.31019015657836574,0.354139245388862,0.32005199214193514,0.3708278957415469,0.2700414985385519,0.36731111910104774,0.35276077516357424,0.36251385233648803,0.43040504501017496,0.47249092527780234,0.47620389256561874,0.5372285600903575,0.33045043639397786,0.40774072312600923,0.36596794041238473,0.32671916499691306,0.3206841825385616,0.33695626695329256,0.34408007062318335,0.3888666585582835,0.33421727081194474,0.33491654954958366,0.3596405080933909,0.28423501104311183,0.38298015629958654,0.29502672644203715,0.38336755159580443,0.31231494935806897,0.3329105377167759,0.4425283369530649,0.3785822298067704,0.3832216071404544,0.36787961647296613,0.355060183777344,0.3268480604800598,0.30598375207350764,0.3928018541360917,0.41585127833194185,0.38448078291326454,0.40284354843381304,0.38829167435267453,0.42418126328723393,0.2846865519958519,0.3352308673220846,0.31699014461909275,0.3429053533506458,0.461135941580042,0.3499179193296052,0.3417836674286799,0.3323274097310315,0.3505333022639498,0.327160351159611,0.353059084370835,0.3908473955581974,0.3428596863225905,0.364530029468339,0.39910990155400367,0.39211660968388135,0.3541321723719056,0.35855096615429083,0.28490819439534576,0.2948077864594314,0.3283105402048965,0.37104031035149726,0.3663641101616669,0.34980518100820995,0.3303006033134836,0.380548533467447,0.3680290976060049,0.3769687985779149,0.29997653773040833,0.37780743917350557,0.3350088445324022,0.40921481367570595,0.2665933941884739,0.4075727009012516,0.3719713027431382,0.29341554110433465,0.32516009817773633,0.4181019726196174,0.38341944259867894,0.34336892948005665,0.38826055353302474,0.3179186182500881,0.32856356065450487,0.3275274237255972,0.39867499795346006,0.3331579763357859,0.35069594955687383
0.40838424810056334,0.36420319749472985,0.32381152258725165,0.31604463509196123,0.34366937494797356,0.324815902099161,0.27333285758921266,0.3599071209916641,0.0,0.3092721713166262,0.36149184736177886,0.30440985714963037,0.3256120993198313,0.39301651893345996,0.32031206126709305,0.3297610506238711,0.32163710422606184,0.4048302976872404,0.2844103577173513,0.36278194390837326,0.29481701480265177,0.4517551002018616,0.26544055142459066,0.2585674138885863,0.31002982936658585,0.25939765536212567,0.34224007373636295,0.2967122843538634,0.3251897609751479,0.334982904360036,0.3640742485922312,0.30771655390314073,0.3496172448964275,0.22429090903171675,0.3702376497178412,0.33007951022205956,0.29970674217792304,0.46117295593981106,0.30386278304734693,0.2976933725845227,0.3189791661738719,0.37675267291441394,0.28508329956439005,0.315854900121868,0.29580039921068213,0.29215546065165393,0.2545885972731776,0.29518529019787815,0.2905837514725996,0.3543968999200076,0.302826230070693,0.28065916060099666,0.3825394595675019,0.3065533553018201,0.3113861280178503,0.3356630737912812,0.3378848664123748,0.379522558183828,0.30856033722220305,0.30261378877244943,0.3089972581000985,0.29792873796094305,0.3267729742365174,0.3204148586864138,0.3244336594127866,0.2839463979856023,0.32986254691318206,0.30395773322707037,0.3104074895452096,0.3908980757676802,0.36722807644588956,0.34021554289105893,0.36611477002050585,0.3004227570630303,0.4082364884909969,0.281800809484456,0.2646938800457338,0.2823208882933128,0.3014068583225075,0.2478931626332737,0.31672851299783283,0.39261353307077174,0.3806557948594684,0.33300910510664483,0.338753757539958,0.395385775166502,0.33885888981465934,0.34021111027504597,0.30582195033877496,0.3873264845489135,0.4029303051029149,0.34282396138620047,0.3652587896407454,0.2928803240199868,0.42230849788727814,0.3551692559534408,0.3165310003041835,0.2795665729753981,0.3441837425878773,0.2755126258190068,0.33449602212045654,0.25668003984311627,0.2813539376367471,0.29054520439776227,0.40435006388641936,0.28944380915542045,0.2631906051140871,0.3320803041415125,0.2942802363535285,0.26028240120749024,0.2521770783465301,0.3801259985233348,0.3298653242653608,0.46116018719541546,0.3319562989547694,0.35086088865217646,0.312333203781022,0.29302379556320146,0.25710327645269415,0.3705331871653464,0.3698120564248781,0.3277870484803396,0.28714384064839693,0.32035688990385747,0.4415613628415459,0.3014266218361201,0.29130358480063273,0.2820539717549458,0.27931523221573135,0.35847153017462047,0.4280494282152857,0.3597607102739319,0.33378961699339527,0.4580252208355922,0.31263316000762315,0.3336905776138541,0.2834376142041919,0.31118548345498026,0.3454588329218473,0.3550141377866714,0.3644723213984083,0.3479653680674455,0.35375413601095634,0.4273672403803872,0.3394962115318427,0.2746271859529899,0.41789553353859704,0.30526782236905575,0.3378630424799879,0.2743085958727528,0.3484670257139456,0.36911425460277125,0.3419768477712905,0.2859122365635041,0.31332834970915086,0.35609728948221847,0.3094263729695424,0.2999799608281902,0.37248129075731023,0.2871487300008587,0.2746020629919811,0.37989838612785864,0.32590458507618053,0.42108419508248945
0.3878446185461813,0.42751323636317984,0.3743028627284176,0.42999777051160143,0.33306847569314607,0.3837175801646044,0.3439108812602014,0.3843393556461168,0.3092721713166262,0.0,0.32301677610352664,0.32081915681366824,0.41803698941934353,0.3534817608260452,0.3261056530346649,0.3542437349381509,0.3548775440882204,0.41035089295352706,0.3182506530445016,0.32504420951457647,0.36364614848648386,0.3170822685210546,0.3993760237970198,0.2903119881146441,0.49803409630788376,0.31204760277400534,0.3364422794485656,0.3002175736712793,0.4214130803209811,0.28981316335133195,0.3459108421929859,0.41646391768766955,0.32087118282370386,0.2894788481689865,0.3630457292959259,0.3476506611258001,0.41228381509407486,0.3433827685585852,0.26414250979745607,0.429358399665735,0.3011850033942628,0.40777911446016984,0.33947657154660815,0.3290273506906339,0.3429042506232197,0.3517861928434681,0.3194552263725805,0.3412833829806853,0.42348517970808974,0.32726477043719515,0.3752188720141968,0.3248855457671897,0.35055311661073674,0.35024237553418863,0.38055049187464246,0.4316022192551674,0.3596300936983298,0.3307106444345382,0.40763696373783614,0.36638697069941956,0.37236068602961914,0.3188704306800698,0.3396794852604444,0.2932724068829122,0.3430062210019651,0.35017116884640154,0.36280388977320643,0.3379457260394705,0.30416305846427316,0.40313800611844514,0.3434443802757452,0.3929104312890033,0.3287582002554093,0.42996594700899954,0.3343720038207341,0.36738806355177633,0.34194331884773205,0.42932487745951636,0.28373178388498416,0.3186921274356618,0.3998067376661578,0.35184128117313246,0.40426897809011125,0.3562862432105956,0.41989728554462513,0.3539285850159584,0.41290676928591524,0.3857872147629185,0.42514255946737584,0.3114458804008011,0.35581685422538223,0.34324999681583634,0.38299407444908096,0.3167431620350559,0.4310566707249736,0.35200400620692296,0.2527888317969456,0.3544372870405876,0.3403882750784267,0.3775812968548189,0.3204082363664077,0.34961332980174015,0.33265805732420084,0.35144869449136557,0.36786919270746377,0.3419268963739981,0.3544852998213987,0.4144570987314307,0.38624368502623724,0.3631044174533603,0.3305282898472772,0.38131075350043964,0.41923677353455846,0.3927785525956796,0.352556757445424,0.35456221126203347,0.4123862198515775,0.3690217006149652,0.3745571074335524,0.3639461686677314,0.3342471960040877,0.35110390270951175,0.3358689288306882,0.3702215951690018,0.3392178069189987,0.3609641255282037,0.3515379472712784,0.3168112481823488,0.3805241662613279,0.3850324649758123,0.37974992304333366,0.34963784324694547,0.35800587910537957,0.3088733850628866,0.29960139258624885,0.3081974614547621,0.30113994268471495,0.3706647741286036,0.39519803671561105,0.36124162277090627,0.35817853010024164,0.40994387908171936,0.42676742611720014,0.35152560822459805,0.37866747928265604,0.32646085269442604,0.3016594717477446,0.39876700964626033,0.4769295968022108,0.25574008159164985,0.31868414050002575,0.43247161807725804,0.28233274672882397,0.3779814087898333,0.36886256181355104,0.3650485600273347,0.3220457561836713,0.4168992953728365,0.3837506143261873,0.4308515095635829,0.4616147889640529,0.4306645380306927,0.36799020314100384,0.3432341552375527
0.45197754483437413,0.35132541966930564,0.3949006147383542,0.34886165180277945,0.3544913654677957,0.3645663838934117,0.30158033883825264,0.34169106952881534,0.36149184736177886,0.32301677610352664,0.0,0.40103428020356796,0.40764942912210145,0.2997882179860168,0.32957714567986185,0.44586941786708656,0.42439280250852895,0.4192576123417163,0.3527930305122804,0.3592209577043345,0.3727174672994088,0.4270570607739869,0.3152939748801853,0.33734083478362165,0.38173628986905894,0.28609326791027184,0.3736012045196051,0.36622131782467,0.3550327476683915,0.40049098290680907,0.3129899443235616,0.375985604152156,0.3295318198101136,0.2580008396513233,0.33095183891634283,0.32742558929547105,0.3911575612066739,0.3742031035168761,0.31104355928891037,0.3776638946480006,0.31363921199436473,0.4141888117241328,0.32418709550483266,0.3459872140200045,0.31091987481094857,0.32583631510501354,0.2599623799702485,0.37798131430258564,0.3517866205563103,0.34003228683361764,0.39017508764061337,0.31372904990728634,0.3181486546135201,0.3459108637935065,0.3837384888686144,0.283456314940211,0.42082305753039206,0.49063447012068045,0.3196896960873162,0.34797072900562914,0.32619645934658065,0.24956571527448249,0.411592511129765,0.2659595455272877,0.28020981762451663,0.31353692420934237,0.30049757942279426,0.29765497014238923,0.32037526528125826,0.394018341248627,0.3457179128319083,0.2853133001455438,0.34402409005858514,0.3914147831123194,0.4184995496877729,0.29757090316574325,0.3422652149769092,0.315939763079993,0.2712851124360085,0.2586855814885567,0.3104895946003157,0.31119236205825995,0.3436274132249344,0.30879736268820085,0.3354975945428695,0.3421350465903249,0.3462456371068771,0.3025566287282879,0.3173977676107516,0.28201971685112426,0.4709157931225948,0.26644863610656505,0.4282239325949253,0.3501362750803208,0.33187013791381864,0.30804720910854005,0.252938453767776,0.2607631676822481,0.24972619203897242,0.28843516402990776,0.2783266077268058,0.31096047071542954,0.26721560152193163,0.2737999107041598,0.36709652749694655,0.3013617402343548,0.30110280504308423,0.34257706164638824,0.3163543473712364,0.35782199591757563,0.36744734114309174,0.3259587900331141,0.3143855476338504,0.339682365430617,0.33652395212501957,0.4066542558462563,0.32862818803396554,0.3483025278175455,0.3110343828659839,0.2907978394546652,0.3561494665344654,0.2651926688508884,0.2974305424196116,0.3828192564077102,0.2822200755595151,0.3520937765127394,0.2502681222245755,0.32230970460156605,0.3009936474941075,0.2975385293004743,0.3206104113843713,0.387328579857434,0.3151648481738874,0.3127894873542878,0.3359432185730212,0.28561885023256917,0.29955220866757093,0.30045405061834807,0.34321571074556595,0.34871371657897654,0.307691719183765,0.3317475947853846,0.3109914481118873,0.325651155018391,0.35638001704092664,0.25834962331406974,0.33135038828322416,0.28648995330280747,0.3348178240200634,0.2589191529656369,0.38175807871917267,0.31399018891551816,0.4515902779119341,0.2965441172797153,0.3233699848961022,0.34516324581190855,0.4029626206630036,0.34886544264752284,0.31725653824178274,0.31666913942576835,0.26302870934816047,0.33637052638136355,0.24397482397422776,0.49621981782255403
0.3661013215845351,0.42075285600583834,0.32631707184605724,0.3993578801204364,0.2704651780184247,0.40088074186313244,0.35254886592537976,0.385414477994191,0.30440985714963037,0.32081915681366824,0.40103428020356796,0.0,0.34885957912620585,0.24774200273955718,0.3674316826220008,0.35559138377655164,0.35337678905910863,0.3202979325775772,0.4737597399084299,0.3603069037016732,0.4524252652984684,0.32427827150269695,0.3110073746430094,0.4087997310641373,0.4146320747436519,0.321870075163022,0.2911051135711101,0.2986378910783697,0.35375137775151416,0.32409067595134616,0.3747855837011316,0.37260807379652544,0.4270519044588056,0.3205079717007853,0.31362940983314663,0.3635917204829879,0.4103083081471094,0.35538663695616546,0.4183713535257394,0.42691327831857845,0.46879683832074687,0.29655576540470846,0.362892095851646,0.3950383251377969,0.37241870098153174,0.4129379256423254,0.3202866659329668,0.39009395300494715,0.3653162368265148,0.3676199622234211,0.47506256736039815,0.4114867731590076,0.3350961692366096,0.4466840025827302,0.44945001892407205,0.3159566727392564,0.4904415893277634,0.41097712201289005,0.3118751975544823,0.4098301103904872,0.35702762674593325,0.2797452635088773,0.4014328893581245,0.2529500422494979,0.3230948296137013,0.37474725987085705,0.3201755479607651,0.2983564904366219,0.24542837783743762,0.3116291321519958,0.3578059315030709,0.3061035320066203,0.284182066818964,0.3963128632779183,0.34339357683018173,0.3321678163619354,0.3586504112896323,0.36548286282267156,0.3474395135795859,0.2949865084454212,0.3543341882813241,0.3569860793758605,0.38622029804402264,0.3120323788879096,0.39395570538145597,0.4131102333996926,0.333458460592614,0.31331251928464826,0.39819503676518614,0.3472007858833618,0.3409925447229138,0.32276775609295105,0.39780854213910816,0.44805013385862064,0.31708403403081475,0.3854869781009791,0.2989706484754885,0.3326282680408721,0.2477021208930342,0.3509363510348101,0.30686141312335263,0.32988273186604433,0.3234243015599753,0.3660150651700226,0.3446639522775678,0.37202265542448626,0.3952766506449449,0.3035287460149773,0.3919239631811035,0.43388256710339757,0.48093918752322323,0.37008401005706654,0.3237763181600822,0.2983203276974545,0.40812891536718915,0.38211292524070073,0.3948740638901791,0.33681134805587215,0.34701647972109073,0.2480060685350455,0.3360873237728023,0.316953769885379,0.328094007247645,0.4392011092142371,0.2796398273585777,0.4830719402368671,0.2697151196768096,0.3690984474846455,0.37528148481235657,0.33731795035333684,0.27333223545097496,0.3443912522564474,0.31230555449175396,0.3348362714799017,0.3725440810014186,0.29808335420693244,0.38573126661352974,0.36732001663160097,0.3379578156590569,0.4182689336550197,0.3370691824595777,0.29554575302661873,0.37060841740186745,0.3195924103068859,0.3998189071964539,0.31985220583340895,0.42029673230873554,0.34795192989522894,0.36394610562350416,0.23515897757097862,0.43952770450376905,0.36671352713553873,0.33796163905401766,0.3376187607199819,0.4606730922787262,0.3500014346086703,0.3932244175521702,0.4108945161735809,0.33789147799931024,0.31909245166976463,0.2792285157192659,0.3571222320333625,0.28333823310022643,0.387452381588168
