0,1,2,3,4,5,6,7,8,9,10,11,12,13,14,15,16,17,18,19,20,21,22,23,24,25,26,27,28,29,30,31,32,33,34,35,36,37,38,39,40,41,42,43,44,45,46,47,48,49,50,51,52,53,54,55,56,57,58,59,60,61,62,63,64,65,66,67,68,69,70,71,72,73,74,75,76,77,78,79,80,81,82,83,84,85,86,87,88,89,90,91,92,93,94,95,96,97,98,99,100,101,102,103,104,105,106,107,108,109,110,111,112,113,114,115,116,117,118,119,120,121,122,123,124,125,126,127,128,129,130,131,132,133,134,135,136,137,138,139,140,141,142,143,144,145,146,147,148,149,150,151,152,153,154,155,156,157,158,159,160,161,162,163
0.0,0.8453346466724342,0.760144729252827,0.7628664072099418,0.7785726170841376,0.8312837727084977,0.8323273899853105,0.8063643975287911,0.8934662544604547,0.7218205673547465,0.8471368691542,0.7926105232078274,0.8787711932017636,0.8045828204588018,0.8770428730845464,0.7940018158400202,0.8274862393126626,0.9361054275973059,0.8270453767893333,0.8940262556964188,0.8414542885385691,0.8524026241782718,0.8093083975721158,0.8701045855259076,0.8517439935712314,0.8122348812070119,0.7478845318676918,0.8416569617182028,0.7272809507523909,0.8064809449925737,0.8808261991395592,0.8315422101956066,0.8150676121819883,0.8179809882440264,0.9054447270676925,0.7713478551379677,0.9109475155718023,0.8656245020658783,0.7770255365828643,0.8664292693312466,0.8131159397652692,0.8468072229661863,0.8501099812282387,0.8598968531745993,0.864055372892031,0.8604809734974912,0.8197153339707313,0.8390311836385427,0.90639046666105,0.8375349692850393,0.8727809705194903,0.8638004691571842,0.7849499300400731,0.8155525896686225,0.7764875382519528,0.8434876445101117,0.9127693792429894,0.7988990512399788,0.818362706082834,0.8055731779970197,0.8005420150904932,0.703192875481248,0.8597782944038046,0.7086526655587476,0.836543469381941,0.8298723497991342,0.849148555443856,0.8872243160773244,0.8071887871777101,0.8562322397886668,0.9388586232154296,0.8138881524220232,0.8347533810726671,0.8623304687926197,0.8260482999165417,0.8865102681682162,0.7578718013114326,0.770051495705553,0.8572825320529622,0.7416001825443554,0.8182718284937874,0.9009751010188276,0.8574612409355901,0.8219681440298499,0.858818549186968,0.9202571739465194,0.8390002541929376,0.844286512241859,0.8332851523193485,0.825762341011946,0.8524818436860058,0.8208011679757711,0.8125850897925216,0.8833366815608015,0.8934823782162556,0.8269914399989978,0.7544619743691519,0.8078061622375131,0.724593378709372,0.8423697314795862,0.7976323705354628,0.7108861327813277,0.7449727102354761,0.7402425040623146,0.8562087648461278,0.8238878508649594,0.7322952951747759,0.8169085266383124,0.8421937226096748,0.8445804453474787,0.833606665052603,0.8346052358664111,0.865512161785287,0.7359049773304439,0.86539650118886,0.8660006742816112,0.8610917740025301,0.7588289730489137,0.7671356071282762,0.7560995548367765,0.8068704825578683,0.7389945159150584,0.8756626739933532,0.8986044574995855,0.8473160946567794,0.7984975358072854,0.7105329627830637,0.7845263726682711,0.7594339616523206,0.8525029409979551,0.7960774792327465,0.7756837981638848,0.7703356366125992,0.8581622942713343,0.8208689443851361,0.8244614987857067,0.8812682582495114,0.8831407257570708,0.80977549976316,0.8382788880683909,0.8019496334165364,0.7700799139126854,0.8871813672078562,0.7638382860873405,0.8490855593037393,0.8691015533158846,0.8804878246895642,0.7470316556362415,0.79569428093586,0.6107491932963992,0.9129871211415985,0.8018360441144593,0.8000890079437847,0.7368895925105198,0.8073287075213571,0.9009932297391354,0.873805138738819,0.8192518379706246,0.8265127126581548,0.8236611617218615,0.7629505131945498,0.9020541503070955,0.8864645308305394,0.9212857978698509
0.8453346466724342,0.0,0.8810583312698003,0.7859142740388056,0.7518138427904062,0.9060758588864082,0.8510944900244652,0.8613360835516309,0.8106463272903626,0.9016420804870832,0.8714504884892973,0.9175259844850153,0.8686402482781025,0.8071543875896213,0.855975065990474,0.8427871919831552,0.864988181692728,0.8105302495266806,0.8885677443629377,0.8386564447495205,0.8679261127878534,0.9069018258229831,0.8357261033647395,0.8694112831795425,0.91982716224511,0.737955667430707,0.801481809325628,0.8568404491226377,0.9033407375138035,0.8042599844812766,0.8932802218024721,0.890879856023494,0.8609218460727598,0.8494119021065486,0.8520734919731389,0.8583469782175753,0.8544479293195614,0.8472580496722355,0.8453849797364776,0.8644824459928947,0.8757966785147738,0.8571077856543997,0.7772251044253162,0.8459875574807216,0.8977915342065429,0.8090590390866333,0.8166883733672786,0.8398550998654599,0.8923749060805399,0.7952958938194004,0.8238806596001407,0.8141259248180689,0.7738159805192344,0.9010719460088925,0.8724589913094315,0.8667449691465934,0.8137391266646029,0.8534983505322291,0.8260439352061935,0.8247575367268756,0.8415887181961859,0.6903958999797242,0.7864795275805219,0.7574054887211817,0.7146352448471104,0.7221528396911165,0.8036227529726462,0.7959153055530239,0.7880627117242367,0.8244171976178551,0.8053365847816906,0.7592547642494013,0.7408267414574745,0.860966539859341,0.8825728788523034,0.8030573751078744,0.759970818036076,0.8243112607751981,0.773867966523087,0.6930843172335946,0.831420053613245,0.7995107752830858,0.8811399793712241,0.8316568722927012,0.7734099748719703,0.9237004302058033,0.7770268606624031,0.7517461073057858,0.8437304868014268,0.8270412155826647,0.780968382976052,0.8516299716411303,0.8674937411738513,0.7848278783762854,0.8047200353463819,0.9159913423037326,0.7691298880915902,0.880263868735354,0.6961758000787867,0.8417692412737011,0.805332658486428,0.7208520534790174,0.703482457294396,0.8423092663048989,0.7912158910121464,0.7943972804201092,0.7819638809359196,0.8947848768067138,0.866100206761706,0.901885652563885,0.8618153208051788,0.7389366640280363,0.802180897455729,0.78925186409535,0.7860107891908071,0.8407581300310171,0.8651483111470972,0.8181814015723198,0.8390219536921913,0.7563806112868299,0.7277009058174043,0.7153883485293758,0.8032457270160726,0.8750608285910435,0.7403058523114161,0.923501338479876,0.709399966158205,0.8413803029585609,0.9060852650968189,0.8081791474178384,0.8676043573559572,0.7910091759247732,0.6916131271168274,0.7990844162887416,0.8406887447594944,0.7411782478657362,0.8716884998322648,0.8354739038388331,0.8650223333434378,0.8421569821134921,0.8131879322901412,0.8381366178695963,0.8909943986598022,0.8287530967794726,0.8757375857352484,0.7908407883650607,0.8738545100463145,0.841277446776548,0.9274558990833175,0.7128422911156438,0.7921801051398998,0.8626703797517054,0.821610360114676,0.8431268794541303,0.884961470213922,0.8291894084918965,0.8262248183997222,0.8573557078178059,0.7924690087111687,0.7469158132925927,0.8153828063025123,0.823152726249434,0.9532358646457942,0.7902006981468266
0.760144729252827,0.8810583312698003,0.0,0.7267203167420536,0.7982808784433236,0.8795927600397174,0.7931009163808135,0.8382990300409424,0.6968561318479355,0.9046232976372157,0.9062634843143471,0.8938650619154612,0.8711420167896097,0.689918740498657,0.7977424973476903,0.9369738070692064,0.9070407518481066,0.7691885355526765,0.8415980655626889,0.763556974222341,0.9213107927122818,0.9298203635602666,0.7786745793225719,0.8558445357082519,0.8747659036662017,0.7607773097967496,0.7454664379175492,0.8006710689083973,0.8758936540098287,0.8243886400907197,0.7733610480256453,0.9012678386586607,0.7685161890859615,0.7595183871032777,0.7046126476726152,0.7819080296609499,0.8399930775826164,0.7913582834403865,0.8365814907223332,0.829736079312388,0.800015773807598,0.8425618941972657,0.829592332064067,0.7973391017883696,0.8294139331059748,0.7897690110187143,0.8059798418180978,0.8707558231436245,0.8449746047669293,0.7701607229891407,0.826677398479063,0.7768088267159897,0.6906161246425163,0.8709142134445413,0.8597812385351027,0.7573867888161255,0.7849671044721179,0.8901170513664012,0.7765124715149556,0.748106678935486,0.832411328576384,0.6548119476123145,0.8093591576750417,0.685132755135632,0.6697083927917217,0.7153025744567113,0.7402043207163126,0.8286313932539033,0.8277894636185237,0.8262440898595468,0.7846804361081003,0.6483907270994462,0.674308886476753,0.9073814578811296,0.8683871322350721,0.687390242936198,0.8679681235754076,0.8618724725818321,0.7297277933357347,0.695077656781789,0.840032802148381,0.7211338776824602,0.8725209045457454,0.7794466443797057,0.7240436804957066,0.8240088049435738,0.7591713185112806,0.697120232150817,0.7528751122934503,0.7226751662621359,0.7748088384000676,0.7015832373321415,0.8541574780225162,0.7051475073839396,0.7210290084372227,0.8454532455062419,0.7238637567623315,0.7609389887499426,0.5873495864894267,0.7362055734198236,0.6897263557813373,0.8235730958560563,0.6486510947516694,0.7841129330708522,0.7023772740518813,0.8254304160270786,0.8497048248516608,0.8505887472644782,0.8336916700811478,0.8960151560198418,0.8390997340834777,0.6841259132106868,0.7411310717464931,0.762692594549259,0.7064240565498263,0.7900429386733,0.749689616915618,0.8716375980951356,0.8447153218454577,0.6384744385383027,0.7144479327894807,0.6860581375602843,0.7136183409579895,0.8531697047738591,0.6170095250663042,0.901894039406898,0.6622377486706242,0.8413235204342316,0.8548294991144033,0.7658904244701672,0.7777550786098104,0.9007339643301431,0.6442296230196372,0.6694226378221313,0.8198309104735282,0.6980370918547165,0.8236487015115203,0.7379564659612391,0.8379372310406888,0.8234212884822752,0.7234713423435354,0.8067231278770386,0.7623024691634215,0.7800193758515043,0.8518422387583671,0.7201032207218041,0.8314825674109079,0.8900454158140623,0.9006731980804463,0.6792240543241316,0.7018153918333055,0.7592137839869227,0.823710018666114,0.8835483021354135,0.861508507659438,0.794617293358684,0.8141495134017778,0.8733483028532233,0.6648802367696308,0.737362061694614,0.7910218425823623,0.6757334833129642,0.8463781144646173,0.7496908317066749
0.7628664072099418,0.7859142740388056,0.7267203167420536,0.0,0.7123312674547971,0.825078558160138,0.8687009630561567,0.7799187387284104,0.6892044757077982,0.7307505530915368,0.8041846000670808,0.8255411824023521,0.7250657431496186,0.6883859017952314,0.8021247638786024,0.6888505377271668,0.7503876386294757,0.7312107075514398,0.8503055620014011,0.6449587836985302,0.7930724248853244,0.7473758766353343,0.8077356088681243,0.7543578971917315,0.8159113006439407,0.7866000982255483,0.7238165121066898,0.8156429540612521,0.7428987456456834,0.6722984032334989,0.7812915962554373,0.719347066996657,0.953139358185581,0.814090367319889,0.788114970956424,0.7897743918821254,0.7597756980889501,0.7278218600139141,0.7209475063655603,0.8016596437238782,0.8713822738222702,0.7571747428528379,0.7159883987592294,0.8537329800649913,0.7634204004859003,0.6973831813845726,0.6818892054568813,0.7518330852849859,0.7899308406232397,0.6839238755445859,0.8396396498132589,0.865033297881015,0.6742703310149404,0.8893700184837453,0.8067548270736773,0.7213840936249922,0.7179261051385097,0.8413549263438196,0.7077295217334029,0.6877104644977838,0.7645896420565035,0.616602004131963,0.8171770207271649,0.6100023626475991,0.6458501351643735,0.6493700099634355,0.7371059685575566,0.7044622151200607,0.6954931338685978,0.813475917219328,0.7285528192630661,0.6426091551772405,0.7662473527337608,0.8058842072128335,0.7552536702499243,0.6808651810728988,0.6998377062178902,0.7475323583660993,0.7582434395122964,0.636316453567284,0.7486509833597483,0.8193585959587752,0.7203124787401758,0.7461491575858239,0.7994843777993436,0.7762618570990731,0.7621308165806446,0.7144001350947667,0.7381445998356673,0.6766114727066166,0.8458136038995974,0.8523307931854898,0.7532027084731003,0.6820398092611082,0.8137210154052743,0.8369645879665253,0.6573992352087994,0.8631742380392834,0.6425535009594181,0.8166395188507414,0.6741335868262671,0.6673701392393637,0.9066800436696391,0.8551910132002702,0.7684321931926069,0.6744528715199518,0.6815383446575706,0.7855692293285114,0.7417536371927533,0.7212591968992639,0.8934036669562624,0.7500859276372357,0.8114741870934047,0.6958790582732285,0.7817928278103083,0.7802239787717288,0.7906387447608503,0.6430724726892942,0.8797514769988201,0.7836295331754051,0.6256726539359596,0.8592164473691916,0.7165377441189162,0.8051174878996069,0.65844499151856,0.8142483464491832,0.6774918792188207,0.6888414886267203,0.8110312083343447,0.6726859722017856,0.6731530415987098,0.6687742180248089,0.6250615060515732,0.8055729801837962,0.6902004370240866,0.6077193097144148,0.6586379297845749,0.7861426175181813,0.7273333655892238,0.7261477105364182,0.8948486640443717,0.6516442818220193,0.8210661329744434,0.7651089346686522,0.7410536795225644,0.806715436211236,0.7501913583718399,0.6896669254055443,0.7209291409988869,0.5767533214198262,0.8203188166043647,0.8043175245236787,0.6945219315988449,0.6455695901603197,0.8910446717549214,0.7100789542737344,0.6883295447900019,0.8151298816883139,0.8898103213970026,0.7733002188396875,0.7348615873222749,0.7787632522873559,0.7937382035917223,0.7778587143601802
0.7785726170841376,0.7518138427904062,0.7982808784433236,0.7123312674547971,0.0,0.7443135597165476,0.864295304773908,0.6771546164312652,0.7141697526786721,0.6835432901033238,0.8346243871145229,0.8160751785241808,0.7243634853750398,0.6521529960682937,0.845232210762012,0.8023116609125516,0.7959879633861334,0.764059598524957,0.7611916478659142,0.6953704193304944,0.8665173949330487,0.8449588912121964,0.7901856302147305,0.8639082929046228,0.7459234019975922,0.8240220670873768,0.6757650452919437,0.66784636956388,0.7397023436321292,0.8556997564269937,0.7579182968385957,0.7433506787411415,0.7632112222406214,0.7003830122486197,0.7385302913525482,0.7495336736319004,0.7912561993537789,0.7642645481263912,0.8178356050368744,0.8204680654387269,0.8196101419925583,0.8000955490821421,0.8387583131267976,0.8566867816512005,0.7150005386050843,0.7376370671778852,0.8523790103838123,0.8325022616602077,0.8442567586382524,0.7930291022826998,0.8585403270515118,0.8088489641856901,0.6711846117148307,0.7942783292067342,0.7767707094203191,0.7058301975165525,0.7928263712563626,0.8431094747023001,0.6931050030792015,0.7120822304392519,0.6428429730352062,0.6477936329701972,0.788432228498394,0.6594412142412956,0.7179784676821624,0.6429693649860261,0.6625494961607241,0.8265674885251137,0.7226363984861696,0.7167803390235954,0.8270605376777487,0.6739342422453406,0.6415227805555723,0.800809695315632,0.6932544750629941,0.6513852531780987,0.7718063089941372,0.9126832227093375,0.7091288156992904,0.70966262525422,0.7345880763908594,0.7801194249903958,0.8516076808481161,0.6512298349925723,0.7393465589264818,0.7614396379445301,0.6636761323107476,0.708149035341673,0.641039238495192,0.6888691809755794,0.9044742844003142,0.7287681386780822,0.8557223806718164,0.6826306517381531,0.760452749058129,0.7819794560401837,0.6234998532646178,0.6964392058452773,0.661124961284258,0.6596194441040139,0.6747515694902737,0.6757893978080094,0.69499873169349,0.7142422931781798,0.6937634214440205,0.771017694942454,0.6848735303420186,0.7138900717531445,0.8078228158262932,0.7842707108523932,0.8286493140599344,0.7979625406992739,0.6643836591033454,0.6377175805965895,0.712925256121177,0.7761951469885588,0.6744071162821682,0.7819577334194607,0.7439876534166364,0.6388688874041816,0.86877352238352,0.6710734184862546,0.6944571262171868,0.8683561184477052,0.6695153726132501,0.778438701203857,0.6400273963900198,0.788439558892467,0.711061831342854,0.7625702077966987,0.6686477462774295,0.7721677130154118,0.5873830337907441,0.7319467612414426,0.7256947789618264,0.7490969098341387,0.7884864801711845,0.831682199191361,0.7267660436770054,0.8242214172653323,0.6771526342146629,0.7272598534895397,0.7564677989190071,0.7324457087444375,0.8212911424260703,0.7739743855849832,0.8888984454409397,0.7419372868083367,0.7260074440038716,0.600230238661402,0.7260671628355285,0.7100544208023967,0.786952699264439,0.7852104048794462,0.7856238030646404,0.7233506506452864,0.7231161903712607,0.8102698669856605,0.6973218049620155,0.7469434605284505,0.6592343287004232,0.6983872810147612,0.7762179687403779,0.8662500473812237
0.8312837727084977,0.9060758588864082,0.8795927600397174,0.825078558160138,0.7443135597165476,0.0,0.8197150966936267,0.8661558608711942,0.7491868165713281,0.8513423685422026,0.8828772147231394,0.899524268305099,0.8907126349886942,0.7406246404357679,0.7850574919748051,0.8722746142171829,0.8875281899797796,0.7584277824696675,0.8777934997913707,0.7570049758143592,0.8890565760122577,0.8427995451434269,0.7680041776719995,0.8194029688759146,0.9050418435812488,0.7988811938214737,0.7219605121436261,0.8604982067957111,0.8452386340490914,0.8020316325017273,0.8255225872233266,0.9058107170550742,0.8618306563483257,0.8506037525107059,0.7804724749525481,0.8009087535315338,0.8789674334577873,0.80608231988236,0.7828587687410676,0.8165054655539348,0.8368808274137084,0.8695626895271739,0.7769520242160703,0.8646982978067921,0.8425603975226352,0.7862563445168621,0.8053821068136546,0.8603588692068508,0.8240870218812728,0.7373397606718617,0.8519721326469486,0.8861347657332367,0.7207656715844386,0.8944935131139952,0.8469483586829799,0.8729088544107935,0.794568777613042,0.9131867107710978,0.7268785606057964,0.758337722049155,0.8756700850002733,0.7067422508039735,0.8682322725754835,0.6580047812825052,0.6656136724554285,0.7392892345629223,0.7863803498818749,0.824922132873487,0.7470251346863508,0.8586811556332816,0.8139270570306276,0.67432898994239,0.7728580795930337,0.8836759531806,0.8983218921029676,0.7861548578187846,0.8002073272274228,0.8406688644900363,0.7872441331976936,0.7919362774491531,0.9226885064908453,0.7784309144386142,0.8725075501206574,0.8697860193590204,0.8139167055963742,0.8762442600403311,0.8472771830456314,0.7119007773712811,0.8424641205882604,0.7853809295217825,0.8110191651200888,0.8112804359973539,0.8157380570827667,0.7730975899453632,0.7821179523008425,0.9053472568825622,0.7432232436168353,0.8854589147609384,0.6533124318429273,0.8453538425707083,0.7366752396902413,0.7487410418677001,0.7344567326290169,0.8191008005134701,0.7796727550591503,0.8154378276347781,0.8039319569118544,0.8872257048509115,0.8108258672068257,0.882730324958444,0.8932513205438761,0.7152011459495337,0.8861701761569639,0.7809851704098391,0.7993632778675022,0.864505363357807,0.8750191563673211,0.7385630593326716,0.9085163197514987,0.7748361702097551,0.6836539093448496,0.786250164998922,0.818920675620089,0.9056039682458229,0.6941203206677287,0.9143055979233211,0.7256376819653222,0.8157654473696225,0.8922288417532244,0.7247512571027199,0.8314623434117789,0.8568304758102737,0.7116458260153423,0.7860504846421716,0.7731154109444703,0.6828114352272067,0.8224123359930164,0.7583297090960435,0.7527076884965064,0.7808918176869821,0.8208488972222059,0.8141932919292454,0.8286011820893099,0.773553265556589,0.8520863937763665,0.7822867595306178,0.8360504585736139,0.8495561419220112,0.8567843872763176,0.6926447625470938,0.7885367278365483,0.8346547087418321,0.7362556993525423,0.7576636687179146,0.9131437780334793,0.8022361741213012,0.8078330407185048,0.9336979241602626,0.769083032209991,0.8370565623175155,0.8142339564758833,0.8175718300844969,0.8967853921935992,0.7940972045991224
0.8323273899853105,0.8510944900244652,0.7931009163808135,0.8687009630561567,0.864295304773908,0.8197150966936267,0.0,0.752269001850599,0.7602883718041067,0.7830667688924382,0.8419613536627524,0.8828723112178938,0.7660805701525722,0.7109397833437435,0.9062381153231927,0.7517317708374122,0.7850086343659469,0.8021814272077452,0.8367340507995228,0.7046665608075856,0.8523230206690396,0.8468770620634775,0.9052759193911296,0.8793562087053693,0.8664485971637587,0.8230297231444064,0.7516273754141798,0.7621694176078745,0.7923634102466689,0.7936410768251568,0.8440764147504576,0.7707123065111113,0.9055398629990384,0.8122931795812771,0.8284807644184289,0.7970097093092194,0.8385700481560217,0.7529810047507879,0.7862056258693007,0.8860461051938692,0.8812101379253644,0.8528266333436554,0.7941683979694997,0.9075415248459526,0.7964838516804785,0.7562978316431443,0.8309697105843069,0.823254400003803,0.9188222363091904,0.7469064485111598,0.877657253509368,0.8578667085182008,0.6879050488401416,0.8750437758200481,0.8225232136011074,0.8043213742946932,0.7641817732136196,0.8529518700115803,0.7737586307826271,0.7227101802803303,0.7082062872986654,0.628440601992409,0.7881105634090202,0.6600182937942098,0.7059614383573714,0.6525258940426579,0.7554876837070345,0.8285784435216018,0.7360624959901393,0.7891120609978505,0.8128076022719374,0.6957610257871112,0.7161846887277024,0.836448361865317,0.7231275970262673,0.7280105459486556,0.7396842309859236,0.879183885067361,0.7389166675525533,0.6772580292538837,0.7638830687926771,0.8483743854867167,0.8563310825903955,0.6995527137820868,0.7680340213832229,0.8189125081486572,0.7252019247388133,0.759768915878094,0.7360982570565113,0.7524385570221922,0.9001956623898297,0.8806123373700611,0.8304985095251528,0.700700312871233,0.821370737871501,0.8996716173347387,0.6334498200319407,0.8520956906554179,0.6749367062398183,0.7909414148339952,0.7127881909397717,0.6675112126943968,0.8337415119189022,0.8554974690882745,0.7378462628874113,0.7436842599407643,0.67731538234202,0.8158739424105662,0.8398113033967901,0.8271512846442184,0.9186271260543409,0.7838969672797315,0.7674416073109903,0.6659202462022299,0.7574998918959344,0.8180839020785687,0.7822515504083584,0.7541613393196026,0.8388326077606476,0.734634450262354,0.7376698503597706,0.7470873485215203,0.7418757157332485,0.8998348384624307,0.7014842717348262,0.8514478547096023,0.6643493614267374,0.7703006497089306,0.794782603294459,0.7622456538803319,0.7292567319053967,0.6989914336013491,0.604024172187626,0.7854937805679437,0.7384836434814536,0.6996373670312312,0.7800062677795554,0.8831538026921967,0.7855961386459255,0.8086640990463985,0.8252741755143782,0.7098413647694956,0.8650507819333305,0.762329312865922,0.8257160250353612,0.8903710944879061,0.868304047038272,0.7526140943782247,0.7909612970437371,0.5780449143736212,0.8040322432846188,0.8028406098767825,0.7461994872739296,0.7915191763168964,0.8993331293855737,0.7720217145967111,0.7489431596458681,0.8741743844820435,0.8510225258944025,0.7723855718959103,0.7542801973476642,0.7927904245280508,0.871891025628452,0.8532291360301532
0.8063643975287911,0.8613360835516309,0.8382990300409424,0.7799187387284104,0.6771546164312652,0.8661558608711942,0.752269001850599,0.0,0.8136129804931549,0.8275884386757247,0.8254647847835873,0.8650106454733619,0.875353960158883,0.7324311250860377,0.8030093118127309,0.8346081969592695,0.8104975318631271,0.7886587393442681,0.8414452664779946,0.7933171827026961,0.8097246662101499,0.8307145653570334,0.7821492385786859,0.7700312337718952,0.8707484175081832,0.7504480754874898,0.838659919006616,0.8568227498804027,0.7642836049542431,0.7933514906892055,0.8701671554916117,0.8675068810909117,0.8191848033852415,0.8350895665794301,0.7594373473442159,0.8045679994389431,0.8517297800284273,0.8339774858068262,0.8051802424938654,0.7788566814744488,0.7851031751396218,0.7892958088989573,0.7997206727511934,0.7556331796187097,0.9328024804168215,0.8309914261416977,0.7364695476572242,0.7766423457089449,0.801252818107096,0.7616384912592882,0.8056998277361131,0.7664177754737301,0.6935425098362753,0.8343589980365808,0.823237451623757,0.7951261540278998,0.7842475358017005,0.8707130767350897,0.73503803113855,0.7972558330970342,0.90330064075952,0.7001982226869593,0.8085889659243232,0.6773088479888605,0.6680540567919927,0.7479861099854757,0.8134048972570239,0.7825885830759186,0.8146585505890932,0.9391965689702579,0.7957252222791542,0.6875062592440015,0.7264858294330738,0.8675632610463638,0.8983122984160977,0.746242331889439,0.810328567088819,0.7428506874819157,0.837955719222259,0.6273084327998578,0.7577165761114543,0.7977979202222835,0.8189099305509893,0.8544070029883046,0.7630528166905076,0.9057687114205586,0.8846675247045799,0.7736218702878132,0.8899291840633563,0.8169788642800062,0.7617991879957638,0.7853657617638959,0.7809427475601117,0.7309668391740826,0.733973884328048,0.847286366374441,0.796350531073767,0.8215900792921733,0.6256445616233474,0.8434537608851397,0.7312945846734521,0.8633737372970969,0.7177244193501104,0.7929102005610195,0.806706226320222,0.818326511058662,0.821546658840775,0.8400622808977828,0.7939162941984764,0.7901551333751227,0.7907272898041382,0.714316851379289,0.7902672822241248,0.8640370456054004,0.7786393428349565,0.8083155149941181,0.7856595070751711,0.7606675074194821,0.7625927584033546,0.7398277282020101,0.6553393277631979,0.8406864476992733,0.7166573539291338,0.8130619996025193,0.64261161413451,0.8605477509632149,0.705493551954955,0.8615390610091561,0.8225955949830325,0.7672216519015647,0.8429964000891951,0.8034311604833977,0.7493726359333377,0.7423535559013944,0.793343986726378,0.6462435181277429,0.7985067270549213,0.750299147445411,0.834804689678296,0.8551342438435345,0.7815033465887374,0.7589483123870334,0.8159993483677993,0.7889044447452277,0.7944266120672121,0.7761105756132038,0.8261984294885227,0.8039124350904266,0.8487711089237959,0.6603101822783458,0.8104355422759274,0.7528053993377007,0.7792133010774366,0.7807862050615887,0.8530381737286991,0.8614248766913525,0.7889477979913391,0.8329453799020063,0.7128848530741242,0.7372340594222007,0.7385821676423718,0.7265310890792368,0.8988914328457581,0.7307781304945462
0.8934662544604547,0.8106463272903626,0.6968561318479355,0.6892044757077982,0.7141697526786721,0.7491868165713281,0.7602883718041067,0.8136129804931549,0.0,0.6892657653845063,0.748083184749973,0.7673421563428144,0.7784153870509584,0.7530926698532852,0.823358685949838,0.7148197546143631,0.7131990664324501,0.8341193841926672,0.7577194031433633,0.8383430768624492,0.7301793204088193,0.802798351339986,0.7673345368249153,0.7719470612289421,0.7868505912712404,0.6896047163425937,0.7843904005571292,0.7511792668170125,0.6651280186557892,0.8216250645927308,0.885137423865615,0.7508113490989117,0.7433143497373519,0.7499020206735946,0.8403311155580644,0.729962520809754,0.8157530289812828,0.805832160661882,0.7537295756977676,0.745305061984598,0.7260533179480488,0.8198834848262274,0.7442261203633419,0.7386858990966496,0.8260460216414665,0.7714835657733377,0.7482848048731894,0.7179650462314293,0.8030065560447524,0.768441856116538,0.7497805273360433,0.7251091569822821,0.7108848952160599,0.7246272049626875,0.7018868916675075,0.8370827974425762,0.7947755677131505,0.7511225927831797,0.722120493165104,0.7658435440685151,0.7283364447600794,0.6660407590259387,0.7182339327224757,0.6898447025765818,0.7485459010037729,0.701372358861583,0.7821459147096932,0.7862163696844167,0.7392804993732749,0.818790953454845,0.8335341421675566,0.7526886181672915,0.731798111262601,0.7487295919011624,0.7616554236132065,0.7763824121935584,0.6808844698218592,0.6964393717187396,0.7523345161128528,0.6167028718180804,0.6747460100997739,0.871964880254835,0.8221193002308366,0.7241463004443747,0.7345021938746019,0.8843571595552518,0.78890767223675,0.7875182907079643,0.7885218086109762,0.882927844919547,0.7664039060776657,0.8171303062655886,0.7330916698026471,0.7528999833078122,0.7803201163280408,0.7842664213836051,0.724102252411703,0.7586285262253786,0.7112885703451342,0.7641040132359465,0.748916661577449,0.6774214703892398,0.6747409445850446,0.7007741294025147,0.7888599509145706,0.7407090751362556,0.6494327323996076,0.757200522206205,0.7398299341451247,0.7544850945162761,0.7264466644242278,0.7604631838980296,0.7384830767355025,0.7590346336559585,0.7393364475680386,0.7928100104873969,0.746102190123983,0.7169259602490867,0.6446170178235001,0.7427365297831616,0.7366479152197455,0.7107780044911526,0.7469971647810593,0.7830532207925934,0.7838596076299953,0.7229319606946744,0.6729105530602966,0.7804277172816729,0.6786987141220877,0.7711849235178717,0.8525129864484284,0.698424759200142,0.727234231010809,0.828752853101094,0.7623924537034886,0.722904822266682,0.8190768654524269,0.7949356382402781,0.7565292335074942,0.824989093599315,0.7113061066997616,0.7213285290194512,0.8546445684062514,0.7428987128826396,0.7554942992636468,0.8095018160104326,0.8779399246253535,0.6747438951385947,0.7518043663509779,0.6027336634756558,0.8392210859308535,0.7143133109899967,0.7749921683297538,0.7291358988016531,0.7371138243027052,0.8580376892699116,0.7813422972374388,0.7382440600304775,0.7325500483003625,0.685679785285138,0.640449018504113,0.8038615280400774,0.869372844544442,0.8207837061661686
0.7218205673547465,0.9016420804870832,0.9046232976372157,0.7307505530915368,0.6835432901033238,0.8513423685422026,0.7830667688924382,0.8275884386757247,0.6892657653845063,0.0,0.8214978626391986,0.874607418500976,0.8120187985833036,0.6979923714837601,0.7603419093999566,0.8176309168854191,0.8021672792818146,0.731927942352005,0.8228944813940535,0.7256517745913831,0.7950724526889021,0.842073361156283,0.7955587988041393,0.7667122344024259,0.9208189437225577,0.6673621193282322,0.7689926035675554,0.8009992805753676,0.9127075824892611,0.7530370165177319,0.7873213809735765,0.8565401615995333,0.7729466846009331,0.7649097627637237,0.7176895826494712,0.7669274975371293,0.791140903098602,0.7414284147390738,0.7549068914707533,0.7627007748156219,0.7656638692524267,0.7978573836076674,0.7370703389396879,0.7543747273018471,0.8143368922574781,0.7192072532525842,0.7452679412062951,0.7916968045136116,0.8235345857912122,0.6821900750628546,0.7301390539734304,0.7063128314205315,0.6563330775875578,0.8203929858934447,0.8347391461198027,0.7742201131272777,0.683892147634633,0.8152715486323624,0.7825755545355446,0.6955842938184716,0.7937281941859466,0.6074583109658582,0.7136130600519278,0.6842603748303457,0.6111474088783537,0.6442816232814818,0.71117674953116,0.7473720108693483,0.8014536261194041,0.8092141098515391,0.6877637343929476,0.6465349767821398,0.6517571488922195,0.7975436074766541,0.8180878920172315,0.710565513056271,0.7276068466579618,0.7764410467877374,0.6831797577128851,0.6277358035981101,0.7887316003157706,0.6706113444238584,0.809929989553778,0.7679658399673585,0.6601246166213769,0.7902332076084048,0.7360901505232216,0.6850172037825927,0.7833418891661398,0.7063262696005752,0.6961314864028558,0.7396090279768107,0.7885975726939145,0.6495074166925208,0.6701504250966885,0.8831828464089448,0.6705610318213105,0.8187636383829505,0.5833731869104821,0.7414675588083979,0.693865753638772,0.7376440769651531,0.6675573813857429,0.8699642929799261,0.6767326049184295,0.7217397929931506,0.7475518489466951,0.8855471271576973,0.7759676508447543,0.8410705757621826,0.7888375389459504,0.6225565290204598,0.7238170669012799,0.7591756774278198,0.6703175954402288,0.7251976809446377,0.7858578556457569,0.8355507678669206,0.8276255773345329,0.6669741630641838,0.6084730110055943,0.6754963950952658,0.6842839858478778,0.774315185689852,0.6143318391113806,0.904912343454907,0.6153773195105321,0.7583348795673561,0.8772461018099006,0.7207905778683132,0.8154278801883054,0.7407654596992921,0.6151746007420024,0.6393468514873163,0.7640900159600115,0.6408097899710953,0.7850118501231332,0.7084088319158244,0.8357560381136372,0.7656086829577167,0.7782382343247395,0.7639991381383603,0.7389003671809049,0.7484111400561787,0.7952410703561714,0.721740911046846,0.7455791394992742,0.8371398290228832,0.949804361254177,0.6659275636376473,0.6776568361982662,0.8073547422186831,0.7226003330257489,0.8315545394422641,0.8655584513263366,0.7513061195984859,0.7436809905284173,0.817473296367888,0.6975426662963251,0.6731894609155763,0.8321781089620209,0.6998254532035557,0.8640249827948127,0.6658921857049974
0.8471368691542,0.8714504884892973,0.9062634843143471,0.8041846000670808,0.8346243871145229,0.8828772147231394,0.8419613536627524,0.8254647847835873,0.748083184749973,0.8214978626391986,0.0,0.8953493250870918,0.8756976549666278,0.7502644194817976,0.8489011660984884,0.9029038706540495,0.8871773001313139,0.809997585538967,0.8715327566097195,0.8071859718001534,0.9257613708170871,0.9367149956571238,0.8021651549988006,0.8910489716339859,0.89910044162661,0.8397566932393621,0.7581791087743216,0.8377321936955496,0.8718973723592635,0.7967527295849696,0.8368300735987321,0.8712985138705135,0.8296142243922581,0.8062402260035589,0.8209513315405258,0.8280731988810571,0.9174955381949178,0.8687129720025052,0.8823660292969402,0.8611110812171436,0.8443744892024408,0.8451472482423921,0.8576942935706131,0.9074490263273647,0.8489260124303804,0.7607316105344302,0.7582241396931508,0.9596389099785514,0.9102520011677837,0.7971329941408245,0.8738240041732791,0.8279526304573415,0.6890156166906618,0.9179871382608236,0.9128685024196713,0.758469243242053,0.8336845049652358,0.9068258928631074,0.7890492867397084,0.7503866086984843,0.8577275999320538,0.6537968678186116,0.8549766709552886,0.71992628694141,0.7086905200028586,0.726530436643481,0.8121739883861921,0.845894802778329,0.8308963769716108,0.8784312392727344,0.846619030941493,0.7200422875631619,0.778528063790398,0.9081994030234036,0.8557779492192754,0.7229446691663808,0.8653619833573368,0.8659503960999763,0.7744427690954507,0.7391531911081577,0.832323933069997,0.7959321554181612,0.8492415599991217,0.8262808326294262,0.8066411684245465,0.8562373547704706,0.8535494141396903,0.7462307151917346,0.7394999638606382,0.7469704243510723,0.850871795071773,0.7548648839513706,0.8793283790588644,0.7554783203740721,0.8229716807165052,0.8877571763863353,0.7352753297379095,0.7910869188699664,0.6606591044457475,0.7548376571448102,0.7853222224287687,0.8017041519164382,0.7278283015993274,0.7971143669924582,0.772324182230106,0.7833815598446884,0.7793428129141429,0.8471297207359877,0.8026870202550513,0.8985729230081706,0.9159244453999648,0.7935665553085818,0.8264304565207459,0.7979903850252648,0.7678540793644589,0.8055452719244313,0.7689541229916895,0.8578426423526873,0.882800767160199,0.7084896603885475,0.7821476006219643,0.7455820541845036,0.8041193697835819,0.8848410977158981,0.7385470663337088,0.9100849503461073,0.6634958518763596,0.8274027558537479,0.8628044509912873,0.8008737328139717,0.7407629402620365,0.8544150593080247,0.733959598709352,0.7991029303638206,0.8846223339004478,0.7508203523343066,0.8244240784942557,0.8291943486675172,0.8631637895570218,0.845020338352693,0.8001656667717343,0.8263873629763236,0.7957483268174798,0.8327368451633226,0.9406796655855345,0.784178126877998,0.8628313468745727,0.7854553664822227,0.865610247403649,0.6697457609911597,0.8354551526389095,0.7921639396565224,0.8465720304180345,0.7707423119839919,0.8820462300075098,0.8554767742629449,0.8660939911589096,0.8635676083279679,0.7897405621767216,0.8105497731808396,0.7480845831840989,0.7857851853152479,0.8537251374688029,0.8802116797303285
0.7926105232078274,0.9175259844850153,0.8938650619154612,0.8255411824023521,0.8160751785241808,0.899524268305099,0.8828723112178938,0.8650106454733619,0.7673421563428144,0.874607418500976,0.8953493250870918,0.0,0.8009097860181158,0.6918615389065659,0.8580010840298442,0.8479883294181488,0.8397167598769777,0.7481644477821048,0.9236165270280547,0.7534989422751827,0.9052853004256461,0.8893999864693226,0.8630572683449551,0.8644290626506916,0.9305717517210309,0.7784405392532066,0.7679572299952475,0.8065459884907601,0.8705640818241137,0.841517107363251,0.8879071635919009,0.8532453108828717,0.8708736539439228,0.8625862641282964,0.797407939329265,0.8545904142887432,0.847853436832498,0.8071263771554642,0.8794263131961743,0.8149303894037281,0.8805900253901319,0.8646706806881224,0.812384657671497,0.8814834832496855,0.860288663259384,0.7586356849535308,0.803399675604019,0.8619960566994246,0.8804379393686623,0.7600770702661186,0.8452976717501539,0.8250313603245703,0.6726765185447688,0.9164384320477181,0.8925823788602075,0.8109365329012538,0.7729749651763679,0.9486557896277603,0.7363064038926539,0.7497679903234213,0.7913562647344207,0.6458639644858954,0.7989344006749851,0.6972412798388724,0.6617720593340829,0.6580822049182309,0.7359814306186488,0.7830368496908952,0.7557898440231923,0.8463755280592732,0.7796804692056657,0.6713426502201785,0.6934458845496416,0.8511308721797705,0.8222931671079677,0.7009231916104267,0.7802720091559263,0.8702852510435964,0.7640270068414399,0.6668590441795268,0.7891287921620397,0.8027335701208687,0.8725003247678247,0.7643931220278668,0.7675217041097977,0.8717692096788711,0.7893982487897646,0.7161708920843001,0.771698876590714,0.7787710965761825,0.8339710044431244,0.8496833082866285,0.8611435730638187,0.6945769214823808,0.744403579336421,0.940540684325548,0.7085822959505389,0.8896731776117648,0.6533536287022197,0.7718386172834404,0.7276626764113494,0.7636339064235721,0.765848286757674,0.8980013668262644,0.7489356771625971,0.7765148287093435,0.7628730412875266,0.8831479905994242,0.8095974446114518,0.8738027371580621,0.9231825677627943,0.754167978276858,0.7520595919974058,0.7651563293284893,0.7351807101495685,0.8063280980366567,0.7945661860387345,0.8262500502866418,0.8647711498776204,0.721433859997055,0.7092607087638926,0.7661277165470977,0.7459039310775666,0.8757391586259029,0.6664684632539422,0.9342369976985215,0.6643958517085866,0.848685803920479,0.8926639028527413,0.7361932430695282,0.8039488553743549,0.78949339755739,0.6323793243849528,0.7746776287955596,0.8129760776357126,0.6716606151263321,0.82689951900755,0.8054653659402392,0.8296397238593581,0.8728714966845422,0.7934191929441242,0.7826811092834914,0.8293686134197515,0.822510974002921,0.8728644619321191,0.8207161747593266,0.8971876647716807,0.7993053747635128,0.9058546807030206,0.6753586880899306,0.7974061174506588,0.8077651114844371,0.805019160230612,0.8194562739540342,0.9607804089045563,0.7951602896026501,0.7582619981362454,0.8953878241986971,0.7550519018753895,0.7327672694925816,0.7306592610873555,0.7597340967460566,0.927400370633169,0.797425442699077
