0,1,2,3,4,5,6,7,8,9,10,11,12,13,14,15,16,17,18,19,20,21,22,23,24,25,26,27,28,29,30,31,32,33,34,35,36,37,38,39,40,41,42,43,44,45,46,47,48,49,50,51,52,53,54,55,56,57,58,59,60,61,62,63,64,65,66,67,68,69,70,71,72,73,74,75,76,77,78,79,80,81,82,83,84,85,86,87,88,89,90,91,92,93,94,95,96,97,98,99,100,101,102,103,104,105,106,107,108,109,110,111,112,113,114,115,116,117,118,119,120,121,122,123,124,125,126,127,128,129,130,131,132,133,134,135,136,137,138,139,140,141,142,143,144,145,146,147,148,149,150,151,152,153,154,155,156,157,158,159,160,161,162,163
0.0,0.5067969355307294,0.4298108611900173,0.5330026332820805,0.5251133822332766,0.5087727801950205,0.5317703557963918,0.5151959445925005,0.5515712313312455,0.42123975110941403,0.4967774688039167,0.4419530734267175,0.6142472474351638,0.5538227088708382,0.5868672725046228,0.5295505957949578,0.5753518047509242,0.7465847399778054,0.49513803140956125,0.6621177647645294,0.5661462941903536,0.5129787647457713,0.5437085314399241,0.5473130272194929,0.5469240119025508,0.5094736799427183,0.5178015067366778,0.542627445780445,0.37947678426259557,0.4940840542513681,0.5669553827870764,0.542405828260604,0.548164840871997,0.5261359273415371,0.6416226618730066,0.49907049677137,0.6247914666137515,0.5444035197841093,0.4446733828935369,0.5955292175120882,0.5055547961030222,0.5452038343258313,0.5916078670955139,0.5423467820370356,0.5890882061292875,0.6633039917298807,0.5343198166026509,0.47932885288393656,0.587541433313338,0.5974220961932137,0.6080294622753731,0.595905255502,0.5123117563843625,0.4978629325426889,0.4482851764275531,0.5232151221890279,0.6440501153338762,0.5136365877274314,0.5109548845980081,0.658590297512334,0.5087079089159323,0.5221735193479826,0.5413009707132257,0.4645447267876739,0.5702916603311418,0.5603893117637584,0.5548565406563306,0.5883023763306245,0.5123568158694125,0.5701562481680627,0.6553553534809197,0.5749552060803138,0.4935918048259667,0.5911838344981306,0.5307612963098342,0.5947963145056389,0.4957827855345763,0.5228455392110445,0.5341859604341017,0.4677550187633245,0.4910210594343013,0.6362702004238059,0.5161240649085279,0.4943439271739191,0.5457513646123942,0.5685067081820117,0.5497378063050296,0.548393157338718,0.6186325123337185,0.4726745752182099,0.6206123158721475,0.6080165484002014,0.5318553862285921,0.5697822492537614,0.5492712263788743,0.47090011484873673,0.47320637439542496,0.5375537975207717,0.495767824196212,0.5955827102503135,0.518625351014644,0.48932480573042714,0.49918766336529813,0.44424634557401654,0.5912070639887466,0.6201122819757706,0.5203930962758347,0.5208628038645613,0.6209481399206088,0.5221853711721225,0.5250863485554191,0.529431921802729,0.5596683258218054,0.4925850336817939,0.5741838498452727,0.5884204829851815,0.5893192986469503,0.4495469158476232,0.4463243991704784,0.5299007717097443,0.5648980482574463,0.5016303636887401,0.5882932185259271,0.6299409604032985,0.5252407259849137,0.4491171645736319,0.49110380278867966,0.5180714646311477,0.4569879238232213,0.5779317288045788,0.4880904157385012,0.5179687216715148,0.5025427880001379,0.5038572997902913,0.488387446566735,0.5014882644937562,0.5026974606804413,0.6062919177726671,0.5155821493680672,0.556480672811651,0.4954440302469504,0.5245633488844812,0.661201884503884,0.48328318250944785,0.5235245885734161,0.4868234284659205,0.5209680407426526,0.4944578784667833,0.47283588502888496,0.4030695618649034,0.6002859164645461,0.4845642483928709,0.5492335819753582,0.4505227241077793,0.5188776884750066,0.6192834614624867,0.5422749727450773,0.5346050278780478,0.5406942466233857,0.5117140432082589,0.48909731604458295,0.5902210464696334,0.4814724098349752,0.5889818818257839
0.5067969355307294,0.0,0.5590831448405926,0.49031363936803474,0.4766065544491094,0.6287098951917206,0.47394845065204483,0.5969546020280984,0.49936263247170376,0.5782463880361244,0.5313672571148107,0.588301347238547,0.5504088816511831,0.45910142214725436,0.5796151421073819,0.5649579093803021,0.53022485501472,0.5013728034629231,0.5438118401397214,0.5604981158159238,0.5576788759532472,0.6575130365863076,0.4811523999277578,0.5847778463402088,0.6372074069373046,0.4156961227267147,0.5028652732182834,0.48998960006857517,0.5021495635689888,0.4977254066156251,0.5997756512905353,0.5084404577975686,0.5817129202209075,0.46319631698477354,0.5045978780438837,0.497636094275977,0.5447361397871355,0.5024496387893638,0.5143672234279165,0.5027807697739545,0.5389118860712265,0.5265241678349368,0.4811836110119,0.5082485458103599,0.5640152567858578,0.5056341911278891,0.4681882647960782,0.5031068721154041,0.49615788583290993,0.4703830482613782,0.46937140215516215,0.475251783337837,0.44583945686309134,0.5501437719940225,0.47672873381851283,0.5188883146284852,0.4868295690623276,0.5688246681939901,0.4396866764622067,0.5176843166912024,0.5394963418640194,0.41724914296456794,0.44945509210724405,0.4326538853989777,0.42991700391399407,0.43267552104786716,0.46282706899787573,0.48529488285409655,0.4491746515295458,0.5588719388968126,0.4842427608429105,0.45262455387507633,0.39193271359048487,0.502757670557769,0.5548610186793826,0.4595478111256713,0.440686371242254,0.5314581634277161,0.4570513702200215,0.41824517129711347,0.49106608044838496,0.482934679935411,0.5990798668866367,0.4904128689320384,0.4313323980387888,0.5814074300676557,0.49096857906684643,0.4117061219436922,0.5190337932256027,0.4913503933179588,0.4598965562264984,0.5203259408276574,0.5198483115729018,0.44524335598026954,0.43842875832572714,0.6402302646624723,0.4638801851405613,0.5467941433047535,0.4023981945507516,0.4671989518652735,0.48548367401054104,0.4667428717705542,0.4001012963539213,0.5935047136376588,0.4529644123832578,0.5093370409418212,0.482443405224222,0.5842632569057713,0.5315985515521345,0.650373829061709,0.4910191449573028,0.4198084428177561,0.4466818128730415,0.4756977391145701,0.4449243666106757,0.5147268911435932,0.509860596129717,0.48577509406162206,0.4552032752734846,0.4505281301210726,0.45431612549308814,0.44425839460260075,0.46707762641141093,0.5602880812106402,0.43690612774152365,0.6015881122901509,0.39720393238680196,0.572114390082911,0.5370908802217387,0.4941527722890932,0.5474642756662706,0.5138894395793564,0.43440391986051824,0.44965762710825363,0.5503144325704664,0.440769430272195,0.5519419126527005,0.49122559317385406,0.5573751708173872,0.5478403838913631,0.5051138351231789,0.5113988542670649,0.5177308026742273,0.4622307068856492,0.5252626659752097,0.3914460740687075,0.5605718745518115,0.5606656594463051,0.6265186372968881,0.4450772765654313,0.4712561829626195,0.49949886967238016,0.5333058498449932,0.5046016741379815,0.6133273049082586,0.5682658985084383,0.525004184177911,0.5830883330728458,0.4622560720523219,0.3989622235172033,0.4816363795263633,0.48251268519211715,0.45608464375243274,0.47596633691822066
0.4298108611900173,0.5590831448405926,0.0,0.44326459933170914,0.4595292653643318,0.5666442604852407,0.4303501149717052,0.5089185609766375,0.4006322813343333,0.6014860930784989,0.5067268068131016,0.5017510163936432,0.5180191573475308,0.4349376148990448,0.4613928353136681,0.5666904133690884,0.5064127108682028,0.43668479630992224,0.44512852733722047,0.4641517560695652,0.5274348688888187,0.612027306380327,0.4172642633706726,0.4722290873894619,0.5378853703790714,0.41575582986645865,0.43557132750439104,0.4258171950453712,0.5066786307650893,0.4116545295891008,0.45861072138103004,0.5076068382160365,0.4801344389849866,0.41878303076515566,0.434157845538361,0.5023175312353245,0.48788757990285464,0.4480291385862185,0.4445005413976244,0.4532428456161082,0.4612523029378783,0.47768361526107356,0.4695181650153804,0.4699442459275143,0.5143143535391279,0.4382584877696454,0.4592111982539714,0.5239135376713381,0.44513059578699604,0.45150565931954545,0.44414090687275165,0.4415692285223879,0.38966423263224076,0.5300802533414725,0.48268195736891534,0.4394964440024927,0.4201992709793696,0.5271246949383775,0.435812388912172,0.44993384744521625,0.4991412599856484,0.40876846969371444,0.43919666844703076,0.4436574065125292,0.3897502823755113,0.40261388662753045,0.43174861067204084,0.4712574276192536,0.48442586885225203,0.48293721486586555,0.4429662784355158,0.40459756479545006,0.3898963709326962,0.4931245495691103,0.4940431416457793,0.3869365985200812,0.44386453360387584,0.4992263594639451,0.3997726554145951,0.37055999318897875,0.45127277917635655,0.4212416794652365,0.4644204029170858,0.4477655037036135,0.40210431826744497,0.4652466843483462,0.4535894976892635,0.3976560363032381,0.4352930716196506,0.3985344567194229,0.437841995550877,0.44605493385375994,0.48046541766268575,0.38065180146880984,0.406705681047912,0.5444108385653946,0.4299349074921599,0.49395257957091615,0.379008581723432,0.42954267750946207,0.4172141532363033,0.47983454856639635,0.39236601831790857,0.5339946901505641,0.420367361364143,0.47390447465312197,0.4803344054207851,0.5017905509888096,0.4750998913706343,0.5567851083692296,0.46367651441210794,0.3960593902836803,0.4352833630694433,0.42339799913807064,0.3971340072066864,0.429864936935245,0.42614777770063667,0.48158177601177826,0.5191082987132297,0.4088593324852863,0.40989388502026236,0.4097626898000227,0.4266601136314602,0.4538600374312868,0.3782947208644387,0.531577175803642,0.39740427751117624,0.5210278027433997,0.5665566506484306,0.454440797766102,0.44806958958136867,0.5073066721676794,0.3770680805405013,0.38338810774662657,0.5005243718244724,0.3965255114236618,0.43377276754487115,0.43154719076553055,0.5172635637964756,0.44080247968223685,0.4406561927484485,0.5111230283753586,0.4420018719635316,0.45897259106932714,0.48229918510691105,0.3909002265016744,0.4633585800783941,0.4714595931460063,0.6007005054308384,0.43882705358966495,0.39884048936593436,0.4164396768989201,0.46821432859361806,0.5274846263661608,0.5132383761800726,0.4641001345769892,0.4213534003807272,0.4960498421407665,0.39377080496564454,0.37738188111525073,0.4526163261470344,0.39873188782838825,0.4012832205394469,0.40311406767690544
0.5330026332820805,0.49031363936803474,0.44326459933170914,0.0,0.49211800377038545,0.5035348704253039,0.5179525279973274,0.5049226382290788,0.4462355460775853,0.4280779600057711,0.5670662534209104,0.450245726266097,0.5533158057465738,0.5627218300938959,0.5134111119238178,0.5333701970916378,0.585727022244643,0.5440841751207053,0.49761972553478306,0.5214072862208411,0.6009453792334137,0.5034559049116837,0.5173560924712396,0.5145602163246269,0.5248012850588115,0.5561742457825484,0.5277960371335363,0.5501336585055386,0.41394979485801664,0.41693419110972,0.4993447537874978,0.5126067146408563,0.6199450070868814,0.5303580112538543,0.5622566729370914,0.5676810560540294,0.5664353626120988,0.5578055438107117,0.4826527103411833,0.6154558704434042,0.5490497919173624,0.49652815150669893,0.5218402968038272,0.5785144175570823,0.5546655027677171,0.5308612070937917,0.42486571548401353,0.5121087699772467,0.5530898896778259,0.5412468756086363,0.6095305718031885,0.5643614841382174,0.4694088232314377,0.6050593228358938,0.5185675562287744,0.45422284571039095,0.5700752293948013,0.5413260828920696,0.5040601968653391,0.5984194504916018,0.5893493926789072,0.4989040239476727,0.5255606249751429,0.482548242409891,0.48754409902000395,0.5094040261757283,0.6099369747917883,0.48657390109951554,0.49018608746151277,0.5578354371037629,0.5428038898496967,0.5383875583079736,0.5244894297671783,0.6259752526754976,0.5373518850230369,0.47719314164377513,0.563999129496847,0.5524277541558149,0.5047680232150036,0.4735287254711108,0.4893886184681202,0.5668838912952732,0.44811945102115747,0.5159645274645988,0.5854688148470998,0.5147672698309146,0.5779123989860081,0.4997306826907091,0.5233069831200317,0.43554369932214354,0.6005241287377316,0.5580484790291903,0.5418422338311834,0.5069369141518794,0.5981410366932219,0.46747698689877887,0.48738182750903647,0.5267887195202375,0.4984847460866335,0.5636558714980123,0.5592148518523585,0.5359093830411611,0.5456312185474365,0.4529393625666685,0.566372967605624,0.5223167586229182,0.5579778578405432,0.5074258032943522,0.5528912893695247,0.5017619594181334,0.6020644845123286,0.5609908495299517,0.5922587009908944,0.5566057415570498,0.5334965485229901,0.5168128296375667,0.516145053075635,0.4367304598150422,0.5256422141122833,0.5637977619490474,0.532294880230113,0.5678867018602443,0.5588798109445947,0.5691552328055908,0.5011064132633105,0.47496640815004937,0.5064365686117812,0.5003203070950771,0.520541841140737,0.5361092426634179,0.4263226869731291,0.5372880282760625,0.5383737174052069,0.5351303530262904,0.5176165244455442,0.4465001234439033,0.4128215388058458,0.5658968759453255,0.5351304493001792,0.5344681039051199,0.5256277157584879,0.5490904767416691,0.6137956682023754,0.5557127597313007,0.5806244592344234,0.43780754600345956,0.46403034075851546,0.4860621560108315,0.45594352973664454,0.44532323342421887,0.5827992891225295,0.48279387481323754,0.5676009049057004,0.41857795059647374,0.552611457635939,0.5634827826802264,0.513457106748667,0.5214838509087355,0.6199423881045312,0.5361345817739624,0.4848812330536357,0.5401830480530982,0.5162884675521152,0.5599084174707637
0.5251133822332766,0.4766065544491094,0.4595292653643318,0.49211800377038545,0.0,0.46770999532979496,0.5308157911228581,0.44456206644181606,0.46368814526469315,0.4141531926536828,0.5424829390945729,0.4638448174006419,0.4960272882461214,0.4846443227329879,0.534292973148663,0.5257258935485111,0.5126296654807689,0.5008652481339256,0.4436865866443699,0.5012518360211623,0.5587691709274484,0.5536187519409326,0.4875818654560614,0.5479720899952067,0.5002415770816329,0.5153597423886168,0.4687584695428566,0.4367864154297569,0.4069236908708176,0.46084983471346325,0.5005900898468852,0.4769743938388783,0.4981845617376114,0.45854508807813776,0.5442397250059936,0.5127293282128669,0.5635236430633177,0.5003384879826357,0.4775961029511717,0.5274925966750819,0.48738937079172606,0.5263216202904648,0.5229980377410446,0.5899060489513315,0.4989249114211348,0.467986316097757,0.48364457408117595,0.5493738057053478,0.5324338438780774,0.5199799006649041,0.5257239158326678,0.502293527440071,0.41052907774022823,0.5048917404249872,0.4692663696404563,0.460946597808922,0.4962763881892738,0.5301660387794624,0.4526737413191262,0.4991122729356798,0.4422652950767392,0.4452833245931099,0.4607250425959592,0.47435365452574263,0.4554709783549668,0.4266241219884992,0.48950343179416855,0.5286592297356554,0.4683500565662326,0.4840414148483121,0.5399326160333214,0.4837676089223641,0.44449500030737144,0.5177635244456393,0.45085920866556484,0.4244348123704618,0.48615539260873897,0.6185476433999247,0.4317924568594477,0.43139969011524054,0.4364648458317614,0.5218672932759784,0.48565498120049566,0.4276928836676747,0.4746930162811809,0.4850466114974223,0.4839639275319136,0.4556987599099227,0.4386072830077699,0.43644820537753526,0.5993133864940801,0.5235237544252963,0.5246184612637117,0.4301890616943722,0.49121326010568883,0.4896475139465389,0.41497054536954275,0.48240035280002364,0.4794912200217069,0.4514269121774935,0.48745949568127117,0.4576568049984169,0.4605679504564724,0.4386840760693175,0.47287902248123365,0.4975539234236239,0.450896338948872,0.47317189144569527,0.503446572226653,0.527006664107934,0.5368906386954766,0.5075969537611108,0.4718024189668544,0.4573642592220266,0.44337421603775584,0.4808127111443272,0.4388237562168225,0.46562276407538117,0.4598399411487758,0.473332767411374,0.594221391392244,0.44711654624386155,0.5044060782482978,0.5319839227421989,0.4770991099607776,0.4495111979229148,0.43714835665494,0.5301676707166783,0.45604388396841905,0.5054927710278309,0.4281548676652001,0.4943155281965429,0.4313757481309338,0.4785128696454928,0.49746285966430615,0.45596950171253325,0.4450482319858539,0.5630674781232947,0.49573298641594865,0.49941708211594216,0.4305057527955854,0.5325700594999969,0.5187061269524644,0.49040675134469297,0.5560878272439498,0.4546332187102493,0.5340120331586635,0.4360923299017301,0.45979528967448885,0.41420759479584873,0.4926829160011455,0.42286969387535084,0.5295472626742441,0.45877371127033817,0.4995281146237323,0.5171559899681908,0.4651531489938244,0.5026113636966341,0.4810062845698847,0.4470664784040659,0.41738781935733493,0.4774717566690811,0.44634325519737567,0.5630456028073467
0.5087727801950205,0.6287098951917206,0.5666442604852407,0.5035348704253039,0.46770999532979496,0.0,0.4496557292834731,0.6259128602945963,0.48071723128641747,0.5365430282574364,0.52535801153145,0.5441825470316329,0.5770853671619942,0.45383913005478016,0.5087352089647081,0.6144725691332936,0.570482988021636,0.49713260599498876,0.5460294565135241,0.5333793419345099,0.5984930401583255,0.5740114934423621,0.4532373612804627,0.5132082435521164,0.610894671391145,0.43505911933971575,0.46581673322411093,0.498227043036186,0.4608956624435073,0.4962661946589656,0.5449311086947424,0.5462405199511842,0.5578328069162294,0.4659729124600811,0.4752878350891543,0.4932344450140991,0.5504547970185718,0.5119610663580519,0.4829429203191873,0.48291011017067126,0.5218320017892975,0.5390715386791545,0.5037005565867834,0.5119571747593584,0.5415217613973207,0.5210160550386908,0.4779977505566461,0.5067909252301823,0.47443439335625787,0.4782151760075989,0.49684541035123575,0.5217524738207956,0.4560398905802124,0.5494407314544597,0.4716399485105515,0.5245234583392179,0.5044905402715739,0.6364849180713882,0.43265531723413375,0.5169087647403428,0.5891467369020358,0.4562678220014567,0.5072192588380382,0.4212029070939547,0.4373306192844598,0.46583701336493877,0.46498729674369593,0.5046219145741636,0.45811514771338036,0.5966284078436745,0.5059800901218767,0.4431012299613448,0.4125941383410599,0.5302824116193543,0.6183004897744868,0.46987827382425307,0.46427578451691054,0.5308087311822467,0.47909471600002784,0.4578064642900335,0.5589716539274642,0.491940648273288,0.5704176497007912,0.529302333951981,0.4615281177002094,0.5652431915041707,0.5423680898536327,0.42125597756645156,0.545936390808365,0.46665416616553096,0.48132650182370273,0.5118523753775415,0.51174203368792,0.46004412929427607,0.45196066027537607,0.5778340717684621,0.4928980848969357,0.559787670421193,0.4073209581924028,0.48265361489599695,0.4654837001330563,0.5083306411293776,0.4182763263743423,0.5478866950864703,0.4784960919527604,0.5481723599890485,0.5365752254756955,0.5752267182680701,0.523864733245159,0.5935072373318351,0.501100488110412,0.4309921841661511,0.48711662349192364,0.497279568565233,0.4656232412966424,0.5243023782228668,0.5403030253017583,0.4559496806617341,0.4888421879587926,0.4704087588477272,0.4481807848615973,0.4879866750484852,0.48594541908014444,0.577274962116343,0.43288515089395857,0.5685483409424216,0.4246800562889845,0.5499478514245787,0.5429616520087103,0.4788399895706007,0.5426941995475312,0.6075602161668661,0.4507218495748501,0.45265795107238455,0.5133189451473693,0.4341012375303547,0.509777149863085,0.4571005635408092,0.4921798379335291,0.5390232371242455,0.503385489460274,0.5336277968780005,0.5170223111462057,0.47482815844290227,0.5231208331048485,0.39407661611684547,0.5332238862574947,0.5937479971880308,0.5773940768969884,0.4633257121363153,0.47556869641307875,0.5052432955619159,0.5063803534106188,0.46579960604439535,0.6313112689517055,0.55649631632524,0.49586971256627915,0.6285357637383551,0.43981576098355396,0.42647230760409327,0.5023841186495461,0.491452511931883,0.4751923436184085,0.47340315232267416
0.5317703557963918,0.47394845065204483,0.4303501149717052,0.5179525279973274,0.5308157911228581,0.4496557292834731,0.0,0.43705628123991,0.4320719183723382,0.4450848741824942,0.49264043559785,0.45043044545220146,0.5433077324392921,0.5087143860507405,0.5223702482726248,0.4885531522403682,0.4963096621866012,0.5078348135582693,0.4340618136842778,0.4793068804927282,0.4984126289621189,0.49414811683983206,0.601274509770582,0.5349470463498941,0.5265678771068403,0.491724341852575,0.5213484673387564,0.4735867728435951,0.3924966215147873,0.4365924801322252,0.48714178218292625,0.538546688110939,0.48814785106382164,0.5489153423666858,0.5244451160822767,0.4820510660821849,0.5912523170573009,0.43224348261942985,0.42630328572398074,0.5961969429829825,0.42708860629418993,0.5139420939432311,0.4919582695033787,0.5084599940213745,0.5500651545107266,0.4934367081595572,0.48714157969760824,0.48139072663980326,0.6643079713471084,0.4881368624905044,0.5494557879857576,0.46101383162554577,0.40107450713352755,0.49231614289012265,0.47747616848706653,0.46665064166820586,0.4735404891723157,0.4614685414727479,0.5243949572817577,0.5276767199945499,0.449151141109415,0.43786185219597146,0.41886324852343787,0.4511274348592085,0.4429521635349884,0.4334682795143804,0.5641371371564409,0.5377684518235117,0.4694194956760181,0.45954295568174564,0.4968483847285884,0.47345066959375476,0.4585276448598688,0.5690423075507254,0.4213077759640634,0.4648604612436795,0.5553485522505386,0.5775973180397772,0.40131719488799295,0.40099966451499747,0.3988652130098294,0.49663520264331584,0.45522584364178625,0.3935402380314809,0.4546826422418473,0.43856257410812693,0.4670923546094487,0.5183122046238795,0.4858210081928636,0.42763702464554487,0.5419538336654474,0.5734694177236862,0.499091345543131,0.4394245128777534,0.47565126581231587,0.46586240942550855,0.38699636648565344,0.4872086987885808,0.44674150704051024,0.5476813642094105,0.47220074135780454,0.47594573653980177,0.4878769208957549,0.4221028409802041,0.45383231412013547,0.48744782182660834,0.4559725803741373,0.4649913343882306,0.5336420029161925,0.5373293742420906,0.5933909143960224,0.4623193640271176,0.5055908530991367,0.4293849940161319,0.4279862745967715,0.4687619219104995,0.4492371170231035,0.48618677197870536,0.4563170901421546,0.45309744653160433,0.4730869125489673,0.4168660529880357,0.4780683241339435,0.5268026618095982,0.42461412975501456,0.43769228753204226,0.46080776439385934,0.5272004592412401,0.44374091415701417,0.4797852775624127,0.4132817846298708,0.4286063839812294,0.4182876160206742,0.4160161106524347,0.44892868707676314,0.40499895092556426,0.417951029230899,0.5421952256343614,0.49564705117603475,0.45791440095866287,0.424353401752093,0.4992641725637538,0.5691050662976713,0.4493065128001651,0.4894349544611638,0.5252191663767171,0.44465042476425504,0.4268115734217403,0.4462246403659426,0.3637920068691233,0.47505089157853336,0.403862109639456,0.4883534165518548,0.505024297623094,0.4662424678152361,0.504387959289201,0.4990061752204524,0.49493088186162115,0.5016652270647043,0.4989225406369882,0.41901875353738316,0.4492597379788777,0.4114894276287725,0.4780307765233839
0.5151959445925005,0.5969546020280984,0.5089185609766375,0.5049226382290788,0.44456206644181606,0.6259128602945963,0.43705628123991,0.0,0.531841200912222,0.49795926378972716,0.5126207700094215,0.5408705586452845,0.5712613842367812,0.4484102894575529,0.5274888157392168,0.5746545587555091,0.524231873082063,0.5045796050594671,0.5201645708968877,0.5548366719666422,0.5460277800410946,0.554907368423207,0.46964348976352527,0.5186334272306059,0.6040364781643194,0.4419717690788153,0.5224296084877904,0.5049250999444793,0.42551975083924226,0.5062270690299356,0.5949236741211612,0.49693929078566484,0.558301953510354,0.47639779699908663,0.4822118918475566,0.48001961362744244,0.5718988071050801,0.5298853942355679,0.4908640178365598,0.4824425838481845,0.5097048370547349,0.522174301573918,0.49492450074056893,0.48040935954131564,0.5963908583529101,0.5301878726310002,0.4462099053230861,0.4766005402584351,0.46994427226944757,0.464251922570395,0.4712444730046801,0.4882011909166535,0.42804357187795256,0.5072592836888439,0.4496040456592013,0.5275192925949852,0.4971778807105411,0.6172208194773323,0.4155230936968047,0.5154113435670983,0.5905116198593559,0.4350232219492131,0.4758907190707214,0.4149978032953809,0.4232333578952344,0.45303425929141455,0.4822310265435972,0.4920707461329191,0.4538931734166317,0.708442975538807,0.5041907091604845,0.44547250662378923,0.40471331255260573,0.5104657689388722,0.5901169890288017,0.4574809092009871,0.45485510676364316,0.5018488518932307,0.5105774061050891,0.42627347663006604,0.49298185037270015,0.5037968379469134,0.5725062864440376,0.5399018701631902,0.45386127909577617,0.6364112709643759,0.5936714152831137,0.4173697989243656,0.5613062742211985,0.5250981251833517,0.4725278856495509,0.5076721371856266,0.47591287621658074,0.44543294391496197,0.4428521006232877,0.5742076066588854,0.4830840432714082,0.5549989735757815,0.40166095271373803,0.48244582986220874,0.4733294878027264,0.5203556342713005,0.4165900319352105,0.5382578466090869,0.47616686396627683,0.5543641053042954,0.5023807334866116,0.5934896141445974,0.5065970101841631,0.554859551916868,0.4710672491711866,0.4345165546782358,0.4668615348442618,0.5222540294733234,0.46633754092065577,0.5415418767828759,0.5063983848548991,0.4398962462195694,0.4363351538082236,0.4820158929775812,0.44591165272928057,0.5222008622793223,0.47465286798850936,0.5529459397980159,0.4311991705974023,0.5384379156213178,0.40856529595281865,0.5966186841659906,0.5011393160841007,0.48726913627273666,0.5719732818180363,0.5509429067647799,0.48456667457351327,0.46611686157943993,0.522503104955203,0.41523481195209094,0.5275480194652507,0.4699738909170636,0.5350431249037942,0.5714052515371592,0.4951440605918155,0.4929461549069606,0.5087277685617835,0.46059203802241594,0.5183393353353167,0.39748936847472716,0.5568052335637144,0.5471400853484352,0.5555159352383905,0.4445992020761554,0.5063697838872147,0.47007141153309756,0.5092111014643058,0.4607805790483481,0.6304415302705395,0.631111954311517,0.5163744495867247,0.6116436971415886,0.4444410278449983,0.40901545604595646,0.46704804318400717,0.4852854456870323,0.48167428143176994,0.48471275953276316
0.5515712313312455,0.49936263247170376,0.4006322813343333,0.4462355460775853,0.46368814526469315,0.48071723128641747,0.4320719183723382,0.531841200912222,0.0,0.3959654744766612,0.43457029050272267,0.44879409287706074,0.4729437199990733,0.4357904845485017,0.5120885091034298,0.45170396530183415,0.4475735702860769,0.5019468184900824,0.44300101929747837,0.5224725466878087,0.4702454919207843,0.4866129748186657,0.45146660627726715,0.48440387028873294,0.49166037309015,0.4177252836929282,0.4837193484369349,0.43797212656081147,0.35383974182510636,0.5347679938823662,0.5672500155720683,0.42130390342591034,0.47919561349580647,0.4275379576317602,0.49896091944245885,0.42095380323758447,0.5133509769488301,0.4914283256271098,0.4319617710285418,0.4496004483667629,0.454342587111774,0.5539184848972011,0.4399273322546245,0.44691460097646946,0.48636069654789144,0.48134073581122633,0.44629907155945275,0.4076035409567898,0.44297775488752317,0.4418244650981234,0.4372956747064884,0.4637084815788521,0.417503668629758,0.42018380318416454,0.3769781657356339,0.5884926301320959,0.4783829921365228,0.4966237588085686,0.388608870816995,0.47209638684523525,0.44071274478327815,0.4163519558115368,0.42460526048552766,0.3938496910131868,0.4341513257533089,0.41921449370381675,0.458543756445703,0.48491629291777705,0.4072699450222943,0.5493546542969526,0.5154895919454671,0.4443200790245693,0.4000098123598206,0.44310482330985423,0.4740252654152656,0.447180576550448,0.3982669801204517,0.46069617074567504,0.46223963872389084,0.4158902617542711,0.4371638029563061,0.5558024145806297,0.5724263331042859,0.4455522512758787,0.4415758547397917,0.5981747025685595,0.5078633918772345,0.4078343295884644,0.4904702518433354,0.6139749144988845,0.4793411890280346,0.5323236950739297,0.42220732690301394,0.431800252422678,0.4486045434566329,0.48742315221742233,0.4265017795776722,0.5004470712264988,0.42849579627612966,0.4451372789832485,0.44761842410452546,0.41234075600789394,0.40329952599783353,0.43595003463340587,0.4561092880702204,0.4919533903524932,0.4111198399857838,0.503859078196598,0.45683036083928535,0.47854313314557034,0.4238611890172599,0.44179869216882733,0.437856070491783,0.48286009830067694,0.4383888083337501,0.5449576714317066,0.4653169771544563,0.38480294811027504,0.3700641850582693,0.5009497520270545,0.47187576123348146,0.47301941529542285,0.4715368142415379,0.5166519130809315,0.479670760778571,0.41472757630504475,0.400206947947981,0.4958530390483678,0.3964353532067259,0.45843763920447345,0.5959991256914597,0.4697193585081655,0.46160763137259436,0.5170691262207189,0.44864116303477997,0.4195719413216995,0.501940294881719,0.47028773393627415,0.4446293451404276,0.5253393492364112,0.4281098509520603,0.44310324481331587,0.5197436250743018,0.4302609760967576,0.4666012790776851,0.4054189140893374,0.6224099309691947,0.4509719101882268,0.4437487078811326,0.3929091173017355,0.5066716641260289,0.43049795523582285,0.4698959242288043,0.4207913413043047,0.5018568516642742,0.5863019743147485,0.47453571792133076,0.518050330749818,0.4408153917608686,0.39050042061727624,0.409537971196131,0.5133681260510992,0.4816900304244381,0.5408278106743403
0.42123975110941403,0.5782463880361244,0.6014860930784989,0.4280779600057711,0.4141531926536828,0.5365430282574364,0.4450848741824942,0.49795926378972716,0.3959654744766612,0.0,0.4809034979716543,0.5205560394510212,0.5059243901679575,0.42334224150714544,0.4511935826288533,0.5296875795599334,0.4758511501318185,0.4284740610566669,0.4553443482972034,0.45299426809432336,0.4717863748948711,0.5315510273346019,0.44536395560564157,0.45502955728592775,0.5891122030756188,0.38225184329005746,0.458531031989638,0.4414556193112905,0.5439924176388103,0.4251717788902717,0.4709775566190872,0.5215962076414716,0.4598938437705332,0.43535883728738406,0.4256712923650173,0.4631333267862519,0.48380228697910593,0.4234341674050633,0.4314290927937269,0.44041195526701693,0.4287387134587002,0.4593182621177316,0.44169372081837566,0.4398524507307068,0.5054244479168946,0.43063321301675883,0.43593457853316897,0.4775230481136584,0.4642108755328025,0.4158582448325318,0.42171964876013396,0.40134174223209557,0.3790703809583632,0.48503602915021166,0.481406956230735,0.44067144658476115,0.4047140231030198,0.4893116428303196,0.43339184321523655,0.44055024557099837,0.47870261609848913,0.38556784204334643,0.3971085613359399,0.4195900278570733,0.3714888883312455,0.38570492860221467,0.42052443122007094,0.4430240636053654,0.4554845523523204,0.47323496828161954,0.4076320000768575,0.3994033688951281,0.3694930340472831,0.46369009261438865,0.4678345045774401,0.40743962745014134,0.43035661584789303,0.4833936810866728,0.38439088400414145,0.3661194685672233,0.4264925901298,0.39597786841186555,0.4658600838283197,0.4267785115934488,0.3839954775534284,0.4422577468062526,0.43902401715447015,0.395601927275537,0.4598449801152742,0.39675482492265085,0.4075600698924591,0.44751559741169666,0.47091322301937255,0.3784345611977769,0.38614117679389726,0.5622247442488844,0.39706779348052057,0.4871266727760875,0.36371482018965645,0.4288330911035745,0.42173093085635105,0.46334844266162034,0.3809894136993639,0.5695993244574361,0.3991726220735433,0.4429985388058749,0.4512639409690271,0.5125354791207453,0.46260017049916535,0.5487820703181115,0.4541108789831765,0.37342405106102416,0.41518803313927505,0.42160711740182366,0.38210936142673263,0.4144345693847108,0.43935850363414425,0.5177577578492819,0.4679744401110081,0.39770895356323716,0.3802379599828195,0.3915153942591196,0.405967786823442,0.45035085109658146,0.36772775737037916,0.5616946235751628,0.37445177569796384,0.49759722755875085,0.5415444513104111,0.4313896751864224,0.4607094792640064,0.4446926818424774,0.3764925508119369,0.3643626865881075,0.464217402691528,0.3759884300900647,0.44577633734521355,0.4156063164830127,0.5080875943997394,0.4414509994816449,0.443070128104624,0.48743774272786466,0.43414385137948036,0.4241493323673863,0.46074424173275474,0.3829586564643435,0.4253330384465118,0.47950911106317984,0.6410569458002597,0.416086903510821,0.3919648155508778,0.42903008707899565,0.4417982789854425,0.5137725666524079,0.5061356987843909,0.45483680442617275,0.4339448485445096,0.48712060383605915,0.3962367419282878,0.3784501228282897,0.4489389213710423,0.40054516824388997,0.3944182014042386,0.3836345870899589
0.4967774688039167,0.5313672571148107,0.5067268068131016,0.5670662534209104,0.5424829390945729,0.52535801153145,0.49264043559785,0.5126207700094215,0.43457029050272267,0.4809034979716543,0.0,0.5443705407350263,0.5377648066094866,0.48937274927389895,0.5188524466697851,0.6584363264634412,0.5946069838036792,0.49835914454543384,0.5625655567568185,0.5424416425417616,0.6097949384249725,0.5849513497409112,0.5154905185579953,0.5461764415471546,0.5865117964382591,0.475106995797696,0.5269816655420799,0.5419572642001923,0.5088415204644663,0.4625862269167632,0.5294623394930953,0.5402913889210995,0.5409552965702515,0.5072951040292822,0.5359759341410857,0.5706774410201306,0.577773792288701,0.5562427840039817,0.5919264658654181,0.5291144889765143,0.528075231667657,0.48599788572525937,0.5369108159074797,0.5968776931288614,0.53830748116987,0.4749342390900986,0.4100268481923551,0.6436272718623807,0.5682763943488689,0.5120596504275321,0.5323904837746304,0.47780208443998284,0.4267255395574899,0.6233039340103831,0.621270796873139,0.4248561958777964,0.529468759413061,0.6379847271514887,0.46400578182746727,0.5370516963101153,0.5695024065189873,0.4340338136391432,0.48089187777713543,0.4835612757076265,0.4358330589126957,0.4425565870734252,0.4930129803178057,0.4573398282400016,0.48761896984276154,0.5674323849694374,0.4811251741863988,0.4906977004261336,0.4405020385506136,0.5559967296840633,0.545668272270242,0.4413687589667004,0.5481970299874094,0.5910774839050668,0.45933656551410346,0.44918096460535106,0.4625341385664504,0.47858747074789365,0.4698696699999671,0.49542119109481214,0.4892387094944617,0.49708579383380347,0.5540683627683278,0.44770120852976986,0.47863361426684975,0.41607137397379484,0.5311922334691637,0.4872198487229301,0.6284852372625376,0.4610403853977942,0.4825655520550987,0.5181677733856476,0.4584756317854307,0.4859945564284167,0.44249472725048006,0.45712888740557106,0.5600119317913672,0.5605285373462088,0.44907285778526224,0.4945124431646479,0.48965242396264697,0.48248295839101846,0.5184880011920228,0.5249735724502447,0.4993696441429662,0.5529673863431157,0.6032587602756999,0.4883536663210324,0.4776198012226449,0.5401449470072204,0.46080475458494247,0.4718409176168429,0.47929823466504723,0.558506433357731,0.5131358635430696,0.4690102400998741,0.5214371295886255,0.48014026963018086,0.4974918158421366,0.5448341688132874,0.46417658646163107,0.5683363005240192,0.419479438241556,0.5444836947024494,0.5678579093575954,0.49768475926508865,0.43237462192006076,0.5380833614956355,0.49847794258352446,0.48025906910884736,0.6007863494407563,0.4398264700392463,0.45211194367365654,0.5191294811062123,0.5850595240281368,0.5672339266953156,0.48893309865167717,0.5908032897910789,0.5075815074410867,0.5257059771295916,0.6226922669042304,0.4012900565215927,0.47793797434011454,0.4852860924568526,0.5291264018850773,0.4879400624110292,0.5321309321750433,0.4839368210918836,0.654103285451447,0.4263299994030396,0.5741412135546188,0.5402644011213958,0.5417685069326094,0.5140319798949836,0.5128094587241572,0.4729538169323667,0.43913142605938843,0.493792345877142,0.46181619814755703,0.5338833456984822
0.4419530734267175,0.588301347238547,0.5017510163936432,0.450245726266097,0.4638448174006419,0.5441825470316329,0.45043044545220146,0.5408705586452845,0.44879409287706074,0.5205560394510212,0.5443705407350263,0.0,0.4702953970507565,0.39000133384120605,0.492399283904318,0.5443285871989888,0.47280093545082963,0.42065497572681515,0.5498506468581246,0.4863474582852342,0.508914697850023,0.5480042109340557,0.4794598984801732,0.5510080523847051,0.6113886826537521,0.39373341924714234,0.47256756819652157,0.46076800895368464,0.4784594883450467,0.5147603759092151,0.5590143698589465,0.46797213336405397,0.4779892868946713,0.4781069707770773,0.44612834832857645,0.4521462350873305,0.5135537301466614,0.44734082119828456,0.5468797208307425,0.43792124300770335,0.4583152413958837,0.4881243947861558,0.4427648312049189,0.47817280989123595,0.5053868366289965,0.43073753697937683,0.40415246585255715,0.5012875056878076,0.4734013400474906,0.41148209102459554,0.4247033940797924,0.4159075286694689,0.36855688282956967,0.4959596154096222,0.47044955184859455,0.45557505280560356,0.4358065928986885,0.595374390287554,0.38379186246994057,0.4433869393648761,0.4751601533174551,0.3646127256149154,0.39591174168100274,0.39356841578375945,0.3709543679816716,0.37645824248096593,0.4174380347432429,0.4209527092213181,0.39493488775827645,0.5114572218916625,0.41839149115018603,0.3946782982481612,0.3595400609076015,0.4484616017505865,0.4693923134801452,0.39924548648333763,0.43180496903425597,0.5146380891441034,0.41066571749948894,0.3922709967820368,0.41450181100246286,0.42710418348877344,0.5277065061586801,0.42379374099672074,0.3977376852684336,0.4919961469560117,0.4778773964377772,0.37163792934337625,0.44760015584465923,0.4624010407392467,0.42416062581204017,0.4617613670652097,0.4714423022965178,0.39452518146890997,0.3866793568256596,0.5980200555001249,0.4014851530717064,0.4942289769108112,0.3672738358428496,0.406372772965072,0.4427219117347888,0.463034863782911,0.3772249529983028,0.5532101983341022,0.3976434632174289,0.4460529160614793,0.43018665133582307,0.5428865823825297,0.4362212706696807,0.6125391057799252,0.49881581826667626,0.39288576320767915,0.39715256901408197,0.44998127404434113,0.38582836634428347,0.4526078928950162,0.43738601832477814,0.5004184744823638,0.42257015643164636,0.40312133382509235,0.41625165622779936,0.4101642352764133,0.42702126790007916,0.49758637168336073,0.39115174504175854,0.5729556552465557,0.35582480923700144,0.569433796418543,0.49252430124792534,0.4115141629559654,0.48081305380877143,0.4580956539409084,0.4098764972224181,0.4178055367740018,0.5227367088088369,0.3759084602557838,0.5125304190519212,0.43115191360736277,0.5029868206620359,0.5167200928551592,0.42127075256616975,0.46430695699216606,0.4450136682978112,0.4197272933672116,0.49766956921855626,0.3733340148072243,0.5125210804371085,0.46167780936355773,0.5682967252084616,0.4278524065851451,0.45204236948595483,0.4266900302782526,0.5026452583417114,0.447049237505977,0.5908302878045959,0.5047134750716794,0.4975582022443706,0.5435050323156393,0.4086690884912821,0.37745409043733386,0.38881475638092855,0.4288545003775912,0.41402243763981267,0.45173609292590117
