0,1,2,3,4,5,6,7,8,9,10,11,12,13,14,15,16,17,18,19,20,21,22,23,24,25,26,27,28,29,30,31,32,33,34,35,36,37,38,39,40,41,42,43,44,45,46,47,48,49,50,51,52,53,54,55,56,57,58,59,60,61,62,63,64,65,66,67,68,69,70,71,72,73,74,75,76,77,78,79,80,81,82,83,84,85,86,87,88,89,90,91,92,93,94,95,96,97,98,99,100,101,102,103,104,105,106,107,108,109,110,111,112,113,114,115,116,117,118,119,120,121,122,123,124,125,126,127,128,129,130,131,132,133,134,135,136,137,138,139,140,141,142,143,144,145,146,147,148,149,150,151,152,153,154,155,156,157,158,159,160,161,162,163
0.0,0.5487104783901802,0.4553549288577522,0.5399703066455549,0.45646526207214677,0.5826454065419716,0.4628309278993208,0.4634912555122726,0.5777031691370013,0.49727592772902424,0.5096425822580509,0.4578153191615411,0.6915146157302293,0.5702967583687207,0.5280171287210873,0.5772413824651283,0.6231279159014509,0.6965214463141498,0.5175733309052977,0.727790603451742,0.5356227689569566,0.534508483962396,0.44941583295990944,0.48752032041301196,0.5793422977764755,0.44009681767070813,0.4705670878025286,0.5241277091087898,0.4502396378321434,0.48395428374086025,0.5083807646446659,0.6030585127738394,0.5194693070094322,0.4420461075547307,0.6292945653684017,0.4687254731462132,0.5425175936369295,0.5556749503043227,0.4323863440663512,0.5802740595589951,0.47118089852023864,0.5049807358825553,0.5159795212199847,0.5031691945173992,0.5119658429249072,0.5274156632381037,0.4429399555499799,0.4737332436975769,0.518134694092144,0.5742723594841833,0.5674804539296515,0.5292502660787799,0.4853949455122645,0.5028325592383863,0.47436422405139544,0.48900946211293905,0.6622070654242312,0.5050929819398411,0.5680066886687674,0.5813354187727979,0.49466404070683506,0.47502483534680656,0.5173976676477386,0.4383052370638183,0.5240317248358957,0.5117331351195106,0.49940426357172124,0.5153355003893034,0.48939826651528195,0.5169053015415072,0.5202201531343401,0.5580666106780199,0.5406013990847209,0.6203681732561933,0.5896361446966868,0.47613870440417905,0.46050612121068396,0.4704156951479105,0.47822505354066547,0.47065188998324803,0.47701012263676223,0.5218382290258997,0.590075598892868,0.5359067223536625,0.5504199256270687,0.5537281797303791,0.45400808329659925,0.582137908699459,0.5770572133710964,0.45528590234357974,0.5478615525174769,0.4775051690300448,0.5577169260788765,0.5281021137307407,0.543582369029001,0.46916698948866625,0.4180436957365084,0.45252980224788986,0.4362422696389804,0.5708401860158245,0.5031230815195445,0.3905861923846522,0.4454518761546732,0.43769234609958624,0.5704587811704412,0.5438326060518452,0.505221176953265,0.5603874485466128,0.5071594192529122,0.47550459995396194,0.4684566239599183,0.48609922495427726,0.5879686447700256,0.5208199818653374,0.5749643365168469,0.6631089966785774,0.5609785425816614,0.4698122175997759,0.496293510607335,0.47372242904017386,0.543764059038094,0.4190556731955749,0.5146099020296349,0.5447165931485151,0.5101895502875038,0.47444405296042713,0.5010732494065372,0.43354641181180154,0.48844762664569474,0.5115456095958647,0.5225905788990506,0.5238685687200247,0.5322646172149552,0.5099787239824147,0.47037619585104007,0.4786710030974498,0.5583008100044792,0.5420122291433332,0.5499999832508039,0.5210223170305512,0.5092261590241699,0.5478174088644233,0.5705672876388698,0.45861053329975515,0.48375714605094816,0.5096785103237174,0.4800642142726861,0.4967424169227968,0.5150655075435085,0.39582898638414354,0.5313313586351182,0.5327212600169697,0.510475794822056,0.4529531014873992,0.4992689792829251,0.5116954406295222,0.4969388564287783,0.536952463829781,0.5784640948892033,0.5293915023590025,0.4328625554658182,0.589032056089824,0.42515811955442967,0.5994085470710278
0.5487104783901802,0.0,0.5065172840994937,0.5201241623965275,0.4606942052751983,0.5939218544494775,0.48482096083426307,0.42992235747638824,0.49850715723220107,0.6464670508163188,0.4536042637092942,0.5081380294569149,0.5334216205671423,0.5533781483557995,0.5384598430637473,0.5142015333102067,0.5714653743977888,0.5259152506405516,0.5089877969196238,0.6351730508247744,0.6039377860993664,0.5551430903953095,0.4383246348121015,0.5460305997702153,0.6108572164310915,0.43223861053498513,0.4167641514740867,0.43791746168666046,0.5652621144917296,0.4159519395435819,0.5153475267637375,0.5437032831422371,0.5540557329123238,0.44749103584291594,0.6215213240345235,0.5384664743965322,0.48001906145625195,0.5208692126521345,0.455221717983605,0.6040857770581511,0.5700211603466205,0.5166373405043886,0.47159975979068025,0.5553157981125456,0.5130614359894109,0.5028873932644445,0.5016443056618128,0.48089842616198464,0.4963748955841526,0.5586297182002002,0.5215560724169532,0.5478279427566328,0.4882254540755343,0.5700712868293987,0.48315282506482465,0.562803120123102,0.5540753451838135,0.46887671783472495,0.6331942713076257,0.5550743249938223,0.45052867102418764,0.4653896653356629,0.4549138749055055,0.5053605342617925,0.5222735473014977,0.47472358438569007,0.4916676399664958,0.4854716573984445,0.43628163438357986,0.4292294902164934,0.49295247329872366,0.5653681261792791,0.4935663136908876,0.5559336256843939,0.511650796252905,0.4450339988739163,0.4159638178884073,0.5090803389009462,0.4576474706630878,0.45936709297889344,0.524042489454002,0.5113933306360745,0.6034169736333017,0.493461945225302,0.5431033391731762,0.5745359300655285,0.4000063111929125,0.4958461103369471,0.5057000018105332,0.4852775393017043,0.48246122470586567,0.5546380565443858,0.548529229209298,0.47693918563649895,0.5494963510649691,0.5403549168311862,0.4292694201939079,0.5601327593517011,0.46924351552982724,0.5593397882687957,0.5160209596478436,0.36321856947969733,0.4565542475181141,0.5461214788907833,0.511067560012742,0.5333742186230078,0.5185736093098462,0.6186275953307757,0.5615996463648105,0.5746158922015643,0.49185481693046484,0.4925305749205577,0.5346228234546881,0.47572188261355874,0.5072261518387317,0.5614984217775069,0.572145219659895,0.46241899463946096,0.6073145644357005,0.4629377071435023,0.5411466786620023,0.3892808499805513,0.5566969436708925,0.5327951477643351,0.5246324959090268,0.5195778531030069,0.5183328179496602,0.43448868823297393,0.6620929811094474,0.5267034496801135,0.5203434413282025,0.508667904616688,0.4253550135099932,0.5073825993330382,0.5155872778744335,0.5138308018780852,0.5750650686013956,0.5817871642881756,0.5966508249353694,0.5082759589892074,0.5002288447315548,0.5912451542874417,0.6099421623507079,0.4991550336375514,0.5342244359337269,0.5191628563936943,0.5151940324065115,0.5348638997680019,0.6776963770621193,0.4405161457184259,0.4655646036403289,0.5682473169158524,0.4784404692814935,0.5790209900721709,0.5793323328300971,0.48241326478771,0.4236404543817777,0.5593546872784191,0.5478186257731701,0.44088004776626305,0.48471710664782014,0.5749245350385884,0.4728567785114054,0.5100097450006357
0.4553549288577522,0.5065172840994937,0.0,0.4553066888547667,0.48280445309426245,0.56562134139479,0.37008725984361157,0.46852910784656876,0.4885291598637742,0.4920123191354105,0.4586535484231733,0.44093953314902656,0.48689673241790027,0.46167975827707397,0.45421795061407305,0.5275643050420549,0.4978978269170585,0.4573628920657302,0.40445611021069594,0.48378134229406833,0.5374154425816157,0.6812508579898996,0.34959552124094057,0.4174387372328595,0.4682232291424166,0.43402359859097805,0.38874789114730135,0.3711527094590084,0.45755720359403507,0.39216030913602307,0.43389121617416826,0.4449863128585656,0.4837960526416248,0.3494169561348762,0.46504803160303576,0.5135241237713389,0.4387119033603005,0.5351723870493373,0.41659520437469294,0.43879038876818255,0.4892803086284355,0.4860607333705664,0.4653318931363314,0.46793468094781454,0.4587063275455013,0.4106879782003149,0.44001867592219035,0.47808229597452556,0.3817412939393075,0.5172127788441134,0.4455074229976071,0.4936501455044347,0.39259139236526525,0.49928430410306823,0.42898493009914956,0.44898959129531996,0.4404552115846002,0.5384679682333589,0.43991117729592083,0.4296065224909858,0.44117922972971974,0.44034598813191916,0.5030949196445803,0.4634178030647645,0.4232852818289763,0.40573978819668166,0.4186063081799129,0.48479166685306674,0.5049297561052749,0.4736002978672303,0.4843665665729681,0.42491889544866857,0.4590973816132416,0.49326751446726186,0.532765358243569,0.337263696789802,0.3887351550349537,0.43950325726952866,0.4216739391053164,0.36253924420034817,0.46197608007310836,0.4740449596657638,0.5034102244929997,0.508768932263046,0.45158806770076426,0.5449024517560768,0.41808426279404065,0.42186283997894514,0.3973729293850507,0.4217990777267831,0.4930406349360192,0.42176189850258206,0.4543694955933293,0.3612587320653987,0.46337440848821115,0.5009657729716841,0.42952266979885534,0.4522016425963304,0.408020660562097,0.41661238299236725,0.39901294545088595,0.3737595874676436,0.4082935503914624,0.48490066801852066,0.47980459581487045,0.4898131055328228,0.4582703980032871,0.49687834835758665,0.4289352532449924,0.43355459800249635,0.3958526665810444,0.4505485796068948,0.46599895900588006,0.4560155825762875,0.4324801467632476,0.47836156964124077,0.39663975949016245,0.40009366854627365,0.5578932681529546,0.4406104427553006,0.4804834263613168,0.41900902464528816,0.4305887786714576,0.41549706600028274,0.4195670819131872,0.4437854050927454,0.46016049941725445,0.4303474230842931,0.5241175643220246,0.4772439517602806,0.4914103457718504,0.6283213999343807,0.38712571633116655,0.46140203359800686,0.48140969427906877,0.4277670094124894,0.434455729706831,0.45216716608822044,0.5217312502668998,0.4364519076656486,0.44191412548873915,0.5152489733589288,0.4395075034971153,0.5146741759761329,0.4649643421809308,0.4467739547988031,0.5652059251959665,0.43126936365091706,0.5480447194959016,0.43986702936914934,0.4037606045791088,0.41409158186647965,0.4476154596944167,0.5087369547564766,0.4909605448884321,0.4415018307059834,0.3552602957495702,0.4780774554085901,0.4016652739451529,0.3631379729185111,0.4055466573105149,0.4147794315009745,0.40903422729326433,0.45562939116734114
0.5399703066455549,0.5201241623965275,0.4553066888547667,0.0,0.4681491630335233,0.5238032091991647,0.5073428164306261,0.5110870241991569,0.5150313184801173,0.48139725962088903,0.5134948789128266,0.5615534742468612,0.5452804079772839,0.49891214404821754,0.5846600677782757,0.5432322901675228,0.5286195401282693,0.503832529921942,0.534774881073853,0.56710737163431,0.6163225898678982,0.5207658609904308,0.4650380295342772,0.5296325242951978,0.5850320520243966,0.5268772889987877,0.47113741638819245,0.4558438579946034,0.43581776550351226,0.42574075993598487,0.588340973753876,0.5478279601861173,0.6023085129877607,0.5159933666564912,0.5702646442020668,0.5778625604201372,0.5597434210511026,0.5478001716607551,0.5713312726785992,0.5961809494769014,0.518154236230999,0.477243422277895,0.5430624204083897,0.5710158219604087,0.6161153315552486,0.5164666767249442,0.4098228227190731,0.5119372042611716,0.5222200665068161,0.5771372522947534,0.6444256091786688,0.5127029981843414,0.41420973111899784,0.642400419816211,0.5736270153904108,0.467422898233521,0.5987493655305276,0.5559170443696377,0.5397420171793518,0.5830373599605552,0.5290772771440252,0.47494588857823644,0.4792128936438611,0.4591457228711234,0.49283567956117735,0.4862080184227739,0.6131093069668769,0.4876039655952635,0.43698770260597763,0.5163241575958888,0.5277612275767779,0.5256636487635429,0.5341156456460197,0.7000916133360416,0.49590124062551816,0.41247985638783047,0.552552722891529,0.5203822704767781,0.5063053714053543,0.4298075647351254,0.43351554951351584,0.6173398215673889,0.5283661839350181,0.48449776586753696,0.6259961525758748,0.5502188403216244,0.5006492251078397,0.5862528107875907,0.5152687746316017,0.5166625772981657,0.5565327578734748,0.5579308229501045,0.5446497218271781,0.4646323129110173,0.5663713398754943,0.5098510335220108,0.4513178639841176,0.4970144546571462,0.45510169795879335,0.5939163016137957,0.5480471947842718,0.45986491085950865,0.5713525885112232,0.4796257523549238,0.5629564023600033,0.544128826962756,0.5729170508366787,0.5189472109664598,0.5013347632337589,0.4901679104335695,0.5784988894491848,0.5862059668081948,0.5689417749541723,0.5599450509495936,0.5129910252772569,0.5325079975469689,0.4661921882781516,0.4740538983749817,0.5208270524304891,0.4714268230941101,0.5579054117849397,0.4855850466207176,0.4902473650684917,0.5488054351276163,0.47208797481471787,0.5096623378720125,0.5426634195936758,0.5224883031998167,0.5377284111943476,0.5095806299419009,0.44314361576974837,0.5207950444120916,0.531940381238398,0.5687893106022671,0.5647118023645196,0.42807114646461547,0.4703670989689966,0.5917986117584626,0.633707913398362,0.6262489751607359,0.48369776110124846,0.5385405305946035,0.6158289625467607,0.537556051918973,0.5667731481235614,0.589162863190212,0.5292904218901202,0.4747099105957853,0.5041445168484403,0.39640238802652705,0.6437685015990187,0.46028455863027845,0.5265374526106996,0.48519942010352096,0.608451112724375,0.5741937976646587,0.4486950432696085,0.5760485588856213,0.5655398378740979,0.5091133221070893,0.3985274787414314,0.5039857930722044,0.4762777098286033,0.5779848636514141
0.45646526207214677,0.4606942052751983,0.48280445309426245,0.4681491630335233,0.0,0.4500807300766709,0.4457679355972406,0.3826598981621281,0.4677740428218818,0.44539136751346026,0.4761970491196156,0.4564395895989468,0.4418363621977724,0.463368910148471,0.4286955600845002,0.5239853691140616,0.5452279660950582,0.4593952914916413,0.4122141437222501,0.44786458041862437,0.5232248765062141,0.5209166617099498,0.43215937335588867,0.4459390482079692,0.4633904192480295,0.4462322806048053,0.44130522639593145,0.4014001065555785,0.4445030919864692,0.47413689354499566,0.4053738334378284,0.44130828353230583,0.4322576541678824,0.3847525912181398,0.47333799954639094,0.46563929128886605,0.4297090835670441,0.49619661018393757,0.40937905028578164,0.5020990710452392,0.45440108268687884,0.5621456143963038,0.42630611768189136,0.46839470060311245,0.4110174797307027,0.39927890131654065,0.441550098305079,0.4330807435218577,0.44498702593666684,0.482243277617102,0.46049643638891874,0.46854480008793226,0.37883579343848317,0.4457591003270417,0.42284292239499066,0.45055487196156335,0.46013548064338955,0.5334092574603846,0.4452611460525441,0.4432496102131285,0.3686733476283868,0.40999085538845376,0.41475905874845753,0.4630669805203389,0.402386399952224,0.3695349228344948,0.4121821548585431,0.43382223815144044,0.44367965380118174,0.4119588002360623,0.43008875187156986,0.4396379985664868,0.4615745885158716,0.48593974129449763,0.4479593157910892,0.34406803713956113,0.4117520437191107,0.5644829699023447,0.3837235169587735,0.4047456435005741,0.4068457932764709,0.4484169154869674,0.510127349287272,0.40760840845651136,0.4907595419403022,0.46961945373117,0.37320176920986703,0.42906473275550494,0.3928842343537389,0.4129236375750575,0.6095776234242932,0.4360451476251043,0.48937884418124994,0.3684363186507062,0.4942077743837127,0.43544772907292406,0.3455146763801313,0.43217179967225056,0.4502845024529947,0.4133884872065729,0.40657803197018905,0.34327698052577554,0.4230740191300371,0.41968407171050276,0.4362707107643703,0.4617709284848071,0.41661634643560264,0.5276804691681262,0.4310828515324897,0.432939743156568,0.4379630099538915,0.4995737732469646,0.4291531273491056,0.4949055747056854,0.4099116085235712,0.5358839076910634,0.4044659452728755,0.42297229621484556,0.4990870034924484,0.4653701249043657,0.5971987589488237,0.3814343292408249,0.4472194134272378,0.44117494478364416,0.4300561408784613,0.40487764318561287,0.47280186241839683,0.41018109818734055,0.4597930607207206,0.4292174812235454,0.47648671383232516,0.500530997512212,0.38883832164054166,0.47828042637430157,0.4057371559904227,0.39118769095186395,0.42581978773198514,0.4796167480242271,0.48322546916360887,0.44682183618161186,0.37410896228152724,0.5257943332294059,0.47534800880463884,0.47465626924114523,0.4706360677536191,0.48585651667143137,0.49433047900729055,0.4129799536286861,0.46538133889888217,0.45154743442897827,0.4011575967043226,0.41209381997692995,0.4866870523006069,0.49497582594769257,0.4754808808832445,0.4022839776358142,0.37478595023476013,0.48937286611509456,0.4274315418168393,0.4213073980449206,0.37058094008398107,0.4419173539950267,0.4267024623327849,0.5507945310489346
0.5826454065419716,0.5939218544494775,0.56562134139479,0.5238032091991647,0.4500807300766709,0.0,0.424045533461256,0.5127435769373135,0.516376837269811,0.5252759439376679,0.49045408285766035,0.49340408597669866,0.6489506645135664,0.5039008035462921,0.5536150482484744,0.5851393406282659,0.5430424887289557,0.5165612247906262,0.4843644866933105,0.6265725980028628,0.6031411237620069,0.5982879939432922,0.3845895569128495,0.5014802936538518,0.5663161314595765,0.4738210266788011,0.40077823037688376,0.42128077348837795,0.4760716438645784,0.41399227020513835,0.5408636362857492,0.563896959622776,0.5838423876503428,0.41878876319295505,0.5511751411435731,0.5249635404100271,0.552804658050356,0.5472758492781741,0.4750172409408958,0.5149555014501631,0.5216251480139065,0.4748441809297686,0.5476902913679416,0.5696419884848992,0.5626584085977989,0.5102667788632129,0.4657091059040727,0.5712718291864675,0.4447319398790716,0.5748749830800978,0.5479879988923806,0.5749382668499619,0.44434952301015107,0.5941065702824305,0.49767262331913326,0.5030968024034865,0.5512386242737212,0.5275305208805893,0.5052601046068341,0.5208482265377143,0.5524546897182097,0.49688737569991037,0.5662510383439047,0.44302628777432485,0.503310372494879,0.5147169248724821,0.5050515107991674,0.5741537106349954,0.4600655827115119,0.5106082305325126,0.5798506716573976,0.497979489958981,0.49603428835412766,0.60351232999967,0.5643035379757151,0.4212283348343166,0.45037097842490886,0.47462129545736265,0.5029084196544896,0.4475787865849055,0.529065189781109,0.5347293953179304,0.6095116171283196,0.5895735871866885,0.5133598500367914,0.6002595029922109,0.4800301689370089,0.5004673914546077,0.5013633354319297,0.48672169188933934,0.49445625488879946,0.48267688055192604,0.5171403364547653,0.46224233968649314,0.5009035889729886,0.5635293264813325,0.4855619659342748,0.4914574939443244,0.42222045474661624,0.5334089893624108,0.49200533665607515,0.4142346055823978,0.44702332243601356,0.4931624301456379,0.5503954567636384,0.5876923183214364,0.5522014786620367,0.5208808896490088,0.504691059034473,0.5223527069342568,0.46859058434533274,0.47331794892647266,0.6035758026670057,0.4671696318125381,0.5396449120813411,0.5462102145074091,0.4868824804251974,0.44344743460334995,0.5765722000651233,0.44551280780762015,0.5174451294613873,0.4397115915764006,0.5052470858396455,0.5286368336153473,0.47694572844152444,0.5431273517057436,0.4932873812999608,0.4881253900859119,0.5736932847851491,0.534681537232568,0.4848159982483344,0.6087517518068327,0.4729310031088095,0.5009180181001154,0.5645967237648566,0.5003216621832648,0.5620926516036628,0.5278145312629536,0.5543249800950834,0.5090445167792276,0.5397006848353937,0.560173613805015,0.5130549582874075,0.4847464868446346,0.5257094969070082,0.497790659470832,0.5643928523208082,0.513037060891309,0.5768064276229192,0.4051549096323537,0.5057218270877301,0.4839060568693479,0.4592184320413574,0.49918095295692355,0.5538820259913052,0.5461417602264514,0.43168546122130036,0.5886452433197432,0.49181379134722353,0.43790321241907953,0.4441813807674702,0.5023330417828272,0.4273309921439126,0.5123809170780576
0.4628309278993208,0.48482096083426307,0.37008725984361157,0.5073428164306261,0.4457679355972406,0.424045533461256,0.0,0.36977406713221095,0.4001076962217212,0.4817779880141317,0.4377776900929285,0.5485591029233206,0.445900537018023,0.422816408474938,0.49891098215096613,0.45687662352814845,0.4699925127577096,0.437367319669132,0.5285703232117237,0.46657989065163036,0.48712530964359657,0.4095428331720031,0.6266046584844178,0.5931524506932293,0.5537508921443649,0.41934190474219574,0.4296821058929186,0.44627881425389604,0.4588246399262068,0.4366042977764523,0.48462157946367845,0.5139388746398941,0.4541332271898054,0.6159832647831909,0.4801966550607698,0.4294546850813422,0.47706890905597527,0.4104944120193558,0.4855159907178101,0.6115305155023241,0.43525884947718246,0.42740433075458106,0.43553249178364756,0.5049034806154837,0.4552184495504616,0.46877501908036656,0.4038587501683725,0.43941172038805254,0.6953873247969449,0.43630621115119517,0.5209460228173317,0.42049752583995414,0.3884687733783972,0.4766044964283964,0.5062280603254602,0.43588324746723667,0.5130773332853333,0.4217907854332111,0.514425433203967,0.5087232938599091,0.3907362786148753,0.3854286728009253,0.36545084503483244,0.39441893908551445,0.42807291738346626,0.4098458799719365,0.47379988880964474,0.4117622288304966,0.3525545299685447,0.379784865161922,0.4065804252507459,0.4802392630851428,0.40550721185814675,0.5033186439414851,0.3850899656803292,0.4598258330875027,0.4840104055262779,0.5799330710478096,0.40344308348785285,0.4962190205250379,0.38980800544051525,0.4310179320756503,0.5057276724610898,0.3719863568752548,0.4857664964320621,0.41672193202377766,0.3718854238204548,0.48165674737572106,0.485027582338545,0.4387023906953637,0.4412879281180826,0.5010032165104301,0.5276543321618489,0.47715761335653795,0.4525923300935748,0.4429910550663045,0.34374549133356935,0.43632562441634404,0.4034302117420494,0.5093950064895304,0.5200260796177462,0.3689277653275618,0.45330422008999405,0.427757440871036,0.4080748992190112,0.44566265492681273,0.450829313232159,0.4762265811409232,0.49271218583278903,0.5201364490152041,0.6270568349775111,0.45064630752080675,0.43264736221549105,0.43685851553511823,0.42462739876452416,0.46452082300043745,0.4872429186982202,0.5226204317930541,0.43549271286488384,0.38649472233076254,0.48555549540318366,0.35634781052765224,0.4486606959715625,0.58078168725195,0.4236908701637488,0.48563085514522214,0.42186492407524556,0.4307493325735902,0.45784473593397496,0.41982400691325455,0.3897876694314257,0.38902297303171757,0.429202267954229,0.42380708484453533,0.4282056590281635,0.39674473434410257,0.49857746186314494,0.5263108325666086,0.48448298786237637,0.5276171515589183,0.4005746941379621,0.4612442726702948,0.5384396478408683,0.39764318247569563,0.4897351891935015,0.49290988058172164,0.4075380322579514,0.4704114844363291,0.4528551732698003,0.35218801917603987,0.47932430499163287,0.4669162863065853,0.44233069525164387,0.4609722921815196,0.5073386871575464,0.4426932544978132,0.47587181957939567,0.5272040275328396,0.5425121321678779,0.5553963917775855,0.38002765776012704,0.49073823254102145,0.42794646047943635,0.48951514737331053
0.4634912555122726,0.42992235747638824,0.46852910784656876,0.5110870241991569,0.3826598981621281,0.5127435769373135,0.36977406713221095,0.0,0.49145762508849217,0.4226948700072705,0.4411768936404947,0.4516607639598808,0.5271160071178755,0.41961170683651006,0.5109218360932082,0.49643626790387196,0.42485031629136444,0.4433513381566848,0.4246653955730898,0.4785713473529476,0.4705129530781047,0.4815833311355954,0.35235553194754693,0.3996234161021658,0.46627993465016193,0.4670482902625041,0.4085931536265705,0.3799008981375053,0.3713880012155394,0.3814842274065214,0.548569166471859,0.4740587588248431,0.533847707329723,0.3905343065379251,0.4405533725341745,0.49692010352036503,0.5136525658210938,0.5044102294807417,0.4849283352880251,0.41770546423444194,0.43690438200934056,0.39063589047329594,0.5643270217282927,0.44706229797444585,0.6080214231939556,0.46709511147020083,0.3745524504946901,0.4708722417011073,0.3883319912046987,0.5035078226393466,0.4945594859150982,0.4395070236553959,0.3677630639333149,0.5040541672672518,0.4790612558641462,0.40048476075353356,0.4600724276390777,0.5304763049108706,0.412860027604163,0.46399579410572583,0.6115476346064056,0.473493141613283,0.5261644010251445,0.3888445467163356,0.42470663641795897,0.46213493328473415,0.4840089502133674,0.4944119855583468,0.450639618508215,0.6508027931593212,0.5214754406335587,0.4221424757254604,0.4334057736468072,0.5320385845706195,0.49247108554743096,0.3623988719024433,0.47032638159525175,0.40058177588917593,0.5180173835208871,0.35014696265079404,0.40071334536767295,0.5189381773414403,0.4627135363933792,0.5294965018548158,0.44985993956009457,0.5148504039731626,0.5993755215132985,0.5023053399596886,0.4671363925319909,0.45608425543306563,0.45499526534445633,0.4324428082183895,0.43787318767940914,0.38640073100392064,0.42677745187100546,0.48510414022070586,0.5106276378999818,0.4162847557171232,0.3725413007726697,0.47168398413689683,0.43559534213118867,0.5489824775655626,0.4557866708619601,0.4419222468468646,0.5335925033757716,0.5119630796269113,0.5194949936227701,0.415272977577069,0.4214620118998664,0.3924195357101179,0.40795113058038546,0.4433071362555584,0.48629931530800463,0.4639602182116578,0.4736236275475767,0.43321757226693236,0.38424375371255703,0.40403507544249506,0.420943710651656,0.41076752632736246,0.42341455908953834,0.5855980522142905,0.38531367083247875,0.4362266739686804,0.38271506663310023,0.4740618489629078,0.4424116042341863,0.5495238998301701,0.44760752407095383,0.4815155001462904,0.4130254596004117,0.5136336852407122,0.49113609839780975,0.4423500338525354,0.5081016144152302,0.3882691152146079,0.42389595877480196,0.44824448270589246,0.5092139709330906,0.513509009504301,0.4882624462887171,0.4435951456672064,0.43484468947988786,0.46230908500626317,0.45029688932270734,0.46087653218840235,0.5059740979476749,0.42992619055894915,0.45083465119336624,0.35161583254032397,0.5214059907920218,0.3883681579874161,0.4202325117893735,0.4241675539095618,0.4820341031112311,0.5580269083482265,0.37926999974108855,0.4752262925083799,0.41081146864566576,0.3954329133117745,0.36790149345892104,0.39574382494953636,0.39342238497117843,0.42590292850773587
0.5777031691370013,0.49850715723220107,0.4885291598637742,0.5150313184801173,0.4677740428218818,0.516376837269811,0.4001076962217212,0.49145762508849217,0.0,0.460104083583188,0.4696904988966936,0.4286831458234697,0.5344711963756007,0.5824181347834491,0.460598624636091,0.5194706899657167,0.5377625321054105,0.5701352362965096,0.423741183155608,0.5725350510665421,0.5065601566341995,0.5666156808717016,0.402010354261769,0.4143543313902813,0.5043179767165986,0.4488505302227274,0.4851585983663372,0.4361034127521723,0.4083588351293132,0.4475375976676227,0.46976877150654384,0.47134707142894633,0.48436940728114314,0.3871068025004903,0.5850012332481299,0.5058046217053749,0.47503475497728187,0.64487998972508,0.40357217184975763,0.48493027527091137,0.4637663109357069,0.5724911867278651,0.46375062508507475,0.4532501041477894,0.490908776426257,0.44217600107279953,0.4276308613726235,0.4277801785177749,0.42746317070963336,0.5549920517123352,0.47449808931086773,0.49924515570363176,0.4190457831246413,0.4596310940613554,0.4203486590768265,0.5095284675154834,0.5037335139118525,0.5421999864857352,0.4863314224481817,0.4889241667077253,0.4473399166926701,0.4747348686106472,0.4898385792544319,0.4992312742072888,0.45721550454070664,0.4308818643207595,0.47747414778025427,0.4850372419129982,0.5632853382781483,0.544386313023131,0.5066684135376933,0.5030385989177727,0.6054829953852298,0.5288848327123377,0.5867797056048192,0.37415544899449454,0.40857700107586364,0.4403233871790244,0.4501787105799067,0.3821170002028894,0.43824945067221005,0.5560039395703035,0.5161488126537231,0.5378247237420931,0.5439117976238853,0.6250573458882596,0.4628140930243607,0.5104840541733833,0.4625793387096463,0.47754950648360095,0.6008165971332722,0.4786581526152573,0.4639952007091071,0.3984484596424559,0.5649108255992836,0.4678581968060904,0.41689289404362706,0.4788530879860115,0.48311360283582555,0.48338939673971554,0.44169252199534337,0.37614046888437525,0.46073426044469634,0.4485606447867163,0.5848675656016743,0.5095717854215842,0.4530350578332522,0.5783659168283249,0.43990613943071866,0.4184186835491621,0.40877468366018765,0.5347850430927913,0.5391570843853029,0.604801287343366,0.4854620418680975,0.5954311773586708,0.44391120601585704,0.40334500294726744,0.48595654496656265,0.5900021326685401,0.5302059576004816,0.46185568717780573,0.48682871292384716,0.4365973315754435,0.5009221550877708,0.41063112074815644,0.5472542372538359,0.4250236443622383,0.47604473420575244,0.49676204693642734,0.6417671304408882,0.5664071451321789,0.47220674467745755,0.5808234187965053,0.45367346445292756,0.421464480801521,0.4460617621988695,0.4982331641461393,0.5566539510275669,0.47626044028825537,0.4518184063743668,0.5495883937431693,0.5254366624775442,0.5452431223801326,0.47222983366775106,0.5417989769406866,0.5426811179570722,0.42265216674426004,0.5103691572300703,0.44973679837529534,0.47156434859008634,0.44048765545055657,0.4963976845949506,0.46656596877050577,0.4890231175067506,0.4816452022356045,0.3898489959932765,0.48149370851774487,0.47357514803084694,0.4186945123096247,0.40114704030248627,0.5034666190869974,0.4514864986025197,0.5577364407536789
0.49727592772902424,0.6464670508163188,0.4920123191354105,0.48139725962088903,0.44539136751346026,0.5252759439376679,0.4817779880141317,0.4226948700072705,0.460104083583188,0.0,0.45857484543680815,0.516112503365665,0.5071205714713066,0.4995491599600217,0.5121979413281811,0.5162851042647907,0.521377402145825,0.49858679270560374,0.49485927051621936,0.5474251646995516,0.5227997871112089,0.5178732506910892,0.450142398486568,0.49037052982633167,0.6444738216650555,0.407840356705273,0.4306869086347374,0.4316411051297781,0.6491443809865391,0.42759173461327793,0.5067721452525266,0.5471177071337733,0.5002621053786594,0.4353671131698102,0.5439188838894019,0.5008674861855068,0.4781006518785621,0.4925999497829014,0.4512304115350732,0.5321990941070877,0.49566842058467325,0.472707517741738,0.4714427841708376,0.5121824601519811,0.48875107735955925,0.4649270125799936,0.4578139687575116,0.4789632157510041,0.5080045384396527,0.49535894459659896,0.4841794843347995,0.4552138651918095,0.43158126375387906,0.5118676694132993,0.5062557377633243,0.48720494126001307,0.4932025526246132,0.46602348875005034,0.5789418699678485,0.49811256773696216,0.4304283460125557,0.42605163076144476,0.4203307502260471,0.4744689788879421,0.45567633828545556,0.42967511145457166,0.45358062020360346,0.4624144967433076,0.44233309859623227,0.43373005136991477,0.44361074063783695,0.5201356154055204,0.4406282555558015,0.5117775841643527,0.47581369533277135,0.4332273441456476,0.4156117872155377,0.5063411826038696,0.4286361942479045,0.42934342716782997,0.46775317890231427,0.44938384527593866,0.5653715489190434,0.4625284958920692,0.48081355614898363,0.4994142996315254,0.39604799221596915,0.4902605825862808,0.49327614557518773,0.4382226658353636,0.4577832500275654,0.49805778650527655,0.5528885249454447,0.4324536208639839,0.4787164104944128,0.5500596063049223,0.390882830778179,0.49647137340579295,0.42718199050228906,0.49111208101130954,0.5016265195947646,0.3704858445320374,0.43992643931325226,0.57904473650266,0.46512706260387887,0.48051883979133897,0.4785228989292496,0.5806765815917764,0.5098601836958561,0.5183267232168239,0.46955248061457266,0.4520554668216944,0.47100473277858546,0.4735926078643444,0.45681664814674505,0.4817662099196561,0.5175192538325741,0.5237774630524467,0.533737351466229,0.4310657100669228,0.48080624247504716,0.3822950676712586,0.468048591154187,0.4987302995314363,0.46308562778487544,0.5487319431010315,0.4457118545446013,0.4268722486010352,0.6016734648703389,0.49532644319562974,0.49135301313444063,0.46050986132123795,0.41683169172677254,0.4407628068480535,0.48024642286781044,0.45937247459932884,0.5522908032357341,0.5257754859376663,0.5992651933641541,0.5093648804694781,0.49107325617202524,0.5551143191861776,0.5138918547504926,0.4642154503506842,0.5135271034820524,0.4884947351317405,0.46019169406240784,0.5201471365728162,0.7234334028042849,0.4171334795388442,0.44248636814891146,0.550989095622752,0.4527429162093253,0.5463815480301499,0.5537923602959335,0.46191139045362734,0.4150618093895618,0.5218094914045665,0.5087830804426192,0.434272723192006,0.4583904965410332,0.5143965289327761,0.4469475243390658,0.46297285286427015
0.5096425822580509,0.4536042637092942,0.4586535484231733,0.5134948789128266,0.4761970491196156,0.49045408285766035,0.4377776900929285,0.4411768936404947,0.4696904988966936,0.45857484543680815,0.0,0.5101713277675958,0.5466742304338373,0.4540518285747051,0.43496566882702575,0.6496364191648144,0.5494463203733767,0.46899760154245523,0.4893191195497911,0.5056562623052047,0.4781424835648583,0.5418856425882457,0.44811536933154,0.4452371091654264,0.5270470612846465,0.4139259501159462,0.5229566632357149,0.5223576755363705,0.4580587429403434,0.5053657363679022,0.44265098953068927,0.5331723746428249,0.42860504635305235,0.43008230941496095,0.48797727162919696,0.4387691690688288,0.5151228636598698,0.4799147058689002,0.4595671220177283,0.47465014126579214,0.3909004584282392,0.47890646289320904,0.4442410652130307,0.4519309176697763,0.4570827429464219,0.39677560967730874,0.35064563209479893,0.4983641062578818,0.49454298226911436,0.45492118264293985,0.4740780224909535,0.4073706066347954,0.35764096936610673,0.4774526244633617,0.5220574829271474,0.39219137951188626,0.4854889396204282,0.586915767236912,0.4391470057158498,0.4556230373828656,0.4663273133027729,0.3771829068401898,0.4190409891585877,0.4048828659603158,0.3802975732532882,0.38126971084755656,0.44572479174794954,0.41627481367248753,0.45538766388861424,0.5102267341871398,0.41246789221872887,0.42021828468571626,0.4750558107996235,0.540280028113724,0.4991548197006478,0.36117757619018354,0.5184534730397707,0.46595161065679674,0.37957428566049217,0.39006422278090536,0.3678165511391681,0.42683915814718587,0.46814404037931523,0.42997604781202364,0.45022517856542016,0.439561271724759,0.46102321059259105,0.455702813401061,0.4267622475817366,0.40019680279921005,0.5151713800065977,0.39773319668562385,0.5116840332402026,0.39868864009455335,0.4386023397303203,0.434357111342122,0.3567878313850843,0.38503705729397786,0.3802308365891487,0.42593799697422985,0.4423025894301801,0.4079875122716017,0.3951555955451584,0.3891646843453596,0.4401352641916089,0.42396280305466094,0.4245640835168384,0.4972651289133511,0.3899622957781697,0.4380011414737575,0.4809606966045854,0.4354366066644225,0.46414457057329334,0.5275960852879683,0.40715551984944665,0.4973042194208084,0.39953581750387274,0.5295773978700659,0.4644986539096836,0.41784288303092487,0.47105186080608846,0.38751338115353545,0.4223848403079049,0.4424736570627649,0.4074253640590297,0.44674345684562167,0.41125959021890546,0.44085543718663345,0.44601498655737065,0.3996447671844448,0.43777536398094224,0.47061715175233,0.506648136732481,0.45481868350347154,0.45741352386555517,0.3606619799175909,0.42755482721569726,0.4365069400143674,0.5200048627490583,0.4593377799513735,0.39681701502568195,0.5109336369585981,0.4474407859704174,0.43316232113119163,0.45543498821985384,0.44060572604196013,0.42990254143082585,0.3897334200125459,0.4558863451669595,0.3947800214952569,0.4758296993244255,0.3997160852181532,0.5683010617692776,0.40157455899543737,0.44838114293000736,0.44560221346006984,0.5017565064078213,0.46732913041876195,0.4635181057301842,0.4872998951608514,0.33454129582084835,0.4307500999854422,0.36398783352317954,0.5630150300766512
0.4578153191615411,0.5081380294569149,0.44093953314902656,0.5615534742468612,0.4564395895989468,0.49340408597669866,0.5485591029233206,0.4516607639598808,0.4286831458234697,0.516112503365665,0.5101713277675958,0.0,0.4883385070375136,0.4172053040131922,0.5296533385030718,0.5375816728346083,0.47980032678023193,0.42422043066715676,0.55686927962475,0.4862451503689139,0.5413219058549519,0.4794749255245916,0.48507798987148265,0.5582640329429768,0.5945095794383207,0.4499682146172611,0.4420227692379562,0.43391477283204927,0.47627494556598987,0.43937064193480635,0.5546920683233326,0.5550284335978414,0.49776031347319183,0.5579845222307732,0.4730101735981599,0.4945348398646547,0.5306937952044568,0.44428271633593397,0.642197011413224,0.5234976689486229,0.4486001939999366,0.4382406972297409,0.4834664497132539,0.5301302127956994,0.5401836898055126,0.45743740339928657,0.3887507414210562,0.5207754571625726,0.5417440708708259,0.4662940674355599,0.5395120119325073,0.4282980291739806,0.36622745043748306,0.5794867984864825,0.6311869478574942,0.4275176440927882,0.4990141164882632,0.5217766630276064,0.46916866461263745,0.5035235831951924,0.46613392667794434,0.40127594039134434,0.4005123942438695,0.4067522326673034,0.4111498556997913,0.41189065248174356,0.49851161046502057,0.434818867372184,0.3799952841954501,0.4427566889293325,0.43510628356136205,0.4413474364250448,0.41913052081782987,0.5623005768956085,0.4260666433483995,0.39435805455652034,0.5619167070307924,0.5523477684030657,0.42201183809974924,0.4177055872162091,0.38825893331150135,0.46409758879763036,0.5184586020883085,0.40559167343962593,0.47703558065846347,0.4528187478250102,0.43842229450668463,0.4777940176031935,0.4676564141741587,0.46872966492637724,0.4603287286466509,0.49054701624197844,0.5354053941023567,0.4264596931007261,0.43997215927511774,0.510648368027792,0.3872593154952373,0.4482020937054117,0.39084997331585014,0.4914474619451406,0.5029879818293626,0.4456240187454838,0.4599534811361673,0.4647574640776903,0.4347892011157256,0.4704543729068314,0.49840663112041755,0.4797504293677481,0.45680108497396993,0.5252421584666123,0.6370190845858074,0.4584991058537328,0.4541132193566751,0.467562473602739,0.4201442829008747,0.45884021712027445,0.4278310549208447,0.5571731333171955,0.4721103427903866,0.39288200020447,0.47363874114357857,0.4010491705473145,0.42886562244621745,0.5322649995466207,0.40062776343212503,0.5616605914032498,0.43112534425988475,0.544655480095843,0.5110697768404554,0.42806686672453914,0.4045439558708371,0.4442266837501521,0.45291591391161434,0.44495460894505146,0.5181017112085032,0.38150690537525067,0.480170718496778,0.4959879273448632,0.5438881727546561,0.5657929057468413,0.4159268758956105,0.4948370304948041,0.5052131554486691,0.4421804827672714,0.5228226331168561,0.4969431388857677,0.4686784884950859,0.4551736915542103,0.4984953904248613,0.37273384970764656,0.517459480267781,0.4241010770360311,0.48322052257166376,0.48614024705420994,0.5637319521410097,0.4939296031458078,0.45828879422352203,0.5636290476044952,0.4720550021640318,0.4806585435034364,0.3605987706381563,0.4366656013793599,0.41258044598876437,0.4851862696176572
