0,1,2,3,4,5,6,7,8,9,10,11,12,13,14,15,16,17,18,19,20,21,22,23,24,25,26,27,28,29,30,31,32,33,34,35,36,37,38,39,40,41,42,43,44,45,46,47,48,49,50,51,52,53,54,55,56,57,58,59,60,61,62,63,64,65,66,67,68,69,70,71,72,73,74,75,76,77,78,79,80,81,82,83,84,85,86,87,88,89,90,91,92,93,94,95,96,97,98,99,100,101,102,103,104,105,106,107,108,109,110,111,112,113,114,115,116,117,118,119,120,121,122,123,124,125,126,127,128,129,130,131,132,133,134,135,136,137,138,139,140,141,142,143,144,145,146,147,148,149,150,151,152,153,154,155,156,157,158,159,160,161,162,163
0.0,0.8729835397720921,0.8285997255779559,0.8618668025230791,0.8491580457112825,0.8263610286119196,0.8652992269270682,0.8310777829153208,0.8980574410661037,0.7824638813382689,0.9006015755762518,0.824222311028365,0.9146154620127432,0.8723451416116188,0.8525198617877554,0.8578312581198829,0.8724087975972328,0.9698351166236212,0.8267570735976744,0.9504166554396986,0.8430827622500622,0.9222528332837934,0.9029211407418865,0.8311658712346021,0.897740849870181,0.7688906899455236,0.8466848514900945,0.8479199545095278,0.7693647018387841,0.8522926190606711,0.8260059386543446,0.8821106118059556,0.856718793932275,0.7985671321845268,0.930274861009116,0.840892042563382,0.8937494895557665,0.8942921270553856,0.7510425836568408,0.9086962988016045,0.7907696654389929,0.9138814567436233,0.8535135288781223,0.8134066924482661,0.866421828481157,0.8544117217170315,0.8108452898096175,0.8065659383076829,0.9263128340099871,0.9015588940443945,0.8594913554324839,0.8380921889215589,0.8431005433298923,0.8020297401055951,0.8065222090200561,0.8234353043594067,0.9152185510909762,0.8634526422415091,0.8326344843104883,0.9126714195567552,0.7879612269010365,0.792199373579359,0.8477076667170969,0.8243950131558325,0.8353586483088666,0.7937610949547779,0.8266903246811643,0.8358133372254,0.8449733740319542,0.8982244630222638,0.8914673465421671,0.8479365694161242,0.8328927508706443,0.8811428166639091,0.8377324634328301,0.8211461954738161,0.8146550649575739,0.7852799829949024,0.7754136148166797,0.6389596436844289,0.7473720094345994,0.8933276988376707,0.82271574912367,0.8120425518937487,0.8738767552626703,0.9048866473505236,0.8917700252404114,0.8331381730470484,0.8472129124350187,0.7663560141500623,0.9178909251825809,0.8414036122684414,0.8748039598626148,0.8373547325621722,0.889778232023719,0.7984205981413033,0.6969601667244931,0.8180035598843665,0.8313152513981652,0.8094488025446462,0.7750917985883174,0.7723148274163448,0.7405959223593719,0.7539402359547142,0.8950866819685886,0.8358897144867175,0.7453433500095019,0.8610942131004381,0.8422003479292102,0.8251790386433171,0.8327472833426909,0.8896357939545698,0.8455164769917756,0.797145803488566,0.9033245976789371,0.8852334380659937,0.9060567179523896,0.8750103633057583,0.7863851642701052,0.8336485720659026,0.8730591514877836,0.7954117106955222,0.9099535817329616,0.8236008824133606,0.8445974934206115,0.7503203581354109,0.7851563264774918,0.8169415385436143,0.7936899752786666,0.8661188434351169,0.8162698110223888,0.816152729861336,0.8190871451747235,0.8709779759486977,0.808117281408259,0.7867260418749737,0.81409318951143,0.8811625309468706,0.9049152653199208,0.8461255494122337,0.7987081091615502,0.8917920074593629,0.9043913532945416,0.8332156737843223,0.8454320644406499,0.8464569326651117,0.8618696481817879,0.710957764124175,0.8557444193642308,0.7218577278973395,0.8737241504211488,0.8242494656195466,0.8908952605129736,0.8125527891392038,0.817472325476557,0.8752362231037223,0.9033126817254314,0.7734045785424137,0.8703910781983978,0.8111293880324426,0.7352256011256606,0.9334495935023133,0.8830394323371866,0.9374413762589805
0.8729835397720921,0.0,0.8848263446543906,0.8567539893597593,0.7793962928603125,0.9089491814872583,0.8254061811231822,0.9120809107973332,0.852310384114539,0.8714459493193664,0.8548991789234612,0.9434474169839826,0.8712412276148012,0.7493067308344206,0.8609708674570438,0.8360235547982464,0.8338529176662423,0.8275765336144191,0.897529929270213,0.9070249140854946,0.871120647407627,0.9380627335449468,0.8334426564747998,0.8830099135877028,0.9232934582740674,0.6954951964919732,0.7770889565397904,0.8040755948504356,0.8290826874000188,0.8143877200278433,0.8572500399879516,0.8480288421981624,0.9159859250223679,0.8072617056367013,0.8186537028658134,0.8220478904480317,0.8356969351152564,0.7998134977822002,0.821750363594708,0.8622907839369751,0.8474327416071785,0.8894713674230907,0.7724724356420517,0.785440300361147,0.8855125499437617,0.8474041363454662,0.7806334321253686,0.7856228483188463,0.8356513626073974,0.8159384313401525,0.8006290270196545,0.8149305328342091,0.8177760549774883,0.8634724188782525,0.7996661702075236,0.8626353585989249,0.8537097701377998,0.8634871510344846,0.7599719462657654,0.8748743563409129,0.8536996139943626,0.7025167117085428,0.782461377061595,0.735600965158528,0.7657127857707822,0.7563773331237775,0.7924586519758573,0.7762268373107023,0.725334664823841,0.8488642084613298,0.8247657957773197,0.7130733619079321,0.7165400536416029,0.8486562482147657,0.8382508434267204,0.7489664868124316,0.7780070549213532,0.767813468549969,0.760437848616811,0.6213838097538801,0.7900498049580784,0.857695553220854,0.8637642312088591,0.7864957883751681,0.7690160979673974,0.9391389947058333,0.8317394843902886,0.6987480702496303,0.8293211172120165,0.848649246784349,0.7830637702423245,0.8391538792475189,0.821663822412021,0.8045995808576709,0.7753272300844535,0.8667273420167995,0.7583780774879668,0.881726627353192,0.6892676892416134,0.7907879347578828,0.7250862889064317,0.7737224330445336,0.6473323847085989,0.8536096299428019,0.7757365122992324,0.8222265369656575,0.7794194166502155,0.8776473663228681,0.8335439912719883,0.9093467309691764,0.8425661184045483,0.7480643461211999,0.7735583114949194,0.7392635390172413,0.7885847130492167,0.8662929037316736,0.892282839741428,0.8354957160966742,0.7857562572643525,0.7209735792027838,0.7722485050556194,0.7190422537000078,0.8375390449121524,0.8371450941989519,0.7298480270259046,0.8425939885250221,0.7210759473744527,0.8629577374626494,0.863472504947454,0.7757055994503967,0.8284205479561657,0.8241602079646745,0.7177760447693632,0.8263132850988694,0.8644346576505995,0.7294238694287869,0.8423485160294294,0.7926531709389062,0.8843087198754289,0.8585148437861836,0.7847342789484627,0.8263543179168245,0.8864372583580061,0.7914860057385978,0.8255792254743626,0.7428527824028327,0.9008683608244518,0.80191956452177,0.9168930699865875,0.7271132954936693,0.8102527565699061,0.8269368433561192,0.8659473530337551,0.8572473873104203,0.9237397387943289,0.8868411519946503,0.9002417197639384,0.82876687688301,0.7631556935575877,0.6918818651758751,0.7504954640327552,0.8133608810180413,0.9385576414470035,0.8429916547370919
0.8285997255779559,0.8848263446543906,0.0,0.8430636309713813,0.8640687494429652,0.951363937963121,0.805072193727666,0.8406653339004083,0.745680603824972,0.867208256451745,0.9074616083146659,0.8781138553785007,0.9173142227151809,0.7541107615666515,0.7717961910548221,0.9498658038632745,0.9248480195533447,0.8185285294962351,0.808009834707958,0.8077530727137288,0.9214449267928874,0.9371667509320478,0.7930847648522679,0.8297728176046361,0.86503886185049,0.7965675131191693,0.7549826595488403,0.7870891532361414,0.8641890752415147,0.8295597096347098,0.7145903816296781,0.8973029915606208,0.8538736475054539,0.7426949187600145,0.7368450900184964,0.8215630918147968,0.8420493842554397,0.8187388457162743,0.7533297619480611,0.8787971085848081,0.8245843097476242,0.9061790666160536,0.820897634264119,0.8020410885009548,0.8113433014954734,0.8210026668121562,0.844298293676669,0.8430175746608022,0.8120381491691633,0.8306979516455818,0.8435565233010235,0.8829901809931181,0.7762050238249074,0.8533584585746528,0.8204455507857707,0.8076187622723642,0.8329939107341657,0.942676926158622,0.7464076589122707,0.8352625802823956,0.8232007222370322,0.79211441597119,0.8893621921571576,0.7385430334042058,0.7176498926951802,0.7506564134006617,0.7485913378382796,0.8331107573588573,0.7932937448386832,0.8403017925240012,0.8356635262717415,0.6714371206771215,0.7438022730209545,0.9063248456488837,0.8634418696384403,0.6680765535522543,0.8575383572149134,0.8628573921720566,0.7247624575382122,0.6929811764775136,0.9031382027907799,0.7778270629026109,0.8520953873601465,0.8342387414929018,0.8064739687800009,0.8586740668194663,0.8131584065312777,0.6983321691071815,0.7673478834950962,0.7192404242195569,0.8684978035569891,0.7290470843333481,0.8579629557271983,0.7363519282536499,0.7878486349524089,0.8179948607088668,0.69407071686838,0.8090067547826433,0.682605187127106,0.7567302589294291,0.6485118970503406,0.8110966575859292,0.6577222556172675,0.7780376281549496,0.7670942997758603,0.8914230392952698,0.8385914599655407,0.8695200429448326,0.8501376363780521,0.8743323437255495,0.8392156202527548,0.7655351862798864,0.8070351360789759,0.7516742671460772,0.8023822866856555,0.8834830395864107,0.8215238721990836,0.8308343036390294,0.9062228024677825,0.7380711109464253,0.8061175223571547,0.772961562079107,0.8247050789453002,0.8362256832529119,0.6553256016886684,0.8326208901403326,0.7761466651590749,0.857625465246049,0.9002674987030378,0.7733685612575539,0.7894766889613932,0.9473428336237023,0.6840854121212003,0.7433459640034157,0.77322589611142,0.7059828558286994,0.7833645173944896,0.7545649994411198,0.8289945903089285,0.7764483636227242,0.7137295382625287,0.8992455147427499,0.8086191778805059,0.7991183597575291,0.8418573230987196,0.7430380590944774,0.8513257170973832,0.851517580445767,0.8806846451777735,0.7956874479029427,0.6998116855346835,0.7677252248372611,0.8361943341799563,0.8771261303842075,0.8948165923279052,0.7806459784890782,0.8359499410582372,0.872669700858031,0.680762285369275,0.7672227492069751,0.8314474734940286,0.7267659830188778,0.8459937677858467,0.8314916885456144
0.8618668025230791,0.8567539893597593,0.8430636309713813,0.0,0.7564729018979485,0.8466578713123724,0.8208321410428718,0.8311545236304144,0.7451785573733166,0.7604396613119547,0.8650824169763549,0.8152144242388977,0.8791684739699552,0.8103703730677884,0.7898205049014745,0.821977461880033,0.8882138110147864,0.8467632780403611,0.8856566502951042,0.877279153538815,0.9005717436130688,0.8826197629451522,0.8149952581691523,0.8221419629393009,0.8176976280491227,0.7497611905793342,0.7550103687761716,0.8613783481408648,0.7388601015596968,0.7201208996500726,0.7353854480003421,0.8868479019557013,0.890374466925871,0.8399300546559889,0.8092515220968646,0.8746322081567081,0.786024545878435,0.786656870216504,0.7716379213249233,0.9168291515048468,0.8169925152339501,0.8388396345967966,0.7942727446650244,0.7754225602946265,0.8634968045211172,0.8649291126039135,0.7253434047874014,0.7689324872391896,0.8475898599467203,0.9001849717783458,0.9101411741512495,0.8716578123864084,0.908976897435293,0.9257577827488519,0.8477038166625938,0.7264307265975194,0.927655966930473,0.8263224172560861,0.8584426601417984,0.9561870859987464,0.9313364940859855,0.8087446320332349,0.8807307563057567,0.777250522985227,0.8490113076591504,0.8990613061151771,0.8684953081274979,0.7407590536828594,0.7688243130145609,0.8044617436218511,0.8345487073768213,0.7423042227481281,0.8578657359168007,0.9539005853054597,0.8597995054393932,0.7298693567921786,0.8940504981240772,0.7247018075006292,0.7543823735347451,0.6121463436169498,0.7619217467396165,0.8915881764384479,0.7179027186546263,0.7749542900385552,0.9257492178353074,0.8189449841279618,0.8362204798870226,0.7859177149422725,0.8067830077594287,0.6969174889971208,0.8342194206394898,0.8015098318344678,0.8445969254838359,0.8982365356261098,0.9067642728643613,0.7006769038310563,0.8252347671761557,0.7982248662488819,0.7383607801815468,0.8773903629534288,0.7047422290731739,0.8591467166861486,0.7493009495265612,0.6907183645380023,0.8837749244889754,0.8112966440965584,0.9063197631975796,0.7862670778930098,0.8388200659719924,0.8194469405362577,0.9062735637949901,0.8472844051830936,0.8905268545500837,0.7437575900858574,0.8794246323087502,0.8350322469667922,0.8804677138936354,0.8010530969757033,0.8755960813654275,0.7298237451304421,0.7819729365348373,0.7669961561850459,0.8742617959465067,0.7915592678788006,0.7158687703898082,0.7367171946369785,0.8740490379855596,0.7870554675015948,0.8651697005827566,0.7682853253500089,0.7036580765868032,0.8535484228537834,0.7482207688673561,0.8272891272967013,0.8390525550785753,0.7150478650219804,0.6839728872249952,0.778796048142773,0.8456262468925487,0.7719042605380085,0.7517940925543698,0.8392107232437779,0.9402037115292283,0.8768450418232426,0.7789719898901926,0.7620311621937527,0.7813593241553727,0.7170091901140818,0.779949695978941,0.7139218027928965,0.8343287218501838,0.7641494418115257,0.9150224304187343,0.7772597610055477,0.8046286139854916,0.8044518068682235,0.8733210047817309,0.7457831433606952,0.7964362708212772,0.8204518554438548,0.7339372992644,0.7652156828976999,0.7873613747273361,0.8336113717923954
0.8491580457112825,0.7793962928603125,0.8640687494429652,0.7564729018979485,0.0,0.8117703720638606,0.8386152672863946,0.7020936439873013,0.7402308377872846,0.7147129276153422,0.8868145959176346,0.8127633041127785,0.8240869613691538,0.7312713463524918,0.8293903879485256,0.8971473485454108,0.8502688842757545,0.8293828841241451,0.7472206305568829,0.7758739429532295,0.8724612573676063,0.88643133292797,0.7840795129526514,0.8407796775357846,0.7769070164146984,0.8481062923286157,0.7087120555241629,0.6981189966185878,0.8060223861871451,0.8581201632973999,0.7286289565991878,0.8166373872486938,0.8263955534948881,0.6823515337351157,0.7697148052121239,0.7914326680777292,0.8513616329509274,0.8363801790025845,0.780964696692635,0.861741590398581,0.8444438471584427,0.8283503721391986,0.8914091597895071,0.8863739005398068,0.7305294872247748,0.7976400073495145,0.8819652680898883,0.8849092681533339,0.8343251816326358,0.8557624141747296,0.8627580350160425,0.8703487573223652,0.7618616883396873,0.7853395354220655,0.8039942148762972,0.7371246131348331,0.8484340230567787,0.8944724865766668,0.7066179244008236,0.8050402032573081,0.6762263396671311,0.8027283371727407,0.8804713106168259,0.7283082294388228,0.7621347807812793,0.7105864295145671,0.6855777372153633,0.8685863635302451,0.7582124788539333,0.7697753394466014,0.8864511661945785,0.7377938013892154,0.6896333002408367,0.8290002581506885,0.7476622339881523,0.6949184992586194,0.8166354220648584,0.9267427814111711,0.7433304974261248,0.7618242157516191,0.8373299796047401,0.7766081564623639,0.8653260380988516,0.7369310326492655,0.7873602420938288,0.7997418882056753,0.7359774451763893,0.7195325961855706,0.6860284458848976,0.6805836530667859,0.9309875239102683,0.7144507567211953,0.9117311852020549,0.7418678627992258,0.7838021775267777,0.7920766678782277,0.6285176727319867,0.6943629306724738,0.7486731735294708,0.6712459225193461,0.7032228554642439,0.7327521442431186,0.6653833528389668,0.7050935437896424,0.757313364025756,0.8566712007805499,0.7298543832890819,0.7497019521171001,0.8548496047857038,0.8064751749695402,0.8118338176245712,0.8311381101160296,0.7204804515687897,0.6860278150329312,0.8421763061432301,0.8347043123638866,0.7454165991727845,0.8426207272072943,0.7870670754076011,0.7025047199172345,0.9589406166412558,0.7448881142641826,0.7888730336229941,0.876821018765908,0.7260025421436577,0.7941957921223554,0.709725842343896,0.8419653932546319,0.7564627931392925,0.8404754834823952,0.706780770133847,0.8608257824496008,0.6780700342730619,0.764898985617497,0.7359180069743416,0.824508577676939,0.8201896318737647,0.8561881263105455,0.7695183583967932,0.8286118229891914,0.693495998279852,0.865990673701371,0.7596700301592106,0.7488553248892431,0.8825077709894658,0.7474669490441264,0.8784135763490358,0.7985334599267896,0.7722523676687676,0.7118440307645287,0.7272393341762586,0.775782039118474,0.8015122463251473,0.8111023344182055,0.808619967807398,0.7582490061390849,0.7999138738586995,0.8220927592020952,0.7268706664948763,0.7901903438419029,0.7300185083298968,0.7749080530436565,0.7954342894480436,0.9081123171594658
0.8263610286119196,0.9089491814872583,0.951363937963121,0.8466578713123724,0.8117703720638606,0.0,0.7913560475498121,0.8756041756443564,0.7570477975401433,0.8413906443484763,0.8806489279629244,0.909610357041602,0.9180057624305908,0.707044698714971,0.7690926961193935,0.9228476709625859,0.8973135249555476,0.7808304427213698,0.841788046617943,0.8115695095409527,0.9159858828118073,0.9079228430893436,0.7782937316173347,0.8602631707525722,0.8678698824783228,0.7693023446837495,0.7307437101787556,0.7962241336291821,0.8147148383559756,0.8297907070094241,0.7329884006094932,0.8774028102285363,0.8604755660519241,0.7773633518220271,0.7124643084188188,0.7635728180500418,0.8476078398622027,0.7725306199199757,0.768120370519142,0.8627561493592516,0.8078215120819453,0.9007453734628038,0.7746692993650204,0.783837794575694,0.8182783180903832,0.8415650826960085,0.8097681848445266,0.8177927009294711,0.7874209961539513,0.781652848202964,0.8235097863155034,0.8852641300067294,0.7677842966246562,0.8510879412807006,0.7807874613814365,0.849951116590876,0.8401148519251932,0.9239334110835102,0.7012398632516994,0.829124552925561,0.8687198986426875,0.7479886234076737,0.8576478020644709,0.6687510979182353,0.7024073203810434,0.7667312679172447,0.7641396093298183,0.8132178296438811,0.715208810971352,0.8346211194864948,0.8281564210160561,0.6335767748813844,0.7145841591337561,0.8902567571345559,0.8577992193308598,0.6953732373371756,0.850462932668449,0.8356384853034978,0.7467485475878288,0.7326470815270439,0.9190880308875893,0.7842355250415552,0.879704202589027,0.8276885559720382,0.7859808048071453,0.8806278672588072,0.8385602801267855,0.6555076647867079,0.7977419434622721,0.7874599282215317,0.8102567756448635,0.7301597206683849,0.8060033757310413,0.7788823433112504,0.7519026882695279,0.8185264700751712,0.7134786267639928,0.8210855595398494,0.6349917413125943,0.7739509956982558,0.644626555047865,0.8037437569899771,0.6195968141116485,0.7498110781475339,0.7315706573057441,0.8936052089158051,0.8371419908996378,0.8705409451069246,0.8281266992300192,0.9153083486667837,0.8499260170315498,0.7170523155598649,0.8115927933404545,0.7330077082783332,0.7909427284172492,0.9108051072115682,0.8513558716334281,0.7827600396957489,0.858943346287068,0.7088361229427557,0.769422268703691,0.7517869355737189,0.8370427549341426,0.8723877457512477,0.6459348661814591,0.8395675081172016,0.7471455564495152,0.8734772758184511,0.8632330402290764,0.7190639989772459,0.798361533178658,0.9362757065017114,0.7200851316477944,0.760737620560668,0.7820647435132505,0.6813402211962748,0.8113823960521706,0.7210461240897064,0.7855592712321593,0.7827316642463444,0.6965915910329186,0.8437748550436728,0.8167196163922517,0.7417505156545914,0.8188971217564077,0.7091619536946687,0.8633878869052632,0.8794356651579658,0.8483285793954636,0.7569761064218967,0.7252133629940581,0.7535706478264422,0.818204623783495,0.8468492078666028,0.9196885031341917,0.818329041980629,0.8954243514316025,0.9167770265389998,0.6712505835344372,0.7550666424542568,0.7823575804733081,0.7366602030677438,0.8483119327521601,0.8351547855963907
0.8652992269270682,0.8254061811231822,0.805072193727666,0.8208321410428718,0.8386152672863946,0.7913560475498121,0.0,0.7470131309773638,0.7299721723326501,0.801988081201056,0.7955500676704628,0.8385330746542944,0.8671844643098732,0.7653901897876016,0.8905896151248827,0.808650762136172,0.7829706408517586,0.8213397344356946,0.7591701975820809,0.8036312422595917,0.8392558407924061,0.8327020499592559,0.8860403260492746,0.877124227219589,0.8698911159150347,0.8507228553583785,0.7259900102516499,0.7083682862016734,0.7582188747021347,0.7628407110420247,0.8251336478730178,0.900136690916122,0.8723241011659039,0.8661401205324288,0.8038366001439049,0.8250829323229822,0.919571206270698,0.7208296030551186,0.7740101480326694,0.9361033251513063,0.7756056711486227,0.8093013541287172,0.8933528469869013,0.864744392796615,0.8875876287974562,0.9224652941918671,0.9031027441807257,0.8444553389437741,0.9477227603329589,0.8456858344926788,0.9103134189065403,0.8182892985202922,0.7454817065792264,0.8202626062807459,0.8505764178653691,0.8139894894606134,0.8289721309487547,0.7771812657266589,0.8406250200574336,0.8771915511211454,0.7370513059581028,0.8266226395860929,0.7752019016270755,0.747676381053777,0.8165381779928927,0.8114357575813985,0.8739843335236093,0.9123692832010347,0.7321438457358032,0.7434234688820802,0.9016592511220165,0.7874516901300093,0.7274019503601524,0.8864135085108276,0.6819204782981442,0.8778522847280243,0.8903493170198928,0.8743726999752556,0.7489226571983791,0.6802538116677901,0.7461194392703261,0.8359544288204008,0.8252811411602875,0.6603632362999052,0.7988913503299285,0.7741241666935752,0.7883101809238149,0.8444564644983964,0.8315524510016187,0.7629603969176342,0.8361393052231431,0.8935152032389082,0.8540616015395329,0.8048788994677948,0.7960538076177536,0.837676691304165,0.6629569755372045,0.8263669706682626,0.7550122245228457,0.8574289202928653,0.7758821518650161,0.8405346581492044,0.8136791249282694,0.7690507252705177,0.7695192337838942,0.8736544896755615,0.7932472038132807,0.7485799526361391,0.958695048502857,0.8823022648498594,0.9075305491343804,0.8187330982209995,0.8170290957420698,0.6387338631577717,0.8228179657509549,0.7816355758963314,0.8226789469836016,0.8822695255395258,0.7878522572013442,0.6803569805775747,0.8232094698423853,0.7204871550154504,0.8185881153200772,0.9001892686430331,0.7046127288485705,0.8181396878107512,0.7763277388238066,0.8987720719153678,0.7912823473542427,0.877703869960318,0.68548581910729,0.7428613224160957,0.6719843280953284,0.7023533601432188,0.7772498416644924,0.7785611951954317,0.806232935925345,0.9010520256889916,0.8288818758842896,0.8296645682886478,0.7546782577321044,0.834283417429697,0.8712157358714933,0.7451697830247979,0.8771521910928162,0.8986752634720536,0.8201759371452035,0.7956604602933783,0.812966892205002,0.5983815694172023,0.7973015599178113,0.732723987528564,0.7567227514429717,0.9139024571810035,0.8367027818839012,0.8656309624641063,0.8298128880525101,0.8284397122654348,0.7984618599143269,0.8335508434004539,0.8174516286407852,0.7708628192363339,0.8676613095016041,0.8006833281555182
0.8310777829153208,0.9120809107973332,0.8406653339004083,0.8311545236304144,0.7020936439873013,0.8756041756443564,0.7470131309773638,0.0,0.854253696539671,0.8528324077499707,0.803522977922149,0.8803768557811203,0.8669907186360936,0.7216265449895012,0.7753901969162343,0.8116947944271146,0.8000000937224336,0.8043752827811603,0.8367571114740684,0.8555222158601404,0.7933660517465605,0.8610984414443006,0.8124791688620072,0.7823773371099826,0.8965848634527136,0.6687297353664207,0.8176364504101007,0.8213527718286926,0.7425937182745259,0.8049391324611408,0.8113949701038149,0.8179888043441548,0.8410493981892344,0.7918042071900642,0.7539569884260665,0.7578071627156086,0.8068152546115775,0.7793934712619865,0.7365382582553842,0.7931855543767592,0.7461154592173391,0.8612825254295435,0.7282770874485298,0.6879392300352332,0.8832083594681683,0.8202834556304137,0.7243127889683263,0.7065199048390508,0.7741935712859099,0.7513234949641543,0.7400627549406401,0.7544549593723887,0.7374373557267805,0.7779085178670112,0.7332509960262208,0.8461509861382961,0.7902918144053562,0.8501917322365233,0.7088806748077668,0.8255711218840639,0.8641274462609587,0.6813890697552243,0.750619366998262,0.6874616916434738,0.6863092593374048,0.724440415912867,0.7752875351487849,0.7374874956391508,0.7328791710368111,0.9100896759166309,0.7641088019420608,0.6590689121583142,0.7062644446965007,0.8149300246369717,0.847090010642783,0.7085550360728686,0.7535940964249597,0.7055436944466849,0.7655037101219031,0.5744845192146018,0.723332505166525,0.8056678483241178,0.8148645374844091,0.8179523341848938,0.7365267765779859,0.9246012380537437,0.8897458339573941,0.6839206189727147,0.8790297002088864,0.8409868563975674,0.7479254175077029,0.7827300379038775,0.7395183382605217,0.7327545924798335,0.7216611512614055,0.8129374130142141,0.7236995672380238,0.861850543998632,0.6360505558104708,0.7908628536808707,0.6583712467766004,0.7972592677870773,0.6362281600978572,0.8188334609811135,0.7590427071926709,0.8079142969163603,0.7571437019254929,0.8879399583206667,0.7624172986082355,0.8174217388729118,0.7599706493505582,0.6983461010346166,0.758271000345676,0.7842069880264709,0.7556974879764382,0.8527134482411349,0.8485596166694425,0.7688938815128499,0.7313202932797057,0.7467028237951263,0.6863348696362391,0.8195940107648277,0.7708238018446967,0.7642320434476054,0.6539538154562176,0.7787852465826455,0.7066616814161306,0.831010659554884,0.8050430190954481,0.7170747979327495,0.861762569935104,0.7957574668966776,0.7545587567671379,0.7658825663069593,0.7799500271648349,0.6274050862585198,0.7876245494633741,0.7116234127035282,0.8554740065323607,0.8100587267308383,0.7470447943101798,0.768245465640699,0.8281699651351482,0.7450897988305777,0.7406508153378021,0.7259705255345814,0.828877908654245,0.7611238298952336,0.8765959922308496,0.7119956049919435,0.7749869940913149,0.7405420762839834,0.8125690220993104,0.8106279144991904,0.880557084969845,0.8626058816190826,0.8532660510411333,0.8027189623876104,0.6935911683332917,0.6695985629276315,0.7066721780681271,0.7478069193996919,0.8941655444816525,0.774362074519851
0.8980574410661037,0.852310384114539,0.745680603824972,0.7451785573733166,0.7402308377872846,0.7570477975401433,0.7299721723326501,0.854253696539671,0.0,0.746393334016948,0.7884197778761357,0.7772852509130476,0.7925762849268871,0.7809483233151981,0.7803431830495288,0.7475067828187376,0.7547074604906184,0.8811837866848871,0.7660419041978388,0.8790153538070831,0.7150280460367976,0.8561779758432883,0.8126804687859261,0.7288375124139587,0.8296545375092809,0.6184202739415908,0.8609282844880972,0.791568859179271,0.6985614107625634,0.8511853053107424,0.8138309807250894,0.7368716904244063,0.7698797587219142,0.6809131900013694,0.8519449237309327,0.7244352587077328,0.769943061884893,0.8426073850220792,0.6867434156037409,0.7493398809977907,0.7089703285800063,0.875538929272956,0.7001712283214927,0.6722858066111935,0.7771027092541642,0.7269989333029947,0.7067309584369063,0.6643686541866747,0.7742747255712321,0.7610992773225989,0.692128863486322,0.7019597584670418,0.7580720971576315,0.6860033771392032,0.6672652234804375,0.8254546982129279,0.7792958352805444,0.8020963143781971,0.7009920904249174,0.7848135831738929,0.7091490538893005,0.6516011525091887,0.7066028039139967,0.7323379758727395,0.7129753471265711,0.6447842761709491,0.7064669969175861,0.7194931996502814,0.7696856016195962,0.8972912365845843,0.7583432477625218,0.7375833779853906,0.7194393997386258,0.7294064290975178,0.809687823732604,0.7048837476201242,0.6570819277245858,0.6718823770558281,0.6867470004752704,0.5450229265618657,0.6415916173050539,0.8240218169775785,0.8002379824533673,0.7592189610591009,0.7142490615670822,0.9134125124517243,0.8149925606689024,0.7075481013246769,0.788853268109417,0.8082024360675468,0.7910902522036554,0.7839013737494605,0.7394070486439424,0.7015693715910416,0.7596179854332827,0.7702604841782299,0.6488413363522156,0.7668486863405609,0.7357192596287652,0.6982040663219453,0.6845993234983248,0.6510566106733615,0.614902689130332,0.7505631285551069,0.7858482488660741,0.7172760954866133,0.6171973807224356,0.8446805822040653,0.6985633100438904,0.7247879775576653,0.6794871135906403,0.7412406555174264,0.7014272821788666,0.8146666410675025,0.7406627955353361,0.8353498479177502,0.8003622461813401,0.7573833454309726,0.6426364075914457,0.8316875505527027,0.7448992216183117,0.7519797751464778,0.7588162630160875,0.7086628323421794,0.791975063985698,0.6731665147825955,0.66951246196703,0.7361749358430333,0.6802347334005318,0.7422828910280147,0.905960032249598,0.7260373266891225,0.7671169420867506,0.8552713610161817,0.7280991134544943,0.6782390072347304,0.7789632405404594,0.7535518369430282,0.8254003077290566,0.7982512680859806,0.7347083830925263,0.7612867068219723,0.815995211267464,0.752641560008043,0.7095985051846614,0.7296285509470988,0.8409097025787068,0.6452749721085315,0.8122198328741388,0.7030959016454971,0.7859990482190887,0.7737148827803882,0.8249391083937622,0.739479174249794,0.7535039034056956,0.8163766735209229,0.8125228997833348,0.7025308489938273,0.7654353239059536,0.6437141691465966,0.6199370333650417,0.8666509021363755,0.8647679651573572,0.8464115706553348
0.7824638813382689,0.8714459493193664,0.867208256451745,0.7604396613119547,0.7147129276153422,0.8413906443484763,0.801988081201056,0.8528324077499707,0.746393334016948,0.0,0.7950082749162477,0.83735750392241,0.8773969740446413,0.7577190998913581,0.7307631852307938,0.8330925825379153,0.7938303669058743,0.7853947611208867,0.7457134914589846,0.7760552620148436,0.7544244822618267,0.8247186764360583,0.8476056838077485,0.7370984996694036,0.9383699905246705,0.6840328748444321,0.8182246257698041,0.7766989988788916,0.8602028975478889,0.7858437825440608,0.7521675505333151,0.8817667810878692,0.7707472381887248,0.7774999842275877,0.7300753458995267,0.759942248093729,0.8309160402894978,0.7396385970836096,0.6769456689568126,0.7992382990443039,0.6862393759891133,0.8394268443313512,0.7414861350426419,0.6975504955555368,0.842666346073895,0.7714585586840714,0.7783502941024026,0.7407413700168961,0.8281492462705063,0.720894573603658,0.7281612868893474,0.7011573975930134,0.6732587943461754,0.7379589771425872,0.7821613448623261,0.8331690458931917,0.712563345223839,0.8087300143297406,0.7629109316590122,0.7725022625983671,0.7713273603155252,0.6993577966984879,0.7005743009822106,0.7309048329911447,0.6394352611312245,0.6705407644267584,0.7601648778913213,0.7789564502415521,0.78333952181743,0.8346886959306421,0.7203904487644102,0.680437238317905,0.6970306824723925,0.8035475934067655,0.772494570701862,0.7441655181889604,0.7711007210800971,0.7717750733535886,0.6529535826991817,0.5972763113979239,0.7337320378191668,0.698219246178928,0.7982263273431952,0.7686791438382399,0.6972677650705219,0.7964018362800247,0.813514579718666,0.724516870768314,0.8687213897310104,0.7359246291146466,0.7452794404553877,0.7658039729103067,0.7661308820926419,0.6619937850880747,0.6980810013691043,0.8555526112020282,0.6167640255090974,0.853366528239518,0.651894266306411,0.77644702547182,0.6755126560815069,0.7837185800956274,0.6669970817190556,0.8758773390892507,0.7068849553803176,0.7867382905225391,0.7341033110145729,0.8863744749669435,0.7896463300379714,0.818336952398246,0.755551134175116,0.6728869794000334,0.7604700140386577,0.7571515843030128,0.6964313944184732,0.775889012291217,0.8322066095221576,0.8476178588787856,0.7838149630383846,0.7425189043192488,0.6655062891519896,0.723594536290446,0.7404398583228333,0.7477851009898465,0.6246961923419038,0.8223721771862491,0.701785168306856,0.8053660346995206,0.8570318544234322,0.7422290239969707,0.8253341384168419,0.7476591923155801,0.6833699662563296,0.6437556380946587,0.7136079316175435,0.6216388754155501,0.7701161447088841,0.7125392883257621,0.8570778077528551,0.7451500136771885,0.7568266592729908,0.8339194622807581,0.7689062087276006,0.7258856026865245,0.7739425878845757,0.7693174912010591,0.7393249852852556,0.7959236955413973,0.9437368887665735,0.7156941723393531,0.671269830465043,0.7600644421046193,0.7345922401728321,0.8730523706430857,0.8487548842072623,0.7825738506802447,0.7899838549133823,0.7983151641464183,0.689485403340491,0.7143341609109892,0.857776507467987,0.7222350378053398,0.8651410744145819,0.7034144761844197
0.9006015755762518,0.8548991789234612,0.9074616083146659,0.8650824169763549,0.8868145959176346,0.8806489279629244,0.7955500676704628,0.803522977922149,0.7884197778761357,0.7950082749162477,0.0,0.84436408061151,0.9040243980655523,0.8169416151427201,0.7894791094809802,0.9518529582280059,0.9457690033995846,0.9011805217279467,0.8626581084197374,0.879165917547352,0.8899217310615045,0.9442245985375671,0.8307080466615016,0.8132906695261068,0.8586911108458607,0.761569962887557,0.8086460027649448,0.8633460798263479,0.889765417174117,0.8651136174777427,0.7383822806040927,0.8908520786934077,0.8447611946587158,0.7312439317643986,0.8305236887923696,0.8390728600866483,0.8485859575390093,0.9303142865021907,0.7893708587149316,0.8762133027738404,0.8331654311312195,0.8775424304714498,0.8471058106664079,0.8297582412781824,0.7783187086570101,0.787709205557519,0.7612764877520632,0.8644935371160438,0.8687870026305647,0.8782894807451482,0.8564768038634278,0.8495314634593683,0.8449569395497138,0.8440075579272195,0.8703772941810166,0.7275987573633441,0.9134053281984659,0.9499394949379397,0.7672045415945482,0.8715532611533111,0.8235034216915585,0.7745814047657857,0.9165407683613319,0.7863697678085914,0.7639291095748364,0.7544924731622916,0.7299984943328245,0.7831296537042248,0.8382194369607563,0.8940474537302538,0.8283448199451767,0.7672910731644016,0.7848251749122752,0.8854544063913923,0.9077008297775904,0.7188869738034326,0.8489206223401895,0.8266926070137476,0.7464525303997176,0.707791154492371,0.8400964592885714,0.7905000419749568,0.813601525323206,0.8909762095549585,0.8572261471371636,0.8530629458018385,0.8536301619360701,0.7420664979329097,0.7654160645808582,0.6712716283660491,0.9187330094714269,0.7089569063434515,0.9413871793483091,0.8121408931671373,0.847705362201031,0.7750065275290263,0.6959907050460629,0.7261345471818618,0.7509133370885173,0.7173424733344594,0.7417806128279675,0.7916580661284179,0.6576676539215591,0.7331355129774626,0.8437334432232114,0.8142683000933723,0.7857228753390739,0.8501656669523298,0.8042026707449775,0.8116908011859885,0.8355420411989564,0.837289845798056,0.7975929891586706,0.8348116094538343,0.8831243009388337,0.8756796315961267,0.862411792962228,0.8933887475457707,0.8562256669832012,0.7805356243512305,0.8842941854349549,0.7943915237331388,0.8515191356093974,0.8246760766976778,0.7706911191773753,0.8130220145157735,0.7441272472749075,0.7990692873798507,0.8576039254910778,0.8054348610795926,0.7747036264653553,0.9147993367447722,0.8250647950810828,0.8387301338496398,0.8010887137045731,0.7707727945518125,0.7847062336110782,0.8029402617827206,0.8620523782539999,0.835106565746158,0.7818076675471074,0.9346173551596803,0.8120904565107481,0.8367450903009963,0.8673492615848922,0.7180730722273202,0.8274138979027136,0.7755891950337618,0.8486835875296779,0.8332851306626052,0.7901085168995461,0.8916570693209678,0.9176264388768366,0.7622381860004563,0.8321881648356646,0.7854222237417819,0.9044359736388727,0.7870428412757322,0.7988037644221709,0.8312212201102883,0.7426312512628881,0.855122851854473,0.8017017068837287,0.9321192684287108
0.824222311028365,0.9434474169839826,0.8781138553785007,0.8152144242388977,0.8127633041127785,0.909610357041602,0.8385330746542944,0.8803768557811203,0.7772852509130476,0.83735750392241,0.84436408061151,0.0,0.8432609448826621,0.6645851904163169,0.8825950837737744,0.8588264775382751,0.8124709638011935,0.7681668351044153,0.901336868832629,0.8443067651084333,0.8940264611170995,0.8944720058053298,0.8208026993923492,0.930475405081618,0.9034379090541056,0.7397084584201832,0.7177596090302335,0.7472841391874468,0.8280472466932952,0.8301857107375162,0.8639731933200913,0.8393249505338942,0.9173124378649765,0.8249536521575038,0.7504171833825182,0.7890421127827454,0.8585773203346414,0.7601432727409179,0.8845138101774798,0.8494194176664883,0.8734693306574347,0.8302633842033391,0.8188495988052877,0.830027531745193,0.8646008942318424,0.8806556281473188,0.8103238351224983,0.8340672657385704,0.8286267106963736,0.7878708864251639,0.8182466518691427,0.8280995140690716,0.7551827496701551,0.8618417953988311,0.8183158795984512,0.8261851348560656,0.8468730163239737,0.8828954903588333,0.6978027344035904,0.8433064670040226,0.8155568073268215,0.6938371715811248,0.7883931572228766,0.6694271890044986,0.7363543342130416,0.749497501804163,0.7471872774011771,0.7962281122935135,0.6687322709840824,0.8091769495312556,0.8305849234475036,0.6704976821550481,0.6420623969920881,0.8344068707023252,0.7770109297491558,0.7514216605556046,0.8070008329183093,0.8321169909563307,0.8225619001290899,0.6883273171667993,0.8226383503366049,0.8109925725520053,0.9068766875954424,0.7490867512794879,0.7395015501957828,0.8976030973933731,0.8057563376236345,0.6644824669877899,0.8064247011762221,0.8405846455674838,0.7686204305373755,0.7965291947402178,0.8335235038197852,0.7989366743661884,0.7061412435810829,0.890656778873215,0.7273313244031754,0.8392852173738172,0.6338104617476713,0.7500606643077657,0.7161146686993286,0.8145495583672231,0.6353373423490848,0.8577565302104321,0.7162490573359311,0.864415856397727,0.7991850282988864,0.8287109655789904,0.8617045298968774,0.9361727042432038,0.8707803820896763,0.7218999863246555,0.7178303919733009,0.6812526964686545,0.7848751664338826,0.8441376740383092,0.8503870332419858,0.845779089154108,0.7664944107817337,0.6427480055551741,0.7871717637988994,0.7249183263884292,0.7919653550343922,0.9111138408817621,0.6671956106750121,0.9200895732898722,0.6702311528134927,0.9279036497978977,0.8467765133566264,0.7622537562888149,0.762260023375011,0.824930651511176,0.6908680517558365,0.7632440871557384,0.8499268630582039,0.7331525380393651,0.9018596801912738,0.7926705302803848,0.8355866847451127,0.9171176566411352,0.7444686666655894,0.7914910937384629,0.8190269199144395,0.720932555179656,0.8617461409981139,0.7197011618651306,0.9154994899004953,0.8869248763716104,0.886492478931683,0.6857085708193368,0.7993361164370418,0.8007201782719404,0.8151421707001948,0.8600187722926464,0.9820272663956309,0.8844734574135809,0.891774852464233,0.8937670890279802,0.7062958210662257,0.6988127434885836,0.7329825961594392,0.7580875860957988,0.9150261120469384,0.829250854827246
