0,1,2,3,4,5,6,7,8,9,10,11,12,13,14,15,16,17,18,19,20,21,22,23,24,25,26,27,28,29,30,31,32,33,34,35,36,37,38,39,40,41,42,43,44,45,46,47,48,49,50,51,52,53,54,55,56,57,58,59,60,61,62,63,64,65,66,67,68,69,70,71,72,73,74,75,76,77,78,79,80,81,82,83,84,85,86,87,88,89,90,91,92,93,94,95,96,97,98,99,100,101,102,103,104,105,106,107,108,109,110,111,112,113,114,115,116,117,118,119,120,121,122,123,124,125,126,127,128,129,130,131,132,133,134,135,136,137,138,139,140,141,142,143,144,145,146,147,148,149,150,151,152,153,154,155,156,157,158,159,160,161,162,163
0.0,0.3088512507437624,0.25795046418311857,0.2328045363657082,0.28264339813401457,0.264666765986254,0.2700025912478098,0.26887571719389747,0.3793383566132325,0.26242610798783417,0.29747785800007726,0.2616554654992278,0.3318251989019148,0.2895049625254932,0.31120983431359184,0.2847663389513442,0.30878263796108807,0.4408669616242544,0.303090568840193,0.433415796416118,0.3304366283895803,0.33818283798603654,0.2795037493809168,0.3042559919472072,0.342528223826192,0.2546233039100028,0.2399102526717938,0.2936515360497413,0.23406890427967447,0.28693053874368685,0.3386769941467572,0.31840541550176876,0.2578839284261833,0.29623602723955184,0.34930823701816044,0.31990357900608746,0.3627955643091538,0.34184746716039555,0.257432657122422,0.30656304995907596,0.2821746412211286,0.28915009414714765,0.36031488419097446,0.30423461227282356,0.31010374028510285,0.34902299150807947,0.28834930532988073,0.2998328083255202,0.359537783306492,0.3861433053938898,0.38766613605034844,0.3141594398592613,0.29084506517210285,0.2786765688465978,0.28791090154080806,0.2908300354910939,0.4390152268126027,0.2656022425052805,0.30689571368243335,0.3524363117698526,0.25968970612489667,0.27224354916867655,0.29830704116132023,0.25215755101016,0.32093753559599064,0.3052581384828527,0.28922453718591606,0.34321312085922523,0.2823413207217518,0.3091096597443608,0.4401397063248457,0.32223392899041575,0.3060520831454245,0.31607144423918876,0.3099350971853698,0.3241112468866006,0.2287341628423041,0.26860112377920603,0.3350161705887176,0.24212865560215727,0.272732044298378,0.4130665639634251,0.3380718961791396,0.28314737459173234,0.3165842061201499,0.37189714409802604,0.2757939097647934,0.3842925101991174,0.32863969270527654,0.2901876825234486,0.3733016994596976,0.3204593112952449,0.3901726198001625,0.34376320165466484,0.3405917907077705,0.27351486483141235,0.24038462401684862,0.2523985922971721,0.2719687204331206,0.337861608765399,0.3090457647438644,0.22998360535350895,0.2617983799489693,0.24022153519801387,0.3977860871959488,0.31409362366180543,0.2717125143749625,0.28518095951127276,0.31454850057639516,0.290093287992143,0.2832372870343782,0.3599236947614233,0.32736158976658725,0.2580832887483994,0.35570798755984456,0.31192439026453295,0.30317063366362385,0.29921931739676966,0.2212105492097472,0.2671863521200837,0.29057216743505865,0.23903731573138928,0.3249981679178329,0.3906771147861288,0.2939524689251002,0.27157041714775615,0.2569882414142664,0.24753465971605262,0.25746457891851815,0.33579070308625225,0.2593297432298568,0.2529789144062785,0.2502460707706047,0.3517426249967867,0.2813906461173877,0.2645187425865474,0.3510930747890786,0.3156871732719043,0.30391424174978193,0.3804179317669046,0.24156031673639988,0.2849058932154716,0.3845914345916563,0.303352506540003,0.3263570474810379,0.34207129638811606,0.3353771354003548,0.2575986963774184,0.3382075224242719,0.18728013510125627,0.3730982533293413,0.29524809665772794,0.3293064798740392,0.22155447317543545,0.2933703621985939,0.3482602893617137,0.2832899697812986,0.27242723066442315,0.26913681457921756,0.3146782011964494,0.23584573761492744,0.3572330066659433,0.2359522476787698,0.42587703377811426
0.3088512507437624,0.0,0.30286957999129976,0.2505928033645152,0.24902123894084513,0.30052568093837545,0.2902495600563689,0.31093629637139647,0.2566627476566729,0.38628694672599573,0.31492414745127423,0.3108279219206909,0.2965022253920459,0.3179412730655341,0.285476308601645,0.2713320964993554,0.31070367584844366,0.3056505904725165,0.3240989004611274,0.2974937654785701,0.3309650313430286,0.354520573354244,0.3349419005232856,0.3237933399649851,0.37152562131903805,0.24633948307739587,0.23838852457998258,0.30046283955877834,0.3513859340980865,0.25018912008424654,0.29620659907600577,0.2850776673903299,0.2923690748154811,0.28260100443149194,0.29886923071638494,0.3220315547428208,0.302374730143545,0.2946443506822314,0.2506144529487145,0.3278179034348193,0.3480984153537769,0.3002380171159747,0.24162748559891248,0.25966991055085553,0.3578192218202221,0.28247346051481237,0.29315318825126385,0.2719500020874621,0.3292990867159442,0.2695158128705752,0.31706329627593,0.29306133775458426,0.2906586472047788,0.3521752436632536,0.3025242108001848,0.3070379414341288,0.3006324554792834,0.26801196084709805,0.33413255492076793,0.3327343232376587,0.2858595232649151,0.21510576511600402,0.25819829589276444,0.237510715128876,0.23230891043801088,0.24061448309178465,0.26811570176729554,0.2814389151180201,0.27022547779796,0.2964586969366061,0.2681729701673498,0.2814858586352701,0.24714296650306186,0.30966051774916065,0.29532272458004544,0.26843600788237915,0.2194606866997052,0.3294171568413122,0.2811474347393209,0.22513998996201887,0.2677187749140391,0.2827140488002688,0.37906483312298406,0.2734871731708735,0.2734146194689227,0.39963591777884677,0.23965978888230532,0.24745940838104566,0.26440219700877304,0.2901582172178215,0.2746386546641493,0.2921384273533217,0.3217385623056306,0.2781882283295172,0.31398510128231066,0.31962426821650186,0.2285974572220879,0.297664335798175,0.2202670967672339,0.31891967232545027,0.26810136888790553,0.21030080421297656,0.2225145974633665,0.28634882340916895,0.2782768470391899,0.2696360148254328,0.24633248601270472,0.37574036943704514,0.3332107721741568,0.40356422237815254,0.28304811037886873,0.25383257684884547,0.27940104956453604,0.2260563296357554,0.32824308157546,0.3694712670511073,0.30583401598923465,0.23426024157157435,0.2758045698244853,0.25015093631075486,0.24359385276647208,0.2221749395218357,0.3113436777053617,0.3626729876902771,0.2408722519443891,0.3604526676914236,0.23817946369321266,0.28345165900775493,0.36580676263674883,0.26521324963948806,0.28357647297762417,0.23947688662048763,0.2199000323133418,0.28549286772828497,0.2683396187714208,0.22007841031389308,0.298009947761551,0.29624378415457475,0.31241347846031847,0.2739926377594116,0.2535923225768754,0.28764170826039737,0.3780121754559356,0.2707517708932727,0.30282007022742524,0.274680492172242,0.2857124483124219,0.2761175705991392,0.41258111072494047,0.21425249768457413,0.2559794691601993,0.3278664498407397,0.266323510054997,0.2986188755675245,0.3115156920413459,0.2943229049913477,0.2873580082913353,0.30327071222293245,0.24928981877445403,0.2394854833126659,0.27525062979590287,0.331927497270301,0.23262743771248945,0.28682003858838234
0.25795046418311857,0.30286957999129976,0.0,0.2399308766080852,0.22990980459755467,0.3073167594478477,0.21591786368290147,0.3118178947783139,0.23647602122741077,0.34615944432176216,0.2989185948376163,0.26121591718959736,0.3488745439574605,0.2491021789457468,0.2354648384011752,0.38676613836549406,0.35208115241858373,0.2668585805757587,0.2332150448691469,0.2360543402470322,0.3299980708418383,0.37915137721138925,0.2381424647070591,0.25532105958787854,0.28316273471243547,0.27981910322842835,0.2488453562992864,0.2906116795959679,0.2501937681575039,0.2501000873144684,0.22550641948249234,0.3075842628617913,0.22618889690353708,0.24830029946320314,0.21171725445797668,0.2652058554981462,0.2890954004488482,0.27638494037021966,0.23453127601387783,0.2767725094041676,0.24280960543994506,0.28662785719040035,0.24477691489841205,0.2208362917746268,0.31198840003538564,0.2800816537207664,0.25234305862413825,0.2682881662700043,0.25536069954523694,0.24645692245508646,0.2849465870607929,0.2753336212375564,0.20479403613433245,0.29322618352598034,0.2665129029075345,0.2605555787513578,0.24847093907253906,0.2910291502308392,0.24331722916683707,0.26320121760528725,0.29401232235450137,0.23604261344373909,0.26689947936039354,0.20639416759890652,0.19685056946576168,0.23944906778955213,0.27269979164149366,0.31051994872733285,0.29050384015870856,0.2847254697453842,0.2806013472036728,0.20676351420652267,0.2565817329271357,0.39677332945634136,0.3273850105101914,0.19957882532411275,0.27876238113583524,0.2836098160753911,0.25516325027193265,0.21603497642375424,0.26538910014716094,0.25839786082528066,0.3083542489203325,0.3030412779152099,0.2553087824695366,0.34454691843972923,0.2315755237158582,0.22323650040418364,0.27036202355938665,0.24785033884219956,0.2634757555696795,0.20942691893949023,0.26720121524911983,0.2063413139148754,0.26318854323468266,0.2560999919449549,0.20963960382806676,0.2501318726787549,0.18773899742543623,0.2897266052761303,0.2124681088759846,0.23474344307944958,0.1997373178021148,0.239906039794433,0.253253871402135,0.347095413673538,0.276991401438504,0.29016252278054877,0.26659481816414937,0.3158966186785908,0.23481910961203623,0.22473120813622016,0.28223032220893934,0.245369181091581,0.2518989338247324,0.3288454983139845,0.2237593712490145,0.25020441219946155,0.27537667919414943,0.24726906444378458,0.2205723272712896,0.22812260190517925,0.24345391172281994,0.29049023401246504,0.1863839729536063,0.30021043653201857,0.2502188074915847,0.2680244215049537,0.3205631796590219,0.23774242764045142,0.2671462625912137,0.34569045036222046,0.21607753192673052,0.2154551817469322,0.2459658268735231,0.1840833770699178,0.2286797583302954,0.21790000264668904,0.2732802701587877,0.2482362212414856,0.20283824565215183,0.2575499017577069,0.27231871014306425,0.263083754425719,0.2579146052226633,0.21591645755060412,0.28526963114980425,0.28543830662704156,0.33677254816149044,0.21408248055753185,0.20843496300434722,0.20425735929905287,0.24287930956021003,0.2868567088510201,0.2830418600646265,0.263398032852876,0.2758649509561242,0.3168376637939568,0.1770568322397485,0.2610759543702055,0.25656448676511473,0.20211154456985644,0.22889701308296587,0.2472559247828188
0.2328045363657082,0.2505928033645152,0.2399308766080852,0.0,0.20392163830257326,0.2537211147376339,0.27480799101697917,0.24748961086961932,0.204311691555901,0.23737177285814204,0.27354130104492164,0.2615734091632705,0.262449018120331,0.24190073486045172,0.2526294697781046,0.24469047306110323,0.2623154030851706,0.24327307169559143,0.2529621272706961,0.21470956014578654,0.2759717264176768,0.23582833536610479,0.2732454606926301,0.23255625373783229,0.278581248592962,0.2897246488247632,0.26559028046609356,0.2707097052974202,0.2339299798649437,0.1946429762885894,0.22679495867300062,0.23825886806077262,0.38161694777741256,0.2939695127258338,0.2357730988649536,0.268752946692148,0.26166147703649034,0.25148500354717274,0.21874490597903407,0.28546058266603686,0.2768028709803345,0.2416274715638487,0.2155082072464169,0.26321402557931495,0.27377066310229786,0.26169181528162905,0.18373401122657754,0.23523299737909018,0.24982212346575483,0.22485148966802027,0.29916641452789267,0.2927500904393283,0.21138979111647344,0.331436510511968,0.26690539409954367,0.2251373966176446,0.25087133568382447,0.28241332998465685,0.2358450411163864,0.2683769382525398,0.26797973252489576,0.2175592697619303,0.25589933401403786,0.18784175167718734,0.19735957070227325,0.24314601010997286,0.31524630694748074,0.22090291566740822,0.23682472006659247,0.2603458206967773,0.2262036573336148,0.2103205800488968,0.25927623176519127,0.3389929689770561,0.2589975776184205,0.20194817346650779,0.2632078592457334,0.26534816249673127,0.25217386804728054,0.1890783234655231,0.21593160380739473,0.26651649768974806,0.22794920798513418,0.25325672086905604,0.279225166052793,0.2649531348380994,0.2573658140311422,0.23803429519960745,0.2503939775769342,0.23737040476440716,0.2789509251970664,0.2593184002685527,0.22653489807144037,0.21594337969867683,0.26412902433692637,0.2578627299321626,0.192859750908253,0.28287665553522473,0.19089498132894647,0.28965419443231244,0.22755693476789038,0.22621482444660945,0.3067402592891628,0.26001411777861616,0.24881963030556703,0.24750731715452895,0.24726945852020193,0.25446900348669527,0.2555245779476062,0.23914862400402104,0.2958133293354855,0.23886344222459238,0.2998914419083694,0.2530760740149505,0.27140276467962626,0.26577757957428133,0.24882523908736356,0.18837384821052697,0.29207667906080514,0.2633739012950325,0.20524243397776182,0.27722130464072375,0.24533147132772332,0.26429432720752477,0.18712151809114178,0.2678348025740637,0.23512794073851626,0.22995998203175919,0.29746305515764226,0.2372356001122168,0.20163393996112766,0.23323106516823,0.24372360327361656,0.2500457948884452,0.2269604283168675,0.16717431564150548,0.18244400235843491,0.2465079074301261,0.26124978803042076,0.24207271011501896,0.31996461382854174,0.22468190602757612,0.2830713681384871,0.24440360241192244,0.24445885362660782,0.24829631100265,0.22591707557915303,0.22211064265575295,0.22484989010158563,0.1777104656922873,0.2599989094663405,0.23561314904633893,0.2380816654600052,0.2117730762883295,0.31532684920121096,0.24741771669795995,0.24899737135456199,0.27735589458312354,0.3040068222931714,0.2456122094921611,0.2260675934876575,0.22908357823513487,0.23096825291665246,0.24541692338378998
0.28264339813401457,0.24902123894084513,0.22990980459755467,0.20392163830257326,0.0,0.19811998751382204,0.28726657474379835,0.20252567186082218,0.24774678109419193,0.2255476575171632,0.2866377677476105,0.23515940359575777,0.21545595905805182,0.23909572779085456,0.2839596514173796,0.24150956816754912,0.2573737794251806,0.26901847548902397,0.21658767047098806,0.24943437214391817,0.28021840422707195,0.2846637525747043,0.28462402726036595,0.2904668144736175,0.2525191490202388,0.2499282040374959,0.21515692585267487,0.21909771756805227,0.21647498147468283,0.24032467737360413,0.27676993305565406,0.2083766436096381,0.20770062077535723,0.24457142409076982,0.3685273255869856,0.2877165894365325,0.2690008680067206,0.2575140827951892,0.2715381319020764,0.24835899813725426,0.25605570806353645,0.2759701272462728,0.2580613240651799,0.31379124811553993,0.22755238179459417,0.21694035731299985,0.2518932860210264,0.31526478702147387,0.31142322204850553,0.2641275488896704,0.2656271077624229,0.23655915385814455,0.21250944425918683,0.23728553427559432,0.24801265017437818,0.22243236427550678,0.23368095284769255,0.2578516966403955,0.23821434489546753,0.2275037702489703,0.18375885460472707,0.18715561145316628,0.21984577709274483,0.25366127281566064,0.23814040887051824,0.18523903264252686,0.22127444951705483,0.2507411501189997,0.22174205100136893,0.2406961711379885,0.25622381505856046,0.2583273058651447,0.22382946687742114,0.23968345147264306,0.20734339984793412,0.20358354524298128,0.2110967583730326,0.34469690226234745,0.21736239841050634,0.1951649820582697,0.21704663939813243,0.2755500956688152,0.2768998910803389,0.19864320513339992,0.23311114040525238,0.24840927089657397,0.2155288128283793,0.22684291955322322,0.20236510840021785,0.22358687076866787,0.3380908995788575,0.27626465623177354,0.3001199419617622,0.19931726660710014,0.26377036357889017,0.23636925143587,0.17170286835113693,0.22595384985300707,0.24758492255205436,0.21437965205823456,0.24933883107573152,0.18268171470010333,0.22449413117573183,0.20976309671957258,0.23103365827468025,0.22764405393474746,0.1913784962014625,0.2698017809083693,0.25523979377926975,0.2660480180688816,0.26194605269682997,0.281609819686542,0.2214901944729791,0.2230379764818089,0.2267525607828644,0.2406879915306424,0.2149016061263265,0.25297768217760314,0.21519927473561953,0.2430713685699818,0.34288859218644935,0.1958966985425,0.23834947411898263,0.2876409263779813,0.2585594130698924,0.217616900624812,0.19855971836037575,0.22896801950336293,0.23403623001006554,0.2372239871650337,0.2120870086638564,0.20559844260231844,0.18417543890567345,0.2800212875441839,0.25300620363058657,0.24104232286588262,0.245076349878962,0.3379053766124659,0.2530739859584883,0.26284342522688153,0.18897340369516194,0.245283007485362,0.2753230860863773,0.2546707210333345,0.2926456572769254,0.27392195947850584,0.3079058944311432,0.21287196545598927,0.24916908862681503,0.18400581912475186,0.25467763525367976,0.2244602461480208,0.27050730151190555,0.22205448633685204,0.2535802419037834,0.2485204230501506,0.20604678582420227,0.2533989619628843,0.22858197904251143,0.21138316121150774,0.1969302143936136,0.24491309119279683,0.21229545773386202,0.3615151962837478
0.264666765986254,0.30052568093837545,0.3073167594478477,0.2537211147376339,0.19811998751382204,0.0,0.22132283734245486,0.2993183336001014,0.23356955819425662,0.2875481675493603,0.2659696837342855,0.31783844407369455,0.31370813957216015,0.2037063987740052,0.24233272293157995,0.3088418370238127,0.3034140236269433,0.21853989721900804,0.3172550854472708,0.24639575622299237,0.3090373326854338,0.26279829607261396,0.20945024433999265,0.2185408418757346,0.3251169111390497,0.22916355974065608,0.205552403512194,0.2798643307188349,0.22975929169869005,0.24078302669564158,0.2596484363474262,0.3448851298674474,0.2692964674954229,0.26722833657329326,0.22295507526873226,0.24979519389864305,0.2637961760601008,0.2411228086998463,0.21397128068773286,0.22339906857746877,0.2654720722123836,0.2803380289924701,0.24302298712523487,0.2662799430617136,0.25688998603530244,0.24747982374009003,0.23162847644089585,0.24780004154542323,0.21423349928667476,0.2415754631002902,0.28402522280384923,0.34341747202384376,0.2058326566120212,0.3055594425795339,0.24245285408644376,0.28344325105056406,0.25599417354211823,0.36833466909103457,0.20918879747473698,0.2381738378900445,0.29640230070741447,0.24818222907680926,0.30597842607837533,0.17790879805401208,0.20023650092079232,0.2430037704181006,0.23150469012163608,0.264797298029931,0.2263729422153642,0.2732117182240269,0.25452484435890155,0.1917542346879775,0.24722095758533252,0.2944979698426042,0.3497586474051895,0.21549920678158319,0.23062391279696298,0.24021511110157492,0.24492293493478898,0.2571056594726841,0.3186467928847223,0.25666847845864355,0.2770769138901251,0.29225934051159064,0.2620705450192928,0.2823144925889313,0.26245873093856015,0.22271484599527466,0.29279426205413905,0.22784718991564362,0.2636954634922904,0.27249042291699993,0.25247863223445677,0.22165054450408148,0.22440111036559687,0.29154141134142014,0.22519582574445549,0.3211722254092904,0.18193255731075597,0.29005945864338345,0.19820427444307767,0.22126586497824338,0.23837614555895384,0.24389502209091096,0.2675363899834642,0.3129039864386859,0.3078052478734706,0.3127966617807887,0.2332459621607355,0.27772538255252244,0.2836947838458356,0.21280371765407288,0.3310960152585431,0.24920479338483809,0.25244386100695465,0.30603271528465553,0.2886054943514455,0.20098156428079034,0.34167959065256026,0.24632057853914818,0.19322741395052873,0.25769811555908884,0.25789859054561864,0.2915630386669107,0.19956695257599116,0.3094374462025048,0.2574445925781144,0.22531370479606858,0.31001438513240726,0.20235886809613424,0.2804354659246785,0.34122636305154697,0.21013388828402207,0.23699722385112346,0.2278769256542827,0.18138571114907368,0.23916950105674836,0.20175858860297785,0.2199096661753916,0.2397314551511402,0.235197734486344,0.25818070829952616,0.2505976117843497,0.23957221215791327,0.24484643355971483,0.24529369306552778,0.2647689473075301,0.28257438129697765,0.28806924786358057,0.21895498633453336,0.23496207696337387,0.25135305323827606,0.20584913561213278,0.21869372710504859,0.3616651838362871,0.24095297765847698,0.23673351089475803,0.3694827722665139,0.19504315439523245,0.26199524806745284,0.23282748458485608,0.25602483206460724,0.21883192983977026,0.23282257760449834
0.2700025912478098,0.2902495600563689,0.21591786368290147,0.27480799101697917,0.28726657474379835,0.22132283734245486,0.0,0.2042788730554577,0.21855026013795512,0.24662240937552254,0.28668539497393875,0.3099286755079064,0.2410654629063789,0.25679060230014217,0.29321744356312157,0.21944358180340512,0.24163267324575713,0.268071725482835,0.2719431135799358,0.22744054419817886,0.2637891240462656,0.27527678697962055,0.40409683507559846,0.3310527244646993,0.2949805330072085,0.2625453011296378,0.24012376156345766,0.24119186619185734,0.2744360658206554,0.24025143403382104,0.2570105590648919,0.23010900333152712,0.2783973759823108,0.29995464139583683,0.27532646400068717,0.27142061613499996,0.3024909712514172,0.23804025622343308,0.236198179044726,0.31086188036891804,0.33477160527880817,0.26622346196346697,0.24431020517521193,0.312841366144298,0.271616228761721,0.24068809552633721,0.2613807971565129,0.2603200020176481,0.4079848092131496,0.22929453155182036,0.2920978402475482,0.2604997684920077,0.21485753523679404,0.30458385759789586,0.30549437156614695,0.24361399710865378,0.24389266420949982,0.25330779637955847,0.2848024312215612,0.24769272249696983,0.19333323507232372,0.18830250796680462,0.21162931528393222,0.23602724116179166,0.2075732244693903,0.19017489221181552,0.2584627627894982,0.2608147030091374,0.21963003550030336,0.22701305165460736,0.25269106915951506,0.2398644162356131,0.21748332780285548,0.2670982091127365,0.19154390743006333,0.23586375982736932,0.2489809911149505,0.32600036498948726,0.2203772198579605,0.20153637934603358,0.2187561845897871,0.25739384244015817,0.2709069633355324,0.19506068486167605,0.2288398276695135,0.25836984743093167,0.2127961589957277,0.24565257627066414,0.22396151274079987,0.23384461449942426,0.31177054775845536,0.3615161229598416,0.2829815209146686,0.2270686784900678,0.25676188304622344,0.30437685561241534,0.17347987830615155,0.2981741381161702,0.22924648615171764,0.25488893246746336,0.2554749564105572,0.19769629993309396,0.2777322196530863,0.2562450760843313,0.22075125550005303,0.2302488844510211,0.1948370015357823,0.2719160132171879,0.29831334847414837,0.29864262236353,0.36653282571638696,0.25741063858462543,0.22784891455241146,0.20132740364638071,0.2391390178619821,0.2588051352607539,0.24141781983582467,0.24276228239021655,0.25426656976176804,0.230116808234431,0.2429725540742657,0.20827365387879224,0.24709552957896821,0.3141153952305657,0.21510903961185526,0.2908844056410153,0.1985730567861514,0.2602956610464186,0.2545814067737602,0.2485679111497744,0.2030342495625906,0.1868844610870416,0.1947616664986658,0.2448138738743869,0.21776108927009644,0.20510138194176203,0.25129246619018575,0.2991395996897883,0.274412417008003,0.27161912005682526,0.24510475415118385,0.23149849001555528,0.28527833108271844,0.23396362817667707,0.28557704386018046,0.3287063241980524,0.25545218078293624,0.2287292679793463,0.24994922440871825,0.17314892064047532,0.2546700761894586,0.2613585762623472,0.2539579455309617,0.2622113530347494,0.31442933508852755,0.26390352193483285,0.26096238282619594,0.2846002830854471,0.2983791771520486,0.24222482052696864,0.22471301239919422,0.2646692777435478,0.22026385685007144,0.29614501257628545
0.26887571719389747,0.31093629637139647,0.3118178947783139,0.24748961086961932,0.20252567186082218,0.2993183336001014,0.2042788730554577,0.0,0.26880465666994735,0.3036381349934646,0.25979044291629294,0.2527356551497891,0.3322705173567441,0.24208839907182542,0.23680902954338648,0.3262983363803814,0.31190580805612644,0.25096912842840063,0.25163535699908907,0.258320816639073,0.3055252872075371,0.26390835380896127,0.24119168862601026,0.2279036488109415,0.3069094510609567,0.25240851428198635,0.25898052544360106,0.3051524585344001,0.2101501837055653,0.2407001711105179,0.30271306107575174,0.3015989126141981,0.24137727879825358,0.27997939980802544,0.23612997027330435,0.28156160970267163,0.31451208736236497,0.2955575467951534,0.2465269957074984,0.2540904764246365,0.23823495257281174,0.2771838137054875,0.2640697409070778,0.21954009852245096,0.37295191645392234,0.2779172396941545,0.2297134455936657,0.2427218784104041,0.25240793665525957,0.24516581345543165,0.28363525673124207,0.25144331485665944,0.2225477224001243,0.26134147480620146,0.25496647773629033,0.2884488981855869,0.2559690911685725,0.32125727056284864,0.2505270830012446,0.2627044745400029,0.43393164625784597,0.23713158166976386,0.2801145634662384,0.20660177905165583,0.20103570977601512,0.24723377556763074,0.28376888850696924,0.2769880725715519,0.28134332329696,0.4580358787371248,0.2691838026426954,0.2239248095987478,0.259665752446336,0.3404565574745264,0.35986111453019104,0.223566130630351,0.29091780728771616,0.2525372481118603,0.3231573537133736,0.21008313524613068,0.2604843541511473,0.27175787679098334,0.31020497250020973,0.3482808570920253,0.2836710663768116,0.3677000494893753,0.39081137362522034,0.2535363812947279,0.3233691481520695,0.2780773104514806,0.24768871950310548,0.241018415826993,0.2584089303246513,0.2202710545112113,0.27577513210217114,0.2597841749952986,0.25612133870495474,0.2785227724704966,0.1931230883420993,0.31730179158001864,0.2309087481128778,0.3173700968475078,0.2209035208757012,0.2362655204698081,0.2920272811098309,0.32246620506212975,0.29183043733467445,0.33695957100598484,0.2512207719600372,0.2772533230478948,0.2260221091541618,0.23558154408409784,0.32073374186577547,0.2799283282430438,0.27256918936765756,0.3119040233285562,0.2718805133543473,0.20815975787960606,0.2381097194100821,0.2616739090050948,0.20525376443709745,0.36418316545510493,0.2516690223476841,0.2904549137302812,0.2047725996538399,0.26249665201377803,0.2506100693988763,0.3059729859296671,0.30208431609246345,0.2288247470174309,0.3073495423114184,0.29305380511718077,0.2841656978090014,0.2361237956222847,0.2523164168375748,0.1814509224162082,0.24219509109884754,0.2198793542190845,0.2662488453079726,0.28089099081067176,0.22527200986113585,0.24996166635426983,0.3041567731856769,0.26347033542129517,0.269859814252288,0.24316376913548132,0.28175641820179764,0.2747838053188639,0.3195770029849617,0.20452703110179363,0.26990152047680444,0.24671841696605193,0.2343337199267485,0.23962080369366262,0.31753638839163,0.32304244239344676,0.2505442717434592,0.31281362449843936,0.19059207463525948,0.2621094738073309,0.24544304103021586,0.24497466629988948,0.24675281514215613,0.24137065747892109
0.3793383566132325,0.2566627476566729,0.23647602122741077,0.204311691555901,0.24774678109419193,0.23356955819425662,0.21855026013795512,0.26880465666994735,0.0,0.21690665101947462,0.2445598768964004,0.24968084507738017,0.24956961622031745,0.2825106033379696,0.24624636257543225,0.26071538182335147,0.2545064732708457,0.3223056453531704,0.25314971170937056,0.3438658580550174,0.27772385457367116,0.32821708057656424,0.22976340050400412,0.2509878398192379,0.2756452248148248,0.23080567078888145,0.2540519713221391,0.24354249624730293,0.19475965414518365,0.3327850071989677,0.3424853983722987,0.27513987944260737,0.21775043605972788,0.23869853675865227,0.3054660389854628,0.2852410038576976,0.2769766659744898,0.3754949342810072,0.2545045544322275,0.23974037311200289,0.23632339423275614,0.29684654802768873,0.2962170444305679,0.2560987771275595,0.2967462485149823,0.264320192088344,0.2481788257038542,0.25129200519118217,0.27093906561557346,0.3207608666238881,0.27246919193516433,0.23813493191019305,0.24641546147599325,0.23634589425734848,0.23668455482928638,0.29952760359967,0.310662314121522,0.2593079276173539,0.2555453056112798,0.2607243194149738,0.2233541792483306,0.260560021978481,0.24543741780546927,0.2678853146727203,0.2899140652874733,0.25426037789514333,0.27548345014102427,0.29098461983055574,0.2706811602795726,0.2814873180790558,0.35596400694715175,0.29866027083891217,0.30844128914829555,0.26003553846956484,0.2867764295986567,0.2604332051475112,0.206050952724689,0.21827920764483932,0.29375829618657956,0.21792675263453398,0.23043689678880258,0.40611543070667633,0.3034643389485636,0.24866370319578668,0.32047760780544643,0.35851430947961016,0.2715545268662032,0.3348024056769988,0.27123263407664183,0.3410263242741155,0.3093786569242852,0.31436087679161395,0.27684859308117615,0.25830041888433,0.3246063597750724,0.26687263026775115,0.259802366033492,0.255810975799623,0.32378871326284336,0.24858598481110045,0.29878058540706975,0.21461443161876786,0.2642530315143465,0.22638653333722158,0.3612131758148046,0.27056619022258777,0.22499831231105252,0.2605233311940905,0.24327931244419643,0.24443286913159398,0.2210115994679014,0.36070388570955514,0.28163614726184366,0.2940745176406598,0.2693660543584636,0.26529145606601134,0.24921344474711957,0.26488821003416235,0.18926625165224423,0.2635963413972342,0.28514764595066844,0.24146336487953368,0.2973835560006442,0.2711245101857115,0.36481390569286054,0.2209703160646848,0.2635781754978747,0.24604686930256034,0.22444059381657827,0.28623022259015457,0.34745137859515834,0.2704636664211369,0.25010690531643653,0.34755813495526294,0.28381455240297604,0.2305809252665361,0.2960599586247052,0.26285155550429123,0.2929359867759308,0.35562544203837504,0.21335152860707637,0.2774561622126119,0.3106118962128362,0.32926014319923186,0.2965412354412133,0.31154286158325223,0.3813409280959649,0.21651697782833168,0.2977646866714346,0.20770453980487527,0.3493330543081237,0.2355662191572833,0.28872951074222447,0.23093315166021966,0.2581191498976533,0.3356001010625231,0.24829483117920356,0.24526849420028848,0.23560227664810432,0.25160120968923966,0.19510882845068797,0.32069041600260056,0.2769313377447595,0.3327524692546195
0.26242610798783417,0.38628694672599573,0.34615944432176216,0.23737177285814204,0.2255476575171632,0.2875481675493603,0.24662240937552254,0.3036381349934646,0.21690665101947462,0.0,0.2519982192774019,0.2496694181009823,0.30504913417075535,0.2640018878777951,0.23029022368905144,0.2849919273045175,0.32909484098880465,0.2781142611074088,0.2494969268700663,0.23572890521181342,0.2743822179811371,0.2595078609450015,0.31498256914096273,0.24337096391200708,0.3668498446345899,0.23288748781846727,0.24682991911357943,0.3276379461012966,0.31620601732364495,0.22769081308778186,0.25125602189557894,0.2874354124207272,0.21434879224762476,0.27987299482600286,0.2518417936628633,0.25941548294425615,0.2780459073795089,0.2474674407652639,0.20075588611645592,0.28307505707581393,0.2391766666807569,0.2878922461223292,0.22413278284371543,0.21830067702306613,0.2839902871892223,0.2608010741940322,0.2454475984265348,0.2412774426526065,0.30523088957676503,0.2143157933631353,0.2608719669734168,0.24796560603544116,0.21937191052588187,0.2639599666730867,0.2689356548503936,0.30677882491242014,0.23602614664922072,0.24645226723013877,0.2804585778513268,0.2571081078111823,0.2878760163068329,0.21062921472657078,0.221027856138197,0.20862556991720488,0.19783857608679037,0.21847762267183118,0.247973679172206,0.25363848125944544,0.2621293278033815,0.29497311730788817,0.2247672683183226,0.24820937995352227,0.23199562806958984,0.3056939987115326,0.2814348598713682,0.24292590147443105,0.23194164493646996,0.3066391386592854,0.2386202369650183,0.2421262597139778,0.2854644258699039,0.23567054668135712,0.3115729281193438,0.2872950800488624,0.2598156806437453,0.3003578608385707,0.23583132446387128,0.23298997567652122,0.3102070237017133,0.23591036342212704,0.24271461413516687,0.2453968070252364,0.26576395505339695,0.2142021204295821,0.2709514150138725,0.2695653344227388,0.18133775629551988,0.28983201455352303,0.1990031298640765,0.33575442755424406,0.2329040400815027,0.2184872150368529,0.2131633194712255,0.27886002984168295,0.23219203982407613,0.2761124933162958,0.2591607763245359,0.4338066495506841,0.27694714102967394,0.31365163319493766,0.23492002902957396,0.22104825917039242,0.29629053333351996,0.25689133536199715,0.2557169480199095,0.33521872296586025,0.294940864369443,0.24648312803709513,0.29238086128094226,0.27367740177233185,0.20472174338788335,0.23249553397445755,0.24824699606734468,0.29966196795961075,0.20101410213799265,0.3047120122303388,0.25023309049922954,0.22924557474058344,0.3667701470151055,0.22837170893361214,0.31424067401099315,0.23973029656970957,0.2212859802102892,0.21599206529656678,0.21460328199560977,0.1853545637771482,0.24821127192912407,0.24645695917011698,0.26758539615286303,0.24217108124781986,0.21556932197308362,0.25971014426356,0.30667973537250937,0.22627193979767324,0.25434825443323045,0.25007327342449126,0.21916571801155463,0.3205542245390575,0.408275193381124,0.2208095915657465,0.2154787388346679,0.2754233273832729,0.22011658758882882,0.27241062241580255,0.2958850061136178,0.25025764449552673,0.2313756724830203,0.3438871324304607,0.2156881254633859,0.271551580062024,0.31657723888084294,0.27026178843028975,0.24832383204191444,0.23512991356577514
0.29747785800007726,0.31492414745127423,0.2989185948376163,0.27354130104492164,0.2866377677476105,0.2659696837342855,0.28668539497393875,0.25979044291629294,0.2445598768964004,0.2519982192774019,0.0,0.346666765234235,0.3000004464514777,0.2559821452348595,0.2751713121147666,0.34013456126409536,0.3039520555980021,0.29188017775421965,0.29930360635739617,0.2594231210477859,0.33016628056896413,0.3639578458498699,0.29885252719737815,0.30059409604348514,0.32611930037800535,0.32245770515469735,0.26949036243344815,0.29453009504236577,0.28648359836904536,0.26656709256884675,0.2812980486080737,0.28412293048489956,0.26711878731117067,0.28624705041440307,0.26529395591987326,0.3412063377085477,0.373402223298773,0.3089439230528654,0.33727337703140686,0.2807193800304595,0.2779704618614963,0.2726609535686281,0.282537805633464,0.294531070315122,0.3143798625589598,0.2598130799309831,0.21177505184404594,0.3951181735781553,0.3316977646553487,0.25382707330662324,0.35736417157580336,0.2527647916275501,0.22130456433114784,0.38497733813878365,0.41101381862113917,0.21880954237033656,0.29676720233194875,0.3503184998322233,0.27080899469987446,0.2819974948125413,0.2820547102630026,0.20508219360111457,0.28387259822971084,0.22892350359270824,0.2004011798935983,0.22574774424194272,0.294033715427473,0.28571495895406046,0.29090646792395386,0.29962434336354854,0.29059153983328095,0.2247700634561308,0.2570142736132126,0.3355571189809037,0.2795260357002392,0.22430573478618354,0.31391260473548094,0.3273181025375994,0.2675804481554113,0.2056419082592806,0.23347177180267578,0.27537344367310695,0.2928941900742849,0.2669600316776233,0.24955357858862615,0.2939192791474911,0.27319142152338505,0.2590462962320848,0.23752297398184194,0.26311817060845055,0.3707560957558503,0.2384607954515951,0.35026976103842195,0.24514869779696302,0.27030749197061915,0.2939099445482616,0.21709407402150477,0.2230466344938521,0.20909746588992792,0.2539927839112084,0.2785759101351839,0.24816617754533415,0.241979573735623,0.22507594201837683,0.2781932657562016,0.24898936435142768,0.23896998815115353,0.28109571933177535,0.2568658562663848,0.3262769929631256,0.35265049908633833,0.26995892896676776,0.27366160490001196,0.25818092862133374,0.28889367696791945,0.27580546278934076,0.2349021137002785,0.26733938830146353,0.2562142687312972,0.24681246841078194,0.25450606551469734,0.22934493251085772,0.2580287219723578,0.3424854190277107,0.2120454779992664,0.3426990649014441,0.2041440985750796,0.31517228708462525,0.2878341863027042,0.24371197747741455,0.21112521859229877,0.2633411455074843,0.2575211487928681,0.290001685628327,0.313588973340736,0.19700580821573285,0.2542616263976414,0.2592727229066084,0.3169105938899922,0.30226163246390314,0.2535594621619567,0.2762963276035833,0.2699155535072015,0.2953270518292837,0.35992048176895797,0.26127861400545893,0.285550586327271,0.24361968578786133,0.2757951745457669,0.20596397500923105,0.3236920537949212,0.2507284588355895,0.33498117168985836,0.23644032098326112,0.28940756000581097,0.3105240419309819,0.2863710057289501,0.2832006639282819,0.23563307238324455,0.25343877298091383,0.2121318104893847,0.26160731941450716,0.2088270090120835,0.36687823878212167
0.2616554654992278,0.3108279219206909,0.26121591718959736,0.2615734091632705,0.23515940359575777,0.31783844407369455,0.3099286755079064,0.2527356551497891,0.24968084507738017,0.2496694181009823,0.346666765234235,0.0,0.2282862865862905,0.19691592745677577,0.2528840415867565,0.2625532255641124,0.24782290885225336,0.22197761183845544,0.35620337181548845,0.2416513899607988,0.31470169169292467,0.28730842833517967,0.2607157602367206,0.2657793919272352,0.35712406546315195,0.24055518347071014,0.2302318458558385,0.23028549714008317,0.2602731925818589,0.27841650497586656,0.295131814636673,0.2686689481570945,0.26870284680532563,0.3066456151179926,0.23007228712263475,0.289338775377902,0.3032727583700747,0.2576487750327948,0.30404892947164563,0.2363593457862337,0.28005835217216424,0.2692690687844832,0.2470040545212021,0.3023034258169956,0.26606531931765837,0.23683649544615845,0.23606649410739697,0.2912864761307467,0.26745383915178667,0.2341601123540587,0.3207950585478595,0.2812169744117462,0.2040137284891029,0.3611436111449827,0.34203909634394225,0.2369289956219807,0.27382234953673035,0.3578745543831531,0.21707712318138347,0.2434545757876061,0.222218910912013,0.19700943820126873,0.25127723517172035,0.20046523197498872,0.1953988922323835,0.21137950190185104,0.23272983694455737,0.24746048277971164,0.21171391825359698,0.24916078529128516,0.24728689427600165,0.1934851831688939,0.22388298451993396,0.2613458605204678,0.24282481637845094,0.21674118662661426,0.23889452388525048,0.285779304458263,0.23392628306654947,0.19478139786661405,0.22054542760980175,0.2751996857563132,0.29339706789190145,0.2069938527821513,0.2403635340705388,0.2806281226861205,0.23710067720966632,0.23497766270933249,0.23991770024495723,0.2686472599199579,0.30750733215133175,0.2998973234374883,0.2791836563194634,0.23682391438777106,0.23479521270320147,0.3895175990921955,0.20462337930913047,0.28449654477764214,0.19568690683691095,0.22860560873144048,0.2240075519207614,0.2242607479549249,0.2757757289870068,0.3019099743117191,0.24225272161010777,0.23629968920784566,0.22889510290133097,0.25923831261110186,0.2281723768572554,0.3154771464781713,0.4396081133160681,0.25477389402752354,0.24802235078042367,0.23917089188167157,0.23852589622763232,0.24829321274883895,0.23214627781511596,0.2619764392629542,0.26788628495980105,0.22640383342087408,0.20855576595734174,0.23260580817642626,0.2379613906269061,0.3067116528756433,0.19228983355334062,0.3677118020150526,0.20093872812506952,0.28283995226162195,0.2941919895961218,0.20433943771916832,0.2196459967101195,0.22968888070066001,0.20446744700724023,0.27830167955673524,0.25511125634292886,0.17693813388977786,0.26134909801333867,0.21973779029631557,0.24989096190742055,0.28955769513657076,0.22640455776333152,0.24513505059418048,0.27200918341353186,0.27141715860340565,0.2995771256910272,0.309164071651614,0.324761748567739,0.2229943509533034,0.3070923126586631,0.19321787158826434,0.27795574750985746,0.263551216260624,0.25723745877651877,0.22950320371201202,0.3802981329854228,0.2558925844309889,0.24659078862433964,0.3034385991581498,0.21544397132920406,0.23484591742859698,0.1798026114895894,0.2428332935451971,0.2068628712378826,0.28575775332429215
