0,1,2,3,4,5,6,7,8,9,10,11,12,13,14,15,16,17,18,19,20,21,22,23,24,25,26,27,28,29,30,31,32,33,34,35,36,37,38,39,40,41,42,43,44,45,46,47,48,49,50,51,52,53,54,55,56,57,58,59,60,61,62,63,64,65,66,67,68,69,70,71,72,73,74,75,76,77,78,79,80,81,82,83,84,85,86,87,88,89,90,91,92,93,94,95,96,97,98,99,100,101,102,103,104,105,106,107,108,109,110,111,112,113,114,115,116,117,118,119,120,121,122,123,124,125,126,127,128,129,130,131,132,133,134,135,136,137,138,139,140,141,142,143,144,145,146,147,148,149,150,151,152,153,154,155,156,157,158,159,160,161,162,163
0.0,0.32500408320578167,0.30651326038798427,0.26210376654463596,0.28143763600775545,0.3136752488427987,0.2656615265041894,0.3134721458342782,0.3167795163302146,0.3332741835682002,0.328326847667179,0.2868436708545135,0.435443170212393,0.2733163037134044,0.32969907562576134,0.3407691852637948,0.3532523068356595,0.4464195710635108,0.3062590940508373,0.42393184342564055,0.3506602487716156,0.32502879812122687,0.28397213809505606,0.31250485572905856,0.4168080123447488,0.2654282485418774,0.2652493392042991,0.3223613849782842,0.2602307972785383,0.2698491416468341,0.35183705094647594,0.36426139144798464,0.2649547826301983,0.30046617179593016,0.3912819914952694,0.2949149122243313,0.41411335835907465,0.3281131349484235,0.2609521935179132,0.3521940763160518,0.2714851905182652,0.32074687126428586,0.3397363334962448,0.32721464533488404,0.34197034401900195,0.39181633504067076,0.279081827058168,0.3229975780524279,0.36884259505259503,0.3554828176343949,0.3606548175959273,0.32595331007677736,0.26468177607912846,0.2892579374823242,0.2906765891942266,0.3110886987885244,0.4218610905156095,0.30338556993158444,0.3001534967360268,0.35129410757138446,0.30353781162236626,0.24995396561261252,0.31381508770161276,0.2403032168520905,0.3042728928776641,0.34513403881879523,0.3184290213048261,0.3276933647967859,0.2896046184277399,0.35078374838387677,0.40358401077804096,0.31025061416757754,0.31593621619881124,0.35473336142643425,0.35330112123192975,0.34529723904580145,0.2534358394211489,0.284669091630978,0.306305025736011,0.251457293972756,0.30139876257839143,0.3554836617254893,0.30876737150061795,0.30946970821625996,0.3338293205792346,0.37325469291927316,0.3193150151233121,0.3255054447191962,0.39094675174186205,0.27874784901414706,0.3506880854180043,0.3037157870017327,0.34214224159864154,0.3496453945452778,0.31755351415697314,0.2869453077909726,0.2291903501923944,0.29047167680153374,0.24026229824171189,0.385658099821693,0.28737116796352186,0.27351235927598383,0.2626845288185537,0.2663194533692465,0.35808268671923055,0.34478704411235434,0.3189211576302653,0.3303508649725489,0.3435602445832342,0.33939091698485874,0.31398391153688426,0.3333740932480027,0.344380927713044,0.2731303398466258,0.33782680518396996,0.3469069923028121,0.3449161514168509,0.32950725855163604,0.26446322373224895,0.27139653346463466,0.29126754949278877,0.2447227346110043,0.32544683081312903,0.3942385828287963,0.27878685684811455,0.3060606496086888,0.25231464283854455,0.26205149547237866,0.289316929720323,0.3250621143952991,0.27471063243017907,0.28070416387793207,0.26138384491211464,0.2965479506672327,0.3160163500042221,0.28445720650416567,0.3201371366663111,0.3406387246956214,0.30462689688493794,0.35096008533456413,0.248908009724829,0.2956418081347931,0.3643757487130119,0.26967803434860516,0.33732489731051857,0.310122826178706,0.297904421273627,0.2816232448241703,0.3816834034290018,0.20050377256958796,0.3883797455132727,0.28455221319512397,0.3267467006833622,0.2345546928792533,0.34100803034138005,0.3720689257744151,0.29581162767633584,0.32245289561318685,0.2710899970563332,0.313675292201141,0.270587099259329,0.35096741084147676,0.23781097353547626,0.40581110555880623
0.32500408320578167,0.0,0.3158122236783453,0.2788552482006144,0.26191062144814964,0.36250959553451334,0.2882996499650783,0.35641419109252487,0.2998079850382439,0.4318479228125935,0.29628718457642805,0.3074293799399806,0.316074052887123,0.3047678287310555,0.34396471383976296,0.2798142208530952,0.30332831483264,0.30103477191328815,0.2871379005076644,0.30169735516857016,0.3043695620040566,0.3789536990083156,0.2793896999249847,0.32015681536584983,0.3467033377165969,0.238283790204176,0.25503809198655014,0.2949774946166096,0.3586933693806032,0.24367318687462342,0.3638966161988881,0.29161265395447,0.32540954721579635,0.2570517343521481,0.32446591045169654,0.29047590048282923,0.2986786327583644,0.29249064628854443,0.28158456843527324,0.3107321554981592,0.32331607067569623,0.33494679744878547,0.2336628193798715,0.2806685803075067,0.3424747934761768,0.285071591016288,0.26489597984401675,0.258392271012318,0.2973603703148043,0.2734048477214729,0.29666429296856184,0.28440231263916105,0.2933815937171301,0.3462020168853339,0.29405775971716824,0.35131283360063326,0.2959006069056641,0.27968079192574147,0.2937754451491492,0.31112847455663245,0.3243356973442826,0.21781984511155386,0.2515114542864523,0.22099387024887285,0.2590101467473958,0.2543783802519364,0.29510172632622944,0.28095978435874613,0.24269766616060726,0.3253125212532252,0.3021861200527624,0.28849708589179723,0.2468512011836441,0.31306000472589784,0.3324227995952456,0.2730544279526314,0.23817658164918365,0.32307878846452864,0.25999445804254195,0.2409169078706464,0.28467995785179123,0.30874585893841955,0.3677031612250928,0.2750303037159941,0.2709562814548451,0.3900699873231067,0.26231818549743646,0.24510218581404247,0.28928068089730036,0.3216759015439378,0.26813927185944975,0.30986640455571934,0.308890015181852,0.2849489056074349,0.3042831282557279,0.35708248456212394,0.2431270898782812,0.2979724061352944,0.22718037504055333,0.336956807288306,0.28751826861952257,0.22509903472382722,0.20975099475827366,0.2747338594337366,0.2716355817472285,0.27629921542821995,0.2563771734891108,0.3750570550798372,0.31218698324525673,0.3589323146091935,0.2693215928103842,0.25008620988928637,0.29553675127444595,0.2584702371979429,0.3053224330571464,0.420154213780574,0.30548197632006907,0.237767031168006,0.25946196160165597,0.2733868890467554,0.27461227102441904,0.2491435126373027,0.27666384058838356,0.372956805196232,0.27153857230494044,0.3631684467338693,0.25256245068187044,0.2991431526782347,0.3260353213118284,0.28121290213115646,0.3191255474440765,0.2712716075524177,0.24155073649929232,0.3181029144993518,0.2882561532461311,0.259508551884925,0.2819398632197934,0.3175710478200416,0.27859372632631396,0.281905079638105,0.2689062796143091,0.2916536935851377,0.37138137475046656,0.2582732172211542,0.3079517486968591,0.2554207213961357,0.32971437246055957,0.3015575767383663,0.36413258988524094,0.20735903810529413,0.2800050485521604,0.3046756885308883,0.27022360302867954,0.2769731379630016,0.31048238723865706,0.33201529785730477,0.28475792759908997,0.35666234802457203,0.2714486320102938,0.2527175692717423,0.2908554210650852,0.3354783373327545,0.24530030644335465,0.313452573005235
0.30651326038798427,0.3158122236783453,0.0,0.25908501006670737,0.2923726826782326,0.3128950182671777,0.2512796935083651,0.31548314179023257,0.2623913626994698,0.35762862859934036,0.31872608823891074,0.2756267994184458,0.34755109465718514,0.25209280762247366,0.3009679120314233,0.3628330701121643,0.33930919505047297,0.30951632100418575,0.24240051941576155,0.25661919009861944,0.35986634137943135,0.43580749798570284,0.24209587968184745,0.29781594324647215,0.29577163606775964,0.29690610171755516,0.2495522585556057,0.269787770920718,0.2556880958685685,0.2570172385053445,0.26975400752843826,0.305510136918388,0.2543606981601499,0.23447128820974944,0.2544256346814405,0.281452786953945,0.32574138202937225,0.2877838080641301,0.2612462065543083,0.3095021859828817,0.27083799257285635,0.3187815696632397,0.2758758962132462,0.2738101129119167,0.3258128152425147,0.2972551192487157,0.2778582471718602,0.2974783779144759,0.2854922839602453,0.281138226268234,0.31124627215481004,0.30762638073158033,0.21600016997090127,0.31541956658800363,0.279121960949979,0.2636568328131574,0.2747535024524124,0.30693830307974374,0.26458772174110323,0.2777365439170169,0.2780633283577548,0.22845201790808847,0.2956809881003139,0.22060337867708038,0.2421510232042198,0.26212636269965744,0.2781008391114001,0.34207499385967416,0.291229797006438,0.31048700914507504,0.3479388882855028,0.239035838090674,0.25758998673448896,0.4085704223314012,0.3240772629427658,0.22025751578072414,0.2832059229074737,0.3064392125870351,0.2475606160636433,0.21426060516808718,0.2778135270742596,0.3098633343224026,0.31255335167079845,0.2713076969659816,0.262338004005153,0.3603731180140521,0.24614120317739416,0.23481300254645807,0.2745129310919157,0.24803699888819453,0.30761677216401256,0.2403410149301881,0.2851756248076653,0.22607370734739163,0.28265081585921425,0.2773697725883825,0.2221089063463897,0.2671716733557924,0.20951570313526416,0.3020126921633652,0.22117123469680447,0.2559445121223105,0.2148723019090604,0.2630412697772117,0.27310813083208646,0.3465462144293928,0.2799313725515808,0.2806322084226056,0.29546516138372897,0.3316082270557284,0.26909035721092206,0.2517690045081505,0.2731315538295988,0.24121496907641543,0.25666137133085165,0.339585003159501,0.22956258218455441,0.2826103537487692,0.2761885252922041,0.25222532011696214,0.2823622963706931,0.2309881785224444,0.24104474448441252,0.3264873153587768,0.20956056596795958,0.3115939258612841,0.24644355531865447,0.29684516525850996,0.2919588828652467,0.2866325993226524,0.26606674608282216,0.3685104977000168,0.21051799545148836,0.23828626510011644,0.2836667761246181,0.22864833592300837,0.23356208953495589,0.27028051466314823,0.28135202793053776,0.2712395872318451,0.2196933325646801,0.2660867452361279,0.2930811828878798,0.2678583981244506,0.287042683877754,0.2333001437673739,0.339747518779843,0.28472244986219475,0.33312103196786735,0.201545465726253,0.2415440913436639,0.2114059275592492,0.2709188563246902,0.2977096340755491,0.29988762693405185,0.30045194052866186,0.2845017497202956,0.35334885192023135,0.19950044718518498,0.25578280990391333,0.2847939806247249,0.22431820071393027,0.23237672647288735,0.3045748095589943
0.26210376654463596,0.2788552482006144,0.25908501006670737,0.0,0.24517232715903503,0.2606958375239684,0.2950636389155202,0.2619953384111758,0.2268039230118627,0.27982751260826705,0.30530508665292133,0.27064427035647776,0.2649641421054302,0.26366127110898857,0.32359541259737123,0.2534058541985924,0.2827484649804644,0.28333304309458385,0.2719458009879469,0.23744492405073095,0.29962157715386506,0.27570758238213133,0.25829020236483163,0.24711873415737404,0.2830562961926425,0.27637587761149823,0.2647670297129433,0.2680775444999629,0.2780894351489772,0.19796554734212943,0.27543627012554195,0.2521476813883266,0.40768537502531726,0.25350271610259645,0.2789584470219267,0.3018535819495815,0.27155007111798296,0.2788810865286232,0.28242273720859723,0.30579223181524584,0.304561216865874,0.2536540618603638,0.24929306076271068,0.31206344173690537,0.2770473063464645,0.27778064938878083,0.18595590708267468,0.2668254356634516,0.27455776359064055,0.26548203026317285,0.34579676806176296,0.287907508895429,0.2503957769106939,0.40148533182184454,0.31953128909648204,0.2267647107593477,0.29413457557420386,0.2849765164476004,0.27740736085900475,0.29666642400659937,0.3084148046936782,0.22357719232743975,0.2714255230120016,0.2111523276951689,0.26368846604867163,0.2707516063057182,0.32519991169180223,0.22445475173822194,0.25822657788467346,0.27738617425701345,0.26670639033749455,0.25258713145622724,0.2610306632488501,0.35858164455142977,0.28861019105045527,0.22640386448073035,0.2947039194509238,0.2896592028802297,0.254578657146842,0.20141257142457197,0.23985469595966166,0.32521409648643956,0.23170090923526826,0.2484501716474724,0.3006268606526475,0.26047212085915533,0.2730982761368482,0.27745653370259793,0.262906927368468,0.23290764361508032,0.30894425466572495,0.2828621306114706,0.2791412845758253,0.24700254884094588,0.3082501665201692,0.2698705939459179,0.22180814451180664,0.26241014337873125,0.22495894546173367,0.29985343385222735,0.26356499741416817,0.26987468776554674,0.3042905663343418,0.2674454988397856,0.28029453626653406,0.243443044371102,0.2784779098011721,0.2485956397999128,0.2783976522619857,0.24670223359221405,0.31937002647187374,0.27307282153439544,0.309989407208879,0.29000198045217224,0.28280410989612026,0.263054084358973,0.25591616815307405,0.23032622136714997,0.28487816026286755,0.28039884677782806,0.26123640284719973,0.2952375400342885,0.23983004624541301,0.2885976785674792,0.22303653486787003,0.292288389710021,0.2582274297347149,0.2547272338762439,0.2986280409137233,0.29541960518301935,0.2107619842202957,0.2656950501292742,0.2555983949283439,0.28711102803688704,0.2787852984643182,0.21389666103899316,0.1842658234932856,0.3008582005729576,0.280244332667487,0.2813913174733634,0.34279869841835925,0.2570750436376488,0.3239489864451788,0.2763024500206765,0.2803824041659026,0.2402985152139204,0.2527423809658761,0.2509052321956026,0.23988194109959185,0.18711977128893376,0.3043927990194932,0.2726934632849433,0.2907240297060912,0.21816040396765507,0.30523349262132804,0.27908565254434736,0.24486542822328417,0.27883860762374063,0.3463039625148362,0.2627221286462296,0.2680662774984118,0.2586043092051714,0.25539947091022586,0.2862050125675037
0.28143763600775545,0.26191062144814964,0.2923726826782326,0.24517232715903503,0.0,0.23412535819291438,0.2993984275634077,0.23434529758082537,0.23858004275510775,0.2853093229242103,0.2936616292240006,0.2498674839121717,0.24632175217713978,0.24027416742849914,0.2914660793541985,0.28137519237266,0.2837637027269437,0.2897386392518738,0.2233230096704481,0.233504985163075,0.30991398627262556,0.2961592598411362,0.2835684062296184,0.26910910878295813,0.26855510011987943,0.26751145189555453,0.24235535816293663,0.22529046341204478,0.2404097055420301,0.2540509964153018,0.2712706744487372,0.23990357996236752,0.23541123351359344,0.23399382457094967,0.3066985547012418,0.2867234616265888,0.28519751606033994,0.2573353821014518,0.26865629535323693,0.2766182016744209,0.2607800939707387,0.3172924532789574,0.2668454666984571,0.30696370194911315,0.23881383185344227,0.2529946772302607,0.2664079232592924,0.30347637340626105,0.30319345498382855,0.2679538575141918,0.2979857227225545,0.2572020445745746,0.22654697655245634,0.26378485089705034,0.26557987271196465,0.2398025371652571,0.24406936740433716,0.30886884533125913,0.24877620355040064,0.25070819952473516,0.2113643350186691,0.21151251403783436,0.2402647273457695,0.23371624352613657,0.24912876620440144,0.20995691395367302,0.24941054311676708,0.26866421256279144,0.23828017837225152,0.2750832903366978,0.2852900557717838,0.2502061376035795,0.2297235130211995,0.280295232805313,0.2386181345365577,0.2177754642574032,0.25081110197941486,0.41399380020735616,0.22194237145325146,0.21734068329148,0.24842512540776365,0.29632784891073277,0.2834963654619312,0.20621708119456789,0.2554164627415397,0.2490298587799946,0.24260573746113692,0.24226939380898557,0.23288356130899004,0.2248624452984612,0.3866394905171527,0.2902179863071333,0.31421995734379016,0.20625852396121347,0.2811112891877892,0.24930826316778637,0.18112213915039413,0.23863501478672505,0.2405704709770434,0.2453136941770781,0.22925329557313132,0.22788351165356455,0.24370678798299922,0.2328933932714196,0.2441288041523584,0.2632074736590497,0.22966952719959713,0.2761325908595417,0.2957864934892544,0.2754804863955322,0.27754475424083114,0.2848225583435124,0.24355040877521245,0.2599309514167861,0.2333132180609192,0.2629250111526403,0.2286462670044085,0.26213953454154104,0.23478994223311522,0.2683542400508627,0.33149455939705696,0.23268944140479417,0.22834143384806369,0.3249882221407081,0.23036317800506365,0.2501139113212432,0.22902151413656577,0.26209749193513954,0.2465409612816545,0.2532681020627766,0.23021338006794212,0.25043511606406255,0.19884505733616553,0.2583771948752687,0.24702881145466626,0.23971198473734895,0.21843500378439026,0.3123054245605713,0.25455861965767473,0.2878032584575032,0.2029067164270264,0.26848787762231285,0.30650231748911694,0.2619665732556163,0.29832794173126415,0.2542749339968571,0.28905892179113385,0.2643460148496419,0.2609550620535369,0.1935032798896391,0.24508924923331263,0.23384363918551798,0.2772376574213626,0.25807219166344386,0.2888817460069346,0.2718248972193353,0.21365607547698448,0.3026747019167372,0.22282338907284582,0.23850086678574242,0.23635216015205301,0.2439690082249558,0.24507356014648946,0.3481366948213864
0.3136752488427987,0.36250959553451334,0.3128950182671777,0.2606958375239684,0.23412535819291438,0.0,0.24541176009979335,0.30302314302665484,0.2778645727558881,0.28993480472923644,0.29459316103338057,0.32370764689506487,0.32683543046249425,0.22442614910138167,0.3086197820812689,0.29970289018272694,0.2844119656878181,0.23739588705204903,0.29012762354847993,0.27949247006197225,0.31172844718689796,0.323392528439031,0.20196352911844664,0.2530905480875232,0.31819776526587373,0.2300383947729344,0.21141429099455183,0.2484564306817058,0.2730056084082858,0.24533789731060943,0.32459873799217315,0.32616268668182946,0.3125565583327854,0.23727346702251914,0.2674630985404785,0.2510386081501044,0.30414265412026453,0.25810118995571296,0.2602531610007636,0.23740980056926242,0.2777438295601423,0.3043553682790158,0.2507636393198678,0.319241814274644,0.2683764647873617,0.2538102704906167,0.23823132915994555,0.27663149648267027,0.2248290044698599,0.2645619307025802,0.293190656411263,0.32957527739692577,0.2314664895487322,0.3233514143805589,0.2597467058207039,0.3112287041879777,0.2754186479508737,0.35726241267584535,0.2162670278928255,0.2481320120029211,0.3175739357929489,0.24171920084149967,0.301804329851585,0.18541302083151578,0.23890976370873748,0.25122704598107504,0.26116149123460025,0.30128870580778716,0.21684359475244075,0.2921442319463949,0.31475966128175376,0.21818884804417255,0.25197182953763186,0.28802950635470714,0.3377437229786423,0.242972156442305,0.2393367589447255,0.2627350200755963,0.23710085085602672,0.2709037354172305,0.3233370852966665,0.2979755835912384,0.3000291427954199,0.2742139885050838,0.2592802924232526,0.2997380625836023,0.2946563011830094,0.23208240050719445,0.28168665211807004,0.26265433462249466,0.28094460406156624,0.30915397385356147,0.27574370962139944,0.2512228504975561,0.24393437717111918,0.3486953019114439,0.25011851630266596,0.3007780920058629,0.20445523813042585,0.27865583765854524,0.2356918628690118,0.22688923140869302,0.22475820397117363,0.25216001324915593,0.27590631659732595,0.3010057441153093,0.27364621718240545,0.2824983445528813,0.2478873672811803,0.3030738652077003,0.28716502483194617,0.2275885173958781,0.32994599700980054,0.2530032391588079,0.25663517091155236,0.31911122821757487,0.2810786662184902,0.22204383698425922,0.2919757127760064,0.25440015113585757,0.24287847991448822,0.2617896880555891,0.2664126150276596,0.3380788325643986,0.2566445267606306,0.33905884699639766,0.2479325573095183,0.2557216831392847,0.27935517634665236,0.2310139104845978,0.2812382875683051,0.34676612290924874,0.23395538883267017,0.2841414021309947,0.27786376135699536,0.23942709014912783,0.25829106077295483,0.23899114326449228,0.22040137555958808,0.26005870367916034,0.2611571855418504,0.28142581758387913,0.2776821351596596,0.24689476824302328,0.2827034343226606,0.2422727531139174,0.326386577395312,0.28122622573386985,0.29637947707244056,0.19767103907998274,0.2718858625167506,0.2598922475725958,0.22625058204487808,0.22174849551856018,0.3349669097751319,0.30045900138146947,0.2633380593068392,0.3581175040062529,0.23387948011899395,0.25736167954393346,0.23110439043595404,0.29882203250483536,0.22544351621595993,0.290326665933983
0.2656615265041894,0.2882996499650783,0.2512796935083651,0.2950636389155202,0.2993984275634077,0.24541176009979335,0.0,0.22449291841234614,0.22526664623445422,0.2973420244779951,0.27689001210775155,0.2995248982762146,0.2654134329783784,0.25460190510627767,0.345550463613168,0.23566050429523336,0.24991772969920686,0.2674490157537647,0.256871412761958,0.21133372765502237,0.2604899010742587,0.2980356254724338,0.35759188278723336,0.29266633722373153,0.2932336275378094,0.25347603103744654,0.2588392838689973,0.23900506062752583,0.27796628151898983,0.24198622221125965,0.27164519752689414,0.2625778765154767,0.2841038897359143,0.2698439737623598,0.25873100867723325,0.24611759668731742,0.2996707283551212,0.22270059855059807,0.2632061551707305,0.31716008328172707,0.27375068948881276,0.28759390855304007,0.2438560834468514,0.2870609605291598,0.26664518301590945,0.2553857512379189,0.2519442574666538,0.24347520955869906,0.3726050601399509,0.2286618771898794,0.30456081419765424,0.24328767768151965,0.21602018745768786,0.29894954892152065,0.3006249390794636,0.2510293791592888,0.2388316282925537,0.2651417671853514,0.281195067665411,0.24609014020612396,0.21329718777860981,0.2037883845388201,0.21147857786885865,0.21954977138430834,0.22536302775277756,0.20020081421240038,0.28232646370088943,0.280492980555905,0.23047061760853646,0.24303054768467194,0.2650884058979385,0.2290726742014522,0.21893774858699908,0.29815826260420464,0.20632405920775007,0.23785382738051594,0.3039237289295122,0.3384646039097959,0.20648485733083896,0.2065297697036397,0.22788316350687857,0.2757949519056938,0.2710006740749388,0.18954034726408284,0.22980152071506044,0.24327857882174744,0.22058468699262002,0.2523789881021458,0.24679920795898805,0.23115857716492424,0.3069482285271631,0.3406120579145801,0.28434520149567927,0.22184896423215517,0.26507065457716006,0.2962121807892185,0.1769671371474849,0.27227828975439994,0.2240389766132225,0.27918988191049776,0.24109006412161332,0.23470397785804278,0.26278840597712577,0.24918665405695958,0.21579692314957297,0.2440325738712588,0.212812450622817,0.26167044006895235,0.30021143620874596,0.28216624920788946,0.3441387527983423,0.23839807448035072,0.24182007085350066,0.22218200288057086,0.2241227786950196,0.26733597977563506,0.23502297314865958,0.27307791998434444,0.25182161982083223,0.2386538527299738,0.2509370703239495,0.2212332605387913,0.2145814629459646,0.32598425591944286,0.21284115211512253,0.2952898947989241,0.22136255339764388,0.27502545485103336,0.23855690071504979,0.24923379968885812,0.21232143614086274,0.20798859384821572,0.20167878466093445,0.23102361589702392,0.21822371669590448,0.22213276113157876,0.2184656646997741,0.29379380353835116,0.24922513248225747,0.26532294535179995,0.2378046626115828,0.2397840176381878,0.305409625640416,0.23035965140160813,0.26303625017911475,0.2868974366795066,0.2633981160947935,0.2702906362105472,0.24675975361771588,0.17160796856324298,0.24286322526840268,0.25546092041636637,0.25198589794812465,0.28408057100179035,0.30637266079172815,0.2679899160164889,0.26182242576225323,0.30204038010395756,0.2790248546877187,0.27306229711457963,0.2421266995251637,0.23690948693658362,0.2350909771627396,0.2860743063724397
0.3134721458342782,0.35641419109252487,0.31548314179023257,0.2619953384111758,0.23434529758082537,0.30302314302665484,0.22449291841234614,0.0,0.3275755535342145,0.3370461794203437,0.2741660079670652,0.3030973928228781,0.3226261838814092,0.24539725024957595,0.29327427516211957,0.3118743229622805,0.3043410596753845,0.29054529660789125,0.2722692487955111,0.2935421453266307,0.31450600291750286,0.2907034660824451,0.24554193335194516,0.25669554411375944,0.32415299738764564,0.24782833310303315,0.2823467432052903,0.2929714377250622,0.23379262201142656,0.2585483545774451,0.39478205310874004,0.2916002687867636,0.2771196833389705,0.25724640674443955,0.2901173133559704,0.2996363947840469,0.32078445776704145,0.33715254679806766,0.2848023577453631,0.27581586891809073,0.2748906838635645,0.29191849148374177,0.27472898594676404,0.25697115065733533,0.3803747396201336,0.2995618004440035,0.24639729462154067,0.2571132184905074,0.27173159375406447,0.2798872679981308,0.2874127723648069,0.2635903519136,0.2419643903693089,0.27569313247057986,0.2699572238201543,0.2876852216011183,0.2893919425524651,0.3471063468127391,0.2643491249368703,0.2835497912894501,0.3660931478969127,0.2219310723531955,0.2845287580034255,0.22347024360642898,0.23845832536291414,0.26080923530572053,0.28345606476323887,0.27077804836564123,0.27986430219792807,0.4563911149946318,0.29550536378638237,0.2664774198067947,0.2598469611154934,0.32594079740082094,0.3813104976125552,0.24817687148839698,0.2645777775024496,0.26048322425399656,0.32306119504495634,0.20628040194419853,0.2596097632750019,0.30873972292457136,0.31252540763294473,0.3155528476882792,0.29979685732828004,0.4161918399009751,0.3664578143372401,0.2645032953444466,0.3460008596639002,0.2934707846847719,0.27460306946824947,0.2771327303776491,0.27479401752745414,0.2477001306611378,0.2890015926398188,0.30088616517884326,0.2633802200037297,0.2954169588657195,0.21312423475018738,0.3321536188721657,0.247555036726275,0.30366119575853573,0.235502578974405,0.2852524054181523,0.3209529845394857,0.31881428608766693,0.2903219715449137,0.342836328346049,0.27800559292178895,0.2907255711980676,0.24238573653798198,0.2665194984594271,0.2932940996399183,0.29547318875109047,0.28778692047323207,0.34484306912707496,0.28767289143588215,0.24324151283436102,0.23278256045403953,0.2671090257910683,0.2576403216796903,0.3386910690292529,0.24713103554399157,0.30947333226553764,0.23657883809330207,0.2943226638728077,0.24175527123158705,0.3237615120592034,0.2930705556445139,0.26958346869039257,0.3339318913135608,0.29557009518617616,0.271771515092293,0.26665668504942447,0.29944346988836174,0.21725657263954068,0.2589142141467286,0.27410770201314066,0.28300003530765727,0.31455604602070025,0.24406581241049835,0.2515484194202151,0.3235862130108222,0.26387316466521754,0.29934883075690094,0.26655756441231593,0.33746075954350924,0.2783641699497417,0.3497733950376439,0.20731713226772244,0.3216109368750492,0.26368589150520055,0.2697414968245285,0.24864191600095864,0.34665555873476467,0.35409227235553153,0.2573218163691498,0.3400943948211884,0.21646394127339064,0.24485127571165294,0.25595605685551964,0.28305971491484894,0.25256011044323823,0.2880656559002352
0.3167795163302146,0.2998079850382439,0.2623913626994698,0.2268039230118627,0.23858004275510775,0.2778645727558881,0.22526664623445422,0.3275755535342145,0.0,0.27224136362789536,0.23600271741719675,0.2692778919658803,0.2579351885006536,0.27505452648011364,0.2683676861592618,0.2652792519514287,0.252441442229028,0.28768722459133966,0.24377576263077555,0.2877572939852818,0.2677956029185871,0.3270863680321455,0.21658264906555294,0.2306031305116197,0.28448395127440684,0.21931155021606114,0.2634287073660898,0.24395324507597174,0.2194814004292956,0.3211142961561852,0.3700827690109509,0.27736876018103,0.2439437359663836,0.22282357291289434,0.2864548337200044,0.25327830312622357,0.2667738008068423,0.3353240094688211,0.2635289701133002,0.23861070293049638,0.23164109673379832,0.33818782788102114,0.2451200663665031,0.2486785040481838,0.28741817224133853,0.2570682776783117,0.2378920285346583,0.22501409201341455,0.2471336958499194,0.2645174894946395,0.25344672404745816,0.2348310055954738,0.2526122508331275,0.24791520260493474,0.23270108258316374,0.3577890673983943,0.2762637392152029,0.27907456538823205,0.24356812812111792,0.24223089889841032,0.2539941443833559,0.25107710515504994,0.23995135352789562,0.22893983931950418,0.2694157662514106,0.24579678136761515,0.287297369293481,0.2863578906678543,0.24865536410445757,0.3121732718037039,0.32593679342760984,0.2651293674564612,0.2816026603483316,0.26067169756625297,0.3171412652060403,0.25528881337334974,0.22012330539593636,0.23245966141564398,0.26529511291731184,0.2237620874053507,0.2589537824755574,0.3726645702987377,0.35290945243809857,0.25131420714343033,0.2959348908105661,0.35396275407929106,0.2884550125967791,0.2859079364609296,0.2877986787897089,0.3846970247633867,0.2765679093216841,0.32549995916486846,0.2502473122792778,0.24164508195793707,0.3241286946720509,0.3111787028680629,0.27582355667349884,0.2769656531894312,0.27346695411989774,0.2603295357813095,0.2753120719809976,0.23098896557821877,0.24260050527621113,0.24649207077879437,0.3115256002622945,0.26573715166147477,0.2317106834613532,0.28291762024000355,0.24100659440141908,0.24585923681999208,0.21883199778594112,0.29388173288162084,0.28372049060676735,0.330238448650006,0.24753982675744635,0.28621378848057333,0.2633758235498278,0.2437766330111709,0.1983207821206552,0.28657546622017444,0.266233685437224,0.2701106773759563,0.2531558162713369,0.2871550008291565,0.34265845504726167,0.24620471514867934,0.2624474110206897,0.2591487655040014,0.23294784629177126,0.26820032941567307,0.43354901625104203,0.2993263775820198,0.25501384438779445,0.33394921364119173,0.2678907872839109,0.24673205033301573,0.2649777215524013,0.2500056676534345,0.26232680386367463,0.31985538752300374,0.2364482948958123,0.27881834697050045,0.32067518915913795,0.31404158266208787,0.2845253861269611,0.26574473976602914,0.3975407063353167,0.2595086400051199,0.30739545774606897,0.21113936611914902,0.30493362440494703,0.25955446321559467,0.25632928968032903,0.25025749383958246,0.28286010157419883,0.3361851351454768,0.23895807290139817,0.2892863451811573,0.2367970830173953,0.24742459903490183,0.2241539560579665,0.3075265197467895,0.30770114587631975,0.29376143376130903
0.3332741835682002,0.4318479228125935,0.35762862859934036,0.27982751260826705,0.2853093229242103,0.28993480472923644,0.2973420244779951,0.3370461794203437,0.27224136362789536,0.0,0.27804559147933394,0.2734342782696695,0.32592561979797335,0.2874352747076564,0.3168411820581267,0.2916801009407024,0.314915975461058,0.35196327175400044,0.2628544610485584,0.27060789055145296,0.29336224545394024,0.3152702463569151,0.32478286619886476,0.2809382247568671,0.40483534410563804,0.2458714105623222,0.2784747907237216,0.2967565344175456,0.3279053092503809,0.24887023167163677,0.3495456512998935,0.3051305085580474,0.25423105923476375,0.2662539318600464,0.31486081541681243,0.278396664990532,0.3355157438192482,0.275914668214355,0.23935951984165196,0.318139020670784,0.2553397138560905,0.3396362605376111,0.26177259683191223,0.266010439709076,0.3259864330868043,0.294558810291508,0.2628002632847258,0.2679854395549283,0.353731708849254,0.24899325074098852,0.3010344485983957,0.2604140811584974,0.2431519084509051,0.30383346419605395,0.30412106757828433,0.3208926260772536,0.26991206608726065,0.26602560452708635,0.3176305167689498,0.28589121684762203,0.2966839537123399,0.21812570413910046,0.24045809814695668,0.22385850336377167,0.2549162518374124,0.25169038484227074,0.28379574308714695,0.2968808445890374,0.2830568958824982,0.35280311345580456,0.28579841321722466,0.30159892671017063,0.24125463256554647,0.336746889561978,0.293587333238053,0.2815370482891262,0.25322479186279834,0.33801809564599045,0.24498409254127249,0.23292023344901142,0.2811882650374312,0.29892644006806146,0.3430242040234988,0.2688268694244065,0.27529080158025837,0.33194976658165115,0.2723197690104394,0.2753039252215446,0.3280829105542571,0.26214400250909126,0.2841774872175669,0.294907331875167,0.30254170437836997,0.24156166260928716,0.30589562072682625,0.3206145498024755,0.2026882043581113,0.30234542018829935,0.23058065645849538,0.3471784408959957,0.2680012142175861,0.2546680142615654,0.2355849802836981,0.3057748114844579,0.26415493172389004,0.2850203906350322,0.26159337555304835,0.39016076642790787,0.3094395412585343,0.3353643335893683,0.26654961379361897,0.25362739793653283,0.29767725441624143,0.27363027996043743,0.2707236192210067,0.3467059489102333,0.30049160871327735,0.2940194407110974,0.2612148102425949,0.28907255468752796,0.25458412323935214,0.25048440937533845,0.24586920244898913,0.3521396003779453,0.23739212347645586,0.33729106115918356,0.2454625306427822,0.2777330240860826,0.32217772287997676,0.2900978775538497,0.32671066830136003,0.25770082821183604,0.2403151535013629,0.24743667239650785,0.25773517453522227,0.2345611120654606,0.2629719564128123,0.31368680564568396,0.2961628844446669,0.2920525128707079,0.2525848834472473,0.2871038985744464,0.3542310108411085,0.24460535743797568,0.29268547173811144,0.2784849935120548,0.26681024846830986,0.3214619769946106,0.4135027480807633,0.1994249339831853,0.26339026925968895,0.29717103953601853,0.2584024225418866,0.2861556530133763,0.3140862097186868,0.3221032231985186,0.2534412753447689,0.3692587042936093,0.259508752884279,0.28239287395172646,0.3376878652172981,0.31017508398968374,0.2609482436094404,0.29061860703717823
0.328326847667179,0.29628718457642805,0.31872608823891074,0.30530508665292133,0.2936616292240006,0.29459316103338057,0.27689001210775155,0.2741660079670652,0.23600271741719675,0.27804559147933394,0.0,0.3263967755109074,0.3397821888706427,0.24831392217248466,0.2986679434114083,0.3626654617602233,0.3388005144410773,0.30129314077284697,0.28694814561083526,0.2747595237355203,0.34879113255462685,0.3403346886871167,0.27017478908835685,0.31997795635608134,0.32856662179033064,0.322221198764012,0.27303331041415274,0.31374977781958696,0.3113354588045466,0.25446549238889865,0.2887761045305663,0.3084025271641941,0.2668637098705154,0.2635332252098235,0.3024280731209438,0.3062307420325637,0.38043207079077807,0.29939807031584154,0.3524577614548244,0.31030360810150565,0.28201529015432447,0.2848590555699617,0.2895519102152188,0.3509029586791349,0.28959279733889576,0.27758793028633677,0.20377769109093766,0.41310118671258644,0.3293332175527952,0.2651197457963689,0.35240461315723337,0.2759166161673011,0.2236510619818527,0.3587026955541852,0.3782146775201607,0.23104472108995502,0.3222781702904424,0.35440123674414525,0.2695410358663622,0.2905989501992408,0.3260990869457345,0.2031427643817165,0.3014135688055125,0.21991630129751666,0.22443631744798184,0.257197992365472,0.3148153625551259,0.2720212463101902,0.2738975635705718,0.31448919021491883,0.30785254165542825,0.2457175741615523,0.2769533678830647,0.37287283279350675,0.3152299312917345,0.25554680669569735,0.34958703519391304,0.31834428108938634,0.2584717015153193,0.23999901344405525,0.2769767115904255,0.27287063638741454,0.27257024111536304,0.2835801293198185,0.2690242026374761,0.2810736006492739,0.3090123857786514,0.2522217879543837,0.2640838783243257,0.25086391285176474,0.3626115300228688,0.22890558516878842,0.348890218806162,0.28113793323197567,0.2710284262107301,0.28210266661186556,0.21205002867127043,0.22728959088621964,0.20918066522133733,0.27811308877176266,0.2894653987168347,0.28274267896165955,0.240025657703542,0.2238956442513456,0.27210880838253754,0.2600390131752207,0.26494094343735924,0.2857064812310604,0.27289739947859615,0.33633413749842195,0.3812156586020452,0.27104813013374274,0.2972063945433744,0.27830978914664706,0.2894857853021265,0.301510615873431,0.26483793667850847,0.29299731356378717,0.2840874864672076,0.25596777737999576,0.30510400419241385,0.24163804289567511,0.2651896018393363,0.36437186427573487,0.23724379451259917,0.3571581237548235,0.21258515594118083,0.2942705943353152,0.29206768616021817,0.2640388210782848,0.21737050523016752,0.30584217889506016,0.28503507682568346,0.2888448117234775,0.36289031041392955,0.24144157172376068,0.2484920088988592,0.29017634572792783,0.2847869896752565,0.3045589450488465,0.26140319545074847,0.2783341316426871,0.2654290463575361,0.25814801090452527,0.38251325908911543,0.23276141172637757,0.27550930386177747,0.2675810251994393,0.27129262411230426,0.20710417697229894,0.37609558029242046,0.24866317854359082,0.35590626691322064,0.22929234027291387,0.2991279048883198,0.3209554000435767,0.3009642006174948,0.32499932309184376,0.26713996610510615,0.2772248684745255,0.24647665899961588,0.2880771841391876,0.2245955118733695,0.4317746060189325
0.2868436708545135,0.3074293799399806,0.2756267994184458,0.27064427035647776,0.2498674839121717,0.32370764689506487,0.2995248982762146,0.3030973928228781,0.2692778919658803,0.2734342782696695,0.3263967755109074,0.0,0.2545599208363878,0.18806666030545433,0.28643610896707156,0.292370349522907,0.2833710195490526,0.2410982975644075,0.3453624123500161,0.2565858446776983,0.3260829464733948,0.28052753947258857,0.2646893682837098,0.2949414583163546,0.35319203998957827,0.2434506210331248,0.260108791583452,0.2513396377268288,0.2535277829678181,0.3037063847984368,0.3287805630503711,0.27968604710013417,0.26745585679605405,0.28872137860281866,0.25233492504815025,0.2646122377486895,0.29692574959701956,0.2667154661953418,0.3314694929072235,0.2640180323179411,0.2871054480198746,0.2944986495086105,0.25963265585293566,0.30273987305886507,0.27232445801176075,0.27011784716102627,0.2506033908175987,0.27481677961128,0.2775219595518715,0.25104439624692315,0.30570491464831995,0.29021951635051735,0.20686129739664438,0.31049371427834493,0.30426781291460364,0.25032384876549263,0.3016366938904848,0.39448748240986375,0.2117188252601404,0.254687130476924,0.2318129713356218,0.19184547408641253,0.26462867138576235,0.20197235461754373,0.21118177085031184,0.22946670173780487,0.23123726964893068,0.23087083150378948,0.21314082866090292,0.267109142006165,0.25264075809589603,0.20722567073694498,0.2212822433818926,0.28000550519685846,0.2764900732616429,0.2271769727775347,0.2526649676767936,0.2891225680587109,0.2424601136995884,0.2075058957884878,0.23559474794129145,0.2760738914727917,0.2915017680447976,0.21896827863961418,0.26241862486143636,0.3044587747264735,0.24360857963281174,0.22907968623236524,0.2840414318442708,0.2662808072189079,0.3009766151759866,0.2811754466764261,0.2826637431329679,0.24907025507184052,0.2282865654223136,0.344815391709107,0.19953678321253027,0.29081570418741043,0.19503846700341826,0.2548400109685256,0.21872109806197634,0.2448076221564384,0.25644735492453885,0.29554860221383034,0.24130864168869076,0.26852495159802564,0.2610148054924711,0.28524630818533303,0.2509193386140869,0.32613884103061863,0.391668009132101,0.26412440552017147,0.23815941666916557,0.26203726601620325,0.24412219166927607,0.31382993258656644,0.25945591043696287,0.2821657644128064,0.2640779712556643,0.22999379448567958,0.24244150594627636,0.23999185512606916,0.2293299308149804,0.3173966814844154,0.19932841189890912,0.35121518453476586,0.2058320855137793,0.2995572099459122,0.2764082342411553,0.21770198108709213,0.2503858571116171,0.2551371247093173,0.2131672487672745,0.26840469755423807,0.26458414742212794,0.19648788157981528,0.27815785623732747,0.253890033664379,0.24161017989887815,0.30113896438218574,0.2118748719062777,0.23382128834134433,0.2731132840223339,0.23976402578347594,0.290361385277379,0.28935827834300853,0.3628676212875513,0.25102446138681755,0.3004928939158377,0.2042402869838576,0.30403507992014256,0.2514447108923203,0.2846931411081613,0.23885747917777694,0.40168313705646236,0.2575652010757672,0.2545179606025685,0.35105699042158395,0.21512984756888787,0.24162936471443214,0.1952219420709966,0.2465543435621269,0.21761914195623522,0.3136713785519377
