0,1,2,3,4,5,6,7,8,9,10,11,12,13,14,15,16,17,18,19,20,21,22,23,24,25,26,27,28,29,30,31,32,33,34,35,36,37,38,39,40,41,42,43,44,45,46,47,48,49,50,51,52,53,54,55,56,57,58,59,60,61,62,63,64,65,66,67,68,69,70,71,72,73,74,75,76,77,78,79,80,81,82,83,84,85,86,87,88,89,90,91,92,93,94,95,96,97,98,99,100,101,102,103,104,105,106,107,108,109,110,111,112,113,114,115,116,117,118,119,120,121,122,123,124,125,126,127,128,129,130,131,132,133,134,135,136,137,138,139,140,141,142,143,144,145,146,147,148,149,150,151,152,153,154,155,156,157,158,159,160,161,162,163
0.0,0.2861566450953119,0.25477537492553026,0.2699821416605369,0.2709476098072476,0.27539775678628825,0.2754769960983805,0.25872337910431553,0.3356836132075377,0.26310206538316483,0.3074226929939473,0.2793325720514108,0.36418199064912044,0.26265469548690507,0.30176935544015165,0.3010831304718818,0.30622610165444986,0.4348122611872299,0.2929321417097513,0.4455081224079324,0.31441319927781525,0.30780942486407054,0.2700663309529233,0.2896993351133865,0.37254675041808377,0.2526830077801095,0.24683199851031806,0.2849165772960577,0.22497707999253874,0.2621178889241219,0.3264815938315643,0.31751176499301054,0.2766595186813727,0.28957660534560026,0.3614804058011154,0.28345911553005326,0.3698386710821741,0.32334019509186623,0.24478795998152125,0.3181095614272218,0.2679956965869886,0.2889164667819504,0.31454333007998386,0.33671246961116164,0.3080161236949143,0.3797027671076351,0.25702535219736394,0.29791695061273304,0.3487053124653669,0.35624625966357837,0.3446805494692933,0.31531912361071024,0.26549961542539036,0.275765530209899,0.27147259864518347,0.27676799956008175,0.42582228598347144,0.28223939590200536,0.28584746222951446,0.33573695144753773,0.25139823936989814,0.2420918066500166,0.2909643544693822,0.2396599780900463,0.30639572629734835,0.3383577144368414,0.31506469906522416,0.31073982071568657,0.2696806145234871,0.30167083715427034,0.4125374666466445,0.30147333744233046,0.301154595358234,0.315544693360406,0.30241812154613107,0.328131010560316,0.23955871342155377,0.26213215603666346,0.2936920718471738,0.22538286600182905,0.26619369896009565,0.35899735496808016,0.2922316776527065,0.2664041303854625,0.31404134683312346,0.35583692980686404,0.2777847766966274,0.3292951160993956,0.33480540016186033,0.28735841653979477,0.3680476248678416,0.3173057697415596,0.320874567999002,0.34791916625611424,0.3126999138782911,0.28886868699433454,0.21973103492082022,0.2758082372192375,0.23623713775364175,0.33487807688484234,0.2841395082580761,0.23980188693027119,0.2791495042643121,0.26538950677180095,0.33717857337023044,0.32088313712207406,0.27855477277126167,0.28994787771711295,0.3141647871651129,0.29637581393941864,0.31359207431310215,0.3478077629224772,0.3199729064055357,0.26485830325493104,0.3229000187404586,0.3056109125499297,0.30656205601684233,0.3067401036289631,0.2453610879886836,0.25544131323628966,0.2991507095128964,0.22823527028862778,0.3048680543909882,0.3744225499658822,0.26971819983248624,0.2760150783263799,0.23799337586308084,0.24289898308505087,0.25494274376563963,0.32710924626487164,0.2460796528591706,0.26009026775244654,0.25359063836077783,0.31480934403499516,0.29446035182013985,0.276590975053877,0.31667306995041944,0.3148089755330379,0.2988190432642844,0.3534566219338569,0.26036256836367017,0.27993069529623654,0.3435383957754598,0.2699718227670972,0.33037575497715693,0.33565733449010804,0.2925990862103684,0.2557436833506894,0.32439471145835463,0.18332066930745952,0.3849799233497012,0.2732773645346483,0.3330649282223333,0.22226993409332632,0.32883060717858653,0.36402650020526417,0.2887430779948837,0.2949228620303467,0.2896700473644786,0.2903427632087448,0.23208399936285445,0.33658981300095886,0.23084186424874975,0.4180864053291682
0.2861566450953119,0.0,0.286536196040575,0.2747002749971588,0.23396939746751214,0.325273953588898,0.2862052900978124,0.29792540586678723,0.26259485267112614,0.35838668833959214,0.28174609308348636,0.31546777913861324,0.2888642378713843,0.29741031042005545,0.2805749169144927,0.26869231627844986,0.2887968419993274,0.2825752429058708,0.280672736234303,0.2994798053442778,0.29134421447683484,0.3531209452221256,0.27386036875378617,0.298711801495017,0.3332956958709325,0.21876148266095366,0.23937635697676857,0.2669754452709221,0.32845485796611884,0.2313182102129323,0.29956808991593203,0.278995260830406,0.32526984852438057,0.25040366279991,0.28506089252131755,0.2746734599655951,0.2739088652657195,0.27906742399933154,0.260591925178562,0.2984630754385618,0.3156615224244912,0.3091442539290939,0.21353455669595306,0.26534887204920055,0.33080162265845425,0.27563096025806827,0.26356036532382593,0.23752834740879342,0.28955276849506634,0.26209186285413266,0.26940619200716953,0.2719303752005777,0.2980656963704366,0.3354918792242611,0.27614577803146373,0.3089121930483599,0.2841547707198439,0.26158799041742137,0.2984228487542681,0.31129239194805974,0.27715615148058337,0.2038857772310773,0.2310597615541178,0.22778378764441085,0.23979040433101995,0.2469443383299233,0.2773232073683982,0.256060332022806,0.23684730356064965,0.2690328710700198,0.26554271176065863,0.26930618024571,0.23330608861360314,0.2875170958757974,0.30191591499732656,0.2668076005203224,0.22496188403191983,0.3082508781546634,0.24217859897046418,0.2139367676839026,0.25832750029785545,0.2633206232161046,0.33859133771379246,0.24770084580779977,0.2544245097697112,0.36866642717819553,0.2277493388789796,0.22653140620921383,0.2594007155210799,0.30789321507756545,0.24808555300750917,0.2979622862212097,0.2889895159182593,0.2821397832337389,0.29169906794652595,0.3485641296382198,0.23238941802873703,0.30128647621729965,0.20953528902148377,0.29308419031960076,0.26403685360839674,0.20741250369592293,0.20666686693480918,0.2866790492349303,0.24874025495205188,0.2602774003601703,0.24286517868237897,0.341628760988775,0.3092109471410093,0.3734879508804224,0.27561240964853445,0.23923059060425267,0.25636927297439394,0.2395882611376331,0.281600059483239,0.35409591782569005,0.28264233347656936,0.22655994997101753,0.2690653133954476,0.2403991514921176,0.25783709569633767,0.21173660912247222,0.27287459484004467,0.327411420325497,0.2400581596970266,0.33953487839578306,0.23391430032750243,0.28552387435381565,0.32092426084539544,0.26387694058508365,0.29018089755265525,0.2503596212732611,0.2219305190728354,0.2844588720587912,0.2720198317409355,0.24073455194622484,0.27977546390494146,0.27326025530869125,0.2807036317540462,0.25986241303535773,0.2683116709390189,0.2944959778900916,0.35300151986423206,0.25675826647958366,0.30012986761357463,0.2475669568168192,0.2876687282840055,0.28077478743700496,0.3565175613782699,0.2074026553550561,0.23921140768005253,0.30100673608422024,0.2644056212815019,0.29104313400519705,0.30087482104296753,0.2981507417654726,0.27598893129837715,0.3059690294328446,0.2590670436027699,0.22585970142782746,0.26545877881681385,0.297997612440879,0.2316994151857573,0.2754210250921666
0.25477537492553026,0.286536196040575,0.0,0.2708798989535258,0.2421026347379294,0.3163592659259343,0.23074961932034527,0.28143955622260325,0.2232162624364844,0.3331157805992594,0.3007203922909272,0.28266103920960195,0.3216654502563085,0.21745995844987162,0.25569517559710186,0.3527279851267543,0.3085327900495238,0.26413450937929284,0.23351401544214676,0.23386388259963747,0.31819444643977846,0.3715810810639038,0.2217110877230302,0.25207590536128577,0.2812913402415787,0.2658966908288694,0.23147601243545954,0.25251471936928754,0.23307913116580048,0.22851049687974107,0.22922753199703144,0.2877687378492407,0.25373100954647004,0.22676943642797434,0.20990619338093108,0.24982947987432214,0.27688345081143617,0.25270536288124285,0.23182171895560313,0.26198711946721726,0.24651781417875027,0.2850568787526804,0.23575643469342558,0.24434593383082287,0.28461201631536104,0.2785346342649172,0.23595873874142545,0.2658749102557047,0.2447005933348854,0.2451447604807736,0.2760895759833224,0.28513077208960214,0.1970348089019862,0.3008032455405286,0.25914590776581015,0.23109597212557426,0.2440429760764908,0.3003609211715578,0.23536155428740446,0.24947383543630333,0.25380683015588223,0.21169872786129884,0.27290445897613164,0.19674501849324344,0.20735879281483865,0.2500326874691,0.25934343144362126,0.2927668791242998,0.26985697079798926,0.27197637718306283,0.2841145629795559,0.19906458328132437,0.23051502460149514,0.36791593889131385,0.30620737180705576,0.1943843530555395,0.27368895298520424,0.2738455596486096,0.22306743450150956,0.1878858435543531,0.2558867294207293,0.25969214116425404,0.27726954001999743,0.2511665996473545,0.2309051200729533,0.30878298625098477,0.21694252279883383,0.20700395429541832,0.24932895033760522,0.2283444452403217,0.26878212497191634,0.21444802572490856,0.2457831622550206,0.20375390876932942,0.24056743185476456,0.2719139360390531,0.2037358402846534,0.25589767024713544,0.1730876201359213,0.26966901463186577,0.19262450324912742,0.23371685023843794,0.20572742104492864,0.26981465994225345,0.23255251782659284,0.3273516664684096,0.2681418878471091,0.26277488291504125,0.2579713408157739,0.29624209379199234,0.2577531823368574,0.21472900591749317,0.2518777401209097,0.23040355560086978,0.2321680358544267,0.2979142362312733,0.21389214876218823,0.2569663899801434,0.2836158914478905,0.22687303886889437,0.23164506969475626,0.2107256005516553,0.20954994865960222,0.28742286952380675,0.17255754870811854,0.30784482381679706,0.22087991969674728,0.26049554363572014,0.28868709977787815,0.2454628112987906,0.23598229849538194,0.3480666083323311,0.19560044805617038,0.20956329111530742,0.25333890246304835,0.1955832208135034,0.21172099516188175,0.21723482189463947,0.2590582718740114,0.23911706135759872,0.22307828004647326,0.24181853903492603,0.24862821713267108,0.24137283266934184,0.25122446292527073,0.21287974202069176,0.28627054722953527,0.27221569909055815,0.30269291174435536,0.19164485144512874,0.2086633050751442,0.19878630657150967,0.24412798936657523,0.2794583461657772,0.3001928962158727,0.2614696395101482,0.2658307855877621,0.329204405765147,0.18184431376222482,0.22663257732847172,0.2540547655318894,0.19177962276969512,0.21433173881272896,0.2549272197534943
0.2699821416605369,0.2747002749971588,0.2708798989535258,0.0,0.22700927173765825,0.25980166049249226,0.27482472691874676,0.27099021978332427,0.23132448016507956,0.26292943365257965,0.3064890636558654,0.259037601635919,0.3017186663009773,0.2783289257719341,0.3045077576366951,0.2778758564143583,0.31061440457033707,0.30665063792007374,0.2710920649482475,0.26063139324867,0.31994741126794934,0.27476053386987154,0.2683358384399162,0.24598579754440436,0.28225861204709957,0.2961457832446099,0.29180690044701996,0.29365344175269903,0.24346386197801764,0.2069375615219331,0.25819835060760826,0.27799426017880147,0.38117487385198145,0.27565462667217633,0.25708858191307526,0.29108898580449233,0.2808015700180023,0.30209274821941196,0.27030384026109017,0.3327690212152916,0.2986385847852572,0.2636535483436337,0.25639228310113077,0.27633540932259865,0.2992654435302395,0.3355923078351054,0.19272546865703719,0.25122678255082104,0.27783643933983304,0.28913889574596485,0.38147832650009467,0.2996226332371665,0.27540785312864724,0.38138513498608445,0.296558818053994,0.2298351394477513,0.33275512758372167,0.2843430308277896,0.29710038475905043,0.34243500413403566,0.3270382792272496,0.25173309316681114,0.2974204120027904,0.2101776474458271,0.27329297172418254,0.33623859782414167,0.3841348513190376,0.24251478822121267,0.2877813112281157,0.2834061192082074,0.28223823707604445,0.25446777186390207,0.2803353746040751,0.4386651634232261,0.32904276849595854,0.23997385273060626,0.33426788809515184,0.28801863685111656,0.2859271090794142,0.20324117202931652,0.2542433060268935,0.3272268449858932,0.2446071157529525,0.2750195198790972,0.3258640874157959,0.28973117099082113,0.27802615777053724,0.2997919509114591,0.2939953706638997,0.2531905882490663,0.3052082209834379,0.2651669662802095,0.2716934397002699,0.2729396106776862,0.32212942606494416,0.24431289367444167,0.23862483888905014,0.25806178688684495,0.21072872801592876,0.3269398319383832,0.26063166692771816,0.2810279592068747,0.29695946300791126,0.2369248084724899,0.29902123364849514,0.28575854352809676,0.3250401488855982,0.2517046649938314,0.3097043592342375,0.2517779854112375,0.31399083913495174,0.27806585407837237,0.3341757756488898,0.32252643921645385,0.3097675299892276,0.27919340905281903,0.2749585720776209,0.22326687438120266,0.26986324902312747,0.2702236962145921,0.2582316512845029,0.28764783299243973,0.24920930197455188,0.30770284204411585,0.21035056660733306,0.28134578405548294,0.27597401488041107,0.25542449715134846,0.2933539450735354,0.3210621920338748,0.21822947531359388,0.30420194698038766,0.2815479901451495,0.27910645731746553,0.2784384733242189,0.21581306697191935,0.19184784156425386,0.2834350613980434,0.29494267072092395,0.3000805915745093,0.3243503788333823,0.26381075242827606,0.3425629546185635,0.28659847500298863,0.28470251642287037,0.24122529723279526,0.25400497296237706,0.275141452285333,0.23966482069953055,0.18867021759577352,0.29708817190003867,0.27133888173260384,0.3050485690192084,0.23394713654994653,0.30763316028960735,0.299366540795842,0.282059543756786,0.28433295695314,0.29994987797044986,0.2758031914795393,0.27903166283993974,0.24941528922095324,0.2720944050189797,0.27864228747747677
0.2709476098072476,0.23396939746751214,0.2421026347379294,0.22700927173765825,0.0,0.20486357087995916,0.2958638045598186,0.19913889816265196,0.23146786904245828,0.2324891741684446,0.2546041725038562,0.2243714109779905,0.22446476127896195,0.23057592167874078,0.28472300057589833,0.2512191576721672,0.260200873274279,0.2866076123718013,0.21178593466790627,0.24566549062866244,0.27838153300663204,0.27351274124212466,0.25760921985651236,0.26262636778445486,0.24244792730264364,0.22797134071981673,0.21488471704922785,0.20524502586158094,0.20731986114742004,0.24088342974346869,0.2560224372411109,0.21755831852133245,0.23342799743951076,0.21112381518218445,0.31072525829156916,0.25338709225227657,0.2551639145512517,0.24844879037594958,0.2505314096479564,0.2541684165362372,0.2571404695437495,0.2719674339692061,0.2600481151099931,0.31078723382086865,0.21746384216003872,0.2417372603748381,0.25765877130030695,0.2717937655465343,0.2961273163904552,0.271861741843208,0.26685596182425986,0.2399665758303921,0.22558321148475138,0.23548709806153895,0.23041508359570034,0.2117128130253118,0.2385583848563415,0.2620965086819443,0.24783413724314857,0.23936880275040426,0.18246013601837888,0.19609991349939826,0.21898194982761143,0.2341912135550489,0.2578346374963669,0.20153042984012584,0.2229386716437686,0.25357209772819345,0.22764115003046076,0.23503350436157958,0.26902485781979174,0.25330391568699473,0.20526778816128274,0.25015628664298173,0.2142096138832185,0.21207624425159954,0.2222789985333436,0.3449001758021957,0.20994730447198723,0.1947189462581471,0.2303593124218089,0.26594306778188087,0.27108886201488624,0.1892261801855509,0.22903521834052099,0.23592046011521817,0.20637711429078662,0.23231014228594896,0.2112400209194262,0.20737512836050248,0.339291333140285,0.27793254223329245,0.2987259382785104,0.2030786682235228,0.25892046185485307,0.23356584099464622,0.1731292897264574,0.2222114753322786,0.222513055630015,0.2137098481877994,0.22564538999449554,0.19696264028120325,0.22814570026884826,0.23028394301737823,0.22487888941682546,0.24503902651125195,0.20850198746173146,0.24346994521596696,0.28683305681195287,0.25096240704461076,0.25595528916951626,0.2645368382882596,0.20963155233252817,0.23134090467644267,0.21681528965476968,0.23070616342333441,0.21284444711723996,0.25566488448727626,0.21599036666278557,0.22578085030145884,0.3510983431178032,0.1962738741419175,0.21054338978469211,0.2964562734795988,0.22913550874285368,0.22277256951954152,0.2027655674092042,0.22974527635695716,0.21730151028082045,0.2557518860029497,0.21216402036016982,0.22649070070451569,0.18129860794423788,0.23542173774298747,0.23791128573249207,0.26106455550147756,0.22748437970736443,0.3052473645492526,0.2445560488658643,0.27958264263155513,0.20625178948568418,0.24796183748014325,0.27685663188010917,0.2411707526216343,0.2766116882064126,0.24078394093622296,0.2784597146570633,0.24578601220217358,0.23819987251440514,0.17481399661175206,0.22630353917443322,0.2268345071238012,0.27118476284186166,0.24404334269163863,0.26410481485732684,0.25639450947250814,0.2065484310499147,0.2630905059770268,0.228569811073117,0.20916132310112767,0.21522553281476375,0.22664222734003547,0.22498821155257137,0.32230318564728466
0.27539775678628825,0.325273953588898,0.3163592659259343,0.25980166049249226,0.20486357087995916,0.0,0.21585326994611628,0.29396813288163365,0.25292182233273774,0.2697675627923521,0.2847730937179544,0.30588079359618375,0.3388947800128528,0.2112707116304645,0.2518355863111749,0.33035352686826674,0.2960111327819123,0.22047064885078949,0.269616400384858,0.2741051864583139,0.30526975455460936,0.30056709095395784,0.19334305767841617,0.2294090824699069,0.3039186806671344,0.22377817405873837,0.21443793197707675,0.2541543673149237,0.22922122843691656,0.23828331395892907,0.2789965211332626,0.3532679316675675,0.2895698560823809,0.24339465075189406,0.2266952686548105,0.2414845265912058,0.28511309721020917,0.2526591663840221,0.2446065687233929,0.22539933699402362,0.24432193229518107,0.2932944913666114,0.23279060415162103,0.27333736054183666,0.2687388168279567,0.2578514801775322,0.22507969818108636,0.25364210176519675,0.21198792338295971,0.25508572449071876,0.2750004084119939,0.2929675896233515,0.22113604653859176,0.2939758365488284,0.2423960188245671,0.2927257052087558,0.2629817025066903,0.3464368129249279,0.2069957601394021,0.24498726896221462,0.3131864256798592,0.24335441825296528,0.28311889108840954,0.18300850135605484,0.21679139382865006,0.2603640992187166,0.26482118006140615,0.2774791726790559,0.2175334264473792,0.26550872235153516,0.28242195227987804,0.198881940138854,0.25039443509612436,0.296081109340157,0.36156360869401255,0.22902929284973714,0.2522270860153264,0.2503676696259973,0.22849825611249922,0.25745442555963566,0.3161350922211409,0.26330777544724704,0.2790646363488397,0.2776743367023497,0.25510351414935073,0.2919805688698894,0.2743228353330459,0.21995955607341006,0.2891714513411505,0.26051575480389794,0.2540563925248611,0.2650296304132155,0.25612822275657016,0.24110271637814518,0.22839840530749786,0.30737288960260084,0.24472251588669092,0.2891550752962146,0.18407807181229244,0.2744580998416262,0.2168844967649311,0.22759598667117042,0.21235822047610636,0.23481683671020745,0.2584954613239092,0.31947358890280847,0.3031050150898519,0.28437096199719014,0.23787178827896488,0.29952050548358594,0.2689015913673175,0.21707960310681151,0.32456856531703315,0.2688313415929937,0.24209345592717557,0.304570635343792,0.26551294302122735,0.2107167693155944,0.30172263870391425,0.23451571970808993,0.22229523098439957,0.23430222441199716,0.25638734313161826,0.3012200345645743,0.21902806675817238,0.2988771610474324,0.2545922665244082,0.25102255269823676,0.2706875947014379,0.21682120590192855,0.2819821704571853,0.3842522800935829,0.23213180027438296,0.2531933110923771,0.2645085957346159,0.21176928847116513,0.24831010756513164,0.20698000204627262,0.22146763719190518,0.24876187678736975,0.24360454403926943,0.2861326813959806,0.2580322072835003,0.24729235713009673,0.2734414348692837,0.22662712016294786,0.2957063138103079,0.2931373563808377,0.2804379705284541,0.21044167523179946,0.2383013950868682,0.23455573712668365,0.22144033825929121,0.228108537331339,0.3180083481727238,0.27862267103020455,0.2630007679039807,0.346682636454824,0.20191873445684327,0.2543976846408686,0.22529912299217136,0.2532917599818492,0.2216766584025458,0.2537566596291709
0.2754769960983805,0.2862052900978124,0.23074961932034527,0.27482472691874676,0.2958638045598186,0.21585326994611628,0.0,0.20681973363693285,0.22655150838438026,0.2658487811476023,0.26696820244248887,0.2712883541083526,0.26298999636098136,0.2637563860031258,0.3207246222520331,0.2305707332102986,0.2511468389719582,0.2932667580537309,0.24947164014410303,0.23303023700895947,0.2611433548690822,0.2928006112745027,0.3768207845617012,0.3082821783073851,0.2811026120481062,0.24035697418078128,0.25202732267861455,0.23409284237656505,0.2531858396872356,0.2482737396909879,0.25658629731563487,0.2538998055673064,0.28530762269938875,0.26150657260734833,0.25232036240626643,0.23854335791563297,0.2964075519369143,0.23447659574685403,0.24532264987036728,0.3279700032452009,0.2830607242738194,0.2835450390182676,0.25221126035832925,0.27388706684539643,0.2654599095317671,0.27100245432380204,0.27090145035266877,0.23213183242753924,0.41084449192623823,0.24127994691898433,0.3005778693424492,0.23250469550261843,0.23637466976633562,0.2725098802937766,0.27763090076117514,0.24431377874144,0.25547036184777716,0.23752972288830354,0.3145884784837388,0.25937800785441956,0.19677523533391797,0.20132027951077053,0.20714878162512734,0.23286056842167577,0.23561353739944785,0.20825662845548365,0.2739958166062372,0.2852692016511312,0.23524525062384596,0.2280553339311389,0.2731337187957932,0.24426703898645116,0.2083354800951614,0.2902783168735224,0.2010582399335124,0.2537836970057344,0.28569509187031206,0.3307866824916646,0.2127555577464922,0.20240929044940348,0.23259685513095227,0.2647077124080687,0.2828527817601525,0.1874443187414049,0.22649904831086132,0.25353622957478966,0.20539910117979618,0.26043036117961044,0.2428065001015422,0.23265847876747273,0.29451948801786604,0.3278464699568353,0.2897323508489331,0.23755728907985357,0.2669123896609823,0.27521595394094,0.17972519369394857,0.2586130399396849,0.2214504382737541,0.26084950738050416,0.2466406505170826,0.21783692559474674,0.24626017754580126,0.2502515813877722,0.21708055950366123,0.25099718231427237,0.21051856585241943,0.2577947595703038,0.33228694163465394,0.28875065263580224,0.3212249634604502,0.247074807440417,0.22272883597430584,0.21790310006264874,0.22837296049923184,0.25739544458628855,0.24130563762784557,0.26895894158577904,0.23021488323196357,0.21591705795598556,0.26167973137199513,0.19494915422413367,0.21951211216578195,0.3336008329054434,0.2130299456813028,0.2703151183566428,0.20838474887686217,0.26531069524965495,0.22187500078412548,0.2724437358576807,0.2116018527961994,0.2051074312174626,0.19656428547283084,0.22418526324612564,0.21501143368750464,0.24013256153475537,0.24305129788377852,0.290448663674481,0.2652791563902629,0.28451602036788437,0.2452770244279993,0.2412756848861412,0.3041846379880808,0.2308528101638855,0.2751337657742135,0.28555091087898926,0.2588832519417481,0.2752837893692554,0.24708831856528318,0.16967044501871323,0.23302318388127247,0.2643372174566936,0.2637712987866174,0.2965558690365085,0.28580815188499104,0.280634898242536,0.27767195617719453,0.27961109046874916,0.27714783907797735,0.25332463892616275,0.24746327498458653,0.2431622667135884,0.23817856453325995,0.286095042595795
0.25872337910431553,0.29792540586678723,0.28143955622260325,0.27099021978332427,0.19913889816265196,0.29396813288163365,0.20681973363693285,0.0,0.27166825777448333,0.2806462045727399,0.25240583495646995,0.28047435670609416,0.31499847468313374,0.21758115665199207,0.24614664825250374,0.30676840275420486,0.2813132959538672,0.2502891952885272,0.2463098931694918,0.2661115576862763,0.27548058033016226,0.2487415874165486,0.22273408252816548,0.21511263154503224,0.2936810869040037,0.2319084684164376,0.263113680452842,0.2661890427263096,0.19697479924782305,0.22967273914505232,0.32267611560305054,0.2806345510904826,0.27451881346116996,0.25074160880170354,0.23576272426039618,0.26385407800195093,0.2873890645720677,0.2920156523847762,0.2504172746278361,0.24036216028322058,0.24377553045279018,0.260781834224098,0.24783420566443728,0.2322337659689473,0.35597226255957193,0.28474000394549354,0.21695548836582,0.22764420828953247,0.23516925581332962,0.24781058477577692,0.25654749656038295,0.24523022529449892,0.21993713977203647,0.2550917267409211,0.24409948562993014,0.25218367921003404,0.2546004301064584,0.34425417247046053,0.23839458446419953,0.25722931764662765,0.36729492940429026,0.21277339407829862,0.2717808089160365,0.20388842520700198,0.20586663588283907,0.25216118775396007,0.2737941036669154,0.2456057164264843,0.264950069550726,0.4205897236730166,0.2593775298213126,0.22256704181052087,0.2364684778117861,0.30442238027759594,0.35672469518727684,0.22120271638083325,0.27884788147473416,0.23701720902874754,0.29548837590563626,0.18274840516397806,0.23675347034629277,0.25647940055624957,0.27363816280096576,0.2979744761778204,0.2665812686091316,0.3520192803950988,0.35266274679050236,0.237969002452929,0.31463559276113073,0.2703582255569629,0.2440244140200185,0.24774842355498783,0.23664100717631692,0.22208865283033052,0.25249321667028574,0.2779546609973514,0.2545018331602251,0.2861901386346259,0.18048427416495777,0.2943703854394971,0.21552067587040546,0.31214924677970585,0.22510123500628157,0.26274108777747796,0.2755689782114764,0.3099145248885776,0.2867323066824356,0.3092762159268027,0.24947159484177295,0.2564715325103101,0.23083815565553747,0.23184944170322866,0.27458811214036727,0.282587125645799,0.25489028972235167,0.29197128866913047,0.2623792252042868,0.20967293296836825,0.22998664493873372,0.240702773360492,0.21753642308188592,0.33667324774862517,0.21875492864563478,0.2701717708805617,0.1935732725931916,0.26431897572940116,0.22234033467760417,0.3125561756855649,0.2715971934763761,0.23860565053903043,0.2914483411633018,0.28534697310786944,0.2653944145610081,0.22858002518264925,0.25822853110477756,0.18896230612015288,0.23315848692972663,0.22046928777690214,0.25701356497974454,0.2747166433999422,0.2453849642947765,0.23553654996728315,0.2754807533915787,0.24569248356520323,0.2664322620862099,0.24291300060298127,0.27939976338098765,0.26460422400062145,0.2895050140054184,0.1932575271625393,0.2730566499419721,0.2419181613390854,0.2405339206737722,0.23446373106059884,0.3329080425192922,0.318023224402903,0.23770958687574092,0.311576327395141,0.1966459343617027,0.2234952884128969,0.22955839309117615,0.23227956829253857,0.23210572528044965,0.23651662371860793
0.3356836132075377,0.26259485267112614,0.2232162624364844,0.23132448016507956,0.23146786904245828,0.25292182233273774,0.22655150838438026,0.27166825777448333,0.0,0.22422972547545472,0.22687902994847173,0.2638235030558336,0.23590429506400154,0.25207173133565464,0.25687808317819905,0.23736999240671516,0.2251789863034182,0.28516371958643405,0.23809686701919228,0.3000288424082963,0.24434776029447683,0.29364767069680386,0.20985114473982036,0.2194978173194404,0.26488497979378456,0.2155013362235165,0.24151995932549877,0.2258202625246641,0.19023830380517073,0.29440850433950194,0.35046553000976394,0.253128484348543,0.2546792605439133,0.2189077075161101,0.28053821669880546,0.2467979423292734,0.2509433860491727,0.3164844925460702,0.23640448919613238,0.22097222893787005,0.23038235205564572,0.29890332039798223,0.23999334773497139,0.2574091270998923,0.2622250357913513,0.2564574127552286,0.22743908843496569,0.22009914267716152,0.23796285555104701,0.2721155851953125,0.2507749818285459,0.2376280606207996,0.2421610328265464,0.23662399264844816,0.2218616299268314,0.30471099755956366,0.2747597912770319,0.26313747200626536,0.23004110872627098,0.23469174647334823,0.2141008208281005,0.2411120179911031,0.2372352892834876,0.2260809746205201,0.27069065962462824,0.24763359693171796,0.27266239094446815,0.26759719338876153,0.23647706523938455,0.27261122104109076,0.3231056448542449,0.26071314570136195,0.2693886308025144,0.23667668904502653,0.2750726647511905,0.2461494884231578,0.2020348524417693,0.21421381612933305,0.2614862039474117,0.1965883707640612,0.23317658189555196,0.371855838495631,0.31377489024215255,0.22792672540804088,0.27539461261589904,0.33158730353093896,0.2569388210591951,0.2884400336464074,0.26549171751351197,0.35651993845569435,0.2886083808518765,0.3315640630921002,0.24238598301707895,0.2396316733882522,0.2954578603884308,0.30358250059238306,0.25519144863855214,0.2669024836037231,0.2601376562918711,0.24457865352111244,0.25808798971324204,0.20189482942803313,0.26257357977162055,0.2452295193450109,0.3101448395083601,0.2561795055283159,0.21376697177006834,0.25098035384035994,0.2272841641439332,0.2192651356748315,0.21905644784065367,0.2970716956673424,0.26846008768234797,0.297035914306236,0.25179996246904096,0.26074828500483693,0.2505252383210717,0.2289137906824137,0.18820770862656636,0.2632506902937752,0.2635517616376446,0.24493253591470723,0.23957121473561116,0.2741146711075742,0.3095940826086406,0.22959573653432486,0.23419608571967745,0.2330959790187374,0.21064236333834538,0.27137355387800843,0.3424799819688053,0.2655640747226529,0.236686047305414,0.3369075532180621,0.24823543409689838,0.23565247265826644,0.2606802927764725,0.24305369112856443,0.25057465814688823,0.30439973533471343,0.24916561647709493,0.25199264904417945,0.2932215483198841,0.2930249299915612,0.26611322443571805,0.28846248013433623,0.3790181550773523,0.22538946100400495,0.2700008629282346,0.18629893212224335,0.3144886618694746,0.2479447310789817,0.2492492213599868,0.22555300529980513,0.269525516022314,0.3099182434040939,0.22578880998800333,0.2621546219567331,0.25005646663599457,0.22923095563660303,0.1991136929132806,0.29854382689408815,0.27012634151009296,0.2976466845769791
0.26310206538316483,0.35838668833959214,0.3331157805992594,0.26292943365257965,0.2324891741684446,0.2697675627923521,0.2658487811476023,0.2806462045727399,0.22422972547545472,0.0,0.24164539987108732,0.25609736387030707,0.2936344062690304,0.2536533544159548,0.2415817851501468,0.27559546222621356,0.2929107321568962,0.2954879673850813,0.23498613967911494,0.24052159931584152,0.25726400517074116,0.26498107047612185,0.29282996404980777,0.23788892055344663,0.36366179673004295,0.21484151356378317,0.25353636362904275,0.271420977586432,0.29814134759969513,0.22296333942208274,0.262799270866252,0.279204793555908,0.23042309891823126,0.24457218929028793,0.2473973708818078,0.23338296162888267,0.2764836246317954,0.24235699784689527,0.20455341851207967,0.27644093270746695,0.2257882041371565,0.2986101959678836,0.22096187002387271,0.22977953029551532,0.2750394156670057,0.2664956774188778,0.2359102871264929,0.22712683127201155,0.30782631233293056,0.21341357283487972,0.24314846043115346,0.23238266750530495,0.22088951027751938,0.2601404277672634,0.2579761350000353,0.2832792117882928,0.23430862751443277,0.24028624925501035,0.2843338720999582,0.2495428334260981,0.25803656940014813,0.1985383745689646,0.2073688732366725,0.20844815590191235,0.21497870071776515,0.22971080355523477,0.25363316039024064,0.2523937011270502,0.25884735093586725,0.28300028730014304,0.23165143958172382,0.25402599510309115,0.21544043767990942,0.29186700629011325,0.26805047853699643,0.2531939368184037,0.23561207324574152,0.3000178457542159,0.21653599969677997,0.21461654953491788,0.2679856405370648,0.2315737287746838,0.29945511274777153,0.24786325630412973,0.24411740736354698,0.2829410907450718,0.2292115969642295,0.23295329335684836,0.2983057922978022,0.2355227939004462,0.23834529461150597,0.2528314125507924,0.2534394486490259,0.21574717633931853,0.26426923630156807,0.2946572385898764,0.17995836415880354,0.28849846709438465,0.19548448496592666,0.29526694750221516,0.23013463652237884,0.22582829249431718,0.21705895056114913,0.3136650317091205,0.21809054261388772,0.2638152191504801,0.246850014933651,0.3749569722131457,0.2774112244227845,0.3061765098695676,0.24214729772140234,0.2193524278017744,0.2562551332968474,0.26422688813528145,0.23098400786149997,0.2949206766382009,0.27169528763665063,0.26844394087897655,0.27105054461915945,0.25448881793346356,0.2183171529949342,0.21580644957850575,0.21920568910829524,0.2888412675767512,0.1980113677084071,0.3037008169166282,0.22589542876862265,0.23697269315477598,0.3099740184614168,0.24852655077759034,0.3053628192481067,0.23951997377660494,0.21774121757291412,0.20613783710713804,0.22325475902105746,0.20507869152705885,0.24265914338613262,0.24287039292219886,0.2705836409646981,0.24982492948596885,0.2404799619910429,0.2662829783405406,0.29320358703974003,0.21857562245734496,0.26176876094633245,0.24603865558648186,0.2179762026159923,0.3228955929786063,0.38793905650229127,0.20170429935051326,0.20976644885009185,0.27200110947927786,0.22854847403233666,0.28181767822137377,0.29833002857406776,0.2680198081945909,0.22896474683543386,0.33444806887987827,0.22935024616713534,0.2492266883454166,0.320720024918274,0.25301390453439104,0.25166145685176655,0.23636591544524493
0.3074226929939473,0.28174609308348636,0.3007203922909272,0.3064890636558654,0.2546041725038562,0.2847730937179544,0.26696820244248887,0.25240583495646995,0.22687902994847173,0.24164539987108732,0.0,0.3240551393574539,0.3324073239829689,0.2396036213590712,0.27776877879629686,0.3638286703231893,0.31452009964818806,0.29939651952552443,0.29279435682878985,0.2806763223721509,0.3269800690528584,0.3407714757401028,0.24500426114906249,0.28922946167528285,0.3133077819357387,0.2894808301598227,0.25081034472116076,0.282995678530563,0.2732518243675873,0.24688834150073927,0.26776304451298333,0.30542053466871266,0.29284991858984843,0.24160745915323945,0.2615782248827639,0.291322945323715,0.3622098974078124,0.2996033722529863,0.3323617963847322,0.28442506894971664,0.2770410209042378,0.2511722594294179,0.2885435251440034,0.3308171059609489,0.29159284069177227,0.28139170606121494,0.19746599220433186,0.3832417968331158,0.311110028913525,0.26502516294072626,0.34347587217258213,0.26102229783765135,0.22444015662341882,0.37333353176146805,0.3663725741934311,0.2037540213938009,0.32150918849604954,0.33998225660824816,0.2748515072059775,0.2897889815059298,0.30064535456867125,0.20027003868605603,0.29326749699247595,0.21405156701703743,0.2158627462245866,0.2626812277815572,0.30050054346678295,0.2766902478552822,0.28983305475217974,0.2836852178407544,0.3080850495848105,0.22924940926908383,0.2486136051701783,0.3573456500073023,0.3041237275395662,0.24289462432928588,0.3373708073823261,0.28362375140040286,0.2573411946810281,0.2093451495434082,0.2542857614198936,0.2527397488688027,0.2693997678574725,0.27036452115332177,0.24448583347514286,0.27611647939695755,0.26954224926865655,0.25286991304090833,0.24494177908315345,0.2402823884771863,0.3401149473017796,0.21926645191241811,0.3397778904692418,0.2747184522288647,0.2550289499285186,0.2884889330131683,0.21933864273293877,0.2143883331622838,0.18653297838164365,0.24882488579325926,0.2699278119092745,0.2683171150720877,0.23476382992365857,0.2328887403513411,0.26756927468590636,0.2566018163320467,0.26288093478777697,0.2525094439147291,0.26603281638154297,0.31884114462272306,0.3667149748454678,0.2509002300284104,0.2660039027394875,0.25788528127708454,0.2766335664299202,0.2622807779833224,0.239242756370332,0.2820820171813754,0.2745523799518686,0.21886904009392472,0.27581404527202696,0.21605072015577884,0.24079903407182665,0.3390225489154069,0.20897902505082427,0.35457437869425273,0.19569012501229804,0.2903617307965306,0.2707936021802532,0.26360527506467796,0.20115143446042064,0.3001853390978857,0.2674411755769223,0.2552626658624034,0.3534853165210216,0.22932448161996527,0.2512068099368645,0.2506326439364209,0.29594685196393206,0.30633084368736013,0.29377764026816267,0.27236555895136366,0.24748857229949953,0.25805314716595296,0.360440100295235,0.22261021416918905,0.26010789502096504,0.2618969933397732,0.25902125272180854,0.19286344308846742,0.32958688954488496,0.24569045732487524,0.3496375306108813,0.23254358900927663,0.290083730283602,0.3220273051509602,0.3014379558425869,0.29008190669873113,0.2537300366484762,0.24720946935309593,0.22543460838330556,0.2556290828642693,0.20625777989869387,0.3618332441506875
0.2793325720514108,0.31546777913861324,0.28266103920960195,0.259037601635919,0.2243714109779905,0.30588079359618375,0.2712883541083526,0.28047435670609416,0.2638235030558336,0.25609736387030707,0.3240551393574539,0.0,0.25435358864046165,0.1884531207195171,0.26311702904120526,0.2975597811501626,0.27763740240941087,0.2415342453684041,0.3406012146151738,0.2743875503588749,0.3247037502841269,0.29422219382541975,0.24438264564448717,0.2768740193253728,0.33972128133681445,0.22589345794140334,0.24596955599891637,0.2387464821631082,0.23660989485393122,0.30329678647850283,0.30402117445576926,0.294246138283201,0.27641978689123026,0.27296462496868024,0.22454047215987397,0.2638078048176636,0.29379551844616314,0.27170767960302655,0.3254501104989943,0.25221223258543557,0.2715565339600902,0.2698632445303901,0.25880817508651005,0.27853292435368293,0.2771744140927408,0.28287037326359155,0.2513675400119998,0.26873577758650374,0.26845884666274855,0.26245124073558745,0.3151014969625022,0.26774292571692626,0.21682194184590825,0.31387471444170145,0.30886383369507026,0.23053240029922686,0.31537909110841766,0.3536610788102174,0.21988104323449584,0.26739059168147966,0.2262654305927608,0.19577987725088047,0.2588098112223701,0.20102301826486202,0.21170296472191483,0.24185948272118055,0.23117912673313143,0.23906039871682272,0.22181294741011057,0.24538623259836795,0.2566000845416977,0.2011126872777203,0.21325772847813498,0.27985038482158064,0.2776503422451167,0.22912741828423952,0.250486774686543,0.27177936377045053,0.24221039868188304,0.1913794383002042,0.2270426417492482,0.2654124691536358,0.29749809376626035,0.21140873749515127,0.2492704395925018,0.3071905076203066,0.22450043480487486,0.23617665540518906,0.2740175964746104,0.26495792852541367,0.28500266910685695,0.2588611141802593,0.2875369430767559,0.2610088317131562,0.22537604111389636,0.349478747021698,0.21118776100827694,0.26148352348441195,0.18055188609160755,0.23974971259666092,0.21415464519766217,0.23837736724881042,0.2404136443685029,0.3059290108444394,0.2431143563683658,0.27330547183508336,0.26855373547004807,0.25788143875905106,0.25453952660180285,0.32795423706827737,0.36491142550415956,0.2526916502379917,0.22947492393154295,0.2518886039603144,0.2425471161847007,0.2801135182578132,0.24301623161450212,0.2916878858081123,0.25081414394382107,0.20302115587526948,0.2304754445280746,0.21019771688213582,0.22085317590670803,0.3126687116036895,0.18483194409417245,0.3518637867356366,0.19958401574552864,0.30174414893890816,0.2678611467884279,0.22411045238598148,0.23659771086331097,0.2603040523136044,0.20579240933732532,0.24768258170556637,0.2671628451643911,0.1943163107243287,0.2895368886087914,0.22820627115750616,0.25229341256447424,0.3062766856940449,0.2189025263470996,0.2412756483692799,0.27091198388526444,0.25108350433770266,0.29238570457255364,0.273660154254616,0.3519589319757491,0.252144435768566,0.31374906110069256,0.19419887821135623,0.2729033247780355,0.24941036761704366,0.2877886155924217,0.25145529686879864,0.3562370588343685,0.2602264642846812,0.264797727928537,0.3099800789031056,0.20033894189647014,0.22943922375799175,0.18658972890557768,0.228179832284691,0.2060108970376391,0.28183256642378607
