0,1,2,3,4,5,6,7,8,9,10,11,12,13,14,15,16,17,18,19,20,21,22,23,24,25,26,27,28,29,30,31,32,33,34,35,36,37,38,39,40,41,42,43,44,45,46,47,48,49,50,51,52,53,54,55,56,57,58,59,60,61,62,63,64,65,66,67,68,69,70,71,72,73,74,75,76,77,78,79,80,81,82,83,84,85,86,87,88,89,90,91,92,93,94,95,96,97,98,99,100,101,102,103,104,105,106,107,108,109,110,111,112,113,114,115,116,117,118,119,120,121,122,123,124,125,126,127,128,129,130,131,132,133,134,135,136,137,138,139,140,141,142,143,144,145,146,147,148,149,150,151,152,153,154,155,156,157,158,159,160,161,162,163
0.0,0.877037369675288,0.8397960057572524,0.7997078625647521,0.776384912403517,0.8817512550322799,0.7755617098869321,0.8959469703714861,0.8388363335648625,0.8567564735904807,0.8928634560012333,0.8271213498141028,0.9608928533294107,0.8427938870401913,0.7915265633859851,0.9157495320351943,0.9232964600777562,0.9538383913421363,0.8860908577566748,0.9391583057415597,0.8796261817811809,0.8532265732437335,0.8486518713718112,0.8291121848704466,0.9263892271096577,0.7541741085051721,0.8306093354302669,0.9193257278566708,0.8059927134044497,0.8751803517039886,0.8337669179731373,0.9265448862426229,0.7519931258508921,0.7785624371710967,0.9499924917955412,0.8069575678595371,0.9048267445181234,0.904524027162239,0.7205219712510503,0.8565282111126922,0.7732004017825836,0.8760851694870881,0.8472218153749024,0.8005768020048679,0.8533055548220131,0.837544300956387,0.8029224776918427,0.811331877678205,0.8997532618105619,0.8857410339594944,0.8559902841452396,0.862005346860524,0.7756166545806126,0.7996827859578598,0.7837092107655137,0.8178024504285294,0.9344444560779166,0.8744513790095879,0.8851370686972599,0.8893431137979816,0.8559581261587917,0.7455482976173059,0.8646573841334878,0.781041015700897,0.8277672785845283,0.8161222160709017,0.786365469815174,0.8107507619421674,0.8596072262396658,0.9474918304029913,0.8595160278971491,0.8836412040601639,0.8643818778697385,0.9230209919551234,0.920255242318332,0.8289051473123903,0.791097379317737,0.7718294237415156,0.7704110994486753,0.7484410643652757,0.8020126820215139,0.8763814219759418,0.8266713280127722,0.8936770606182205,0.8744933459093167,0.9160417547789631,0.8897530970005192,0.8813110311229311,0.9033598543257509,0.7291306366686353,0.8692314673477859,0.7610422860819441,0.8443548149550151,0.8617655870516491,0.8580311805280975,0.7781314580711256,0.6744586958295887,0.7955263791813739,0.8041340114859964,0.8791465594366071,0.7667566278078835,0.779327585639914,0.7135873110904364,0.7698706983292901,0.8970189065989654,0.8490713072766716,0.8044656480178057,0.9093100225208192,0.8073320130043604,0.8410942796527011,0.8143936299990256,0.8302595982772172,0.8906972309942073,0.8327726443352881,0.8630867826690779,0.9430598923022582,0.908961036884721,0.8680159720027882,0.8336144805205431,0.8324277241116822,0.8497486328377166,0.7819755029446435,0.8624718454740881,0.8303219389327954,0.8258452380754427,0.799619984973788,0.8566444711622586,0.7749558541019265,0.8228604925586779,0.8156397908092615,0.869485624013098,0.8526626185196592,0.8638203064600962,0.8519511726777653,0.8281254365464082,0.7575271240279858,0.8882217823087188,0.8331241083617915,0.8301360773103568,0.8560809651390885,0.7537598107628639,0.8852042791323604,0.8891182402076675,0.7243624607272815,0.8373031235226692,0.8449059655827373,0.7979099141369054,0.7521238923924706,0.8850833466362764,0.7672843071836697,0.8881939594354321,0.8227533377642905,0.8790822674668501,0.7563375452904592,0.8412060804210993,0.8549781908621551,0.8997844210225604,0.8410852297761205,0.7798803052175035,0.835820254553453,0.7621736535911412,0.9518801883322284,0.8690525778161046,0.9323449590948253
0.877037369675288,0.0,0.8856551641065663,0.8330133286439036,0.7679510428223063,0.9013988694428922,0.8569230589765624,0.9106686996179334,0.8338218066379839,0.9690439082302009,0.8399760510565684,0.8557508001301714,0.9192224972240852,0.8251641364995829,0.9055591740777825,0.8366303029783033,0.8095003979453126,0.8528845965194923,0.8024830158777755,0.8059011919545925,0.8212193645069731,0.9221414120198601,0.7866059695816185,0.8507075194912356,0.8879620179827084,0.7071150358079903,0.8212506606808542,0.7925435953464837,0.8934190617740151,0.823406891527182,0.888187847347793,0.857772504681355,0.8678545350560246,0.7002679013125052,0.8482527632518274,0.7986978740263472,0.8897638127849508,0.7964245738184529,0.793529918354975,0.860725861267042,0.8024278873871025,0.8473003568462507,0.7507730937779269,0.7897104629182626,0.8387464332756543,0.7947806415948783,0.7985035080589972,0.7868769156712471,0.8387671375487129,0.7847406254106749,0.8165085291952018,0.7739735713158093,0.7563426314966875,0.8729794410371104,0.8003249772497039,0.876451246514902,0.7979499986395125,0.8213796389313796,0.8521340033736843,0.839534625201519,0.8767169599535182,0.7065529808509952,0.751512638743317,0.6954843079954979,0.7546929801392279,0.7167971516461059,0.8409181050042582,0.8682481116506383,0.7656183251518469,0.8908909059993285,0.8576568212674067,0.7870578874280797,0.7181914710185285,0.8896456406642422,0.8312829907851006,0.7714196414207312,0.7879734734508976,0.8245136128399675,0.6840710648096808,0.6999100359933682,0.7804918773661422,0.8930765607531471,0.9178746235935064,0.799268028565528,0.7031570907013001,0.8773844941596132,0.8054264115972748,0.7961352373103716,0.8454377282050257,0.8322300635931749,0.7868403187942669,0.8483836389519513,0.819871416152664,0.7614806343001577,0.8070207204225567,0.9144492068981808,0.6913383285657264,0.7581874073097147,0.6897677383575902,0.8616454879424376,0.7912160580966067,0.7548781176225432,0.6396101879245599,0.8062457566963809,0.7581244714336723,0.7829917906542251,0.7394625778868268,0.8228640295717884,0.8307935323815349,0.8673193398886636,0.7866260771772705,0.6875958057691328,0.8257936694455527,0.7614258886250346,0.7570126696326962,0.8836337180947833,0.7876701666573765,0.8246111892242245,0.7717759802182327,0.7798426392886922,0.7777772671696641,0.7708526414831344,0.7208463074559296,0.8609910370235364,0.7404844826786198,0.882938971522195,0.7769810827735387,0.8571534805342391,0.7828315016866199,0.8392282944012283,0.8526301720334825,0.7898755968857712,0.7780931120787788,0.8053027933993449,0.8227313659772217,0.744432347831734,0.8390086871712298,0.8345597877478194,0.79319491126817,0.8432738293745452,0.8135077078015801,0.828921328190646,0.9263713061290573,0.7180433799259053,0.824159538028769,0.7564015835430745,0.8716954563904473,0.8472213618389245,0.847354925665997,0.6707327312367769,0.7785071714899366,0.8189138552496502,0.8006429782107988,0.8771148697887562,0.8362209535053599,0.8952468295656671,0.8800609407205193,0.8864149393142449,0.808628017119299,0.7401040503299658,0.7998028756828683,0.8208441342762016,0.933939719952747,0.8399204415734856
0.8397960057572524,0.8856551641065663,0.0,0.7705688875597624,0.8858794121510737,0.8875077629201681,0.7496314941960658,0.8586983380400718,0.7782338823071577,0.8788430440089803,0.8780459332044017,0.8252383274566851,0.8882663199649622,0.7943943465838998,0.7964319401792058,0.9173791720714756,0.8795841337575295,0.8408366497856915,0.7632239256587323,0.7937817185331957,0.8993804078288012,0.9454797463753225,0.7460750090933249,0.8109138782929712,0.8263431037427558,0.7725185788626198,0.7820281562410732,0.7704358837669236,0.8785136884119998,0.8380997679506244,0.7495372585244124,0.8316744921493735,0.783822642164232,0.6621109701697062,0.8058575357393939,0.8578355782422896,0.8349617983642403,0.8735410680890531,0.7528470546644401,0.8261825164395201,0.8312053852267098,0.8717570477353115,0.8006531420545165,0.8033770903037306,0.7841164320463168,0.7541687892656807,0.8474620800822472,0.8289021322789779,0.7809362934571744,0.8548759398016366,0.8115314304215399,0.8415231160022009,0.7178078743766192,0.8428375450416469,0.7777871262300659,0.7961032012659612,0.8014648700697149,0.9107488839021444,0.7806329863269861,0.7992963599579668,0.7902164418142801,0.7585044310232293,0.8434331096865262,0.7703930410994786,0.7183439616709398,0.6919516772298124,0.7186581565277751,0.8488875002152271,0.8414795581946337,0.874346708072261,0.8606352377703864,0.7480383159143388,0.7483538720783725,0.888796725302684,0.8713721028720235,0.6557802898142792,0.7722349202945885,0.8577287823649917,0.6945146549780932,0.6955860471972047,0.8135910492505221,0.8223115859131662,0.8653036255475907,0.8330710916833325,0.7527226299843941,0.8815063163633137,0.7720041403416764,0.7333968827314395,0.7446548941456465,0.7174346016940039,0.8774634158250497,0.7028586789718675,0.8390076976602369,0.6913489742737318,0.8100277539590232,0.8300950262811249,0.6619870488654775,0.741340332987994,0.74468217814748,0.7511387554807641,0.679577399311091,0.7415233559382617,0.6366805146971507,0.775741359687207,0.7812124326364972,0.8269133930802989,0.7678594158560698,0.8378755715638659,0.7979844546516446,0.8199680086164364,0.7537180620981497,0.7682796110886186,0.7790070790835267,0.7765891510276945,0.7608612753554541,0.8943282734766279,0.7385807052811755,0.8099431537437404,0.8533442790980132,0.7921694136462057,0.8764645424635931,0.7875298663795849,0.7440094942310925,0.7935449824031765,0.6994661435986715,0.8179334621010653,0.8386472831739062,0.8306572584784293,0.8192237790469744,0.8264000561440586,0.8362144214078395,0.9301552368950101,0.7123350484778204,0.7943131602708743,0.7949582893515373,0.7396109623991092,0.8128769638873391,0.8055740895058455,0.7930394458631562,0.7922519880465242,0.7103706115261593,0.8930859146820401,0.8015628545395351,0.7893377259241139,0.8431577756311444,0.757126416631988,0.894476260450806,0.7858550684342615,0.854872039049971,0.792491806421612,0.7073695207857941,0.7427123340500416,0.8356839983946657,0.8633634458424283,0.8276509377342212,0.7792823653824837,0.7857948590445044,0.8606802545235703,0.6941944805734858,0.7125246270162557,0.7597112764478666,0.7546152906841134,0.8640281890606241,0.8627350046199461
0.7997078625647521,0.8330133286439036,0.7705688875597624,0.0,0.7486621106504867,0.7682313570757169,0.8625133017586094,0.8023493809506667,0.6930869088934316,0.8132711648467356,0.8543098181045903,0.7952334757074612,0.8294731251603268,0.8090781570902342,0.8424049736452298,0.7863102765588212,0.7957620335856336,0.8112161701701852,0.7963639089275513,0.7328298583186847,0.7839870993961953,0.8070010681209833,0.8136940006452541,0.80252651226553,0.8048378360504458,0.7518520392331004,0.8314299480136459,0.8144094821391583,0.8559839134091202,0.736370008899702,0.7736019971257848,0.7813174672129826,0.9097866016754387,0.7207229572991043,0.8365478067223109,0.8441936138023945,0.8125578769832852,0.7840989474961574,0.7833765085966462,0.8817681776759522,0.833779805547956,0.7314214556825608,0.7328477451172823,0.8057267726960318,0.7869672783913028,0.7448502761055769,0.6761794186714122,0.7645785316262652,0.8466198888070932,0.7659207214193496,0.8458157757739317,0.7665443418012342,0.7130968388184472,0.9060258698188315,0.8696225794260852,0.6828198356638537,0.786494097720601,0.7978136311926244,0.8346106207186156,0.8273031554948581,0.8309400333659465,0.6558735982071843,0.7491412918702006,0.6932536891860397,0.6948862632240846,0.6810223648086883,0.8104792728093896,0.7225728239145124,0.7471884277212189,0.8329832969741563,0.7457873444748061,0.7944623191956453,0.7390468326993465,0.8776104997664803,0.7768047940246312,0.7094604205621776,0.8158034121285116,0.7991961820781708,0.6888942897061,0.6709033108923069,0.6845015618263083,0.8050463121540506,0.7489558221738928,0.7703785014873162,0.7452445873061732,0.7774082480148298,0.755393824639117,0.803067127785354,0.7794577627623638,0.6768479120513046,0.8161095563575207,0.7680897624696312,0.8347462515985065,0.7425991908891634,0.8371443031951576,0.7809395425561004,0.6140629963689644,0.7017349808530822,0.7044774667242972,0.8392711647884866,0.8005329845835004,0.7470392952519255,0.7498043220857222,0.7605260399285279,0.7676186964036064,0.7187384214943229,0.7253485793961562,0.7662060493396154,0.7905254677236873,0.7483020076243296,0.8267053712157341,0.7508829424103919,0.7859231177996413,0.7588196288563109,0.7843187722844301,0.8268617517938501,0.7439008479352374,0.778900540698004,0.8009893184636546,0.7784264947613354,0.7705839084293782,0.8529764046645094,0.6938116201202774,0.8005826944116788,0.6895248772311053,0.8346549250073245,0.762451891272958,0.7652075383900416,0.78520302970255,0.790082329103987,0.6977386352829956,0.7047295657211164,0.7876893386224446,0.8062278400463003,0.7539381267772847,0.659730925093036,0.719793252370556,0.8649269466345678,0.793813639063327,0.7961421437825454,0.8344729307821971,0.7519809197241487,0.8556905444187175,0.7210852256875269,0.7934422697947654,0.7318309139618205,0.720334630350661,0.7406344518812417,0.738161322259967,0.653595542439741,0.8058879177514112,0.787885812071876,0.8017798530562491,0.7287491669234659,0.7980830277921288,0.7694149926108135,0.8310163759400184,0.7936759295816718,0.9149658600323888,0.8013776060813447,0.7272533352685528,0.7796853828507434,0.754993327409934,0.8314563347932168
0.776384912403517,0.7679510428223063,0.8858794121510737,0.7486621106504867,0.0,0.8015893414259392,0.7843859530381986,0.7303934747409153,0.7255549779554173,0.747980373268951,0.857629320171601,0.7991144602294538,0.7913240296492756,0.7165826019857348,0.752942817190721,0.8784625434888689,0.8403214458308673,0.7723988366139226,0.7306898019228686,0.6982678984140714,0.8590405779540289,0.8693865169362979,0.7410364461149773,0.773561168513634,0.7376944800465084,0.7595452189869449,0.751108683110984,0.7247464701180517,0.7953023085494669,0.8734084936142456,0.6793274325891513,0.7838625382901568,0.7284202346467455,0.6356656774312074,0.7256478139722998,0.7754625148299567,0.776619860118894,0.7934014087491974,0.7584526703636734,0.7888926010697491,0.7663150227798279,0.8423947341990907,0.7596715866207294,0.7875312383940891,0.6832504903553877,0.6953336991124485,0.8081534076688173,0.7815715196748962,0.7669416052260427,0.8080255062548396,0.8305192834896404,0.7964321598311543,0.6742570002135082,0.7868618803302141,0.7561171458201422,0.71738645467405,0.7747613611728614,0.9126510488338975,0.6926040973782239,0.75779342402869,0.6781260851180533,0.7367934980978487,0.7889121312337398,0.6875557134745457,0.668066107025647,0.6198152688599338,0.6476958483673051,0.7930077933356526,0.7586870237463602,0.7808528991859733,0.7970106326846119,0.6765017968930254,0.6913823177692179,0.8422909806241883,0.7791739246495013,0.6087893163563821,0.8062512426542224,0.9189460222184854,0.628852062537284,0.719214451988956,0.7208221710996786,0.7785650266752807,0.8359507006212155,0.7002752662514424,0.7304881819370512,0.7606320228834063,0.6883839589351693,0.7037489347552971,0.6724043694122934,0.6568492169948811,0.9255083870542892,0.6658619516494733,0.8503321353850007,0.6574876524725378,0.7819657398061998,0.7399555569737922,0.5576000179301303,0.6483126733690676,0.7404975717824175,0.6733204195368935,0.6302869563379485,0.7014624138197784,0.6189179817185013,0.6683969936196056,0.7092332067205295,0.7645993782584476,0.7044835295715323,0.7479481120243708,0.7422031881420456,0.7455567141807482,0.7648372257314414,0.7665393952149734,0.6924569068453859,0.7467861265508311,0.6977984670841088,0.8501647052955071,0.668637551904084,0.7830015417446117,0.7739599808220482,0.7420642713422767,0.9231291883434785,0.7381831053965551,0.6759021324035639,0.7927184262089094,0.6427027423933847,0.7448615045732596,0.8176474448139341,0.8033071376431178,0.7107454866720047,0.7216542708099845,0.7522377767041984,0.8806188494142937,0.6680440131759241,0.7726585258094472,0.6792713009718198,0.6747807715804199,0.7382040789646267,0.7583373188125605,0.6964428279036468,0.7739881031330628,0.6162420511206634,0.8429759859449661,0.7712300983529692,0.7404528768807139,0.7836952923016282,0.7126504758940645,0.8596837633814691,0.7368968687255549,0.7239100305001209,0.7393320394987972,0.6656771609330088,0.6878777258627142,0.8212500011807458,0.7914450299385029,0.7553203125100142,0.6859283883021141,0.7475786337207115,0.826091870824691,0.6559547878770109,0.7594933682444187,0.6394521456641048,0.6956280824191063,0.7434449702050516,0.8765095986022925
0.8817512550322799,0.9013988694428922,0.8875077629201681,0.7682313570757169,0.8015893414259392,0.0,0.7867806078170881,0.8476174803077723,0.8091612076940534,0.8759946709795523,0.8463300996139879,0.8389125336915887,0.8929848866825796,0.7536307474744711,0.8121634327838889,0.858354123584145,0.8125723557813921,0.8029142804300652,0.8077996225417947,0.7848894948155941,0.8632849325649679,0.8862414392975914,0.709894098816862,0.8011080096392365,0.8652935605277114,0.7126306645891949,0.7074395424225096,0.7524389091230916,0.837908860624564,0.8312228315422138,0.8389639881261585,0.885522521019885,0.7871868137254231,0.6753024063327554,0.8099511994722415,0.7553018245836518,0.8944011711659393,0.7839195963098855,0.7698409326747333,0.7667400444187946,0.7528345977865177,0.8686403780631965,0.7788957433834548,0.8530039242163823,0.760972032825717,0.7479488734511387,0.8161381172769048,0.8516226055615527,0.7840960162916131,0.7790556607363643,0.8370581048785478,0.8242569354690756,0.7361161592796598,0.8516300441208958,0.7781847874710095,0.8769755954683829,0.8033535161830111,0.8620088335930957,0.7625861941172639,0.7638549452058798,0.8582804583158187,0.7671464985916205,0.8273195329431239,0.657673483962413,0.7737000565308215,0.7380505213795484,0.7599227826401669,0.9078234115810888,0.738269380633007,0.8741351375188812,0.9087342993319876,0.7242443274695292,0.7477802128481772,0.8617099126475685,0.8339131827998524,0.7618124656142656,0.7814051396578495,0.8207487457587981,0.6713551897042067,0.8023062689170005,0.8857811597184077,0.890851459013579,0.9074345499040264,0.8004706430450322,0.7359056261998848,0.8267913217683285,0.868054893263068,0.7587657794054736,0.7890631370630202,0.7685672721701786,0.8049931104101312,0.8000287700070643,0.805777010896348,0.7688357369885869,0.7922049007461809,0.8972356842188932,0.7224884990077955,0.7482484345236803,0.7126360835074798,0.7799114299069407,0.7358353865011704,0.7652764825887013,0.6420066808816743,0.7639208833488874,0.7664111527503246,0.7758908740690971,0.7453360815915436,0.790483692078664,0.7573655563927212,0.8666718088070418,0.8091595630998942,0.6969750887099859,0.8911381219841643,0.7335163524195705,0.7414832754131383,0.8462115718651229,0.7914531453781197,0.7997554555613599,0.8193930089224661,0.7590107060294995,0.7879896172726842,0.7767486478702327,0.7554698141098605,0.867314963942802,0.7861219414802033,0.849932504876493,0.7931101047676734,0.8082058695760063,0.7642198482067072,0.7543836890478304,0.8263414673232217,0.8838656463907147,0.7629397704575426,0.8295332507047875,0.810635803386823,0.7834489618501402,0.8277696023229816,0.7465295673854447,0.7003100212355625,0.8024685358825583,0.7711574503497473,0.878292748524958,0.844696626576441,0.723715122794256,0.8391680903811862,0.7428426225099344,0.8846545473192016,0.8133876799097205,0.8198154059859399,0.6875410140216313,0.7798604322911695,0.8121504612750222,0.7595013189633039,0.7733738020474734,0.8291177433881302,0.853888758536247,0.83076099587056,0.8952070239257998,0.7323589770226457,0.7710885686231743,0.7583682120497357,0.8543762538455788,0.8969379619105688,0.8607751874839055
0.7755617098869321,0.8569230589765624,0.7496314941960658,0.8625133017586094,0.7843859530381986,0.7867806078170881,0.0,0.7736261126100357,0.6986048725590782,0.8348049136487508,0.8003728271038978,0.8729059732012444,0.813567554261014,0.7010236991207911,0.9152737952346219,0.7777529468714433,0.7404327935153101,0.7453884933459791,0.7912792716291042,0.6940339496141207,0.7785504335122371,0.7927699168566931,0.8191841725997442,0.8706811891926266,0.8114415702619673,0.7250117386199646,0.7767059340834125,0.7406803593849741,0.823806500531884,0.7967052266386795,0.851819139716354,0.813051156713661,0.8583441990658307,0.7339676649407394,0.7420908647173605,0.7286605718101795,0.8605843675633474,0.6794707632123207,0.888702398325679,0.8627973004475943,0.760517183541952,0.7398439840479426,0.7268888181208691,0.8094500569592451,0.7747551670582694,0.7723211440207843,0.7374706640112028,0.7680763160188439,0.8713703962077238,0.7073836221819106,0.865352761252703,0.7176986233079891,0.6735274366246607,0.8670557591278114,0.8473212627182909,0.7541637965172991,0.7646933463891125,0.7748549088350715,0.7651468790752242,0.8117796539517501,0.7781538930063501,0.6454809572796208,0.6715223913056168,0.5921572702440183,0.6840718910634822,0.6614929430957716,0.8186962313964369,0.7993415996318485,0.6424259107985978,0.7643667093648291,0.7732105819444045,0.7126219681012462,0.62043496368139,0.857240119741666,0.6904722706159475,0.7584504814426927,0.887343626238299,0.9039376247563871,0.6463096215115868,0.7434286198254059,0.6732046075396475,0.8040733453564692,0.8682802883142303,0.659014446416061,0.6679655324410927,0.7338934568190192,0.7187157309050995,0.770245457409879,0.7915415163796912,0.7773315857081183,0.7583400003653852,0.8367980273676909,0.8253922364204064,0.7536306425956655,0.7234406171210059,0.8394583443445337,0.5774649911742823,0.6743856214015285,0.6081118023528381,0.8243836978521588,0.8006096645023468,0.7836610434760889,0.6649781253334025,0.7216509641793097,0.6548359137573261,0.7311460877491615,0.7114393495111081,0.718952171461574,0.8174406743187704,0.8256910070664245,0.8743881898714964,0.6604206797204627,0.7237731646075803,0.6828325674005103,0.7034215207387758,0.8046337689135713,0.7167852742427419,0.8187966225848102,0.7003923696550258,0.6637819880984052,0.7646600771294486,0.723519592224171,0.6471135222380613,0.9199220414925574,0.6311344601934826,0.8828261284555308,0.6896441433316299,0.8850095922957639,0.7036406458742581,0.7430750714375989,0.6939210209528329,0.6818553167507803,0.7420684174369974,0.7166116109175532,0.732758417248694,0.6616269428465709,0.775230627214073,0.8259107052888425,0.7181948353434088,0.8681656275538695,0.7315818732975138,0.7293601759216036,0.883492102559337,0.614206538363013,0.8004820649371602,0.7211164199309947,0.7854206148276748,0.8341317148852493,0.7148213356161564,0.5760174408567323,0.7743654991579213,0.7503897866884927,0.7445991946819135,0.8153726170232516,0.8013145347869974,0.8222969426158724,0.8708859819645266,0.8837359754503338,0.8087333920861015,0.8166728760748692,0.6848213169255122,0.7325086898418364,0.7882788029571295,0.8052891986449193
0.8959469703714861,0.9106686996179334,0.8586983380400718,0.8023493809506667,0.7303934747409153,0.8476174803077723,0.7736261126100357,0.0,0.8365610040981426,0.9159785835134047,0.8146243954953538,0.8716917264697382,0.908463376230326,0.7770022205528824,0.835172455221855,0.8575460282764188,0.8397613567982967,0.8794378149133577,0.8418786977226365,0.8757070808712994,0.8384635650981467,0.8458895326234395,0.8371769918318648,0.8242245915259875,0.921618842731018,0.7403229656058966,0.8422284445729128,0.843442057019321,0.7908586632478117,0.8333931270108763,0.8955178708057435,0.858872824919343,0.7971327990486464,0.772935170100118,0.8713181232653198,0.8374962200678415,0.8691145142261839,0.846242640077629,0.7449273175490472,0.8337097168447679,0.7954029202270779,0.8360515790778861,0.8159509886386831,0.7483272403953959,0.9151727824313304,0.8425556518327972,0.8095197069657153,0.7553667876539439,0.8437577683167429,0.8280351604169668,0.7964352125063981,0.8047492131303594,0.7077255930128793,0.8014627353582987,0.7645379330568254,0.8393948667239648,0.8325860030609109,0.8548909172958664,0.8309415021380696,0.86244937542963,0.840224694493172,0.7015717563367926,0.7860425051759528,0.7527163532855634,0.7407231670081184,0.752356612146411,0.7902399260592332,0.7959287931865698,0.818257460204995,0.9388276506141755,0.8214289450054693,0.8012003105387158,0.7489193271610161,0.8816909125864324,0.8575006972606063,0.7578992852447886,0.7532075640398243,0.7578011465479974,0.7736522285345362,0.6383701423132657,0.7344108120617748,0.8808800657474991,0.8362399331155137,0.8449633595247255,0.7762551912916912,0.9417346266386315,0.8525396758723492,0.8236361424020868,0.8977049746164283,0.7973030742925267,0.801618953163708,0.8252723995383551,0.78451696375889,0.7530210488355668,0.756187155839578,0.8392224788431693,0.6867356445551983,0.8409208797552827,0.6991302873312596,0.8878518312348744,0.7202762431717676,0.8119102920790034,0.7232712847794853,0.8602598713290763,0.8265883950979351,0.850537394230436,0.7933421051890448,0.8948359614055592,0.8202488686327586,0.8280051511783912,0.7719148703634889,0.7627562823734996,0.7911111784434351,0.7887737598298177,0.8040868214817802,0.8994057210789818,0.8321478278493704,0.8285057334894349,0.7785451777905383,0.7917831346213261,0.7573869082817708,0.8441196846711759,0.7711102778033305,0.7968768667851872,0.6905201723803313,0.8273851376261885,0.7940742661976388,0.8450694639762221,0.8277875922945515,0.8213852156986191,0.8761589923833079,0.7891958470292146,0.768678089164066,0.7699987477979426,0.8235233683379443,0.6751584436856876,0.8731586249614123,0.8282766573429934,0.8580957631005723,0.8753793333960145,0.7536504318311616,0.795419035398372,0.871132956782924,0.7107143377274079,0.8023970899751901,0.8540877175279434,0.8375767816991945,0.7665481814900407,0.9105309970398223,0.7195462563201762,0.831331863967033,0.7554267973943078,0.8230608033549813,0.8475942983817889,0.8831664658615531,0.875060361731017,0.8260293620341237,0.8537215639481797,0.72972247071678,0.7142933820843999,0.7573788329430092,0.812644965054132,0.9427893816528341,0.8188607761007407
0.8388363335648625,0.8338218066379839,0.7782338823071577,0.6930869088934316,0.7255549779554173,0.8091612076940534,0.6986048725590782,0.8365610040981426,0.0,0.8034639474363682,0.7608809733427294,0.7262080620800286,0.7959304084877405,0.7964972240790141,0.7074878261308419,0.750805797953436,0.7438308201163458,0.8107786435753622,0.707040114578184,0.7462984027944858,0.692600921475455,0.8559250840217405,0.7022517978009727,0.6605954566006308,0.7729504975163288,0.5823616235485055,0.8090451320374517,0.7472928140666696,0.7024264263472564,0.8640728610502147,0.7575768080650536,0.7612263961842934,0.6727493584731804,0.6005882635048393,0.7859322199347973,0.6703011561131424,0.748419714515479,0.7694347836906155,0.6224125624829735,0.6849275941091392,0.6219411736057687,0.9255355454727237,0.6369468638174016,0.6230323111405509,0.6907819553062198,0.6487541449554296,0.700553906009105,0.631107381372792,0.7118920696570421,0.7158608644476947,0.6769117513280369,0.6659234484456839,0.7006264895060067,0.6638464709387064,0.6298266522665583,0.8618453881650217,0.7106656549798834,0.7983863959868344,0.7173645329894852,0.7180329861504038,0.7260241494163657,0.6683741070789535,0.6804895073289127,0.6742958911356676,0.6699885093280105,0.6034391254106558,0.6901330032471744,0.7514417998771038,0.7782843843499749,0.8813143049227148,0.7450761434916194,0.6799582230618689,0.7566970422053476,0.7451803456674546,0.8294338848646676,0.652433299364648,0.6610460993557628,0.678713341167538,0.5777692846913388,0.5901628207876368,0.6562084416981991,0.8847012445617572,0.8174525130125441,0.7060825375530936,0.6610511525821897,0.7973535489252717,0.7799044715272604,0.7463212675084315,0.7396365292663831,0.7682266645686122,0.7847283031238371,0.773838599576105,0.702288010872913,0.644472268251099,0.7879831874063565,0.7529501583722236,0.6126548322507731,0.6761871273107349,0.7662627395249875,0.7021299236847246,0.6274592944409403,0.6353015359271467,0.5648603558122544,0.6693661281770845,0.7421090745127207,0.6691664779602914,0.6018907811493385,0.7689911441568495,0.6402017519795155,0.6946045009111901,0.6388461261774472,0.6572139759795954,0.7500798177894961,0.8383508095011302,0.6389134241350143,0.8177070380422934,0.6970644364476233,0.7169515925239917,0.647332970379442,0.8719087427065274,0.6988158990927598,0.7294336104266467,0.6590076500594979,0.686401179213581,0.7559620429103467,0.6527745138920611,0.8040632845169924,0.7004676112873983,0.6323561582034787,0.6677919579838987,0.962415182513511,0.771147915720226,0.7261666893337784,0.8533099238871955,0.661917000446366,0.6189358804225316,0.7079700546083768,0.6564353241818106,0.6701372768732391,0.7177933722663715,0.6530627543858278,0.7964393248889385,0.858966693038153,0.763593199878836,0.6563514193154254,0.7029270077585718,0.8300351864279323,0.6598811308665636,0.7424469892642485,0.6922542108725522,0.6867616839158154,0.7102764883792371,0.7860907105378185,0.7315702301728594,0.6853820550440956,0.7522020840881981,0.7508844171935881,0.7271598612260798,0.6688922307061111,0.667251211967648,0.6222059660128297,0.7758379081331319,0.8278040603899068,0.8049755705767565
0.8567564735904807,0.9690439082302009,0.8788430440089803,0.8132711648467356,0.747980373268951,0.8759946709795523,0.8348049136487508,0.9159785835134047,0.8034639474363682,0.0,0.8401422598006599,0.8789394943167976,0.8991562497711124,0.799785399182691,0.8602014768268385,0.8486542994989964,0.8193855455858414,0.8442343931648839,0.8337625833463578,0.8153209457041161,0.8187473606635208,0.8858885089183995,0.8123314722908279,0.8246619202495921,0.9139382103458511,0.6926421690101278,0.8301614634202393,0.8138736717378783,0.9075798511425669,0.8287167929103085,0.8843764377162585,0.8804513933805841,0.8237671976967335,0.726356284618552,0.8428702531807293,0.8211786025591397,0.8682098922576004,0.801555806318811,0.7925130526963122,0.8357458199419037,0.7856254504012731,0.8301187046023014,0.7666145449744213,0.7714925752649895,0.8463515230213978,0.7888331117510856,0.7814418306234685,0.779680713617981,0.8549668325882138,0.785566109700068,0.8025640372809246,0.7532172301945887,0.7313085023604613,0.8534293221017178,0.8253936490162697,0.8311801729527698,0.7964187820356466,0.8345039012171882,0.8586000620738632,0.8388801691424718,0.8566546307161211,0.6868740935234704,0.7423678799782694,0.721887046213773,0.7251460825720337,0.7078776597264104,0.7948470111327025,0.8094899244129039,0.7825362566473798,0.8920179625681083,0.7950790646079248,0.7859294470082869,0.7131446555226452,0.8761430316909157,0.8357471760783994,0.7669815829512385,0.7833570584025078,0.8052987102494195,0.6906627792529232,0.6739461858758761,0.7524600284854925,0.8299614410216555,0.8707332694051722,0.7971172605249429,0.7151085195792307,0.8599874649116134,0.8042475089518218,0.8080330751843658,0.8582915126227377,0.7788936863960968,0.7775378966754737,0.8294749095725572,0.8307617464235099,0.7494401796421938,0.7676466473320803,0.89055537903001,0.6703109976989321,0.7733594843530471,0.6819575813954815,0.8460964514520326,0.7757655970197042,0.7859229276202001,0.6607457224404654,0.8420968937241905,0.7627443911097245,0.7784258530805299,0.7581941487222343,0.8428159610926552,0.8137682168595909,0.8479657891624711,0.7925504552594714,0.6957299245271992,0.7895070668730052,0.7798233490479977,0.749196459424574,0.8556773000760087,0.8039412902720219,0.8693529307369336,0.7811033410218811,0.7641667066467744,0.7500278414965167,0.7628766755187969,0.7202540778250942,0.827128025554187,0.7060131705809919,0.8875784556743737,0.7553989266657369,0.8386861387953357,0.8143541014807797,0.8093009191827667,0.848273374508766,0.7754620580362447,0.7627951865275409,0.7575319789682019,0.8183298128532284,0.7036836330416018,0.8379156348176445,0.810074018772442,0.8115615461907951,0.8599942362907751,0.7894995020938476,0.8359358021835426,0.8876645580623632,0.7239197218442014,0.8191497057028422,0.767960626947879,0.8211566910948256,0.8230355441758445,0.885843354338272,0.6995679219451104,0.777303227821996,0.8206867409466799,0.8107636841166839,0.8568569901550837,0.851669229812443,0.8559706981103012,0.8533945614794243,0.8577892070343099,0.7730110058024298,0.7402863339136914,0.7801271661765862,0.8092978767610454,0.9191574475273647,0.806931047747918
0.8928634560012333,0.8399760510565684,0.8780459332044017,0.8543098181045903,0.857629320171601,0.8463300996139879,0.8003728271038978,0.8146243954953538,0.7608809733427294,0.8401422598006599,0.0,0.8277992691834549,0.9162598226524121,0.8597306763322231,0.7611685746448624,0.9439369190115446,0.926164734557548,0.876874811550001,0.8413412471061726,0.8340999686377287,0.8796754994065564,0.9014741718727928,0.8273883904400756,0.8114317177789817,0.8632277850040124,0.7677039870036344,0.8548898633792119,0.8889935982013917,0.9045450809598377,0.8564213272993157,0.7468528008644567,0.89413402555844,0.7531503358014816,0.7263985165120023,0.8898966248256506,0.8505654831922811,0.8797766432999506,0.9022708444125417,0.79078093324667,0.8620467504296558,0.7659002295346762,0.8599118726300716,0.7946042952052306,0.827267661641736,0.7786153757520273,0.7320733343480779,0.7155846830457986,0.8639533491633895,0.8928911898015757,0.8519940231713008,0.8596726262398151,0.7998620720543986,0.7150418766196793,0.8625926370758729,0.8820073545640624,0.7200345838623898,0.8721958232632645,0.9146323804035893,0.8494591539941576,0.8399874174731997,0.8489121800499193,0.6977506895551286,0.8223577065881841,0.7954010542568585,0.716190427180705,0.7031501945688445,0.7776272098392805,0.7667706177738893,0.855342666951156,0.9108462830564602,0.7920705626045695,0.8244536461713432,0.8601019818399567,0.9326670638987122,0.8932138457874834,0.7059495373828092,0.8793516261309523,0.8460305880126592,0.6791333705263486,0.7491474869488045,0.740358724625654,0.7931017301023648,0.7906921909487137,0.8351050222031224,0.8337932095065177,0.8198977897461155,0.8524488088897594,0.8183514165277098,0.7729692441922495,0.6675934624680554,0.912107492810907,0.6824397012401321,0.9021636342393777,0.7723106884345732,0.8934975158312685,0.7639185120822004,0.6153911837200435,0.7003485143817464,0.8175709152865143,0.7750412367370803,0.790946233923076,0.7918229685219813,0.676864204888753,0.7118840981251897,0.8212110164739633,0.7660246548346499,0.7605316759443919,0.8484091439092906,0.750638437929561,0.8091218195351259,0.8479094607061478,0.8379319918702025,0.8488496677215441,0.8830149622388123,0.778602107882344,0.8901902200337538,0.7758480512755809,0.8993781355476193,0.8707625664669733,0.8305288285513055,0.903202534388684,0.7713142218763612,0.7902076494828799,0.8012393218181946,0.7903892502955727,0.8092192350652303,0.8346128424103856,0.7787394616849137,0.8170438528038662,0.7749168267439108,0.7881733259161524,0.8707767402301881,0.8712239891869993,0.8792417950932129,0.8230657331096668,0.7067757623924695,0.780933587332932,0.8154248870036047,0.8117139910358715,0.815082344762522,0.7195487677774995,0.9493571646502904,0.8365512680845837,0.8053630506231131,0.880713490081392,0.758032672258342,0.7700191310440319,0.7195426110537598,0.8169350799934252,0.8099321370760036,0.8184035562682244,0.7795882040598571,0.9253870594517156,0.732982645876621,0.7977461607399565,0.784861929301676,0.8966355204113888,0.8123506399908113,0.8026060687512048,0.8727922419184592,0.6856662669829605,0.8506847452488034,0.764571896511729,0.9613358460089252
0.8271213498141028,0.8557508001301714,0.8252383274566851,0.7952334757074612,0.7991144602294538,0.8389125336915887,0.8729059732012444,0.8716917264697382,0.7262080620800286,0.8789394943167976,0.8277992691834549,0.0,0.8398394626913588,0.6624141332631889,0.831290576434247,0.8708717178207837,0.8209599420882706,0.7715595131381322,0.8927749675291817,0.8050596772951554,0.894014690176694,0.7922176158670954,0.8768366524437124,0.8937721294174533,0.9310630960480415,0.7835476588226927,0.7677983419064165,0.7996363858671971,0.8047248789123085,0.8503329016775634,0.8993605028049586,0.8756604641402035,0.7675484360395141,0.8476231597120246,0.8005082708582513,0.8172016322515938,0.8882249034663351,0.7543505265406463,0.866599615684274,0.8265947828876755,0.7845024497842491,0.8091443045248364,0.8366611096210809,0.8419619252245725,0.8707018597914745,0.8156159276825283,0.820986857660153,0.8266638351011133,0.8952858990563972,0.7747898342639264,0.8445242779295793,0.8037492878581899,0.6261625807353836,0.8379643642875341,0.8344308377489481,0.7993821322607976,0.8209271438042597,0.8818015211758824,0.7551754298573411,0.8182812279782099,0.7626354034380941,0.6417984173249417,0.7392407081602359,0.687291994617597,0.6800504384883846,0.7025527967666594,0.7502670329327917,0.7756951810314485,0.705871825533637,0.8248076989814193,0.7774827640446441,0.7216333338572081,0.6740178793452033,0.8693233878776476,0.7502290814424444,0.7406507093745773,0.8289505414029927,0.8700140959799137,0.74001485206378,0.7125941500469026,0.7070433486527208,0.8059755875632596,0.8445671178989641,0.7285308872226864,0.7724972782956678,0.8358492590377509,0.8038816026194693,0.757525750682458,0.8306953268475905,0.7727155699570964,0.7950996581199925,0.8406136915318361,0.8130512042843139,0.7455811956239979,0.6806646840487259,0.8574568546643526,0.5956648441696788,0.8338469371437275,0.6509975915389972,0.8284501862795407,0.7194608996291608,0.8541235543807096,0.759762412534205,0.8562599507662499,0.7184827088100967,0.8377907238876813,0.7977936202857111,0.8537891584720183,0.8079123437033587,0.8951269014645168,0.9199999836989593,0.763542890285379,0.7331962485325849,0.7168633572893822,0.7411400751447502,0.8477942504730716,0.7992046854209259,0.8900813985887615,0.7990017768599211,0.6851137152378748,0.7799783313162292,0.7441642821782105,0.7644809521511648,0.8666857417784063,0.6319282081529827,0.8834388738689293,0.7121903461601594,0.9043197959100662,0.8309127299018877,0.7257328527079148,0.7681118417499304,0.7578455797301455,0.7110834220721098,0.7173087503597085,0.8213667514901788,0.6386309726249997,0.8848877607206436,0.8151115671213083,0.8005906508502648,0.9182395424183094,0.6738632921687089,0.7848926803345292,0.8259616844940658,0.6485820027072319,0.8688126432388815,0.867676238488976,0.8323770924967878,0.7644912392411657,0.8757464445069398,0.6876476979301231,0.8369404387907596,0.71350759797032,0.7936003896618606,0.8395086099527048,0.9441544495276373,0.8292888942767684,0.822724924186044,0.9169584696891289,0.6943325033333532,0.7637853711452008,0.6723535181091019,0.7707177914620703,0.8771185257753294,0.8244430399021985
