0,1,2,3,4,5,6,7,8,9,10,11,12,13,14,15,16,17,18,19,20,21,22,23,24,25,26,27,28,29,30,31,32,33,34,35,36,37,38,39,40,41,42,43,44,45,46,47,48,49,50,51,52,53,54,55,56,57,58,59,60,61,62,63,64,65,66,67,68,69,70,71,72,73,74,75,76,77,78,79,80,81,82,83,84,85,86,87,88,89,90,91,92,93,94,95,96,97,98,99,100,101,102,103,104,105,106,107,108,109,110,111,112,113,114,115,116,117,118,119,120,121,122,123,124,125,126,127,128,129,130,131,132,133,134,135,136,137,138,139,140,141,142,143,144,145,146,147,148,149,150,151,152,153,154,155,156,157,158,159,160,161,162,163
0.0,0.6179831598963652,0.5656494317433678,0.5939210703424943,0.5948050045699536,0.6293273792333779,0.5835797188882252,0.5718612689631272,0.6582062945181989,0.555561802111822,0.6437590509181246,0.5505216233191621,0.7342460243788869,0.6577093316294813,0.6012838577467848,0.6567365161270373,0.6534018306056986,0.745646459117854,0.561164674561466,0.7359346253595505,0.6101085303070013,0.6362042093626439,0.595183340301915,0.583853390737961,0.6638397083342555,0.5748884081140403,0.5776763472134371,0.6328292589092235,0.5211369968547075,0.5418164143376122,0.5918821761564155,0.6602271999533437,0.580210059920445,0.5814014812846746,0.739465852829007,0.565177315124633,0.6484233081489181,0.6290571944284078,0.517359400868113,0.6815901880727255,0.5436839801529103,0.6560473827311726,0.5895107730827849,0.5924956395323314,0.6208580159975432,0.6011645408564349,0.5484259925583563,0.5740390115381129,0.6598516082459981,0.6058139293600582,0.6085176149676256,0.6169430751876651,0.5656569258101077,0.5460111798610596,0.5539207343091195,0.6020730307336973,0.6580770155255862,0.603823280504713,0.5995330662951219,0.623561618014836,0.5668015090664275,0.5528228231251666,0.6067872991911757,0.557039967106456,0.5813990899710033,0.575647697854044,0.6229257869793414,0.6152444120269431,0.5534344264043113,0.6297647597281413,0.6526328165155879,0.6012851429333117,0.6254956267354715,0.6569482797113645,0.6176385085989694,0.5872274139451942,0.5796326140891794,0.5883576631782854,0.5520494329793106,0.5218078236260163,0.5798983793214911,0.62038057595078,0.6151789987220511,0.6098419123036547,0.6128192233653318,0.6677626738866921,0.6008925242604781,0.5858297473031219,0.637408039108249,0.5557800506918898,0.6384809693212726,0.5825142158273603,0.5979122531472598,0.5988833348759366,0.6300494103835574,0.5535256913518244,0.4918746432620078,0.5864415850727899,0.5696550596726162,0.6242294919372113,0.5722571613584564,0.502978943729736,0.5229714044712418,0.5102441600124028,0.6325734070274147,0.6265968998221272,0.539313164333297,0.658244438799171,0.5865894174709385,0.5754640975349659,0.5809983383039644,0.5982691873601133,0.6488327285355991,0.5988709760546534,0.632806752620556,0.6903974991494506,0.6472606475172975,0.5717716331955226,0.5621900551741198,0.6158206615016024,0.6375798171074274,0.5167721780330071,0.6489808543921247,0.6268121316431586,0.6149882832915446,0.5414343808684334,0.5596793610142061,0.5539393049075477,0.5724614348633742,0.5956648366252838,0.5783866299445668,0.6128659988115557,0.593786642150959,0.6376598564465666,0.557178047293861,0.5683510664207964,0.5865423737609903,0.632562461434333,0.6660112485749815,0.5713542184955667,0.5645445387710529,0.6479158791408582,0.6366063163120996,0.5707383993724255,0.6025720263987702,0.5860399293337215,0.6007624423923889,0.5494679356843724,0.6029282250395828,0.5120696854484978,0.6352272193121007,0.5717773328688197,0.5545599849117624,0.5260707311794395,0.5861533977602407,0.6249686770885847,0.6372812883199582,0.6105715479522166,0.6305745389657567,0.6063435518991667,0.540429503120693,0.6517240201834817,0.5223721752232562,0.7461881618613384
0.6179831598963652,0.0,0.6326750199973402,0.5846584164088012,0.5575332125696063,0.695002882080068,0.5805481296160808,0.5750959217992128,0.5879161986644779,0.6387467924751726,0.5775952299002978,0.6812399745850538,0.606254020032324,0.5487463134029008,0.6279186715086456,0.6023647446284995,0.6134399099862746,0.5835384040822744,0.6351906542944519,0.6710713817697334,0.6669206676433516,0.6740539334919123,0.5649083553946084,0.6718154336977086,0.6828897872797886,0.512655702132881,0.5107897144290205,0.5648131108621489,0.5773545591165072,0.5075391235902783,0.6111717491629215,0.6110977437609993,0.6170562374897907,0.5889802590214325,0.6205645277460221,0.5797717938812436,0.5609839454990159,0.559834991740391,0.5689953566603864,0.6448111026294366,0.6047395828270615,0.6381326555548237,0.5379448167979325,0.5888498744211268,0.615825363161619,0.5878563352807942,0.5541951856565112,0.5510614387350938,0.5947986447520072,0.5674879933059902,0.5713970994067797,0.6104799611473073,0.5721580528026352,0.6069472260793576,0.5543344512373961,0.6247869037314966,0.6076832097003291,0.592116089938231,0.568547546889832,0.6036315086561783,0.5602795678201314,0.5067995673054427,0.5478459280707125,0.5313025630195304,0.5585738123309627,0.5422918030463822,0.5677844895347366,0.5440173346432379,0.4770823943284915,0.5467345744496481,0.5832615836993008,0.5340241755691857,0.5226311340555403,0.6117274908467124,0.5917646477797822,0.5377819701036607,0.5302737757643972,0.580978906542124,0.5310950818921214,0.4920767514416887,0.5977558793786341,0.6026587917610745,0.6441870105882476,0.5527954289702346,0.5619565707684813,0.680172824961571,0.5215762144242869,0.5031622628695821,0.5889623644469407,0.5863455064746295,0.5393786066213451,0.6103739561810855,0.5810752681430769,0.5700857939961119,0.5671135433204486,0.5945253271563897,0.5159429234885672,0.6583500876561841,0.5142928421059375,0.5940141993638898,0.5357032825634797,0.4821870051570959,0.4904740174932569,0.5807069843415674,0.5543801982493893,0.5992868194395519,0.556136102032561,0.6733620619999185,0.5984565697814057,0.6722386442699527,0.6101905747702532,0.5396553519871802,0.5588853974012502,0.5383038452482489,0.5581933974227964,0.6353145528759682,0.6463227320904067,0.5600757092086195,0.5818647568060956,0.5309590058494477,0.5672068545168489,0.4767876426927117,0.5995296621999414,0.6279779981631005,0.544994547444319,0.5949166331785144,0.5257569520214612,0.5666136615433777,0.6496031543818729,0.548432050919557,0.5724696645585701,0.6013638019140177,0.49579437565001894,0.5988916044951711,0.6016783345498878,0.5475461228527947,0.6053407500629485,0.5846345690851985,0.6535711201825984,0.5744656740489454,0.5441042194604365,0.5962333396123342,0.6453984877570033,0.5651582093861903,0.5893715069439632,0.5232599348620189,0.6582379819423361,0.5901092808779349,0.6863518849341463,0.5229383852904343,0.5695050503077739,0.5837401670912399,0.553965759518849,0.5833910803972191,0.6636960752782104,0.5901400268789674,0.5795853413658942,0.6444911226526202,0.5566827471412484,0.5072749669062484,0.5474981532178161,0.5810087357965841,0.5283519169192227,0.6083264038665246
0.5656494317433678,0.6326750199973402,0.0,0.5482535832239775,0.572168938715712,0.6538150080417675,0.5061515261688654,0.5879251930845746,0.5473223822124064,0.6058015658242337,0.608709313434331,0.5882845827020761,0.6094293833004693,0.5429390670306928,0.5457637020758863,0.6580323316690405,0.6275630375198766,0.5662975606247913,0.5505089246416359,0.5940638152284059,0.6227131087559916,0.7355696725652189,0.5050246727042376,0.5367459504951553,0.5938996319404988,0.5068433360791643,0.5163113319269592,0.5417319816738287,0.5555797371621006,0.49943215158120213,0.5290854022919855,0.6089124077242235,0.5542200961273054,0.504902838311437,0.553594850611351,0.5851041862846194,0.5318166446870015,0.5633906941348731,0.521738770299559,0.567229356088886,0.5413565585931734,0.6096843999934729,0.5434860860893068,0.5319401956261997,0.5785682546701445,0.5287915142966425,0.523537453576487,0.5449457454248452,0.5331936345679475,0.5760859922108477,0.5494425810148603,0.5649385163882136,0.5201205166735643,0.5758418999379249,0.5528981363100733,0.5272671840833401,0.5528933436460901,0.6442882091707449,0.5396677563970185,0.5592264620237916,0.5575272705606936,0.51189088937542,0.5803960590809774,0.5405521608132248,0.5091501399815356,0.5066122674676659,0.5214773500678289,0.5325006400745654,0.5407912482981584,0.5712426439630314,0.5549507297322545,0.49359183799046275,0.5295208869212796,0.6131320711886051,0.6293072255307098,0.4629810570277079,0.5403364902383981,0.5439128497441078,0.4927835559304197,0.43847575793816984,0.541648444434032,0.5513770248311991,0.5585209065747622,0.5526269940044042,0.5289000047634234,0.6033522404142878,0.5248670165959965,0.49940705919700096,0.529216321344534,0.49428154805374747,0.5605475335660811,0.5215983624071304,0.5710802355202733,0.4910487878354221,0.5365366975296005,0.5399808562729344,0.5031661786435803,0.5559860104751593,0.489462722927421,0.5329030341413715,0.4807313720520695,0.5044530811969818,0.4715943029427927,0.5292588015061441,0.5530663007440731,0.5735302098004046,0.5487060963883347,0.6027553315586819,0.5364638300817486,0.5482862565486709,0.5396213604614922,0.52046487532094,0.5366509504092408,0.5381336658382493,0.5220036156218743,0.5786481660679715,0.5333931191538384,0.5569547193078305,0.5942651091796911,0.5196183951996753,0.5376787097450552,0.48306327479843264,0.5250114560006885,0.532157170720916,0.4834331749318231,0.5436591599615409,0.5286329214869999,0.5538534385493795,0.6173064153415275,0.5269736942183854,0.5483135781121466,0.6565408663911962,0.4736183536983882,0.5347339924119731,0.5541142878272758,0.4948552836405049,0.511794248654745,0.5239330816553164,0.6272806854392898,0.5220369804341728,0.5043703772186399,0.6035821142447534,0.557080454660685,0.5834830633847614,0.5406098244946056,0.5046135587774391,0.5987897971208482,0.528014827797764,0.6352575184569661,0.5424778723340017,0.5091868507785374,0.5115868181817652,0.5606910963894063,0.5641072762652147,0.5720076915812082,0.5317228680048881,0.511228986009765,0.5640010680810531,0.48679695263138023,0.4869993890504929,0.5021316762573831,0.49844913860761,0.4773349146062733,0.5506005534345666
0.5939210703424943,0.5846584164088012,0.5482535832239775,0.0,0.5462884158299791,0.6130604739293257,0.5802549940750765,0.5790384082571685,0.5238871937395588,0.5208670695852241,0.5785808535629416,0.5879049164802529,0.5765171300798094,0.5568017449987495,0.61860772095286,0.5745332522272383,0.6088763960164475,0.5841867680021917,0.6470825826128671,0.5891183396909273,0.6856118234217421,0.5701413514371853,0.5502226056862214,0.5709148007784717,0.5901876782099518,0.5852874029772012,0.5019516237030086,0.5728324907576036,0.5034431540819506,0.4620728291175629,0.5827223874864125,0.6099938638907402,0.7330483944529667,0.6196283037190886,0.61293204490692,0.6584946971567819,0.546477530657977,0.579562870475416,0.5839758297082587,0.651329577973956,0.647233454606201,0.5423347257236404,0.5949687625993244,0.6296861327474726,0.614520083145115,0.6120119091732171,0.5033694202026529,0.5476622787819035,0.5876895046078383,0.6305906266645589,0.7108149254819693,0.6945564243198711,0.600676035666219,0.6903206616552731,0.6225287672205858,0.5137948253969534,0.6641955380020957,0.6161066339365538,0.5865016986461801,0.6540838767205891,0.6071327329061319,0.577341022330104,0.6723888794512938,0.5309521211159164,0.611190112874267,0.6101362274427291,0.59964798767897,0.5247854794457066,0.49012284887340507,0.5680437994830938,0.6133895795115747,0.5537040616603311,0.5856910886766146,0.6921747791661257,0.591720154032727,0.5309915707174754,0.609595818135098,0.5590813816308986,0.5908746357935579,0.4881392738250697,0.5798403811979486,0.6809991730018061,0.5264773289795646,0.569950755615048,0.6659379485656711,0.6032663971436971,0.5620512581915481,0.5696867540690947,0.5957299654875261,0.5039295057594074,0.6078450072450097,0.6274871945605565,0.615659663653156,0.606115902279109,0.6397214237795777,0.5261446986493927,0.5665204226734184,0.606818552300327,0.5471940282232356,0.6534923861540075,0.5453998367090488,0.5486238337297201,0.6027033675522038,0.5418692788168951,0.6642017270943029,0.5954741816117715,0.6352775843918927,0.55687154189651,0.601394052701149,0.5308790987238173,0.6845475617659738,0.6271399320550867,0.6100631188443356,0.5575150999258647,0.6554493934380755,0.5827771495599561,0.6223389320094371,0.523170537761191,0.6240145525571684,0.5557398017273442,0.5792529852380649,0.5675388280580465,0.5722728404766101,0.6200591530679249,0.5327678255510082,0.5631940144346521,0.6050914089268981,0.5492278538064989,0.6368674460247631,0.5606801378573534,0.47826990605144404,0.6114049637832689,0.5254102398350063,0.6417127275668668,0.5728385582958786,0.5327260576028048,0.491702088517556,0.606683080007565,0.6056983158199697,0.5919109036327919,0.5956524695477915,0.575619177859323,0.6699601439545754,0.6351674556054965,0.5818253807425572,0.5426487074497235,0.574947309150901,0.5590090528470777,0.5486198320153847,0.4962720192471102,0.6588151483785866,0.5810406867597294,0.5573188899712931,0.4952253755020169,0.6410946205351553,0.5708976080724634,0.5256360141904978,0.5865159809856696,0.6129977542078713,0.5887753367776986,0.5354561019568093,0.5695134325944168,0.5372670051094081,0.6076728349327337
0.5948050045699536,0.5575332125696063,0.572168938715712,0.5462884158299791,0.0,0.5304077603157543,0.5729775255687443,0.5067577107454158,0.5698836867423424,0.5375750362203822,0.5709240469145767,0.538571417633905,0.5522136339015825,0.5839768424888454,0.5648492283635421,0.6153095759925741,0.6251801808650859,0.6419223651496584,0.5220121221676469,0.5620225804389728,0.5818531538658568,0.5986785824567011,0.5971809000347871,0.5195977625095065,0.5655022345802596,0.5350330565354058,0.5713733568995023,0.5371800514503131,0.5295764370776762,0.5693769003196009,0.5274557002144781,0.5791740022598706,0.5489928530645647,0.5069265232618412,0.6020874507313486,0.583928765281116,0.5238681815554594,0.6045991433183597,0.501526007176144,0.612758226157808,0.5606801024278176,0.6071900023074944,0.5686362646205628,0.549104545463764,0.5301766113582335,0.5430655196436355,0.5853900934894561,0.5075024558971625,0.5991158165786912,0.6093651874529383,0.5774478596092903,0.5684549780645846,0.5474008280073146,0.5147934656908878,0.5373949689270858,0.5240446350170253,0.5793380869926722,0.6269572048982892,0.5572578878579091,0.5883492411655897,0.4677365065648507,0.5480224474455383,0.5599375477926815,0.5797454156151287,0.534918375371278,0.4908643334826704,0.5019328915177792,0.5367497543811347,0.5617247762401468,0.5414447262294484,0.5578892528946027,0.5591698039863517,0.5275466896138628,0.5810702860033311,0.5599786593271707,0.494546974503992,0.5259911075090975,0.6305687431654122,0.5045352418208545,0.4649135439214742,0.5246359939816091,0.5583683200184726,0.573150912152855,0.5203127992105308,0.570604802406872,0.581268159189052,0.4844319027580168,0.5555799227111635,0.5445938939945326,0.4771456565645927,0.7082561799729679,0.5568724766488578,0.6441011301049522,0.49865240814364165,0.5851796662910462,0.514698205670046,0.4488612484967729,0.5384690919386279,0.5768682995879074,0.5277853671874716,0.5036451287376,0.4665107541932141,0.5139860962763392,0.5178378518155937,0.5803125621301982,0.5777254599168058,0.5118173312955867,0.5873593025799781,0.5769716684058901,0.49243977008963996,0.5291708381313452,0.5948424067421502,0.5049646803470271,0.5733674815394907,0.5608799347560072,0.6017691485053573,0.5582076643699643,0.5699231958100709,0.5303415766792553,0.5821548167962161,0.6582097646850209,0.4993925656568892,0.521696040646102,0.5588886232923088,0.5204568310709432,0.5102949666874365,0.5482050526258258,0.524759812933863,0.5500544916507812,0.5661519708458995,0.5475026082207962,0.577720490473491,0.47825933648864766,0.557134153455681,0.48193942461999556,0.5231241730385292,0.5198877350686081,0.6048925360768793,0.6034359213967605,0.5609237260325216,0.4992371131426035,0.6142521762233576,0.5837324394050624,0.5832152598919007,0.5513993837019472,0.551207670086689,0.5834814928211419,0.5351638738815143,0.5708308788131295,0.5424512658057067,0.5154904524135755,0.5548334623373005,0.5517266177134144,0.5500524571906753,0.5567910594736585,0.505622334520194,0.4866819411195469,0.5494857779491389,0.5295661409854534,0.542813526199939,0.5128779276259554,0.5474741390352473,0.5155910516104039,0.6100947426803229
0.6293273792333779,0.695002882080068,0.6538150080417675,0.6130604739293257,0.5304077603157543,0.0,0.537054228152186,0.6219412996777121,0.5657211026503666,0.5890975415564981,0.6279469568024336,0.6331475733462388,0.6738929480034321,0.5392655278610834,0.5942213987103034,0.6372396552814382,0.6079718885167558,0.5687943459345842,0.6038339814028197,0.6416163430270213,0.654480044249745,0.6650663673317122,0.5147021993842312,0.6214532492223556,0.6630207488540188,0.5440207672986808,0.49671892126073447,0.569057399624456,0.5482324585254115,0.4887137264152766,0.5907541785512898,0.6201212127486689,0.6285610067236639,0.5701411369369664,0.5935434363061562,0.560466127481539,0.6058535832989425,0.5616113902881811,0.556498156316163,0.6066657855497746,0.5681655251587985,0.6026254690659317,0.5505238194779681,0.6017225308106959,0.6259705702929689,0.570623925288381,0.513394619982198,0.6050314751308603,0.5590809673614813,0.5486489578211449,0.5764309093676346,0.630161324665279,0.5307324361557736,0.6179626765958159,0.5639402366153864,0.5875317084352967,0.5940204512310355,0.6215289077606496,0.5325925637650682,0.5685692344539449,0.6457237433252966,0.5090374405887742,0.6038715329570872,0.4967669667025804,0.5319352928141681,0.5581775432475966,0.589722399085027,0.5707557964145247,0.48291217421650656,0.6006580450155603,0.6086141027259099,0.5097505692446304,0.5433455128060537,0.6349790862423291,0.6168216387977584,0.5229940584290286,0.5615828736666024,0.5592760096798723,0.5422075634263499,0.5053849829812853,0.6130212201737341,0.5914244054922732,0.613254986320421,0.6055691602474743,0.5550807470193984,0.6609206221785457,0.5967559903550731,0.4975910564089618,0.5803727035476474,0.5691663403044651,0.5405778584137498,0.5577062321213005,0.5537721985838516,0.5621741182001504,0.5525854682897198,0.5974158601824133,0.5298700428217776,0.6119691010776803,0.4882869550613663,0.5902658652102715,0.5296181605463754,0.514983293922735,0.4895535139540627,0.5462561289200806,0.5612608787817677,0.6011176602734277,0.5601803052912367,0.6313217300424298,0.5565485206987597,0.6454206673367006,0.6074711439351524,0.5259532367221694,0.6187407111065556,0.5362257574691354,0.5711527561343669,0.6276378115478843,0.6006046891599531,0.5311375717668133,0.6134434318989539,0.5307832726376349,0.5419481341242097,0.5043038722872633,0.5990739584873088,0.6191501168555829,0.5311233822994214,0.6037124185592179,0.5161343286138269,0.5768634403020868,0.6327694251224344,0.5361016373330137,0.5401648638587581,0.6420786340288054,0.5339020182341315,0.5970272665610068,0.6141852925436772,0.5266906510081885,0.5721333959038299,0.5540968122126848,0.617885616983964,0.5482591507363979,0.5737226686507247,0.5865247463503985,0.5867094135735654,0.5484191719569038,0.5878452055428884,0.5120341299757734,0.6267546232185679,0.5662829446909352,0.62422153298293,0.5007782793403517,0.5952497751124883,0.5473214354533373,0.5280544094658333,0.5245945623072096,0.6435499251495618,0.618488673398046,0.6086551229829262,0.6667945722824373,0.5593951419219919,0.5212260151044262,0.5297744002058323,0.5636737683559344,0.4998246919412547,0.6152546594988185
0.5835797188882252,0.5805481296160808,0.5061515261688654,0.5802549940750765,0.5729775255687443,0.537054228152186,0.0,0.5016686472143989,0.508425167655202,0.5790571974988953,0.510706721774611,0.5803255695979405,0.5622544591485948,0.547678635966059,0.6345171155527899,0.5452156531565631,0.5452167912392667,0.5721289369761503,0.540241878945553,0.5506725938554342,0.5776449045196613,0.5204127629369779,0.6751601823980049,0.5940825266716584,0.6342144317193021,0.57027405123424,0.512093220510286,0.5134954857668335,0.518142766709792,0.4880475894465378,0.5976999229396373,0.628062502261026,0.5937129000256117,0.6769907515941807,0.5968179040997107,0.5706104456447507,0.5772082819229554,0.5163787115922934,0.5241281492141528,0.6889383541430915,0.5522124078688884,0.5438847608527794,0.5797460055951847,0.6039293117342085,0.6027124760380036,0.6199421257938136,0.6189642025647405,0.5294872955332559,0.7200150247728323,0.5567824509760618,0.6239701159205502,0.5662349524394461,0.5232495090011717,0.543117008597994,0.5746727377187246,0.5716867419437033,0.5705077863954576,0.5277266243577452,0.6157049709647179,0.6046416450798578,0.4869603290648058,0.5429225525447767,0.5105742668819429,0.5259981914088746,0.5577514163011589,0.5366737350366676,0.5868965489916866,0.5775201934841997,0.4721073316225615,0.5015352763465333,0.5743416493367898,0.5718401939228042,0.509390752690969,0.6026110544793692,0.48417034890834026,0.6060910034014133,0.5717589065638489,0.6661169601357617,0.5263225497932744,0.5017260460143463,0.5336610844024854,0.5698154156457591,0.5790108520730444,0.4902210419669668,0.5704516864689881,0.5490246515855981,0.49622778595996264,0.5958642644182782,0.6242015526420962,0.5254724759053223,0.5653385391142187,0.6924751072498222,0.5943247220373796,0.5518123232464377,0.5634384930870416,0.5627931344681979,0.45497133535141066,0.6214476424707378,0.5469894191880332,0.6521592409786063,0.5557039725381004,0.49434698019998397,0.586834713260432,0.558317725815614,0.546391841247121,0.599078485423314,0.5417674565807274,0.5620407951115252,0.6685352463990184,0.5679514606573424,0.6404175000898535,0.5671942197315679,0.546734698918513,0.5067318103659978,0.5657136357027869,0.548377528749098,0.6201793473538367,0.5822041378166375,0.5383774222633383,0.5247884653096407,0.5643564475308546,0.48824767979427597,0.5475347384187603,0.6561707906647595,0.5135930858496135,0.5672347004873536,0.545240153985157,0.5651700570188514,0.5736575841338573,0.5726015351492997,0.4873824160877616,0.5036918284763796,0.4805202939692645,0.5170803044884691,0.503650848653482,0.527777566203231,0.5528028446494263,0.6594679761131458,0.5969748382888096,0.5763817183776988,0.5363282528050631,0.5686203114238089,0.6347149317688767,0.5284642075333328,0.5839405627181599,0.6499217886387632,0.542997846059019,0.5787609514333937,0.5772733289394371,0.45070047416496994,0.5617816347154839,0.5593655235817583,0.4804247740137214,0.5950397725208633,0.6082655416444002,0.5556610145976708,0.5155578208020917,0.6138732018827874,0.5881848100915469,0.5916989744195313,0.556135841929046,0.5657144710829187,0.5329888209955346,0.5480024009258526
0.5718612689631272,0.5750959217992128,0.5879251930845746,0.5790384082571685,0.5067577107454158,0.6219412996777121,0.5016686472143989,0.0,0.5923280254863414,0.542391695415929,0.5574860398196246,0.6109877022974145,0.6133309467063985,0.5041383502578087,0.6091634745531277,0.6113864350131172,0.5430350756024677,0.5575092983437775,0.5582401571867568,0.5828126958106807,0.579707344152159,0.5884175315514236,0.5089989367132998,0.5330312495319603,0.5992689445678417,0.5438700510237352,0.5333817935684798,0.5251679907918191,0.4807356978917913,0.5071233771883052,0.636066166672679,0.5857497708747262,0.6093933830265162,0.5450275010346189,0.535868507141445,0.5631635864029639,0.5854690697905808,0.5738457000380204,0.5776209582006252,0.5480592945796985,0.5430396253023043,0.5314232596476814,0.5928140820093333,0.5295668665928983,0.6754747849747285,0.5955361596883294,0.4957967271290278,0.5305904113760964,0.5269137881195236,0.5520454372201119,0.565987963432974,0.5477771014200734,0.4960423129384855,0.5548490437860771,0.5523827784352684,0.5316085574078063,0.5662460973668635,0.6536041135160324,0.49506577426853227,0.5760432366857661,0.6219939529555379,0.5330581936625584,0.5898328265693705,0.4800700430022233,0.5105978253689342,0.5417938458294742,0.5627019935282775,0.5565419273935142,0.4948959564999909,0.6947212937098436,0.59941496756294,0.4985542476840476,0.49317420746786994,0.6043391232529707,0.5894092966098868,0.49651851206405156,0.5762362438072383,0.5323490546562029,0.5886725523833823,0.4478773705420427,0.5279819060772072,0.5967147676526209,0.5895474126550202,0.5889919584086418,0.5350529920539921,0.6565804350693673,0.6385137065681539,0.5221840013207761,0.6098075206198161,0.5709871552183006,0.5407840390250416,0.5474719383974351,0.5399166176351345,0.5101513250332135,0.5174484925586761,0.5680154247793702,0.5413586820871422,0.5566364130468382,0.47198375370985285,0.5674257121220396,0.5109477188618358,0.608157013962574,0.5010843165604907,0.53923561513793,0.5767473373805035,0.6227837910536403,0.5683325232560791,0.5590854922347712,0.5453823846591238,0.5177307564293028,0.53150860323506,0.5268957221434943,0.5342410967452454,0.5609654890389306,0.5659965602732652,0.5702965031280564,0.5326411883297892,0.5252649689655117,0.49746611523845585,0.5214104975488064,0.5197552533050502,0.5914293691937992,0.4965678881510207,0.5767810729934001,0.47490315612294465,0.5783794091968125,0.5059130165830656,0.6707598263073071,0.5530800787551512,0.5489577744138207,0.5324932160535605,0.6078600473604057,0.5432512400078153,0.5497725946627137,0.5604549356729671,0.48323195767303395,0.542963182001698,0.5394150976785447,0.6187770094441682,0.6075834499819289,0.5455544013723633,0.5404473413085652,0.5542136396389611,0.5448095623454139,0.5513224877116887,0.5102401226446354,0.6352511661424629,0.5643623411748121,0.5762430085989664,0.4736605456867197,0.5990459302785156,0.50871076308592,0.5127182368075994,0.5247597012644477,0.6153656230492445,0.635758808870069,0.5291277305799419,0.6109211047199894,0.4980371834578951,0.4987826919941271,0.4934753669921048,0.5054854698542328,0.50556932637857,0.5469394408352592
0.6582062945181989,0.5879161986644779,0.5473223822124064,0.5238871937395588,0.5698836867423424,0.5657211026503666,0.508425167655202,0.5923280254863414,0.0,0.5273233061719972,0.5548805323738536,0.5369801441977058,0.5951754493432397,0.5599288320205009,0.5577488543908082,0.5882350756559461,0.5711253830898532,0.6458245149276911,0.513755634798728,0.6178029681717526,0.5389143708308648,0.6133855521819406,0.5512418812027983,0.5182097535437687,0.5854211361034639,0.5000925690226354,0.6075535419679873,0.5582996427151515,0.4777180328383349,0.6006724863805852,0.5641983198301141,0.5447853970558656,0.5342282462228539,0.498576149020768,0.5974945851498937,0.5149957777839749,0.5522029033993021,0.5990266285576579,0.4855598781224405,0.5619742267439329,0.5123353506462228,0.657860038583849,0.5201966273330096,0.4993099933486201,0.5601119794127309,0.540648879586305,0.5238853821252956,0.48153832682135356,0.5436229596862223,0.5403293141436287,0.5161562369868086,0.5360276693419823,0.5132815943017346,0.48312073236425634,0.4790370314279155,0.5970890367810833,0.5605067704862178,0.6075410153670451,0.501537014512823,0.5551556034690016,0.5006410833295464,0.5022051216819567,0.5312882284445711,0.5084277921995204,0.5049053167175203,0.4888769139670768,0.5228157307211653,0.5451549056574412,0.5277463407263848,0.626640393667498,0.5667895064929057,0.52222668555798,0.5184056722992846,0.550726650273079,0.594085970604315,0.49739067388082564,0.4943162362723261,0.5351930450910786,0.5146078942413025,0.45178674195183394,0.5123968656283673,0.576552826978432,0.631103739569897,0.5551161097624739,0.5306541959802283,0.6864989353422511,0.5398870444689413,0.5100212396054357,0.5750869600574267,0.5739394522952201,0.58858416196789,0.5402177029839498,0.5283214739181352,0.49646015508411173,0.5442000108748816,0.531904806634574,0.4594206675008828,0.5458459984093924,0.5156181522785338,0.5307494541524505,0.49479886367021353,0.4632814936069007,0.4678266260432181,0.5012268774879807,0.559093450508475,0.576101030149234,0.4819825195951305,0.6379299246587606,0.5242641600138649,0.5052691284234561,0.48691049575825396,0.5336513866432364,0.517496015112512,0.5938925404437649,0.542704534265343,0.6781842002607407,0.5510420556989041,0.5086656837910852,0.4750492220002363,0.5978321791118975,0.5651821062628033,0.507159702143658,0.5281648644893389,0.5453803624230755,0.5295425393177129,0.4944256117698156,0.5036635530138412,0.5382088352067076,0.5052503571945773,0.5368514906809787,0.6918698377790078,0.572342040827005,0.52593830844757,0.5922445870476143,0.4955779846024654,0.49206310987854834,0.5646752570132889,0.5498218795462246,0.6003868019244379,0.5520862755299856,0.5002985920143873,0.5575068306258935,0.5701954115316104,0.5302986929955626,0.5255760299406645,0.5224154878323631,0.6403265626276275,0.5179365621958747,0.5701334298402619,0.5075319940299255,0.5433422973520867,0.519156340823765,0.5326778840262175,0.5244820824760957,0.5518165680457685,0.5654217582377538,0.5386190170367966,0.5683202479907085,0.5165682696942341,0.49294083231605024,0.4867236128474732,0.5576333594960098,0.505310462022474,0.6323877481853051
0.555561802111822,0.6387467924751726,0.6058015658242337,0.5208670695852241,0.5375750362203822,0.5890975415564981,0.5790571974988953,0.542391695415929,0.5273233061719972,0.0,0.5473542859061155,0.5976017008028948,0.5944130601229474,0.5530739511075677,0.5593447983471623,0.6118902945407423,0.5594196474048032,0.5641300729719102,0.5222981648071277,0.5598034879916569,0.5497643998573668,0.5689359190539425,0.586134974687537,0.530793458693229,0.7182261214999474,0.5095176109244585,0.5451023179584396,0.5220497360293064,0.6588654181366247,0.5162753261870285,0.5774389424403346,0.6350617098464583,0.5485975903963646,0.5506181879699709,0.5679745171949047,0.5565785673943983,0.576532195534242,0.5488503836834674,0.5056912583195767,0.5809924085440636,0.5267385146375245,0.5668360199262028,0.5478171032331021,0.5486664388545603,0.5846293368251776,0.5441777021782253,0.5710607080369992,0.5456561033727582,0.6112279362256149,0.5171637802875633,0.5262767633522107,0.5115633605794808,0.490143529448371,0.5147941187656612,0.5685064320570615,0.5826846542653015,0.5188203736801852,0.5666825173995057,0.5592061653021614,0.5417001684463973,0.5011169898100799,0.5060414586920791,0.4992976203984975,0.5408455872381811,0.4861914734162968,0.48793048809138273,0.5306701807044159,0.5610487089101026,0.5167152857369187,0.5493314926071798,0.5272716594358727,0.5374031912470653,0.4872207387213338,0.5566908059749509,0.5303414396053714,0.5423975496132806,0.5193832773700688,0.6250526784923742,0.5010281288363415,0.47895384432136956,0.553872164669056,0.5036740323323959,0.6125929188358187,0.5432888643967495,0.5169792680645068,0.5758754821822012,0.5145633538432297,0.5269627500382174,0.6014907354348771,0.5161840681439664,0.528180404834455,0.5680049862401477,0.5766006391638299,0.48693280566763264,0.5168572142940743,0.6374077836987965,0.44638448970097755,0.6087509669421909,0.5063157603607927,0.5498499389165206,0.5375294394941341,0.4872058120043679,0.4991264226128985,0.634577782166715,0.5207793734213054,0.5683862178795505,0.5134000810511694,0.6536893750391561,0.577864377780214,0.5671517178865485,0.5356405060469857,0.5107115506709817,0.5214684373636069,0.547074794506996,0.5217013664097984,0.5390304459641397,0.5912194626168735,0.6291492860207897,0.5479226127202204,0.5379804622723156,0.5176283778970777,0.4837588702316375,0.5221558983852851,0.5717956044966179,0.4998110800497408,0.6230615406970289,0.49041344749165017,0.5540633866366534,0.6306671585872647,0.5586610863536802,0.5672505238841941,0.5310148102051818,0.4866055941985542,0.4943014287289263,0.509595843114244,0.5029431811616819,0.5882375407591597,0.5633885322428744,0.6557437672051922,0.5545829774088378,0.5500816280148597,0.6150853484746206,0.5441693969689778,0.5281826641805997,0.5860352539771315,0.5450261015203268,0.5388441736788705,0.595752657875454,0.7793784335769528,0.5144264948221988,0.5068489253603482,0.574475898408305,0.4759079987339586,0.6055521051928523,0.6180676233158996,0.547079786217353,0.5089866655635785,0.6075534498568991,0.5297516066065985,0.5139789041737053,0.5750444865267887,0.5482697206578929,0.5218241165808973,0.5167637592362857
0.6437590509181246,0.5775952299002978,0.608709313434331,0.5785808535629416,0.5709240469145767,0.6279469568024336,0.510706721774611,0.5574860398196246,0.5548805323738536,0.5473542859061155,0.0,0.5539840289693952,0.656750339965914,0.5873094964926038,0.5351571266620793,0.718040573706899,0.6708274405235285,0.6215157787793724,0.5851857541042953,0.6436121066559797,0.590717982263392,0.6634023064694782,0.5321740008456126,0.5284174674195777,0.6094929044969754,0.513958264161622,0.5564420331320605,0.6617581600538006,0.5724597860586669,0.5239937215298177,0.5318662468910698,0.6385292764835561,0.5444408503458426,0.5221226593113445,0.6221965882526983,0.5583467252819354,0.5759015771347251,0.6140406184585873,0.5306805927342958,0.5785430534048618,0.5199613050544593,0.58019494674905,0.5556429095102785,0.5605270854232525,0.5530219106142287,0.5167386109169105,0.4663342749084786,0.5953541140053674,0.5863174846928532,0.5704834731552921,0.5652896657944706,0.5516639697082234,0.5278485705870587,0.5609594910347487,0.5978557263195552,0.493311426058461,0.6039032933658799,0.6554940192229679,0.5422972804748691,0.5661121887892114,0.590526409586732,0.5024512279252561,0.6069130116597706,0.5337126337203927,0.5135352974291052,0.517920600212031,0.5347079786397528,0.5195110887175509,0.5580709771763523,0.6310403274771468,0.5506777830914644,0.5310897029470137,0.5783694513533286,0.6165777743088195,0.673790506777521,0.5004800700845082,0.5774368046291317,0.5419983130987638,0.5017451141759036,0.48393168082912413,0.538230290177637,0.5372062401409552,0.5377079849814497,0.6034253888389485,0.5561141239974577,0.5782899930924568,0.5838004126879592,0.5230919844089065,0.547047488557708,0.47194982416281644,0.5938287449524592,0.4977696444542882,0.6174092230369461,0.5423985575747856,0.5622548774977676,0.5187636584840286,0.48513754383107055,0.5099751379181751,0.5067623947054308,0.5252704270337872,0.5334142579381422,0.5101211835899365,0.474275763656682,0.490307314258884,0.5840106738866863,0.5368789692308108,0.525154396928201,0.5991625223675429,0.5113578394748488,0.5271203020201323,0.5606117645169051,0.5417394802164007,0.5741903779104929,0.5964714696572196,0.5612233301488938,0.5891043811831131,0.5629340427623039,0.6011153678818907,0.5808501339016083,0.5480403984691425,0.5750538176908396,0.49497630406236,0.5585098324440125,0.549776779294978,0.5420925281138894,0.5471231909399813,0.5055240250221575,0.5181281591441288,0.5835132328077817,0.5269894481273273,0.5239859116359031,0.6277689119418252,0.5716597619209098,0.5860247372639854,0.5594630128320022,0.5140136387304148,0.5162816885686013,0.5398288653258261,0.6268120126560214,0.5360274148890395,0.5405014062471353,0.636703748008383,0.5465493564793958,0.567887419985902,0.5643007733878848,0.4886616782584296,0.5389162470463378,0.5103723210714989,0.581113200208476,0.5472406934047734,0.5754117254315546,0.550311757706656,0.5919280071502634,0.4689379627334986,0.548388106515655,0.5467771069683689,0.6116729867726625,0.5428466531042575,0.5661686997619506,0.5675554317257511,0.4865929095081711,0.5611757294888874,0.4718719781876149,0.655428436880798
0.5505216233191621,0.6812399745850538,0.5882845827020761,0.5879049164802529,0.538571417633905,0.6331475733462388,0.5803255695979405,0.6109877022974145,0.5369801441977058,0.5976017008028948,0.5539840289693952,0.0,0.559869591483828,0.48213220044545835,0.6603881834404548,0.5825837126255471,0.5511184316680499,0.5274803157248728,0.657918355950419,0.5756576516526699,0.6214143250221521,0.5980290815935626,0.5607662961344916,0.6433433975018684,0.6435804804925225,0.5080210744675702,0.5011789725458514,0.5275487233007371,0.5401150814079074,0.5095791514950682,0.6465579093162931,0.5882040532970167,0.637692997676812,0.6086163711792723,0.5441384497654744,0.5647406090122287,0.5515253538436059,0.5215388318181744,0.63208030503483,0.585425445020965,0.5855388065163285,0.5441154452355773,0.5515956114917949,0.5704240642264007,0.6250264618581339,0.5837278691546027,0.5193480407324874,0.538902040470362,0.5715331417997415,0.5350620898235909,0.5703155839046813,0.5582735040083106,0.5098622517673985,0.6056699351653563,0.5784929142542687,0.5438775946842958,0.568637193798093,0.6153219853822828,0.5103116327742031,0.5795105330072787,0.5527962328628104,0.48694281909246356,0.5279124793188552,0.47665877936930323,0.5124241746850287,0.5127008853585915,0.532678034090947,0.518117908555211,0.44795689419204354,0.547926713206161,0.5488499258373499,0.49056181296015633,0.46466994017489033,0.5873961310803832,0.5399473922693757,0.5081820407685119,0.5497617897764802,0.576557842393855,0.5355864860609238,0.46145134987924424,0.5295727626455017,0.5718134215631336,0.6196416297196922,0.5130143443307734,0.5213596456114551,0.6097144669911675,0.520216308256649,0.49079825080217326,0.5789749532290319,0.5619019824192004,0.5172531481881657,0.587305520034454,0.5723960299427039,0.5295369264134695,0.5058027159920349,0.5961502466901096,0.5026892189853447,0.5955899658247431,0.46553328815716216,0.5626611744013973,0.5114886733272439,0.5221948362300997,0.4896762040960535,0.5931081854236991,0.5219821645063553,0.581325585878572,0.5540521886114632,0.5795148286455889,0.5738689704587192,0.5973200135872402,0.6149446939058426,0.5085798943024743,0.5030196159455537,0.5090875679269834,0.5310360333438248,0.5683302290324558,0.5685951776851372,0.5659287662023973,0.5250507455210235,0.48278490797358425,0.5221906618774181,0.49241435805197964,0.5082448967754392,0.6251175607122682,0.47284120135936936,0.6386288404315604,0.48535546053672374,0.6309338994388157,0.5996752662648343,0.5173852384749911,0.5124179264343202,0.5526445657470352,0.4785815897189797,0.536328015496452,0.5717657610023882,0.49076988771303914,0.5809955808777979,0.5562075212827903,0.6108905811952968,0.6032202864914709,0.5284836906820002,0.5332535709322799,0.5830368091794914,0.523775086411497,0.5578425984886787,0.5040926633896855,0.6374954711766582,0.5841782532276399,0.6156209025644357,0.4702305472128981,0.5693506768103409,0.539071079127773,0.525463035522203,0.5619253631305536,0.6758499929005157,0.5766931020948122,0.5457587999509713,0.646821317747586,0.5147403772665308,0.4929809559911258,0.4961414181759644,0.5137013912081994,0.49797806180888404,0.548408380801523
