0,1,2,3,4,5,6,7,8,9,10,11,12,13,14,15,16,17,18,19,20,21,22,23,24,25,26,27,28,29,30,31,32,33,34,35,36,37,38,39,40,41,42,43,44,45,46,47,48,49,50,51,52,53,54,55,56,57,58,59,60,61,62,63,64,65,66,67,68,69,70,71,72,73,74,75,76,77,78,79,80,81,82,83,84,85,86,87,88,89,90,91,92,93,94,95,96,97,98,99,100,101,102,103,104,105,106,107,108,109,110,111,112,113,114,115,116,117,118,119,120,121,122,123,124,125,126,127,128,129,130,131,132,133,134,135,136,137,138,139,140,141,142,143,144,145,146,147,148,149,150,151,152,153,154,155,156,157,158,159,160,161,162,163
0.0,0.856266877071668,0.8142009478832795,0.7633660996089644,0.7678639712053169,0.8720449681727932,0.8025168318228763,0.8890186822790395,0.8304890141478277,0.7911192404098624,0.8547601195547595,0.8285822992801949,0.9517249064302534,0.7589314091239783,0.8299948719869172,0.8792642312804292,0.8844845122002157,0.9308543740625679,0.8393972723420067,0.9231341020179316,0.8612146496405465,0.8130037328233435,0.8243103357127365,0.8988391259154891,0.9052650390589072,0.8294942929479321,0.7873481846967664,0.9017873353667939,0.721210770563118,0.8144337456954772,0.8778726804735538,0.8809448398047312,0.7783620832282443,0.8489782030135508,0.9129388967107208,0.7242221544944223,0.9260783049284237,0.8434967325246375,0.7382107726811311,0.8917937650745076,0.7874493043976826,0.8702007805045835,0.8372001776927971,0.8449871391030069,0.9034764050956418,0.8928207902644085,0.8512781816432144,0.832589230356203,0.9089769788189976,0.8063046386578084,0.8440152279976706,0.8885339905922645,0.7106892761498379,0.7687143143554814,0.7300181327969342,0.8547883974229132,0.8932792946793597,0.8372670632977326,0.8357094898096755,0.8036650699523986,0.832839951712752,0.643440457976997,0.8425292409416917,0.7088965989387539,0.784963922847309,0.848360578009099,0.8610375916249506,0.8478318370868049,0.8125899565906931,0.9178609476952534,0.928510000696906,0.7866399523863048,0.8321076267973477,0.8980063872771078,0.8807152687495808,0.8935379294396053,0.796815188919192,0.7859754443269397,0.8290253565667834,0.7779304908774616,0.8536958889651786,0.8280440804244258,0.8266457138544817,0.8515388573926826,0.8187538984963744,0.9307495544535602,0.9008989060994442,0.8175647337505682,0.9019054573408194,0.8116129050455225,0.8453466041941384,0.7863436888016307,0.7624121383539255,0.8681893099543427,0.7981785828040143,0.8017226595161743,0.6959515546584872,0.8764964578236264,0.652514548968196,0.9061405205487613,0.7284015891434756,0.7854663520049416,0.7335519105708066,0.772073233103381,0.8128249563984,0.8856824299036314,0.7847358051984622,0.8969420476416108,0.8599299923372093,0.9076772091605323,0.8456023902235946,0.7771562890721002,0.8734374795566543,0.7943668551520815,0.8347957084066853,0.932839619993425,0.9175062446859275,0.7799447534625441,0.8084357710688943,0.7450840679160167,0.8219059768133298,0.7305256063053934,0.8848756718325679,0.9150214897920127,0.7910147868183062,0.8150792380012223,0.7016799568964162,0.7994836604929065,0.7999587899570149,0.8351655383392105,0.8435470942273233,0.8389637407644833,0.79313238775021,0.7828697068193826,0.8328284304222056,0.777609788230826,0.9143740989253565,0.8682072340972427,0.8275535045068445,0.8461308607253262,0.7546068040969396,0.7531938756379387,0.832791839830007,0.6641016917522563,0.8516236909721439,0.8687799794314155,0.8303067554153275,0.7734846416732467,0.8581344931179593,0.660642130270603,0.9301409990647032,0.7576608298133984,0.7927338197673959,0.7770103881225737,0.864284978208656,0.9133272356999524,0.9024031911500289,0.8998288748749824,0.7762308837843346,0.7981415309462646,0.8033212447344659,0.9057920013864093,0.8809655270504156,0.928285780551256
0.856266877071668,0.0,0.9074699064959,0.8004417979138309,0.7902925185725729,0.9456892146296345,0.8635762223520517,0.9380859676548824,0.8641163696306557,0.9057367577019976,0.8490101153362981,0.9074991234759897,0.9005885638502885,0.7956255714554232,0.8955071381137503,0.8513152715960995,0.8174823209014767,0.7940131741283664,0.8255219657810485,0.8117153993471199,0.8342638053983287,0.9209246830804503,0.7509297771316837,0.8611031255754032,0.8683277354609332,0.718608898185838,0.8139860004765138,0.793474878815913,0.8515560490606128,0.8174513335729281,0.9454827824972016,0.8945374353116387,0.8794626727703906,0.7643395476855496,0.85085565690795,0.7981904699772303,0.8638756647248049,0.8012443743583415,0.8840557245997798,0.8496174558139191,0.8314881196788356,0.8780984937517661,0.7251065842162937,0.8295243685022203,0.8779129723094742,0.8063452971269949,0.8261131092847285,0.80051218874389,0.8294751603248885,0.7831929270560395,0.8310122656310452,0.7965222602741696,0.7500926455843187,0.8704711709097773,0.8156316687595775,0.8895379348018092,0.7884249794865948,0.8741370834768767,0.8100368544507958,0.824392650135846,0.8867406433079146,0.6817637080547336,0.7519417409331763,0.7103890567248319,0.7231564758919535,0.725683760679175,0.8627264280410046,0.8230112041074583,0.73466983519117,0.8725685247249727,0.8806998733969533,0.7341090792320549,0.7331955442943732,0.8805733984623036,0.8902703788260494,0.7933443075409097,0.8317044231064138,0.8574803076338059,0.7028680807243044,0.7058426298024038,0.82019895800124,0.8511935087883643,0.8976063876382568,0.7881986633886257,0.7089335723408655,0.8945001056606816,0.8306200702581891,0.768604759307248,0.8529647434955298,0.8733862726369487,0.7924026119513636,0.8845341965639076,0.829906069914651,0.7773931186177299,0.7961230727306357,0.9067184899435615,0.7710263696804764,0.8409275075207373,0.6676450179519056,0.875656914714311,0.7696988618912236,0.8004852267773588,0.6573761270731036,0.7959951319478356,0.7677200750122187,0.7938527707720087,0.769181853117935,0.8132757413008663,0.8506364725822483,0.8971593531403966,0.837816587218273,0.6892581075816651,0.8168770209585604,0.8356332376023049,0.7362490282151934,0.8733285903038297,0.8080271848949557,0.7871111169597,0.7797268991988089,0.7652348937137216,0.7745884159050929,0.756005749136343,0.7471321866612946,0.9186459304233804,0.7408902390853568,0.9112266168844485,0.7392072645528932,0.9022994461868687,0.8143951225025488,0.8144330307256107,0.8856746592310917,0.8569498411578568,0.7332177536225707,0.8178398296896611,0.8372032249877945,0.7433940335000669,0.8314608960120262,0.825656780810974,0.7691921122535461,0.8709943872694307,0.7766713124712196,0.8161936774514063,0.9130456786162936,0.7819115673337839,0.8460961277968364,0.756224342656412,0.9259949726740063,0.8750811427548454,0.849518717883901,0.6911725938731746,0.8068814437830132,0.8079466944196207,0.8064047442263518,0.8698759460250864,0.8511608498748062,0.8830938035508781,0.8468493788190866,0.9085495568046964,0.7729779268850027,0.7287285554963985,0.7788752494035199,0.8079842027165852,0.9527478159296239,0.8202339022705646
0.8142009478832795,0.9074699064959,0.0,0.7640307319443633,0.8453653063683572,0.8747615288351479,0.8160434591279319,0.8974840805700546,0.7554204224665189,0.9226640057629866,0.8891768175829071,0.9043534373293759,0.8688828196342787,0.692465339592842,0.8682264931889584,0.8918378943309089,0.8541064032118995,0.813751657348121,0.8500456812870318,0.8106087079538454,0.9009824911411692,0.9430655979929177,0.7677710040171137,0.8856961431563772,0.8854139120626241,0.7352065252002322,0.7684025753875126,0.798125735446977,0.8392699732696058,0.7953564208290513,0.842962309818458,0.867154560035836,0.7959503980056426,0.7481560197420281,0.777670616754261,0.7616867609243749,0.8330836996343942,0.7816946157388552,0.8629065096302501,0.8430361145085647,0.8174041794956397,0.859446240461261,0.8071374270823963,0.8168500913819584,0.8486401309085432,0.799551373933095,0.8098497267737774,0.8429750870873911,0.8446465052606328,0.786479750087216,0.827312516874634,0.7902283669687531,0.6897954880865265,0.8595597386941539,0.8117027180108387,0.7779292018106247,0.7913957215225207,0.8931308724632119,0.838304866528183,0.7560970841659722,0.8409940910864496,0.6060328357352164,0.7844852962223172,0.6989523859903424,0.7215430731040633,0.7330852929258619,0.7778491201602966,0.8086649323677452,0.8113181623674119,0.8809538081688025,0.8322587841115635,0.6746988181296522,0.7020744762805039,0.9032162637085941,0.8725739600060066,0.7119574761653908,0.8447560970760861,0.8360425629387571,0.7141457486981777,0.6555918674697621,0.8189613054154905,0.7857203829254614,0.8388075555223337,0.7580399286113685,0.7059925789487045,0.8497662123441356,0.7920432231523119,0.7250034128641094,0.778101423217438,0.7541050883230866,0.7940575346279917,0.7500442235971496,0.824446884935905,0.7264733516102442,0.7338955264518076,0.8455318160062995,0.7179670203907844,0.8070614543039851,0.5843480639943168,0.7857305066063197,0.6707012809124042,0.8812010126377484,0.6645846067710725,0.8312102906775151,0.7157854646364177,0.8028506940193993,0.8058984123134031,0.837497491537308,0.8353679713515958,0.9031550742442165,0.8469657328278758,0.6888142337585246,0.7488418954591401,0.7754377494526249,0.7020959935093407,0.8211096451889427,0.7782594383974417,0.8781898092635201,0.827913388526213,0.6517091619264312,0.757938086223232,0.6892563194614401,0.7303586164837893,0.862302988521288,0.6513442546552728,0.8914024966139219,0.661656021198407,0.8272575506861619,0.8218504441591145,0.7988079345618943,0.8018633500476627,0.894769219149361,0.652765831855094,0.6990689266860595,0.8707929370109192,0.7274082877064688,0.8203649367557695,0.7853213334344515,0.8250429568193893,0.8719850662876459,0.7330448079076792,0.7542767517222244,0.8006086936803979,0.7543695271809899,0.8376429869308342,0.7501359039744924,0.8628838440445584,0.8486628757153035,0.8933413181366572,0.6601977729293209,0.7678210553085725,0.7542585379950416,0.8434758341026284,0.8770252619210317,0.8828204803175361,0.8454565245797316,0.8212662078265375,0.8823337551394824,0.6878439460256358,0.6762904893739424,0.7905481348063665,0.7180908869657392,0.87686431964192,0.8029953586719243
0.7633660996089644,0.8004417979138309,0.7640307319443633,0.0,0.7629463047200186,0.8055394807508265,0.8496861614768424,0.7779824195866799,0.6767022382408658,0.7303758394428894,0.8241201622454328,0.8047738511017795,0.7493888012635992,0.7025262777771419,0.8279336955321305,0.722896940166781,0.7713309503367746,0.7401870665987481,0.8284474197891044,0.6986149819166161,0.8149857109827334,0.7813809009678097,0.7328486902210141,0.7936865884152422,0.7654942919277795,0.748971230908131,0.7160254953861778,0.7817055826780708,0.745719130089248,0.6581367801182744,0.7738068024380721,0.7397508482983141,0.9314761671707473,0.7397786919485585,0.8036172745947981,0.7758771609598668,0.7366422955415753,0.7250291117386521,0.7880849173811043,0.8291865973278156,0.8714303863803402,0.7429117287473802,0.7013323201875887,0.8630993531080201,0.7591151830317018,0.720134162291949,0.6807220862106851,0.7538623895334193,0.7801083985653845,0.7375993360650261,0.874846457974221,0.8347175585114827,0.7113870923431724,0.9074722269079886,0.8077246480086012,0.6901123827641207,0.7592186611434572,0.821502284462088,0.7774568873308365,0.7349382228349359,0.8029835337406775,0.607990848061304,0.7960906249685665,0.6466109307608269,0.710707887154299,0.695725607191942,0.7699379058778663,0.6804410101407657,0.6847955230845686,0.7844453299388469,0.7648541260300948,0.6705882778827065,0.7633703272978426,0.8456744410187884,0.7854450901147888,0.6798320941188006,0.7769556212600809,0.7545678263783923,0.6956029316441815,0.6460999133710268,0.7444495293275976,0.8320372004684687,0.6970396265855294,0.7188635369496328,0.7503615775357182,0.7586549699742935,0.743081964677033,0.726508643316981,0.7211572736116929,0.6756824510216664,0.8449053962803772,0.8061734956429539,0.7826788822526334,0.7341546605698323,0.8448265623837685,0.76485537589284,0.6961302627957934,0.7810526411350573,0.6301992069912247,0.8106494841090754,0.6762336856909069,0.7255125918199596,0.8090703275521782,0.7785799219075358,0.7563334090241622,0.6920275054228238,0.7286796753953361,0.7322885771888585,0.764614812847715,0.7524985848734875,0.8914912445298396,0.73620944811916,0.7867855558696455,0.7130418676068807,0.7421390509444579,0.7824518116561949,0.756215889737576,0.6749665752144999,0.8479694393008714,0.7151722670189176,0.7094824066950296,0.8116021970376417,0.7091459352081464,0.8151638242581948,0.6784419219046713,0.8006045075487838,0.7018090369496119,0.710271087144097,0.7796335336731444,0.7074337049711192,0.6655648432924475,0.7337189882823314,0.6504201693014355,0.8060010050702807,0.7522424204275329,0.6554563796801329,0.6688436559079521,0.805069667220552,0.7211124381907025,0.7504211946562871,0.8296779026353136,0.6700180858583524,0.8303121484424111,0.7696992884603326,0.7496812954537461,0.7258826807995268,0.7529149192236546,0.7055076706834404,0.7102367705693354,0.6119018554457688,0.8255414489453515,0.7753107077403343,0.7719720333302202,0.6794017951862819,0.8239340727714474,0.7271166476739784,0.7377093183753131,0.7912766554980961,0.8689332475032658,0.7496226368095914,0.7186140713183344,0.7526431307248926,0.75807787573928,0.8148048264783225
0.7678639712053169,0.7902925185725729,0.8453653063683572,0.7629463047200186,0.0,0.7751506013657988,0.8698790552559892,0.7876738027769457,0.7383465832496926,0.7738570521559545,0.8080071067466855,0.8517127139670718,0.7648542790526961,0.6466125425529592,0.842250855343799,0.81117525733943,0.7853891029662786,0.7642920361794291,0.7661425464450291,0.7056187779328614,0.8203798348645784,0.82968088201761,0.7872717004032121,0.8257970179619313,0.7866006948938357,0.7600120968151687,0.7689149114361007,0.7281499173896763,0.7309240296600908,0.8409156193123979,0.7852249465130877,0.7656155008064846,0.7827264141208631,0.7176933455115113,0.7330527906743897,0.7179449821051552,0.7765410990831818,0.7275299094818551,0.7886544562980511,0.8135365587794702,0.786026370096131,0.8279697195085475,0.7645004770966753,0.7932324952499211,0.7620469497957751,0.7495153397875215,0.8214523845103056,0.7525660210993411,0.8138058587856226,0.7405695556350274,0.8194088965717257,0.7746857026496148,0.6341241379729208,0.7692116773107494,0.7381873878574714,0.7433797293092638,0.7386544031090572,0.886624020157204,0.7148227346021676,0.7182950362458885,0.6857166907222625,0.6016408077095964,0.7335461541447078,0.6440877814502836,0.6597803382661025,0.6397234116334106,0.6993886502905935,0.775569490883735,0.7331192388256761,0.7940559650922737,0.7877589682923911,0.6382802540383711,0.6477804123911075,0.8216526314871483,0.7443287585378112,0.6550871108724307,0.7964239817525305,0.896182149329494,0.6768508508425444,0.6406565923699031,0.7055881935139449,0.7727613301914394,0.8196562303561777,0.6639994571588974,0.6852636102577208,0.7808966900591942,0.7009497494988229,0.7109725812016993,0.7197717714194889,0.722392934444138,0.8963101633809983,0.7570093709758634,0.7931044259144062,0.6573854670829761,0.7065234062467132,0.7871387650909115,0.6051719823635906,0.7536923468309001,0.5997689263501353,0.734283602151547,0.6203314632592363,0.7504287248700933,0.6976947470292959,0.7670094070529072,0.6758716194929393,0.7674912766330028,0.7028446651304155,0.7658239914300251,0.7958199633476828,0.7860545688662925,0.8092326566101578,0.7072481499568407,0.671913335365903,0.7206836282381788,0.677112452770482,0.8123972844222117,0.7058522319283115,0.7736455235706328,0.7416857280943019,0.6656482311577788,0.790954457009533,0.7180022845906405,0.6720563245405087,0.8448779485618461,0.604944002951865,0.789641063335134,0.6533332274598075,0.8023841515178632,0.7227827401211764,0.7307749799134243,0.7508821655438367,0.7808518232333683,0.6010159487339827,0.6907105148841934,0.7103133406371551,0.645032664491026,0.759480393994686,0.7914804704431442,0.7358794082345008,0.8367675421847937,0.6668399582314034,0.6893242353964069,0.7723869445360918,0.6877970237620008,0.7618004108724757,0.767752124832488,0.852748295797832,0.7638820147813193,0.7610716788036511,0.6169280981101173,0.7236769162071555,0.6837751894087323,0.7738549555840948,0.8277595102335198,0.8238338021712284,0.7424686644009744,0.7321881834656968,0.8570089395664973,0.6749734608712762,0.6925272222914644,0.6786071543981783,0.6800089689405423,0.8028465106840013,0.8142921165287051
0.8720449681727932,0.9456892146296345,0.8747615288351479,0.8055394807508265,0.7751506013657988,0.0,0.8258577710482442,0.8910396964180132,0.8309094117333644,0.8554870999954555,0.8651105553164841,0.8759951435253774,0.8955593487842625,0.7816721766463511,0.8379084715800528,0.8458921483801577,0.8134584648960282,0.7684161333388279,0.8286856910167655,0.7991801495018481,0.8406510735022475,0.8774732549954124,0.7036164514198436,0.8271254199400998,0.8631370331997028,0.7301949674341045,0.7276735586779457,0.7831763571314531,0.8333287193709815,0.7838407304252213,0.9148761108467459,0.904004981267673,0.862453451128492,0.7560478424326719,0.8574618031066841,0.7785181111746856,0.8796479647865849,0.7946817113935121,0.8459436457811847,0.8002404269859944,0.8072795745002185,0.8702250007123679,0.7293410769459894,0.886388382148218,0.8332840335177382,0.7704649594316856,0.8020134973755413,0.848190112189177,0.8015846452309364,0.7634649905898871,0.8445069076014565,0.8307537255603941,0.7420556276720423,0.8716291173172793,0.8147777146437032,0.8815690090028413,0.7902221849884336,0.877238835774899,0.7759472276742165,0.7797337641204228,0.9049680378306505,0.6919170502361004,0.8016928405485947,0.6872836181090044,0.7313618315535471,0.7477626392140819,0.8482567410270104,0.8353502855658083,0.7116224537584056,0.8712770179554934,0.9033286316623851,0.7227727438815582,0.7823597246463561,0.8641419346657252,0.8907370429898386,0.8148272840022988,0.8203011070739339,0.8347235336123049,0.7008291964525859,0.7896936747545384,0.8967546604156733,0.8454304146485204,0.8652795115460628,0.812304526286962,0.7358039613067807,0.8593479590701371,0.8927244642281903,0.7563309126759934,0.8289365435045072,0.8305766713256452,0.798317109130612,0.8679770268050192,0.8104750476184015,0.8013377890193054,0.8137491584315587,0.9033258867121654,0.7809736076575914,0.8416248333206771,0.680158662985354,0.8539050292777295,0.7738607194959175,0.7896627828755616,0.6792605542873517,0.7802042457135587,0.7836263909032413,0.772024874926768,0.7606825486287131,0.7957021184323767,0.7972398588631374,0.8932180275068218,0.8640526154918646,0.69614300576096,0.8918169734965392,0.8103976405017137,0.746252464793809,0.8479704134171283,0.8289887728521458,0.7540650999282241,0.824919683829481,0.776111269722484,0.7625762399513256,0.7767217975460078,0.7824450020316573,0.9238249402761857,0.7995088868269017,0.8999010978310301,0.7392662538126032,0.8441839853843046,0.8136726536792389,0.7682786291943453,0.8461494201747651,0.8871705267725329,0.7593230039732044,0.8505385226377158,0.8343571109625815,0.7703315694757376,0.8124041750268483,0.7873880121251489,0.7175738164200894,0.8175185660984763,0.8063883914831171,0.8310191568448583,0.8726411309494695,0.7772911080212429,0.8618766910017353,0.7499374138470273,0.8901016670464429,0.8360690391922845,0.8241534203360859,0.6893625073851011,0.8375222517528625,0.8311597649052315,0.7601942133067275,0.774928408187088,0.8469434626288536,0.8694405148810008,0.8350048647313438,0.906184140131373,0.7914187090160343,0.7789417466417174,0.7777028960781243,0.8655426437742709,0.9178384037717058,0.8443156152107466
0.8025168318228763,0.8635762223520517,0.8160434591279319,0.8496861614768424,0.8698790552559892,0.8258577710482442,0.0,0.8306729594432749,0.8009651346150695,0.8423405811938061,0.8042395959219392,0.8674782269867466,0.8018852927417243,0.6868902235461971,0.9279075851656073,0.7583352007079021,0.7365439470296451,0.7742641323328184,0.7717574784077302,0.6963072271751376,0.7758782692327523,0.8533506772188008,0.7954655373891937,0.8409009189146897,0.8349950011638304,0.7247186783919652,0.8099437164977089,0.7374076876991184,0.758226865268506,0.8169621944354948,0.8671144470956816,0.7807627723963342,0.875842167375338,0.7243928219086431,0.7683974574816432,0.7023040637746526,0.8326870495214556,0.6896761919990285,0.7906679617298267,0.8401418116411962,0.7725795828585792,0.8556399802346599,0.708876406961681,0.8093716973559597,0.7875463563512436,0.748744130016597,0.7899755669939976,0.7457271912460537,0.8445635481178072,0.6884148133442827,0.8232833985984558,0.7508780487596043,0.6493721359370986,0.8044857115242074,0.7540432259766654,0.8186657596417347,0.7120293110628586,0.8397836707942326,0.7584510747586442,0.7159581056187971,0.7473768264122261,0.5913461285888348,0.6928745652601028,0.6082644523577072,0.6640934466326055,0.6406812751689344,0.7989065542795533,0.8317557514213538,0.6927664416495269,0.8439190608515461,0.8122778335077134,0.6456479011162177,0.6626005356631983,0.8340314460774746,0.7351793553781197,0.721208034252002,0.8082468973771377,0.8864339253012012,0.6509449267649975,0.6514982351017143,0.716192765987293,0.8318650092022178,0.8743576936072693,0.6647222299196417,0.6528969432651456,0.7861965023057574,0.7540374010097568,0.752099711972123,0.7708734296316903,0.802030762329589,0.8397625013026907,0.855708191157249,0.7654283771597695,0.6782115903002774,0.7414823363776158,0.8784512147716219,0.6166947840679334,0.7799122317257997,0.5947363439948088,0.8019500640512208,0.668369895153275,0.7443905775019046,0.7160170389673967,0.8025984453713879,0.6694278210819309,0.7276877895662264,0.6686096750289021,0.7647387962328863,0.8017276226118561,0.8221524306957234,0.8395380272595889,0.6545588036421114,0.7386730695512189,0.7271918115590387,0.6694858044268402,0.8181473427837004,0.7278999971976575,0.7542185896276529,0.7342559019274287,0.7023550801525231,0.7084363357704255,0.7539235866518872,0.6641965620584341,0.9054968606914447,0.6447043057814787,0.8385478580132862,0.6505283226806696,0.8125610245259538,0.7122970709607565,0.7385053212545212,0.7848068949897401,0.7173528605893618,0.6413619461931285,0.725854370132993,0.7210626655480785,0.6439741655492806,0.7546593362403585,0.807589640426694,0.7252651881251225,0.8312248905904868,0.7681834448677195,0.6790791767755902,0.8505451245969381,0.679547082359991,0.7618985725004734,0.7767232476324013,0.8623220348007904,0.8058386042625237,0.7580875850130934,0.571351067901639,0.7675516439351888,0.7395902563696888,0.7301660556895841,0.8397357768442505,0.8408021445220679,0.8219404846670041,0.7950119488561244,0.9046377813691041,0.7891202539261913,0.718890534735073,0.7240731983026752,0.7303438059994631,0.8565969356849991,0.8170992606491798
0.8890186822790395,0.9380859676548824,0.8974840805700546,0.7779824195866799,0.7876738027769457,0.8910396964180132,0.8306729594432749,0.0,0.864047726385821,0.8895526760974621,0.8289991024750855,0.9359407144181361,0.9077913171820727,0.7384075070600378,0.873299550050528,0.8898285310154018,0.8617015987481286,0.8519167210986096,0.8605811092046449,0.8682654437803788,0.8605885381578122,0.8639262281615606,0.8408882907365196,0.8823538665763252,0.9149661033488712,0.7703319042364533,0.8634659280633735,0.857457728947766,0.7781153003120888,0.8702812913453096,0.9475249905883377,0.891828716490627,0.8290374340939496,0.8413541355503914,0.8549932718097885,0.7892329024093746,0.8701500135933905,0.8334946398762078,0.8278626950788499,0.866694099002504,0.8319662433853348,0.8858714117891137,0.8014154184203712,0.7978327563915589,0.9436925336504596,0.8809836240013098,0.8763601471347843,0.7782766623570982,0.8732799460281145,0.8069187857977199,0.8226678483086813,0.8307430446404127,0.6998809834354561,0.8088815994455693,0.7723645161348341,0.8757960753475266,0.8267658615576826,0.9157498695330489,0.7994152697168314,0.8358813945790566,0.8307919924701221,0.6562184775886123,0.777857847047306,0.7261506511834457,0.7108891375382762,0.7523742051021811,0.8191039371969443,0.8001404512086405,0.7986170374735665,0.9249563906449965,0.8585222973054862,0.734715916316767,0.7294075046209109,0.8898054918673248,0.8969995325585315,0.7951140311280971,0.8038316628992275,0.831394178905247,0.7901470175989713,0.6617437745457927,0.7822956217543068,0.8339188977835551,0.8723015727928001,0.8073813239939919,0.7543413173324527,0.9553783948945468,0.8432127890273657,0.7863815224573105,0.9100560690240985,0.8580628935797037,0.82841239949914,0.8552498312800477,0.7991330154224835,0.768894622287537,0.7350087694546761,0.8644523536018612,0.7200308017418597,0.905455799185233,0.6425594796780977,0.897947036528583,0.7069495556166293,0.8456354499285996,0.7126272516654921,0.8458173468024001,0.7867060704249934,0.8800306917571303,0.805276706584168,0.8976957228462875,0.8802920098798511,0.8907986167796872,0.8322471743701622,0.7360771170306366,0.7726304259265206,0.8472990154256759,0.7731700653474989,0.9189928619013583,0.8552631845153598,0.8122169937252686,0.7794199630334075,0.7496794569856061,0.7694145998928117,0.7801735855142042,0.7818276583618594,0.8929281263994465,0.679031512783,0.8777883246882316,0.7176085963260291,0.9024805771046461,0.83409259199594,0.8171905758009632,0.9147319549550785,0.8444089256133558,0.7112456304253185,0.7589665891762335,0.8222674324954738,0.6854606333222588,0.8959657832879014,0.8457529843022237,0.8438085644407743,0.9283226880569081,0.7309670548358274,0.7668743741751315,0.8698324837696858,0.7240094101917549,0.8300641424290071,0.8443039471992777,0.9083464845580237,0.8335199011108059,0.9077551145713045,0.6963326210845744,0.8425803748143535,0.7517274955227732,0.8263161675912126,0.8917305628008321,0.9105652108512539,0.8823582579943239,0.8274722812537213,0.924121690410528,0.712812751686757,0.7068095789072174,0.7682607405463969,0.7940781385511254,0.9637723530135003,0.8215678538300305
0.8304890141478277,0.8641163696306557,0.7554204224665189,0.6767022382408658,0.7383465832496926,0.8309094117333644,0.8009651346150695,0.864047726385821,0.0,0.7759353586546888,0.7039752681436977,0.7961104322680275,0.8063563180970813,0.7009793993023741,0.8120641132446133,0.7289194260296136,0.6927131011074353,0.7489632623897899,0.6998870514563897,0.7342033001297441,0.7016690825443362,0.8163691789652819,0.7067344865138068,0.7637523907526544,0.7823284520419768,0.6402658615733533,0.7846844012614573,0.6984631044352052,0.6593215477605153,0.8740091528628148,0.8808706371545277,0.7621933219258634,0.7387743458354522,0.6843821444993061,0.7509795140234212,0.6434294023539854,0.8093335706319238,0.6895771758619672,0.7112839607148197,0.730276791020648,0.6653444006365776,0.9107997375139274,0.6360823413849616,0.6827912219108027,0.7759280737972433,0.7347306972588057,0.7990280211819757,0.6578790053150317,0.7327614511900435,0.6663154338517672,0.6998237858373443,0.6971251852192538,0.6528204834799688,0.6813908434098254,0.6250309483286185,0.9468189232785641,0.6933424475134389,0.7731309446794058,0.6674084146888005,0.7143602840740871,0.729302437714887,0.6251779932060346,0.6391225455282001,0.602721844150479,0.6546893235040319,0.63819650293485,0.789452708691583,0.8324207893198574,0.6506108547863599,0.8276254787827593,0.8340747989258012,0.638970948338947,0.659672459556591,0.7445739017170174,0.7529312319557816,0.7384379880360845,0.7010305530311868,0.7605099365588996,0.6288277999478123,0.6433010172752257,0.6928385774511104,0.8425601316648342,0.9156638855844497,0.6680379749229411,0.6232696432135231,0.830723791198148,0.7797643886491492,0.7008533070464447,0.7939076365037162,0.9402398406517897,0.7346291272623686,0.8452423925425357,0.6609388793056565,0.6795643343061715,0.6956036426140745,0.8250475741970462,0.651436734244497,0.7627461972684797,0.6217966279456374,0.7817909259490813,0.6565564217274834,0.6718143202125849,0.5901861892148079,0.6929358694512081,0.6690298800940317,0.7343750421084332,0.6277050901781829,0.7504032484880474,0.7276768039950404,0.7991832720457788,0.6998612676781557,0.6130902735458178,0.7327202111424647,0.7654341071736239,0.6398542738194356,0.8357995688397462,0.7136864363511676,0.6695697270990406,0.6223777013443769,0.7402619508820555,0.6874558456497838,0.6933190161991877,0.6753344088008643,0.8292419184856176,0.6942265785045714,0.7272776142100399,0.6740236070228739,0.8268923231713017,0.6447430879800883,0.6959850535540621,0.9402484788592289,0.7400012239944737,0.6842168114498718,0.7619898144700857,0.6935237139238419,0.6399402035477904,0.7875230783530341,0.7131264851386249,0.662475762130063,0.7809590003701821,0.6548042346039102,0.6982615029873123,0.8512655386501393,0.6451199080331673,0.7022625963756968,0.7414883414750653,0.9227401378193572,0.7564593408372243,0.7355504263290675,0.5979323242931173,0.7321520562632082,0.6678219379230107,0.6970166621721984,0.8255244026476949,0.7431929214145596,0.8542880958330286,0.7836044166474989,0.8506607573835593,0.6681771550091917,0.6430841959016937,0.6518205891819094,0.7457322384756617,0.8909015336745356,0.7841544496962702
0.7911192404098624,0.9057367577019976,0.9226640057629866,0.7303758394428894,0.7738570521559545,0.8554870999954555,0.8423405811938061,0.8895526760974621,0.7759353586546888,0.0,0.8308730572486366,0.8897918963934649,0.8487765661413923,0.6963472039031469,0.8592600524083351,0.8397250144582357,0.7709174937265184,0.7867356103533604,0.7909162176360064,0.7598602906878343,0.7835927794055577,0.8780403837171906,0.7747774899505978,0.8143245697462379,0.9139366460087188,0.6852627016567385,0.8067107555531708,0.759567731835426,0.8749881993075825,0.8182543927795386,0.8861582878082865,0.8563435275413386,0.790326442117115,0.7272956918084258,0.7691660792421826,0.7255407674163004,0.8512382729095064,0.7479110498617705,0.8016491432463655,0.7875406588037731,0.7558905454253226,0.8309615801433374,0.7597039307589494,0.7819748422472934,0.8287266322944463,0.757180319839539,0.802229943887849,0.8028276092103861,0.8443399215882145,0.7004427899445158,0.7479438046112165,0.7108800077841785,0.6404072291682265,0.7811600249402646,0.7964959097505282,0.8103794015374597,0.7061315620185831,0.8481547008678139,0.7967471893698159,0.7117597927484701,0.7885720409310049,0.5917686660315289,0.6978373472659133,0.670940435400562,0.643567198728354,0.6622122580654984,0.7565739820886616,0.8214938745154895,0.7920636073292744,0.8956372906520744,0.7712271529650494,0.6742206752909351,0.6462598083928287,0.8121235476464194,0.8036460820841275,0.7497710549175248,0.7700263126801634,0.8417090335231934,0.6770032477926509,0.6446229969797597,0.776756420683459,0.7222304932442518,0.8676661715908618,0.7399140048846296,0.6391758242948454,0.8158380869154959,0.7936227334972832,0.7392535622193379,0.8078930789976447,0.7704701315991859,0.741238887523065,0.7784478387657489,0.7901347783436403,0.6711789788744594,0.6657239370974545,0.919973919890975,0.6470835816597715,0.804887637164785,0.5792879756155115,0.7671307163407309,0.6938038553088535,0.8227973840117647,0.6575439551525737,0.8805940099353293,0.6752711423493032,0.7530216152915609,0.7147333008658223,0.8279376219291352,0.8022873403867558,0.8624240263835331,0.7838055813396617,0.6270322361229104,0.7214586448571547,0.7860129306691112,0.6680687695630795,0.7757430747386619,0.7684423321463468,0.8850469980849794,0.7622474304336712,0.6738889158739096,0.6749820120339426,0.7050044585098677,0.6836036782487701,0.8437941781999211,0.6444244537153551,0.9234823156363957,0.6117963958268234,0.8186686888600208,0.7896054958268328,0.7867712464236909,0.8427427443103834,0.7670861482006843,0.6563479438903576,0.6561351604831304,0.7893288646044802,0.6824425535081526,0.8276132546902789,0.7678254163587143,0.7969910793829482,0.8628449950925705,0.7763689925044327,0.7430639728109383,0.7610790911468621,0.6928055866996662,0.8168678936975412,0.7513798105532157,0.8207221462315201,0.8664519959194747,0.9048860342289173,0.6342708215292454,0.732766743967639,0.7877287391423081,0.7323075281461292,0.8748426835347559,0.8682164086455558,0.8415145783150776,0.7904315695814912,0.878243382967042,0.7087225927249786,0.6620288836336667,0.8098146553623834,0.7332168452274832,0.9052365469410348,0.7349717663784929
0.8547601195547595,0.8490101153362981,0.8891768175829071,0.8241201622454328,0.8080071067466855,0.8651105553164841,0.8042395959219392,0.8289991024750855,0.7039752681436977,0.8308730572486366,0.0,0.8583405773934535,0.8911117459877899,0.7450719634954225,0.8049123633816246,0.901602040790188,0.8805523505727576,0.8119246182865124,0.8570872855373747,0.8386644047649853,0.893728255365777,0.8708180916360447,0.7750011267248099,0.8848913634928722,0.8873525359381583,0.8120092900673667,0.7570618013634135,0.8658681508405024,0.854344686640201,0.7289276357777936,0.8147056687822838,0.8676321132268069,0.7947366651132921,0.798307572327793,0.8642270885178753,0.776182117464246,0.886406031374902,0.8325879758103177,0.8539824533922176,0.8685874369629965,0.8110775591137812,0.8112480840737738,0.8063262637880366,0.9142093711285647,0.8409750127925895,0.7625549524398176,0.7241509024758387,0.9482451469553231,0.895386436418849,0.777821152877298,0.8457420847784106,0.8229601938167813,0.6655250472058054,0.8756638109232632,0.8730188233616,0.7351400118082275,0.8276292493430533,0.8701829982219308,0.8463898916699268,0.7494368627391585,0.8840884641969866,0.6010217946700328,0.8183494642217196,0.7315870664053427,0.7108616428746329,0.7586992352802833,0.8393359253059488,0.7693922654893712,0.805609029133398,0.881217766463061,0.825552982497867,0.7382973340648558,0.8201574122513169,0.9065646804045395,0.8684515762398501,0.748583295135743,0.8881887562310391,0.8252550008061703,0.7379066185283968,0.756616955503793,0.8297323225259111,0.7543687632723968,0.7573130871678593,0.8235199960447193,0.7813155007016913,0.8263040787096886,0.8850972528320951,0.7401913567595177,0.7643160631989079,0.7162296070769469,0.821457375092959,0.7237337490622796,0.8310527611370903,0.7875065283353846,0.8043771624095818,0.8165117056894856,0.700821079422279,0.8058800512984967,0.6315775357262342,0.7984935233550402,0.7581675147688248,0.8564789309805094,0.7195920562959657,0.78571887315821,0.7564716265539849,0.7723229580687818,0.7852641354558897,0.8419450874378818,0.7864545350248398,0.9037070349101394,0.92019905873797,0.7633466719550686,0.847603506282345,0.8227030130238318,0.7530776591152701,0.8169758217243419,0.8066497943867267,0.8590726122629267,0.906826150872166,0.696989270852367,0.8108219979769493,0.7087789263093172,0.8227366186144373,0.858125950252692,0.7625795550208505,0.8857567397228263,0.6615706242484902,0.7764051876064127,0.8566393173064767,0.7896467460723452,0.7300480264848884,0.859813460759514,0.7717615183396845,0.7757933132427933,0.9136474971832075,0.753122200028184,0.8006611904405571,0.8290428701604866,0.836296095442008,0.813371832884027,0.7794418802764579,0.7901785095773213,0.7699929867261617,0.7546289116830442,0.9254087584110532,0.7630357046145576,0.7759556250738021,0.7472298688884732,0.8526617949201973,0.6870888212708697,0.8769892055220042,0.7660985979706939,0.836941022456309,0.7363601908749394,0.8656358776945393,0.8476661715672408,0.8835397843249099,0.8490466868612581,0.806603019522599,0.7937587965172738,0.759728280968279,0.8179448740186305,0.8009784018689853,0.9004677595892847
0.8285822992801949,0.9074991234759897,0.9043534373293759,0.8047738511017795,0.8517127139670718,0.8759951435253774,0.8674782269867466,0.9359407144181361,0.7961104322680275,0.8897918963934649,0.8583405773934535,0.0,0.837231122420382,0.6793941658776879,0.857274638003483,0.8802796027597458,0.8488379168588983,0.7826234516392672,0.8971809073590163,0.8156321678756575,0.888046507757429,0.8568272949002027,0.8557867057086381,0.8870012836353548,0.9227000190387176,0.7674534827495407,0.8193116457427309,0.8319913394477793,0.8018701811152978,0.8609213000501241,0.9221707970113794,0.8669888346193885,0.8232553609504263,0.849040984458525,0.8260467924011097,0.7993365713936657,0.8403507937106517,0.7913114939100997,0.8750951207210199,0.8371357588460219,0.8385447889721425,0.8828364222410919,0.7962259487018353,0.8386710957637515,0.894342727925504,0.8115681481983078,0.838466723415531,0.8044972994174852,0.8823798178788594,0.7748988012330685,0.825543491236401,0.8193758799343861,0.6478894410561068,0.8379157781173945,0.8107748348206766,0.8243920797726725,0.7936532827298965,0.9625515074779103,0.7654867489750081,0.7834485953977451,0.7853913081356048,0.6133612323642726,0.7547444442955384,0.713004959303276,0.667768099452152,0.6924633653048031,0.7642979466812454,0.7522738945661048,0.7550564957469814,0.8788360168453974,0.7943438668258359,0.6833830517717525,0.7032299278471797,0.8674237070007085,0.841671879509904,0.7246513190313696,0.8090159203736121,0.8680220452594429,0.7486875999639424,0.6474739783042294,0.7489830451441744,0.8073923865373467,0.8395663019704559,0.747361400576238,0.7466694305173938,0.8903804295168782,0.8103226716412713,0.732349252445911,0.8278754379569503,0.8026531703995009,0.8437110527304015,0.8514658359433194,0.8139016876236423,0.7189617412490156,0.7047229754610671,0.8743021932475703,0.676947635065825,0.905848513255141,0.6272370101928592,0.8304216327289383,0.6789186960500903,0.8449839077549783,0.7462715469753838,0.8875531099370599,0.7391180751768806,0.8268507412472975,0.7828631625761842,0.8870079913083794,0.8288096004520424,0.891095093961744,0.8987569770980067,0.7416892014080748,0.734028329673833,0.8122775178455938,0.7216690842102774,0.8648422811905639,0.8163899704107588,0.8461519851935484,0.8168845606757765,0.7122930709223394,0.7537986611869884,0.7532172457576446,0.7615911092586883,0.8755268026844125,0.6468041098878926,0.8921059873142309,0.6818406519879313,0.8754858489586298,0.8484962937582056,0.7419723195237974,0.8484190703399289,0.8199528096573862,0.6534931300063743,0.7450555114484484,0.8226637474267868,0.6416224024796271,0.8523845545927701,0.8190328476678967,0.8258692357262888,0.9244376126432841,0.7106051597224202,0.7515623332666257,0.8341956488725735,0.7383930552205992,0.8422957936565927,0.8394069568543712,0.8936616442196093,0.7855070221162702,0.9051490929049955,0.6916886331787856,0.8285096083212051,0.735511534772265,0.8323018799273713,0.8633271861192777,0.9511063209030801,0.8239260817096561,0.7871850032018656,0.9198097727617351,0.7007406917181982,0.696102097552913,0.7099978965948149,0.7597177674613995,0.9222783565522591,0.8203358698719593
