0,1,2,3,4,5,6,7,8,9,10,11,12,13,14,15,16,17,18,19,20,21,22,23,24,25,26,27,28,29,30,31,32,33,34,35,36,37,38,39,40,41,42,43,44,45,46,47,48,49,50,51,52,53,54,55,56,57,58,59,60,61,62,63,64,65,66,67,68,69,70,71,72,73,74,75,76,77,78,79,80,81,82,83,84,85,86,87,88,89,90,91,92,93,94,95,96,97,98,99,100,101,102,103,104,105,106,107,108,109,110,111,112,113,114,115,116,117,118,119,120,121,122,123,124,125,126,127,128,129,130,131,132,133,134,135,136,137,138,139,140,141,142,143,144,145,146,147,148,149,150,151,152,153,154,155,156,157,158,159,160,161,162,163
0.0,0.8657282917297896,0.7012342395863356,0.8394567389767467,0.9122487615351564,0.6618325848627512,0.9074652971980659,0.72101156937698,0.9220244793329411,0.6423845070208455,0.9000391719054286,0.8445768909428057,0.7777150966404413,0.8939768380244134,0.9378755635299972,0.7629918013862493,0.7483314568068385,0.9840716492046823,0.8758415968351455,0.9695608207059132,0.8983130662704205,0.9107524404871149,0.849431985612541,0.9411218362215245,0.8732024646935873,0.8279252474299809,0.7964749398513172,0.6893486854144658,0.7578184216879491,0.8531153650533037,0.9334109004285005,0.7956161340308069,0.9177577294293131,0.7800254191175837,0.9587631838084626,0.9088007846017602,0.9347897082503855,0.9334100180991451,0.8769593753783425,0.8966185750090827,0.8975213540026846,0.8126461780164217,0.9528164943061769,0.9466528661637431,0.8981899006376705,0.8932231068316845,0.8642113603432172,0.9226809395009491,0.944024608945506,0.9625424418478021,0.9351708042984606,0.8726305950213827,0.8972963724230258,0.896260123244193,0.8878229669217215,0.7544990018889117,0.9737409459832009,0.7987414822221108,0.8885190642675432,0.9357462781088463,0.6969667037799933,0.7875218497031413,0.8760547651808909,0.8922496765677018,0.9488616799660347,0.8854820889985198,0.8413639943293768,0.9000457066794536,0.8648734403013444,0.8217671721607589,0.9556608910098849,0.9545625285309912,0.8106157276669932,0.8156560366629149,0.7236275626930678,0.9222344627457998,0.7384856361421431,0.837564590334616,0.8518096763535886,0.6222088300750248,0.6737899044751988,0.9479531196539352,0.8674518364427826,0.7100084241768151,0.8960365543972449,0.9072811340411938,0.8069721744079099,0.9246413469279782,0.7364133687287883,0.8587785768582246,0.9484580902630688,0.9330932476711955,0.9327126168458538,0.9434274942127887,0.9322057316411,0.8745053079282937,0.8538018196659325,0.7875951919627983,0.8924821920727426,0.7351448783995861,0.9238976068398401,0.7499708671970793,0.8800534277284409,0.8314668866081305,0.9515708713880952,0.7759371920216988,0.6916927645148526,0.6675858448816605,0.9125261608899431,0.8666760236032389,0.9085708045934481,0.9486743055977119,0.7436085375241754,0.6965156393413301,0.9263199584397873,0.7579799289769357,0.8118206117459588,0.9182237561817134,0.6732672395466724,0.7702377674049643,0.9373316866229296,0.709973263939676,0.8811777105503823,0.9242617044129745,0.900152448045506,0.8232663474773663,0.6643864927210237,0.8700914570602969,0.740019367143707,0.9530405263208618,0.6962274951830353,0.7004403417403261,0.7895362032484646,0.8982196625235338,0.9210552946546327,0.9086961336625886,0.9077204048881959,0.9573667291622706,0.9084755771725689,0.9182784905114936,0.9004288566609797,0.8724092227192959,0.9340066568215888,0.881842669219888,0.9349724630716825,0.892500519968976,0.90376325216657,0.6312876823779618,0.832094943325906,0.5735959233928387,0.9568955576912729,0.8566058872929628,0.9446541179328481,0.7880732086633759,0.8231031478132188,0.943071700307351,0.8650006179940933,0.6789033034319795,0.9420989465024083,0.741635969999859,0.6461833026176597,0.9529286806939251,0.9320395662441524,0.9538020362108631
0.8657282917297896,0.0,0.8120358385701482,0.8126604526698477,0.8461227897942367,0.7612210948067694,0.8592085900542704,0.7502266901533838,0.8408055952741904,0.7872134050399948,0.905121629009866,0.926063634751967,0.7773223082072835,0.8411274031410885,0.8774447503548934,0.8032336737484763,0.7643070022353354,0.8606940724059394,0.8928317933706796,0.8886995177098616,0.8902623795318979,0.9387653651851219,0.7986983524125171,0.9066706346458382,0.911268764508917,0.7212969980723009,0.7920624078098376,0.6869921914838092,0.9329389196079264,0.8488269237391849,0.888368046514686,0.8137596170140795,0.9193300419886553,0.7384717232680538,0.8618595587112692,0.889781126219516,0.8714015375626657,0.8735320832654816,0.8782552144341784,0.84414166899031,0.8956783137652343,0.8254166577152433,0.8492665014243329,0.8872381066544032,0.8581284151908434,0.8122305144112267,0.8230802966774193,0.9005675579917211,0.8741211471516824,0.8612236706797406,0.8415985613721628,0.7897262507087918,0.8603288890043124,0.9304023753548847,0.908410702814132,0.7953122567125416,0.8601518658932389,0.8331525030602032,0.834556091676725,0.8745717929038846,0.737546522945726,0.7281687447549462,0.7932376778887347,0.8448522759967553,0.823806884922419,0.7739045693051549,0.7733584210900184,0.826643640348908,0.8083140355099159,0.7958133975031831,0.8370164883593537,0.8477039736040001,0.7080835228346799,0.7861799237853832,0.7833427094890282,0.8395889980229408,0.7181424036498126,0.8662359243058526,0.7551350035404099,0.6276717544831296,0.7465067494353204,0.8259695002724106,0.9174175861626052,0.7302633343692633,0.7667382112848101,0.8807216768649573,0.7527543473240652,0.8015634678986423,0.7262969549939264,0.8515130878712739,0.8228185553727316,0.8714821490872819,0.9169726501022627,0.8412690082008114,0.817971887802842,0.9479519494612096,0.8370660257844112,0.8026052430097109,0.7890585460810673,0.6967250346838055,0.8785495175481802,0.7311123665507366,0.7467820114071944,0.9144876336949053,0.8298047833662833,0.7324857114271516,0.7033968764589583,0.7162381850746381,0.8762318660501583,0.9253785666492289,0.8745094093123307,0.8016216961599903,0.6967482210261914,0.7272678222474038,0.8057006881582591,0.737528395174567,0.8025135018389185,0.915935199129464,0.7173042781348649,0.7227135166172931,0.8318015681365286,0.6593635786464123,0.7904202768315844,0.8930414153302274,0.8068469404529631,0.9325696306333142,0.6241636124390476,0.8754992988423043,0.8317717108318826,0.8698393707108522,0.7928293916118984,0.7386134066329845,0.7239230165801018,0.8133728656897891,0.8986173825609747,0.8349513682028812,0.891761875165479,0.856189604221641,0.8840307503521183,0.873360321540887,0.8950703913267622,0.9018086341134852,0.868997269289532,0.8587974250116067,0.9124221213028326,0.7689331571541207,0.8688961402590869,0.7407514405614704,0.9177627413741521,0.6657983180271472,0.8269868572230695,0.9101939178834383,0.9013799057505896,0.8447240533808898,0.8829924254269678,0.8727954206925596,0.848140293641079,0.7324985766319468,0.8571947273524033,0.6784636036926212,0.707314307600894,0.8611423516150463,0.9439966986442223,0.836263250172161
0.7012342395863356,0.8120358385701482,0.0,0.808475288784434,0.7006112722019859,0.8992640386866151,0.721948336690936,0.8183078227584655,0.6415469190873715,0.897183964044217,0.8128670172540541,0.813144986230014,0.8660732723733281,0.7266630885520168,0.679087835159281,0.9060060827847913,0.8533087198922455,0.7209637372756315,0.7362150714235668,0.7105160328695559,0.8603974131489684,0.7971950303557339,0.7113364458601527,0.7313291806771203,0.846135812711742,0.7730549092120556,0.7577165249599516,0.7152595677640001,0.8240469372921142,0.7299871889540797,0.681833828793842,0.8610200341729268,0.7639772649268534,0.7283289127346573,0.6577982253265621,0.7681927178661612,0.7969640374471562,0.7284389378959587,0.688957627548102,0.7777396574768791,0.7152110257573667,0.8395047756362404,0.7566784979398296,0.715802571249474,0.8167994685080364,0.7716984081617453,0.7861514039407053,0.788604489885025,0.732424595608102,0.7233843923399181,0.7686400577324988,0.7860674410068165,0.6672698533046999,0.8291151662194849,0.8011257846482788,0.7834908646343804,0.7088064977459599,0.8717054714334518,0.7448676661773732,0.7494245022408214,0.8224964076485506,0.7432643141434703,0.8084000070032278,0.7131609174363972,0.6492239291825224,0.7518423740042887,0.7594963816861184,0.7936782903775491,0.831143534334153,0.7958682414617064,0.719876180413793,0.6535101212395547,0.7227248109777528,0.8571291303790252,0.8589143956535411,0.6744897416026838,0.8053875671987893,0.8302069670149227,0.6905275151241073,0.6236803561406689,0.8458800389227081,0.6708425438645264,0.7744563126098944,0.7887130304054949,0.7344973865146763,0.7548868137309156,0.7696846575493175,0.7068483973603648,0.7489958642977257,0.696363681176577,0.7446873919348017,0.6933909345288897,0.7451802639831034,0.6693853359726689,0.697141835320032,0.8012533661474198,0.7285889864676753,0.8156807272836881,0.6256296463997045,0.7495323537770261,0.6601412686000443,0.8173233606056193,0.7140531494490076,0.8077042908888937,0.7163616916690625,0.8223406427739044,0.8522181001471624,0.7925022402664285,0.7961386100572914,0.8473586541495531,0.7899381475825384,0.6736900814964241,0.7756599056014652,0.7654922091107219,0.7076038173441003,0.75520785449758,0.724788993787187,0.7646655904696656,0.89085416212426,0.7092132370076087,0.6515508433259845,0.7130466399392912,0.7111271836547102,0.7591052747134956,0.5951092780692389,0.8400805459626598,0.7073038182495103,0.822902198965937,0.8910382309557008,0.7156949476501605,0.7963597289108182,0.9159644228770172,0.6531678393360506,0.6114546291946072,0.7254767236223116,0.6350551939271226,0.7119138916823391,0.6697049231880249,0.778989286968042,0.689419311320848,0.7315406657367985,0.8342033562537968,0.7212331214493964,0.7508101602095073,0.7638679528699447,0.7241661503061915,0.6948297058996988,0.8142861627579796,0.8600299470435212,0.7188309432666917,0.6542253909300868,0.684297827336991,0.7302194652212572,0.8867354970553213,0.8666654216369957,0.7344114434032056,0.7264370461625836,0.860064956383637,0.6411434981934758,0.7001770992950533,0.8101771738448377,0.6351346294632962,0.7858949101443655,0.6529365535253318
0.8394567389767467,0.8126604526698477,0.808475288784434,0.0,0.7615533777293403,0.7808553512605192,0.8549694111147526,0.8416088104993443,0.7447680394068749,0.7530925623199903,0.8951893140444354,0.8311037937236742,0.9139603992287474,0.8471678217315582,0.7846798279102541,0.870661298081963,0.843548767557249,0.8555279064642316,0.8209459356199578,0.8110855416922153,0.8825197646681348,0.8330711394552424,0.8386643187260622,0.8164622100020762,0.8738041563134112,0.8626567479186544,0.9078290148100356,0.7980540224922867,0.7542528294874561,0.7922611301611611,0.7858548585255868,0.9101553113629677,0.8698415598700101,0.8404339328890016,0.7690800429325527,0.8414341423525916,0.9162271416800725,0.8085483115801297,0.7761017522834207,0.9065368922365339,0.7601846308702757,0.8241590157337199,0.8548708840975271,0.7954850837009415,0.9250869595878466,0.8969976137396343,0.7763430566889349,0.8387693783337271,0.8724032597147242,0.8351079765018646,0.9233825488551398,0.8278185137099647,0.76795196989946,0.904680570640453,0.8958395054076231,0.7449704288747929,0.8566686725669774,0.864457807239734,0.851878365873269,0.9109370061538273,0.8767371222104215,0.8262216943152705,0.870468377081152,0.7721968564643291,0.7677406872116098,0.8891427919364449,0.934270984787704,0.8579621806836251,0.8796362721629745,0.881431920274379,0.8306143015891171,0.7762815898512414,0.8447574982471858,0.9580850015614081,0.8327844883184079,0.8196774461418728,0.9332443753024374,0.8501963655039032,0.7778370989888265,0.6319906040852452,0.697670292668479,0.8068266828251615,0.7896786828779271,0.7652550441762989,0.875624220899922,0.8008744837871968,0.8814956272860609,0.8724355653931386,0.8442987966067991,0.7828746426639709,0.8705814435199835,0.8095549513388558,0.8394707683203141,0.8356595419751414,0.8439866350423038,0.8011920512581748,0.810492151029737,0.7802908923343747,0.7249232212081873,0.8644811749150715,0.7858672304430798,0.9117228364407663,0.8537062031922646,0.7599283513904824,0.8577268105676563,0.8351219292607313,0.8563768859628624,0.7171959750504816,0.8780992871053316,0.8403864602017888,0.9125605028320538,0.802627923769436,0.8582611085848845,0.8401124204373464,0.8408004885422796,0.8025876400183913,0.7747047232472098,0.8419620707839817,0.7826320867053106,0.7955546602314415,0.7497968860229876,0.8087580033722629,0.7737903052448456,0.8706683484308919,0.6874464111721157,0.8353717009874284,0.7690707208554544,0.9045680047404121,0.803647916674514,0.8126195691901288,0.7105342807505536,0.8132443006224189,0.8332721218628589,0.7236392724983358,0.8002512604349163,0.7064021354787119,0.7491744089748728,0.7836097298029505,0.8489525732723113,0.797464671638793,0.8170832375468786,0.8628593196074104,0.8801251010670946,0.8238766600933236,0.8294080421963685,0.8287525859772376,0.7486905703017215,0.7319258607841247,0.7953057220859157,0.6050066213519472,0.8140398095518845,0.7335750846545516,0.8528187557225954,0.833926925258141,0.8343632479678031,0.8631933100274011,0.8770438713508103,0.7961078447293892,0.7930493329076796,0.8611374446429513,0.7016220746157301,0.7428394158561556,0.8214618896707048,0.7756825787069349
0.9122487615351564,0.8461227897942367,0.7006112722019859,0.7615533777293403,0.0,0.6191400632355458,0.8997988436347847,0.6435428405299052,0.8907533157802598,0.614481886446061,0.8756087287259781,0.8380737772319459,0.6835018509723161,0.828142770886845,0.9459031318863272,0.7180809392536381,0.6859694723259372,0.8934592130535619,0.8192939776417824,0.8855845885766188,0.8764698888835566,0.9324359613024037,0.778139604865906,0.9332911910054863,0.7970118156319813,0.7804602753464766,0.7127969517291654,0.5910751331770572,0.781252535068853,0.8360850694548486,0.9077011910323207,0.720749456218859,0.8940791619907409,0.6814550810117634,0.9245335902479106,0.8985924004972539,0.8609988396001689,0.8928825884068537,0.9053527514807195,0.83442064352129,0.9181568985536804,0.7819978804476764,0.9095111537474729,0.9645184734315233,0.7987508487660183,0.7816947306055009,0.8574631460804809,0.9234666303064988,0.8862856036369211,0.9335887873618213,0.8854018151140998,0.8112232620947355,0.8515933253175972,0.8825288120350445,0.868339745842263,0.6986662171407324,0.8943934056515803,0.7796778690943407,0.8279985974159536,0.8491488956020752,0.6162725019387187,0.7343648301642764,0.8056601764435202,0.8789672205893082,0.9214004610021141,0.7555768455182913,0.7471659311136793,0.8705615039147914,0.7954182827722717,0.7348166501933949,0.9247963399167687,0.9104432615751337,0.7167355874470787,0.7423042353616223,0.6442412537572965,0.7961729953558482,0.6869527916055537,0.8772476530620823,0.7562626679870383,0.5979706528661101,0.6391921298498854,0.9206707464751235,0.8780083573913778,0.6229925386768043,0.7951344369878737,0.8393158271197172,0.7107478581168889,0.8501557039419311,0.6182191823317746,0.811276408487902,0.9324796892310279,0.9048661060385971,0.9369360894747415,0.8325362091450482,0.8896149771534702,0.8833121961413545,0.802595102224506,0.7126105995143323,0.8941991083909799,0.6313589672489227,0.897483964150193,0.6855854799199654,0.8106239444918045,0.818252723410492,0.8631044259777677,0.6999172192658837,0.6228226268931026,0.6036462613057605,0.8580806971243884,0.8345993909405054,0.8694610021592197,0.9218218009023363,0.6502831055025594,0.6240787528008035,0.8152900500616638,0.6811032466401078,0.6948746931495696,0.9051034976763102,0.6397905573408594,0.6903460569125038,0.9735701381581756,0.6494857288999912,0.78940401370989,0.8873519626394796,0.897447284284512,0.8064671520659645,0.6142242626512542,0.845800281959124,0.6965971798101702,0.9281198068805337,0.6346766258588671,0.6739226731700187,0.679783468140151,0.8973625275317334,0.9050899443653625,0.9298894156645758,0.8685346839503876,0.9498289214680561,0.8475606842076261,0.9011571571195282,0.8403962950580307,0.8496632753699158,0.8720025234667439,0.8865458080782866,0.9325916640045792,0.8271054903057713,0.9448902669611043,0.6075292230566869,0.7911065662196728,0.5648232433944148,0.8841608678173063,0.832005478502828,0.9207451999361319,0.7868046463868702,0.7823906727122253,0.8719189351321494,0.7764894593982189,0.6432606327057283,0.9005131651079832,0.6654887166817274,0.5941740955816586,0.886354565243809,0.8986358838806063,0.947254628149771
0.6618325848627512,0.7612210948067694,0.8992640386866151,0.7808553512605192,0.6191400632355458,0.0,0.6594074673964416,0.8458276478998591,0.609841185344936,0.8546386609819965,0.7628576444250801,0.7671051207450583,0.8888566223799969,0.6701600944706827,0.6182376109023043,0.8988477356377597,0.8377253507136099,0.6626601529821174,0.7153254136264636,0.6597079693457262,0.7789356047908965,0.7101460620755838,0.665704137974884,0.6707381753370516,0.7942895406543542,0.7127626877268757,0.738249011677616,0.7598438405078156,0.7549566398195577,0.7328403922430077,0.6375626676750012,0.8550546064839584,0.7120849128395437,0.7231508465750178,0.5982603973398389,0.6749929601248822,0.7657476389578559,0.6708802000272701,0.6423143820928343,0.7165582497623912,0.6416456095266694,0.7863032276277332,0.6825726757952216,0.6475645391706092,0.7620623882900399,0.751626455966446,0.7000548408624669,0.7153684005036068,0.6733381466802679,0.647258507250404,0.7170144222987482,0.7417645912539943,0.6390685015134547,0.7565153512787939,0.7351146328452879,0.7997075281073527,0.6770691955520162,0.8467744629664499,0.6596868893972136,0.7162295109153776,0.8933576213058646,0.728363204047433,0.7711233277277705,0.614614484271809,0.5919406945348492,0.7403106218152246,0.7347401263060004,0.7334186806823506,0.7244026764879672,0.7946309258747293,0.6654478131874354,0.5962012196637659,0.678816100278312,0.8220136228657681,0.9070948782901661,0.6842595703468246,0.8135598302373064,0.767338257377693,0.6696831990698394,0.73175315366552,0.8871548599131206,0.616836085399766,0.7592613710969864,0.827790781904469,0.6939133728287018,0.7127051124690396,0.7889192856838638,0.6486745257611125,0.8132221110211325,0.7022426513912939,0.671412338369536,0.6332175067198996,0.680234437157238,0.6747708402116732,0.63488755067769,0.7344510269943373,0.6997559665902988,0.7463427675435823,0.5653249311015768,0.760814808852745,0.6239846379026783,0.8086393263112391,0.63428998291623,0.7023367962553342,0.6660537246356916,0.8041277524319349,0.8559895624356405,0.7770927490371119,0.7267424579420811,0.7938326540549101,0.7351925367770878,0.6012497053024748,0.7903316663313507,0.8151790956188077,0.6862983328606359,0.7936807362232146,0.7394288157297689,0.6872264575719067,0.8158870256456341,0.7038926083938505,0.5910538772199648,0.7277628005298012,0.6712357474779495,0.7510750762562458,0.5534340501205915,0.8054430713655084,0.6891617618507415,0.7884804383371364,0.8147218299366991,0.6377759573539739,0.8374739289004819,0.9314921597975095,0.7220760147206877,0.5815259745287863,0.657367045465895,0.5786989070619384,0.6800335990969174,0.6003811909658033,0.6833140607397602,0.6490088491069058,0.6870843754621057,0.7730192006172607,0.6773725741982761,0.6574383842621901,0.6921127214745033,0.6434185468361052,0.6367174613074494,0.8885410242601162,0.7651421864522358,0.7150279783789396,0.6236070316512602,0.6612403303073163,0.6660203164780896,0.7678011825646937,0.8102052525649839,0.7018870222480472,0.7578100394664199,0.9203946506959265,0.5994313638305907,0.7380143194949499,0.7769643271247076,0.6123322715049968,0.7177688278418112,0.6134950859875047
0.9074652971980659,0.8592085900542704,0.721948336690936,0.8549694111147526,0.8997988436347847,0.6594074673964416,0.0,0.6627281946148772,0.8195742998924034,0.7020701568010912,0.8703950362733006,0.8298457269724333,0.7740074850344001,0.900277254632421,0.8844235257091914,0.7535473406759958,0.749084908780154,0.9077362820982292,0.8186439712450115,0.8564360056882461,0.8690041594738562,0.8869971494154445,0.8795941875754223,0.9017736132746588,0.8587177615407167,0.7975100570250605,0.811505195616188,0.6762953345417158,0.7905934565622258,0.8206107299416969,0.8556652745756587,0.8357346956083959,0.8719785854137846,0.7784760216370327,0.8809124714800638,0.8784208556584834,0.8970149063316037,0.8123115354275489,0.8276335031868146,0.9285026790446185,0.8166773647477705,0.8501365028001613,0.8775670883735468,0.8958931523572335,0.8496037103012433,0.8391047386340448,0.8718038727843425,0.8775463377662132,0.9639192718781745,0.901419595758047,0.9371921735801633,0.7990091207916561,0.8489804161747395,0.8949436063697276,0.899590426052729,0.7663555960294929,0.8838580430338612,0.7600128990526047,0.9348141825825889,0.907468307025392,0.6744043360476971,0.7814871437747744,0.7789482241728108,0.8649802018700449,0.88255152840514,0.812121296203299,0.866312964540151,0.8935834081923691,0.8396665137051467,0.7394790546609985,0.8805546705389669,0.8876930885847015,0.8059811341354477,0.8450001547637604,0.6684383514256659,0.881503772212983,0.7973064439809691,0.9102102795693412,0.7105043625453709,0.6198638863225615,0.6395002111822007,0.8789877268387419,0.8416934683090425,0.6165789857169015,0.8408179984355834,0.7766388593800049,0.7330724371506243,0.9257175077427647,0.7196979582006626,0.7927584819245229,0.9212783960330626,0.9335031473179267,0.9211965918506712,0.8689121458738461,0.9241139407545375,0.8486751243605265,0.7617913778423451,0.759088921989474,0.8583110210528981,0.7610571073266831,0.8724779662438903,0.7423921461328126,0.871483841244239,0.7884046788741911,0.8558086331034959,0.7343990768160644,0.6949839214760501,0.6478027103098479,0.9158691041987689,0.876902930497384,0.9447789712164677,0.8785023543894549,0.7546259379817962,0.6728355167733199,0.8058529563644815,0.7177478966977008,0.7647054045028151,0.9226412866122357,0.7063116251346191,0.7406885932798927,0.8707496441497609,0.6443731868347825,0.80408624914715,0.9076804067642174,0.8171693780475441,0.807740384299648,0.7106979473990391,0.8519510427434562,0.7351556024192901,0.8864128344746769,0.661802637640741,0.6711440179133968,0.7064332877612002,0.7960549217335793,0.8429653330494958,0.8337508775524217,0.8075503570313335,0.8977497148690953,0.8483636590107082,0.8406108044836292,0.8241203882807052,0.8901686169804621,0.9606121437440253,0.8676918300625552,0.8883767897764064,0.8895204310276122,0.8263625519018208,0.6529218968155387,0.8003239372738729,0.5528111462629405,0.8460689078347805,0.8122295833349393,0.8942485029265649,0.8651730823205718,0.7785937568628964,0.8578825478670749,0.8397237013514105,0.6923680191319542,0.9010990096994559,0.7978885135362532,0.6619343024618511,0.8517207687150952,0.8702975540114698,0.8647945323179604
0.72101156937698,0.7502266901533838,0.8183078227584655,0.8416088104993443,0.6435428405299052,0.8458276478998591,0.6627281946148772,0.0,0.6967632089592519,0.7507306141902321,0.8011427006995494,0.8087984317581147,0.8586083024792608,0.6828383422860778,0.6897702045517877,0.8645193818342994,0.772226169432065,0.7277249785092378,0.7725633584122338,0.7340361739562842,0.7860985857393057,0.7435818105964639,0.6987384260837948,0.7041211896488381,0.8190732403162014,0.7586458481847841,0.8218141553071165,0.7599772734359698,0.7046444094031233,0.761471721122584,0.7289527870178035,0.8084005035008263,0.7840532139260981,0.7531131165130814,0.6593880150771425,0.7382172027996743,0.8197374361646179,0.7685085364633103,0.7188052116744097,0.7175379327662884,0.7000341244226583,0.7181260714277775,0.7687450154558562,0.6868650995683199,0.8616676901183543,0.8121061192409333,0.6735437107780019,0.7506985749296171,0.7048501226421686,0.71020426481442,0.7529828181540343,0.7410665427874501,0.650484721197525,0.7858340193161663,0.7793513789010479,0.7076012664884459,0.7391455190858698,0.8987046934013342,0.6700153299018572,0.7683698596771381,0.926992698660311,0.7319592622547672,0.8316529059573143,0.656347721156012,0.6437779287294872,0.7888473818080591,0.7677431482848928,0.7453731380522347,0.7811357143318474,0.9491253527489145,0.7257889804392431,0.6539220580303303,0.6869251086166195,0.816530080547062,0.9103570591304583,0.7010738785781261,0.8029727198411489,0.718176015277087,0.8056621885058997,0.5959623835373421,0.7288441110585377,0.6952220514989499,0.7563160477372421,0.8889630179368567,0.7368736076261435,0.8115350397896012,0.9196830426485719,0.7090563820613909,0.835656471269879,0.7724939067585005,0.719755700322255,0.6779856852699319,0.7150439349418108,0.7061641455077302,0.660967343490591,0.771343311580987,0.795000472890567,0.7525050401456937,0.601307399781779,0.7488686158836035,0.6824485010584481,0.9139516530243867,0.7070817572186218,0.7645318475172214,0.7567980586132947,0.8190624027213314,0.8365905818208138,0.7435153107258874,0.7376888778362071,0.7465678642843332,0.7418693121478624,0.6738314720823553,0.7436488254192871,0.8908336364617411,0.7657702938918272,0.7667688966390533,0.7163054245529341,0.7297359696221267,0.7114143203751851,0.7235907282475603,0.637908982541025,0.9039943164410028,0.6739087141310892,0.7581728739822908,0.5959834200412311,0.8261401682455767,0.6474548790210853,0.861629132421316,0.7846435143944455,0.7073609885372066,0.7966627211455888,0.8611782497930324,0.8279147510921796,0.6492466592627875,0.7339425436533971,0.6176582670695066,0.7277389099491944,0.6631681249454568,0.7744818962585225,0.7491670668143857,0.7644106013533479,0.745010121728253,0.6987936131540422,0.7109434365142175,0.7368766564652106,0.6887916891173523,0.7011344690098542,0.7710301103326617,0.7840666759839273,0.655259374904588,0.7308598171819201,0.6721030332460883,0.7340703381024641,0.7303909849730781,0.8562590438492104,0.8054122174258742,0.7743155179624057,0.8200438017165724,0.6500580287410788,0.695549687983641,0.6722913633262676,0.6496551562437821,0.7781095182706408,0.6686945862680229
0.9220244793329411,0.8408055952741904,0.6415469190873715,0.7447680394068749,0.8907533157802598,0.609841185344936,0.8195742998924034,0.6967632089592519,0.0,0.5835222229889496,0.8332104268571785,0.8093718256001834,0.6664245637405901,0.8129672119540593,0.9501228679924656,0.665622094362977,0.6233938458477336,0.8858599478830055,0.8168566865330429,0.9012609193825792,0.7919010768124711,0.9044782846516543,0.7238012939717793,0.8724255077385721,0.7766151672674447,0.7082162978812035,0.7230214814951921,0.5849022748162304,0.7225237737599144,0.8224536558236902,0.9590365347260712,0.6801477969835424,0.9012188834174144,0.6507502280838439,0.9322974725367124,0.8618497863724566,0.8472960345790028,0.909649071177725,0.9089046606248573,0.7552550586423927,0.8833027809579536,0.7317344852362612,0.8698669147675951,0.906935859143414,0.801153511613069,0.7617195291504283,0.7602297630975843,0.8626473588045962,0.8263309402281029,0.8967845527202758,0.8256890957295218,0.7435974061715616,0.8533640541172521,0.8376523261628354,0.8222029373271074,0.7009315686058201,0.8758114934172482,0.751114571244254,0.7736887159728728,0.829868669909646,0.6448860139398079,0.7123995101022798,0.7794838591618288,0.831180205181042,0.9141813841193521,0.7494754322023968,0.7447045381681792,0.8289853790965546,0.7599455117003361,0.7926187868488886,0.9179402882622186,0.9043287479652223,0.6935821841164358,0.6928639008471582,0.660791392549933,0.806621939390486,0.6422976434292819,0.7513928964794957,0.7794539107043228,0.5512256036201681,0.6017375769578908,0.9516844607579253,0.8658893309451692,0.6504670276697879,0.7504038007508996,0.8798648845189868,0.7645317264276753,0.833585347848573,0.6347753574399594,0.9024950125219737,0.8605955088501905,0.9067010642604022,0.8771178255282931,0.8351125467254347,0.8554032285591454,0.883126033088508,0.8674483480495582,0.6874711828295447,0.8722546485904646,0.6176902707746954,0.9178979317001524,0.6851165414887582,0.7690061502696038,0.8023240955804661,0.8825985561281707,0.6578758337482346,0.5878956302372301,0.5801693153761881,0.7854664913515651,0.7684173569543026,0.7908586794585876,0.8819310455285192,0.6378989302167973,0.6589221427178592,0.8144187410006771,0.660208616833262,0.6815030049296495,0.8525559119937178,0.5668835497141158,0.7157328286907544,0.9201783497963331,0.7015897581657302,0.7474780413091552,0.8431677077127852,0.9281336335526504,0.7818493221564919,0.579886501327297,0.8307342194097451,0.6452468929817982,0.9115536579740757,0.6779962921420305,0.6394305131056183,0.7519628832738945,0.9591103618148201,0.9136501203581768,0.9176810298281335,0.8626418059259365,0.9178886620624198,0.8230722102373639,0.9233898998359445,0.8875782366431038,0.7916309481579961,0.8573978444286164,0.868323808657781,0.883899872245876,0.7774354230322942,0.9585711519945879,0.582601590373395,0.7597623180898483,0.5390088730923216,0.9329187633992014,0.83914545857838,0.8982076942406886,0.7069113864793455,0.7507412436782753,0.9254178801766368,0.7813732474712024,0.6049080110200639,0.913054147070486,0.6203128148786697,0.556287623118012,0.9144540306874125,0.9165099415675593,0.9355161001536173
0.6423845070208455,0.7872134050399948,0.897183964044217,0.7530925623199903,0.614481886446061,0.8546386609819965,0.7020701568010912,0.7507306141902321,0.5835222229889496,0.0,0.7397905970954266,0.7675072174489285,0.8272331923614554,0.6940490683838553,0.6170599712264366,0.8360895125191575,0.8185033719279601,0.6666813220978882,0.7113864022842415,0.6570144668065441,0.7518641607637979,0.7085733981626738,0.7282563642139352,0.667963333959759,0.8360388238746016,0.6605443831692774,0.7713663124927537,0.7597044655781616,0.8324060036185358,0.6902938385410271,0.629934098644009,0.8600320567430827,0.6843467384079712,0.7402927643188565,0.6102144466087125,0.6929398323582212,0.725744668485426,0.6427250316932901,0.626645605076199,0.737231722502097,0.633389699301727,0.7878621859471246,0.6687179509185596,0.6393222106856696,0.7543292656059867,0.715852773852701,0.7093762737877308,0.6979698888618814,0.7150399795113529,0.6445403805244778,0.6949433070461493,0.6720104658541726,0.6313364451081109,0.7489996155312652,0.7546591668534814,0.7621175669806297,0.6466945407576139,0.7636919353358902,0.7302779155857142,0.7060955860862332,0.7840880290554737,0.6685659906058681,0.6791635456192602,0.662604053153867,0.5906560422813578,0.6864790454443235,0.7179143610834275,0.6959894615522344,0.7596969539320417,0.7171229979130105,0.6220277402534364,0.6119551719024181,0.6760571531479167,0.7961786643070119,0.8067896405759892,0.6821711745235091,0.7687898631594334,0.7622287743743628,0.611396266003708,0.6139699189694116,0.7708323393430198,0.5944365070976504,0.7055364246695147,0.7173289592663699,0.6686528201257603,0.6644321263666777,0.692120934561424,0.6668043741442271,0.7824292459446555,0.6341536088677246,0.6519884794939284,0.6538684368643001,0.692769049878994,0.6408584681693,0.6353451076031812,0.7358732443625075,0.639679089673141,0.7842749882185719,0.576939375813748,0.7548352083873505,0.6244532682922024,0.7527865429794123,0.6570477380539947,0.7675087881707325,0.6422707710253474,0.7335693262003773,0.809809375534953,0.812634438599491,0.7416438542618012,0.80343737160671,0.7455548801199577,0.5991293008371494,0.7368484996397494,0.7627926644545102,0.6368448432863827,0.7020448731458072,0.7516467678238786,0.7348087894752783,0.8533239336913693,0.6664952989111108,0.5779009782165351,0.6200423455240078,0.6603362809901795,0.700604616370667,0.5513618958011889,0.7992147109294313,0.6761336066280313,0.7301174416890247,0.8684678210306152,0.6412856171415542,0.8041833756536888,0.7693146762269545,0.621481540989789,0.546971983369701,0.6533477929017234,0.5757152791633554,0.6612288550171159,0.6093247440649413,0.7254260707698338,0.6329462537900619,0.681171340638822,0.7803933490439604,0.6876546700335416,0.6731405768287114,0.6872260506922944,0.6712494146731448,0.6027903621786991,0.8248341097808309,0.832005377869678,0.7100133321587132,0.5971035279890247,0.6787482542687298,0.6698416334169632,0.8369674549077462,0.7984311019917504,0.6611532054037085,0.7128294584335968,0.8097709834397627,0.6103207972184654,0.7071115160843083,0.8326019228502622,0.6048623291560183,0.7152743218021076,0.583405352339135
0.9000391719054286,0.905121629009866,0.8128670172540541,0.8951893140444354,0.8756087287259781,0.7628576444250801,0.8703950362733006,0.8011427006995494,0.8332104268571785,0.7397905970954266,0.0,0.9467954200593587,0.8290855180423252,0.8273091249250338,0.8809875375798236,0.8796867676793045,0.8106917078477822,0.8915314880142279,0.9265468981389463,0.9056927134078246,0.9407159411593521,0.9352463060595824,0.8407933974131854,0.9244736926585463,0.932470808952294,0.8172535278300138,0.8460069439846554,0.7402617786533731,0.8729610930033657,0.8933467150672559,0.8931985360767212,0.8521841071458093,0.9186216148045873,0.7945861093307632,0.8619731937537574,0.8972952910378941,0.9513415048197329,0.9166326547440606,0.9087462735458847,0.8740068378456334,0.8762148363746468,0.8222054536074249,0.9201593843516224,0.9148317040458427,0.9022483946110184,0.8520229888626022,0.792715470008243,0.9613409504786246,0.9157588067832486,0.8865276795890665,0.90784213491013,0.8269849531365017,0.8068212137282118,0.9536645279917877,0.9593816242453753,0.7265157458583761,0.9174407042043404,0.9221805399350829,0.8287292571476776,0.8959449200791638,0.7958086073566502,0.7452570417080525,0.8728621755014948,0.8313346255619788,0.8256767027610705,0.8270273787208995,0.823914277117577,0.8593635066831028,0.8541337444139849,0.8900301029927548,0.8728887913127898,0.8478926299808667,0.7563607611470478,0.8541744498431082,0.8137800509663333,0.8382675051119755,0.8161222016555884,0.903032547811365,0.8171855095830538,0.6624096689042427,0.7221943832295019,0.8474322039187535,0.8963316329239764,0.769561035134449,0.8412752389448307,0.8834633247110079,0.8613745011879665,0.8416584869000462,0.7496562004962778,0.8315167707245991,0.8945335161671076,0.8407624159691511,0.9375775231175658,0.871066314079087,0.8377981018050594,0.9202767998760986,0.8432701180526285,0.7754711511697848,0.7786745646618302,0.7150505164627144,0.8873619060689362,0.8361373315489133,0.806223320643132,0.8722181842957936,0.8700039178057789,0.7800178137597378,0.7519241937317835,0.7212835319659333,0.8697838992457221,0.9165048682534629,0.9397355952071419,0.8543560914985877,0.7389158748188331,0.8068920076186691,0.8524364583854745,0.7661694969100078,0.7851742418379926,0.9480880393672619,0.7377819759074592,0.7311084300317677,0.8583313987642645,0.7453694438624291,0.8132166412839539,0.9318550769309473,0.7945126712357441,0.938992519332681,0.6361581900372939,0.9279725599947344,0.8232916743889781,0.8760625155661314,0.7279623025166009,0.7953648732649176,0.8294956238399108,0.8265825803836017,0.9213837660408263,0.8169833529917692,0.8860714283249558,0.8665953670461624,0.9143975058594561,0.9138590125248991,0.8894699152062377,0.9078590662282184,0.8569058548786692,0.8661288432299307,0.951193684253767,0.8025802450286134,0.8644870391155068,0.7184295442788511,0.8866684564110281,0.6460752380491439,0.8942667967655166,0.8524620490413698,0.9449105600957536,0.8042709484947788,0.9143165700561179,0.9248682441289937,0.9168878229000282,0.7671331588195276,0.8648330269507571,0.756828105567653,0.6549216216076377,0.8533641859198199,0.9056220739225549,0.8911827358680523
0.8445768909428057,0.926063634751967,0.813144986230014,0.8311037937236742,0.8380737772319459,0.7671051207450583,0.8298457269724333,0.8087984317581147,0.8093718256001834,0.7675072174489285,0.9467954200593587,0.0,0.7843390713391589,0.7563688011277928,0.8525916793948424,0.867703261482641,0.792331430945992,0.8331980332822749,0.9498727845260025,0.8824094840851969,0.9181449267882521,0.8997684241999109,0.8377899964776342,0.9118591334451976,0.9382253306850133,0.7571632648750892,0.8224693584891044,0.7316297766996405,0.8918028022410818,0.912219337574204,0.8839081739433916,0.8231871621343878,0.8857037176512922,0.7992333158620529,0.8225106883301377,0.8677995071254919,0.8930286550285362,0.8791410508769,0.9034724136562113,0.8243204749275089,0.8738880042505435,0.7997459875535193,0.876685785927588,0.873562216303516,0.8808954682782165,0.8293762642260112,0.77977361644543,0.9131603442028748,0.8765754922881724,0.8378056896850643,0.8428628999553618,0.7896197744692743,0.7701865524251421,0.9167846270138468,0.9226976891384452,0.7316523575118766,0.8740418324547266,0.9261727528938144,0.7742726690656105,0.8618446752403371,0.7614739876988401,0.694311611115529,0.8119929030294836,0.798106578854725,0.7758236275469728,0.7688732035812216,0.7514872765882187,0.7930923079065102,0.7924180217512382,0.8526404338734616,0.8094924775579092,0.8012496014398254,0.68041814683036,0.7988385179147323,0.803189570418579,0.8045869338991851,0.761162312746857,0.8799774217275182,0.808839770716292,0.6414825073771686,0.7111999715201566,0.7975030926881498,0.9039493575560432,0.7513131886827752,0.7852929143715899,0.8867091122843889,0.8069004302382474,0.775943313705688,0.7455922357535111,0.8376717428723324,0.8257682927796266,0.8169206084947066,0.9044206394094769,0.8265946915624773,0.756516663927414,0.9231451176428513,0.8102830734001989,0.7975628883622405,0.7333339130639918,0.6834062460275693,0.8454882864822568,0.8006736893129764,0.7523907999075525,0.9180440923491912,0.8111467318034717,0.7686410492882655,0.7385050033750132,0.7508821366619679,0.8427620044994846,0.9175415652214178,0.9020717506907934,0.800118240118561,0.670857154630436,0.7843996704125753,0.8058713020556927,0.7562173782931759,0.7913335127185432,0.9290496368394917,0.7137756708026529,0.6805790232920031,0.8138630985483722,0.7070243114999513,0.7792892682344571,0.9026632032579787,0.750864328971,0.9583492609426394,0.5959095882926826,0.9175274751299538,0.8409926242301325,0.8250306705533517,0.769029404065263,0.7691618239589895,0.7664112397838694,0.7868360501733798,0.8954854293451668,0.7785199038415217,0.9098742506536293,0.8266848790348788,0.8993827241379694,0.9105007564902502,0.8424873603424988,0.8639874935713364,0.8126364848994073,0.8162096835505286,0.9155532447250692,0.7610577030239442,0.8535629378253721,0.739876106152475,0.9189874786105058,0.6794978357023923,0.8502662503702596,0.8492372802536208,0.9141855875385387,0.8052824553337782,0.9566909069206369,0.8797891242889269,0.8749297716706322,0.7786996445835167,0.8021801490508359,0.6955207842691687,0.6415246486443881,0.8181846093770906,0.9075594935330078,0.8390749259600022
