0,1,2,3,4,5,6,7,8,9,10,11,12,13,14,15,16,17,18,19,20,21,22,23,24,25,26,27,28,29,30,31,32,33,34,35,36,37,38,39,40,41,42,43,44,45,46,47,48,49,50,51,52,53,54,55,56,57,58,59,60,61,62,63,64,65,66,67,68,69,70,71,72,73,74,75,76,77,78,79,80,81,82,83,84,85,86,87,88,89,90,91,92,93,94,95,96,97,98,99,100,101,102,103,104,105,106,107,108,109,110,111,112,113,114,115,116,117,118,119,120,121,122,123,124,125,126,127,128,129,130,131,132,133,134,135,136,137,138,139,140,141,142,143,144,145,146,147,148,149,150,151,152,153,154,155,156,157,158,159,160,161,162,163
0.0,0.3084153998714406,0.28315793837404746,0.27368860752123936,0.23576645069744415,0.2893053890434007,0.2594236778808174,0.3049738987136131,0.3033162290714493,0.2945845196210094,0.31482458150701487,0.2796791697909173,0.41441123728812695,0.257067181351407,0.2815360190776095,0.30222871114406896,0.31385945182227953,0.43487444194850383,0.3382239938233568,0.41987530907222514,0.32573781652841977,0.299116099926544,0.2814993573551778,0.2892483473635826,0.37991247875665296,0.24779321945407085,0.25369990919656726,0.29910699301155086,0.2456095402118751,0.2628224577646783,0.3022512796774263,0.3357524410672649,0.2729147461828407,0.24479290613230043,0.36635991746398483,0.26642875517669373,0.38400894646964034,0.3531479122971935,0.23570203077736215,0.35132621679699,0.2881099874356712,0.29692371301600623,0.31141757265550135,0.30787622611727977,0.29935301745831333,0.3500777948531063,0.26510886618914237,0.29187627614256595,0.38506326281617076,0.3734267702273896,0.32556501596377435,0.33050935852742513,0.25787787979785187,0.2869636842956446,0.2653655925859078,0.29559789267132575,0.4524937142017908,0.2874143079097049,0.29210206873025013,0.32438906468987694,0.28983658829718717,0.22453206790152835,0.3355626222545161,0.2422507718063814,0.297837041255161,0.35484630493859626,0.28994140682776465,0.3023823313406827,0.30051777715159483,0.3478077934750444,0.3859809300558537,0.30767482120409606,0.3202524860883491,0.335059153131405,0.34135337700622415,0.33284396776497144,0.24819805301722594,0.24057847913448693,0.28258975698707967,0.22583527921156885,0.2857099403846369,0.33294470884646443,0.2749262964340456,0.3149541227632109,0.32245654938094537,0.37650775113958723,0.3142205180733985,0.3150076314539115,0.33999308645222975,0.2581237618869878,0.3353596047596874,0.26190684396355635,0.30162421537129563,0.37530462576906126,0.3060500471052004,0.28756525125251514,0.23489113652247942,0.2697793179793828,0.22660135028655662,0.325716491320381,0.25261007345772085,0.2630505437512187,0.26975605210019366,0.27474098864405133,0.33397084894901374,0.29892318450578714,0.3076798943863282,0.3067130057104851,0.3167036247127719,0.3046871483974182,0.3148739461821587,0.3303252464928747,0.3149325235804166,0.2559439965326226,0.3077839126497037,0.3266470724050737,0.31720240223274304,0.3354332643967516,0.28358484049993765,0.2480639798903106,0.28464550790321974,0.247371671546911,0.3014108108069263,0.32913691194716527,0.2717168034961061,0.2807754745771786,0.23662048861265395,0.22420895131218968,0.25802985158818326,0.3533270705770774,0.26572697694867775,0.29210982933270013,0.264321533178336,0.28891711730785663,0.3252632462029174,0.28138717127126417,0.2982748536794446,0.33178168085683146,0.27850698805171326,0.33009623720185777,0.26168739599042334,0.27259419848920136,0.3181673570382033,0.252250752915355,0.32061439189528645,0.311188752174583,0.28029789678930495,0.24425022148104103,0.35107446595599645,0.184472816903073,0.3898044789715546,0.27402500822652165,0.3598000272047297,0.23455162971273188,0.3165314890756418,0.3452566937045466,0.32126353537420055,0.2853953162869952,0.2822221445431367,0.29671014523103656,0.26343410975783693,0.36039291466086376,0.23138905162027776,0.3877134397333325
0.3084153998714406,0.0,0.2857646865379225,0.301702089961125,0.21601980395367662,0.37410563696089205,0.29847726801580327,0.362556996560832,0.2964092959217735,0.4172039704186187,0.27397376665711654,0.30013158852659183,0.32700019427238963,0.3198001992569192,0.30713191782570615,0.27711039075659394,0.26699641815070635,0.27902770449944864,0.30750711903988376,0.2844176765136504,0.2745837780699306,0.3396367914652821,0.2614731949420229,0.2601970341160497,0.34350136350952165,0.22469937487383168,0.26062211759013715,0.25727455365348423,0.39240863654198843,0.24770518564188979,0.36939190055832766,0.34997827920441155,0.36982892500835146,0.23222857902046232,0.29816072234944696,0.28655266041181493,0.31314022058293534,0.3210723020494107,0.286187871451531,0.29954768659002534,0.31294629053776973,0.2993199413185602,0.22484519920104074,0.2745115613484561,0.33394974603686434,0.2683065379962441,0.26311977211826615,0.2385057959630334,0.3116161562474053,0.2816617077641068,0.29413131345426297,0.26746444669213126,0.29303703096693373,0.3755805123058116,0.3354790314882051,0.38779068922259385,0.29444022021185096,0.26505123226212,0.3011028550557287,0.3201073035349062,0.35069773115713343,0.2323697794194185,0.24262320594882444,0.22541031805237374,0.2539899035054459,0.24937563889373873,0.29998203258552536,0.2883800807827226,0.2480712370922556,0.31996665120192325,0.32096948572153255,0.3001454574665091,0.24493122076135374,0.30791876802279905,0.31861727839472553,0.29989524439463683,0.26652127957088756,0.3139764549180367,0.2437122696115914,0.2458839020622365,0.2805542537941588,0.29708256597249055,0.3584133083157355,0.286793623099831,0.267836040343283,0.4013819930537113,0.2801124364668808,0.281130799686,0.2984680171645547,0.33966019602114583,0.2528729493883834,0.3097431455991952,0.33044355015571986,0.3052839204637352,0.31143525883081397,0.41353819194632824,0.2834372852287793,0.2903769743566396,0.2371246857299015,0.31242069968830133,0.3009303241950061,0.2516973613076172,0.21361001469205546,0.28032975698220275,0.2816431320156831,0.25995849298299145,0.254108122151891,0.298691225434086,0.29544670526629746,0.29500972013324556,0.27194567275725184,0.2572444128408036,0.3068290033213873,0.2703938830283842,0.28501228050276856,0.3323692187592253,0.2881666459883721,0.2567653521663195,0.25584944787490005,0.27146471006805317,0.2710051526259135,0.2856032532989053,0.2575723345581525,0.3533826073660881,0.28427320631296016,0.39516106508798765,0.264758075255881,0.2983320481349281,0.30404398267579935,0.3219862155771217,0.33120168355844076,0.2795941471669471,0.2846590332726784,0.31311574045190294,0.2798575334044102,0.26355268528356895,0.2696129084679258,0.3013845755412507,0.258134227791681,0.29635774728695097,0.2979280488498874,0.3278588596489285,0.3635931904382146,0.2762278817785082,0.3210519149764943,0.25461739842639547,0.320761224997629,0.2878573750404646,0.352220724404102,0.1939707277717752,0.26460271001980246,0.33193609496919757,0.2671808558791068,0.28988928674935355,0.28727962840793,0.33274907024832795,0.29373197662599987,0.3140815563646568,0.3007044954851248,0.30058370403558277,0.291817726124617,0.35303732128654575,0.2524002269852457,0.2697130091047376
0.28315793837404746,0.2857646865379225,0.0,0.26769916093375257,0.27862213145351344,0.2982693527866404,0.27029165096164315,0.29954296589844986,0.2315703816565691,0.38196751386657185,0.3379619632625174,0.2852993121278666,0.33497719346500193,0.22409069094844628,0.2667925397894361,0.3920853581903261,0.32171692251583284,0.2916919381818309,0.26765720931952225,0.22646294680708481,0.35192427739629656,0.3771286756795396,0.24440661067108732,0.2851875051463593,0.30423837992056757,0.265325600931581,0.24367656309856342,0.24774879153833726,0.27502946666878836,0.2982676771447784,0.24486308621418118,0.3189146444125418,0.24218771101651948,0.20093104497968725,0.22556201040148374,0.2330612539285883,0.319347470446121,0.2693037574854334,0.23897738947149935,0.304030664450652,0.24906523844689002,0.3143292332839391,0.26199301876391745,0.2766816872861693,0.26241360629612004,0.25959325146519,0.2571311999039007,0.29062767193938427,0.29594429304779507,0.24908779186785973,0.2960047585400087,0.28608210719166,0.1973026355388854,0.30915026712308075,0.2749243169462005,0.24005798981009469,0.2654699442203037,0.3370378670236844,0.2636461726759979,0.24219740746169696,0.2557174231684207,0.19506419721006096,0.28732231771069966,0.19671793203989452,0.21825084616852816,0.23832209653595066,0.23688830079993112,0.3125381853925988,0.27605671249273067,0.3368767813189706,0.2936543456898612,0.22048607661082117,0.2331443131528674,0.39873979287973116,0.2981461718785927,0.21497191530970888,0.30470582240488003,0.30753515496528167,0.2069131277851528,0.2189308837694877,0.2693636402018725,0.2589664613785475,0.3186327951971538,0.23821163756301025,0.23758532606709407,0.2947784873287589,0.24190906518831998,0.22577912717363588,0.24878890400336745,0.20988159363983624,0.3125238990068583,0.2083980524105472,0.2815519465710758,0.21846298211554688,0.24778973841163734,0.2736615662596814,0.19800851685126925,0.23414837704405803,0.18022326297389837,0.2562531884900629,0.19536224142239458,0.27794366297794526,0.20740930154830667,0.2709016911191238,0.2335086897005478,0.2942807864031281,0.2573493851800383,0.26781583897855493,0.26930381827708894,0.3080399460563388,0.2859444036566541,0.22073713247654492,0.2421394882637296,0.23727439537371564,0.2197342654190405,0.3201537399232564,0.22339521041915095,0.3206739641668488,0.2825254167646499,0.22434905302151295,0.2785564228314492,0.22304960397748844,0.2007537414949459,0.32581407199512474,0.18641989161989528,0.32844017920302626,0.211616604355523,0.2716540030751856,0.2566811566892273,0.2653046337287097,0.25799149584950426,0.3792521552716356,0.20974250493864227,0.20514619302082843,0.25809027629719683,0.21116707625174047,0.22423247199815263,0.24388930253100216,0.2501095528350434,0.2678170423874784,0.21923679364054885,0.2545129156294051,0.2511747757594881,0.22283437568641087,0.2708987279920835,0.21632443686233052,0.28611248217035773,0.2759540452956695,0.3076284025672417,0.17927461317888915,0.2241127576976599,0.21701008838040026,0.2772930035269335,0.3106073336124816,0.302388049970393,0.2713735009436186,0.3075758521319062,0.38085649180161807,0.19929459072803077,0.2694335753519914,0.2717124102797465,0.2227758235707587,0.2212963182752348,0.30844806922379936
0.27368860752123936,0.301702089961125,0.26769916093375257,0.0,0.24101433159638605,0.25418682332218023,0.33955539752825364,0.3134544950606296,0.25764854782717206,0.33385229168198216,0.29742691009236977,0.2679049451244156,0.28269230803947,0.2893817400041885,0.31139949883545637,0.25481500131160945,0.2733771218575209,0.3068730261265392,0.3011940557208141,0.2422159345029559,0.32001284803433944,0.2732817786737552,0.3013160427212459,0.23713337326178124,0.31514088942721324,0.27730922903589855,0.299488175538496,0.2649931311416268,0.2812909280935355,0.22499278249233415,0.29580599937733,0.29027596949676426,0.37242011035395306,0.24731360675656214,0.2725449489690424,0.310900578268985,0.30818443393002887,0.3279593902616869,0.29231330267100264,0.3522845886900464,0.3038859072030524,0.29606014729524294,0.2610513503998395,0.2935127149385075,0.2851290140337798,0.29363780410008805,0.20485259466189287,0.2542045639274082,0.3386558670258956,0.2850189103838357,0.38199239679362673,0.27575259897540627,0.2792508382518219,0.40399527355817677,0.34000553895674324,0.27924029157963703,0.3229796799633625,0.2871731965695319,0.3360972651536939,0.316732507417098,0.3468454961235515,0.24824456570133846,0.28369492427903903,0.23285235930056794,0.308927213776785,0.30134959192382355,0.38146638233073404,0.2557111580557822,0.2967590178486324,0.33175625104206247,0.3101052341470444,0.2890224418686778,0.29067244049617613,0.40903853975634796,0.3025344590509519,0.263201952191309,0.3816383338319363,0.31921885870995714,0.26490315166075534,0.21899086610671906,0.28757557525445127,0.3774829818112096,0.2661274392844665,0.2723569293835443,0.35997717518850275,0.29796365957169474,0.3492440193863284,0.3507762342371544,0.2962831931949081,0.27020754618658727,0.3205177800187037,0.29784173065254416,0.2940452667666704,0.27474708210761867,0.38893199590443484,0.2862234984629095,0.26041876763918065,0.27344485433867016,0.2604857759078634,0.3055372327223045,0.28235786843207905,0.3487719934053967,0.3312482204654068,0.2726659335239983,0.30315148025342165,0.25543778642554493,0.295552525989486,0.2641226883512453,0.30017987586018485,0.24766767924869493,0.3277166540380249,0.3199028635483612,0.3615306898156911,0.3639803692806544,0.2801376353974026,0.25487798429577785,0.28153357927685047,0.2656068393159374,0.2746517248307759,0.3107849686415402,0.28656670904295006,0.38201419217005544,0.24657491756848335,0.3233834637845687,0.2554320547937433,0.28905565242447695,0.3005696903408205,0.2636667694155719,0.2829623653508654,0.37701160824712643,0.2518982423121834,0.31146215776131536,0.32106683084671883,0.30389294850633813,0.3003175064186047,0.2465384228896264,0.18979883979531847,0.313633862152495,0.29274430424749737,0.34348598953970594,0.33913024044818,0.2943812195214892,0.37608666895569653,0.32258486864867136,0.3195681860362653,0.26994046133423194,0.2862084034927422,0.2854592042787405,0.268622977249928,0.19114040197239104,0.3212430867116,0.32477475674541595,0.3261540180155981,0.26709508781297053,0.3259414773649891,0.34102982665545245,0.28312253793479375,0.29397826122612386,0.34627338164864513,0.3276755154865293,0.3362152399084815,0.295315713606696,0.35662035868323166,0.2908897764712131
0.23576645069744415,0.21601980395367662,0.27862213145351344,0.24101433159638605,0.0,0.20590248376028544,0.2862048818507656,0.2032137660624493,0.21541864299332597,0.22757037482874914,0.2731865105684054,0.2328979201871796,0.21259014618306743,0.1984808931731599,0.25879565894176354,0.24529713499344494,0.2396901448016583,0.24521220761051038,0.2184522763021333,0.20061861418812132,0.27452344065154993,0.2811001065507653,0.2437869953330315,0.24468652475650376,0.2203461768700652,0.21999296894759504,0.22200099388807087,0.19037158969121332,0.2075790054046105,0.26624347399626574,0.2269850157577245,0.21212683233467616,0.21779577408788983,0.17884778597402662,0.23021504066175244,0.22683091491622565,0.24735130962512752,0.2283711831336765,0.2564194764746838,0.24091068430016055,0.2340324692101442,0.2875965668687616,0.23531485458894114,0.2641516170122091,0.19119061507101284,0.20994659503194252,0.23626622910447534,0.249818575915342,0.2650603489600595,0.24528804929859374,0.2719452584368611,0.22186788549858613,0.20200897151974764,0.24310536259312113,0.23056789884484777,0.19924090295294195,0.22582232150804435,0.28697550422844736,0.22487864312627825,0.2159901742353238,0.18926935129411782,0.18011416607776684,0.22148544249915275,0.2003466960091246,0.22987027736794227,0.18511299950534665,0.2078818486002021,0.24364082145110671,0.2158875672823851,0.24334073857356303,0.25436616648512783,0.20658484732468707,0.20032920891421516,0.259008535891643,0.20889845202487117,0.18482144952459903,0.2548805108308227,0.3504854346984266,0.17663959660941642,0.19603350708153336,0.21716476800319462,0.2603996907820645,0.2522975646987266,0.1735802059457111,0.2100819294687927,0.21161540342961055,0.21064391074221772,0.22436944806984305,0.18968656713050108,0.1915615416423791,0.3308210835538055,0.22529249340097546,0.28098299816448125,0.18779174782602726,0.23678060940563597,0.2200760967281317,0.1728048887802636,0.18868521062281185,0.20432877886941603,0.19138674059614627,0.19241202227673407,0.22069776547500444,0.21228271574583102,0.20552890936220372,0.2043803294636489,0.21175976777558145,0.20272776670743847,0.20828279849758935,0.23729393632843182,0.2322310635936227,0.2600856958175096,0.2372319303195478,0.19874603560826667,0.23474059657560783,0.18163579746925426,0.22135266939203613,0.18364207007446226,0.2543039640419615,0.2079597477423843,0.21496772346832413,0.30228798150425407,0.21139598467821627,0.17929806165114584,0.27377436107741865,0.19805178608023136,0.2154650660999435,0.20027437458812108,0.23077843019026592,0.18473328012217835,0.23281215108331424,0.20160137759544355,0.2571388412152339,0.18329355941823938,0.22073851420854274,0.22581277937389221,0.21773093898098403,0.188289768726785,0.24461578359161054,0.2056373316735782,0.2675022566362517,0.1859549633099928,0.2244871655346348,0.24867222434923814,0.2349932300508701,0.24717833257410834,0.20877470263358788,0.28278777434535146,0.2248737110399367,0.20320593630369502,0.16117384428498677,0.21180939696783443,0.20383721002653815,0.2842917487905476,0.24375340744406432,0.2378179555262639,0.2347606898939029,0.21958667911992794,0.25498799427976315,0.19934587148849395,0.2185503941859574,0.20444813153351088,0.20243759223976626,0.22096693512812143,0.3163376643913228
0.2893053890434007,0.37410563696089205,0.2982693527866404,0.25418682332218023,0.20590248376028544,0.0,0.25133338224297946,0.29473052636688224,0.25048792831634326,0.30020275640955657,0.28819480189084007,0.28494308917368255,0.37318407449820185,0.23318340362529552,0.2687481272475474,0.31437822894967565,0.27842464478902584,0.22089384837252135,0.26705955994558744,0.2557475443024694,0.2852830737101939,0.3013712520322954,0.19746407140955496,0.23388347683867114,0.2907550584177667,0.22327237414920098,0.21500176325192794,0.22747085981629217,0.3051522998476564,0.25381989852753617,0.29374201135392125,0.38932502023068094,0.3028256323331736,0.2096805168274542,0.24299645594444155,0.23240161654721558,0.32498212903321666,0.2610780843506898,0.26032218082848013,0.2456518277065985,0.2587561911761254,0.28422078845584803,0.23621810817696803,0.2942536695279393,0.25295591811886947,0.23938421974181195,0.24855635010995797,0.2593433049512727,0.23382928392349886,0.25851175465547016,0.28565174734537174,0.2948138574389882,0.23224610979250918,0.31535958258284585,0.2745998567254365,0.3512942547842315,0.26734426966535185,0.3165278202105664,0.22160076860307387,0.2482101177265751,0.3517808715211136,0.24458308879466706,0.28032556642384904,0.18596151799097746,0.22091448330473762,0.23202957419205736,0.26414239349740887,0.3168961640651095,0.2100105382762051,0.27411016597257004,0.3215088002167913,0.22460382428324244,0.24160870185768776,0.291973237002953,0.3112199558504871,0.2583723774902572,0.285328370686826,0.28299118498925935,0.2106276653897119,0.32055297136795785,0.35015851381850094,0.2568228425688181,0.3155989549097357,0.28691140477767213,0.24209678136068977,0.2906370547602933,0.2955143485691513,0.24270346830715403,0.2859227151077944,0.2677886255276711,0.25926090571076443,0.2646299417497989,0.305002203497497,0.25878635256921584,0.24270760940793212,0.34503044275777794,0.2620601365627364,0.26333565143606846,0.2047125726839674,0.26835269944597145,0.2426565498498718,0.24060232658517045,0.19715454254145123,0.22475787945371753,0.25875816569065163,0.2943351648865151,0.2709121978785125,0.24897498561580256,0.25118413010482565,0.2911493613163427,0.2685077125103289,0.21764402080847256,0.3306217678993249,0.2591007602640568,0.2353133140227391,0.3062488238680296,0.26230211685433047,0.2311180390263399,0.2928952805546488,0.24545734059575292,0.2529759642015439,0.267923393280248,0.24617690883558233,0.3405508345754955,0.26211535911173484,0.34124442819706946,0.2574751195102111,0.26705188156381116,0.25022765616118087,0.24669957141147592,0.29233195176721144,0.3685426828059986,0.27575298709393836,0.262120587655888,0.25232412296503276,0.24930823146729442,0.26778200472338937,0.23204320735544545,0.20311001378282445,0.2513253149657129,0.2533353207267628,0.3061497539186288,0.26933196559620076,0.2418066545979698,0.2876985235573482,0.21705900495168592,0.31509685462515635,0.3039240905588844,0.27059735302684657,0.18660292671966447,0.23581871690519346,0.26367977471916393,0.21960694254155702,0.2505504785772348,0.2749393549377045,0.2847085065338986,0.28594117642269523,0.33738337767399124,0.24274753415833372,0.3161380635908324,0.24358231483425857,0.300096647139682,0.22795426333592836,0.2665442696222872
0.2594236778808174,0.29847726801580327,0.27029165096164315,0.33955539752825364,0.2862048818507656,0.25133338224297946,0.0,0.24282029500447752,0.2470011996220543,0.2891463341963334,0.2755781624029052,0.30663476755348273,0.26030999249321224,0.245354675454938,0.39332879550055627,0.2276366488045399,0.24252224511168446,0.263953098433578,0.26774204994464673,0.21320545773329,0.30614040802897924,0.35375208068507485,0.3048671297670067,0.3050538612114094,0.2806572101315161,0.2543146724490411,0.24152188775377562,0.20749366669316244,0.2661780815812169,0.24621806971186472,0.2808409250400071,0.25776717409003025,0.3448410389239089,0.2244069252526413,0.2304196236163723,0.24963664835108706,0.3354397518946252,0.24141356727078256,0.32507451046026364,0.332281542394457,0.3029683881231547,0.3164373789163032,0.2751841623680934,0.29586535517720136,0.26257351503858645,0.2668203803245018,0.25733531035849194,0.24784329019183537,0.36140451296471265,0.25329781593753836,0.35788988416111084,0.24516956332463563,0.23920969526103422,0.35933726514410214,0.30515953983982136,0.272272703711572,0.2645386466685804,0.2683070677728875,0.2982545037725717,0.24762191652661827,0.23920113265784504,0.2201792134768448,0.2333228153108923,0.21382952048667325,0.2718822583129978,0.2240610435826331,0.30807594863481563,0.3454292149438316,0.23810201151983607,0.26043254993669873,0.3405273449884962,0.23442747806837433,0.2187187809576916,0.3391265075547758,0.21371834678651722,0.23197271302624242,0.3586004446862741,0.3510233484788319,0.21000601676457797,0.21125448876927577,0.2639342761427897,0.3558807011333261,0.31381877221189863,0.1903185154889118,0.24299586288531277,0.25742798481194556,0.2445746121918151,0.2752977280231646,0.234831585630161,0.2651864143585813,0.3090157619038566,0.34094094858173296,0.2889305814314563,0.2345107233744008,0.3026293457382355,0.3469706270130048,0.22207932603894276,0.25115832852958375,0.23020192174802795,0.2581889835818579,0.2539003114193174,0.2846506360599886,0.266507300135435,0.26521890595561265,0.2235632530902712,0.251596602861462,0.23964917322206672,0.2331305024062882,0.31466813878718114,0.2998367808882035,0.36241885405649554,0.2564112319288556,0.2481704468672126,0.24000450053769126,0.21594377426276132,0.2517419278465671,0.21870446827278622,0.2826312907147907,0.2490410868229235,0.22927249750417059,0.27271554507128587,0.2530980041771796,0.2064827573656928,0.3539244536321192,0.22605564705631745,0.29516120147472463,0.23563088706826368,0.29897139942768897,0.21783222499541444,0.30181394452455534,0.21685353128403953,0.2516426396860365,0.2132780253950165,0.2535232072737061,0.25909684015214346,0.26634255964979764,0.22173506838334966,0.2974503336036877,0.24483269072414057,0.3197627976035828,0.27086861239162235,0.25226248044710087,0.3397434323270819,0.2681622247963166,0.30505895826459745,0.2820840168183066,0.34348752670282007,0.31575824584186996,0.24039398577792226,0.16140789384505838,0.255062997129011,0.27122075174847093,0.28397520400835324,0.3275971644085199,0.32076756140268814,0.3198205539344477,0.2905512015623341,0.31009160685932063,0.2766989730950461,0.275533021012556,0.26911098932342126,0.2371319349138943,0.2959059744479967,0.31063551890194924
0.3049738987136131,0.362556996560832,0.29954296589844986,0.3134544950606296,0.2032137660624493,0.29473052636688224,0.24282029500447752,0.0,0.3035343329616987,0.36895951184912174,0.2600242697041983,0.3226141878847727,0.3489522520519937,0.24809587861682716,0.26303669356573206,0.31055144420038777,0.30796184722057357,0.2938870780300628,0.32575636634186617,0.30531277174272003,0.31071408909790205,0.2549191998674679,0.2702405170368399,0.24018847711889532,0.35510207989142506,0.23744167785824508,0.3225869651515801,0.30491439683888466,0.24206942836790032,0.26891318655480617,0.38907772421844433,0.3407101057932215,0.2932049122164545,0.2531466237497385,0.29317795547485015,0.2974352678061042,0.32386714118595067,0.3600432880527412,0.26702128635772365,0.30231116689485593,0.29591701406653814,0.2744329212825773,0.25892071367108677,0.2605704372906135,0.36871750776875284,0.300974314480184,0.24998077314216027,0.23714415323729443,0.31103341483752733,0.2932271940422432,0.2899325146586337,0.27595528201635683,0.251315947626487,0.29869356292769383,0.28341031879996514,0.2986332743134416,0.31700200733404804,0.3413359075398604,0.30178729651806424,0.31042305467425796,0.3807828918480946,0.21707506732873327,0.2814805240619462,0.24119204194661292,0.23999747387637152,0.27340994610049413,0.28872596949798823,0.24789262135000903,0.29820234371308746,0.42742574644046566,0.27502375636158743,0.3004313754573456,0.27830245350508304,0.35738193168367477,0.3899520279645392,0.2835086242768281,0.28257226345807274,0.26446443103782574,0.29085441993359495,0.20548890852381843,0.25839382347244566,0.2964549381066429,0.28997281928164764,0.3216347368856774,0.3247798903307734,0.4208428429563271,0.3655090313717304,0.304941837357718,0.39306598825095385,0.2724565009962185,0.2698788811937405,0.2769660646787498,0.27950369432595945,0.2807012877195813,0.29676801017094817,0.30780181047020194,0.27908951571449836,0.3288077312716856,0.21908596524310223,0.3564813767726479,0.24717062048379532,0.3248279617590407,0.2605417465659735,0.32224832731086334,0.32960260440737454,0.30339955498595056,0.31935972140795293,0.3251547579340088,0.29440058055215723,0.2757152691700556,0.2721010050232598,0.2828307326689487,0.29934980342610107,0.317714032405467,0.2748728190006394,0.3236127967932518,0.326982850683041,0.26936376626563524,0.2590500634971188,0.27245953567768105,0.2568172677411783,0.36042404323706545,0.2373146603560509,0.2937807245419985,0.2381377713648063,0.30345747360137215,0.2548247757387397,0.2887263150313266,0.2883740889651171,0.30841609304245443,0.36114241949037673,0.30992327695321337,0.2963066401483524,0.2573778430239223,0.29181722987177283,0.2123703972344223,0.2516372743273734,0.2844509614741274,0.2859985115725574,0.32339022617383506,0.26217985020981954,0.2573603589483523,0.3471463027693249,0.2778289577743542,0.30512611114022453,0.28552342025802474,0.3082701878380176,0.2717285978640893,0.3549196846890407,0.19994041634136983,0.3185108347970865,0.3018067472494623,0.29456159121223524,0.27362691559537494,0.3508038234250138,0.3217946258900777,0.27718514243681075,0.3284498305454187,0.24752767792041075,0.2796038069430646,0.27824039221633673,0.3182515569830277,0.2736992244885463,0.2581745137283423
0.3033162290714493,0.2964092959217735,0.2315703816565691,0.25764854782717206,0.21541864299332597,0.25048792831634326,0.2470011996220543,0.3035343329616987,0.0,0.26158825242941863,0.23026235944508894,0.24923511520727093,0.23650817569249585,0.285726883212617,0.25209088976998495,0.23191033245128675,0.23303717317536718,0.27523674113019253,0.248638118243224,0.27294237781153025,0.23578841984097632,0.31406131139717186,0.21690231592181813,0.20926988582894254,0.26045290564593626,0.1943850323627165,0.26894603793284183,0.2463113220645761,0.22139072721867967,0.2952332563447787,0.34628260303103864,0.2534071390422764,0.2617929357571336,0.1991541144163921,0.2814497435728375,0.22936327931979106,0.2527328989214934,0.30379981339861817,0.2515519825229508,0.23599820202068433,0.22330798187119938,0.31069933334098765,0.2115326531595166,0.23585792124916213,0.25178748962078285,0.22658514653826986,0.2059429171253204,0.19910762475651714,0.2520359150386097,0.25208839947126294,0.24989023074552522,0.221284369298185,0.2697898297325431,0.2662436449515321,0.23268694658172548,0.3225748452278987,0.26842457674948983,0.25727982997819177,0.25244658671191955,0.2312178301937292,0.2590570453971683,0.22272970355388366,0.22492976585689078,0.22326519816382268,0.2643499552642236,0.22863237704853334,0.28488942683467794,0.25554393292633454,0.23688933011900787,0.3063167253183249,0.2967539797354222,0.26949981229660375,0.28352663534226574,0.2500867708593414,0.288651403986813,0.2522207049776985,0.22755218763271157,0.2204040051857045,0.21813929917784322,0.20075054941611817,0.22568488374499923,0.3800009085393242,0.31465379117879716,0.2208391573647506,0.267197348667143,0.3023329096624881,0.27772480408440003,0.31048743903987974,0.2620671278065064,0.32342715757300106,0.2743462992348146,0.3292371028385743,0.2440640948050597,0.24372347945110764,0.33924806032467236,0.3061038972181918,0.2932525566385202,0.2494404308219089,0.2659859603710573,0.2483618764360316,0.2708472431911863,0.22311433082246754,0.23881715651522206,0.2339916705266131,0.2867461593986796,0.2131512480654671,0.21216424444861787,0.24504884073841088,0.21632766298779776,0.21174240817114048,0.2222344487349972,0.26278250893275523,0.27232736226951637,0.33251195638253217,0.21679444355472544,0.26232092417028213,0.24641977748514313,0.23824312103943196,0.19375061389710962,0.2929656219702698,0.24801153941651788,0.28274116283858025,0.21531211685345963,0.2642076815888293,0.33758059508694277,0.23078565105095789,0.25127424287547384,0.22046998398360812,0.20330347984733882,0.27057349178183193,0.3723819969221438,0.2773432077959756,0.26843378830977516,0.34862528291876066,0.2421624052142966,0.23134824709994897,0.22071964033227418,0.24039661789060246,0.23249220865132325,0.2879381996849282,0.25822029976929667,0.257144379313186,0.35169090132869874,0.3258611282491807,0.25114556808638244,0.25361630294886583,0.3629870346689822,0.23179967797676593,0.2600931238287593,0.17596453865537928,0.30345324525217937,0.28201525961420826,0.27178324467674264,0.22772858418367406,0.23983110554119746,0.29760553730594763,0.23891622505464508,0.24734793146065712,0.29339409314381404,0.2576418633051646,0.21413759399514984,0.3126388333619105,0.29419526173174865,0.28124245375355184
0.2945845196210094,0.4172039704186187,0.38196751386657185,0.33385229168198216,0.22757037482874914,0.30020275640955657,0.2891463341963334,0.36895951184912174,0.26158825242941863,0.0,0.2623085223271431,0.2764890782108953,0.3109175324500003,0.25379796422523954,0.2840360984627867,0.2665435018862466,0.2822558191436885,0.30938916681487144,0.30510728226716627,0.2553853410524593,0.29261119099751565,0.30569125639153355,0.2887677510331894,0.24865781246927465,0.3801416682783974,0.21198379496555572,0.25655354182271867,0.27892378440724347,0.3024305100275802,0.23363650976074907,0.31669405236086196,0.3211498718899577,0.26953742529656527,0.23009647047775236,0.25998771698367334,0.2577824015333283,0.29928493830099007,0.26799158179909494,0.2385870995601377,0.306241017772396,0.25200738576620396,0.32946604257417067,0.2357015410945728,0.2456643632017105,0.29323015771512656,0.26866907033554094,0.2251803525668927,0.23180942659460985,0.33900996125498617,0.2482232430129016,0.29833692409637647,0.2508058753376068,0.24316754736752444,0.3244422185664192,0.3003839491426743,0.30515611597480247,0.27912808375788073,0.2546182982203641,0.3324631900773498,0.2744453821019227,0.3311492172058803,0.20574843560383885,0.2443294279640858,0.20868362834505913,0.2656441963342938,0.2638846071704589,0.278851804152996,0.27176060162944243,0.2781586768352294,0.35391958282181696,0.28486013677912403,0.26638806015492306,0.24057483531493695,0.36296351302509716,0.30824459745863036,0.2609294353068149,0.2822186657649239,0.2743093027083117,0.22144034700388351,0.212056822957828,0.2890540315823401,0.30750938756544094,0.3064357328356566,0.2609256084755973,0.27165649401263026,0.3291856358686199,0.28171470303294366,0.2755141243884095,0.29864815808524464,0.2527471110149062,0.25155054826341766,0.26152857749558883,0.2822826114659243,0.2501724540597854,0.30899824429170997,0.312138298539142,0.22659193233573957,0.28117715466743326,0.21010800125862264,0.31258972590090683,0.2345849199948232,0.2913375970797448,0.230279846925354,0.3161023471569912,0.25417561293298724,0.25303154701961617,0.27119802865768494,0.32832015697990447,0.2715517736546302,0.29748951454774014,0.2757700253718933,0.2421148563499804,0.3017422914210738,0.27021348433288456,0.23505213261725427,0.29447905651699946,0.27910729273661367,0.30216790514283204,0.27850394601363043,0.2547278145823438,0.2339752763786015,0.2629151918086264,0.22020262029436105,0.3178364818556807,0.2245526687550632,0.3211775297055651,0.2579277076073085,0.24743389700179488,0.2921883601410193,0.2931093767084494,0.3176282057711528,0.2998064525767905,0.24771916595823604,0.2403722568280025,0.2763075402076938,0.22822436497768808,0.22120208546608508,0.25883954998872405,0.27739303246752145,0.29664308062117856,0.26490080975544755,0.2691058504722465,0.3332700021420576,0.2507934366066161,0.26886267218855714,0.24735852314270884,0.26452878756647713,0.2953146966807395,0.38441464772420075,0.18508412516024528,0.2543317783257292,0.29100963876002156,0.2715761095394572,0.2956297804377608,0.30915551819532466,0.32584746905011475,0.2836091211474735,0.33435660111095417,0.25095443368699083,0.29062613261791564,0.35076234784284227,0.28260989556490096,0.26987358533213907,0.2627057311175069
0.31482458150701487,0.27397376665711654,0.3379619632625174,0.29742691009236977,0.2731865105684054,0.28819480189084007,0.2755781624029052,0.2600242697041983,0.23026235944508894,0.2623085223271431,0.0,0.316311086730662,0.3291624850206605,0.23542470127636342,0.2489084967441204,0.34758801977335463,0.3239916344726,0.2921827841711184,0.28945531753432635,0.2577958444127611,0.3564230010019444,0.3564610262277043,0.2543941707677373,0.2972828896033646,0.3128212539022138,0.28990600184601545,0.26277298977546953,0.2676357318233957,0.2961225271794999,0.27639463288782284,0.2453894191844789,0.29563818363175665,0.25274677898803044,0.2085137103496073,0.26759384794759317,0.26731550463106596,0.38310054715085823,0.3054175598697619,0.3023898947580763,0.30059513448331654,0.27670504008074137,0.30909505756424616,0.27460243491625674,0.35208317995965976,0.24841196095720589,0.24228450499728707,0.20862163075463766,0.37589269685160104,0.32864238543821894,0.2619331055729197,0.31620559739691506,0.27103134120374195,0.20935522952236668,0.3493506668324466,0.31526842527186577,0.22717441235553154,0.30610725434645064,0.3655228650879639,0.26439995435863595,0.25284906694931064,0.29052893274186953,0.18451659333366446,0.30482324823212914,0.22188933724870735,0.21559453052947708,0.24678899323771517,0.27802890113013196,0.27723432120840347,0.2893830181547824,0.3119140526864192,0.29931644574641403,0.23468826452309285,0.28376185249911695,0.3590781136896599,0.3086009327559078,0.23753584797494,0.33967024756656516,0.29192050996663155,0.21931200017205582,0.2212192436474884,0.28225765634563404,0.24946451419701024,0.27099395940023363,0.2623428243349351,0.24969940684244507,0.2670330288847612,0.30372184778962685,0.2374228040956421,0.22410655707384605,0.23226564815551315,0.38561305274973634,0.2057601712597766,0.31227196049271994,0.2658835871722867,0.2572141087301169,0.2923107104481623,0.20799121990810496,0.21494175265723584,0.19874996028717096,0.23014481569065373,0.24405609237114567,0.27820636790530834,0.23830009776067798,0.23237470232834556,0.24816057394783975,0.24002131856451916,0.24783397285743863,0.2673558245953644,0.2588964157741571,0.34469576125790546,0.3964750971930375,0.26249150424608353,0.2610498407596573,0.2697681756905308,0.23758778478279086,0.28174214209438186,0.22969246963279347,0.3056660554601468,0.31679893989514335,0.23453838580486672,0.3062249917869959,0.2283172305051202,0.2401519286851957,0.3145333247667321,0.2256824992728309,0.32152008046628494,0.19914712489167113,0.2696205065482954,0.24791941723078254,0.2700422284990171,0.22580797921194087,0.3332234929863898,0.2607227178999688,0.2603799905662079,0.36060168295320316,0.2410945044894125,0.24357842926893394,0.2628636221288291,0.2668417572807177,0.28646388798095296,0.2589412275477989,0.27958030530332556,0.23961397847223193,0.2495873794111148,0.389940072638827,0.22886542449040387,0.27345303321089703,0.24849222310885027,0.2638405327136673,0.1993100419815676,0.3059108142082215,0.23557514320322473,0.38241569278420634,0.25918587486530364,0.2897743883706018,0.3007016709536424,0.3184043685716356,0.3097921816806792,0.25117700234299783,0.2641161335585739,0.24108992392695583,0.27651918392191066,0.22221893207078044,0.4288727249864509
0.2796791697909173,0.30013158852659183,0.2852993121278666,0.2679049451244156,0.2328979201871796,0.28494308917368255,0.30663476755348273,0.3226141878847727,0.24923511520727093,0.2764890782108953,0.316311086730662,0.0,0.272237055818604,0.1894549837817105,0.2626096455762293,0.31168435928993754,0.2895044290572222,0.24561929806094465,0.34015275603200007,0.2518315973405536,0.36622801434239477,0.27308561054195735,0.2740606074301297,0.2915217516575322,0.34771240512789536,0.27694158082641923,0.26078738126809653,0.22532639639912452,0.26007647869193784,0.30888767998060146,0.30566874493629304,0.29452205290669037,0.2757651206892643,0.25385401987226325,0.24399265468550185,0.2735155233447653,0.3378054936734633,0.2966874891496112,0.3363142787674117,0.3017580008792751,0.31056646373913843,0.28488555721807535,0.2933392603082043,0.31310783420983235,0.2889751541642636,0.2877825146978846,0.2990471882861434,0.29600483333145394,0.3160565768498545,0.273817688630427,0.3166608817881023,0.29794665752227467,0.20640395485192184,0.3275822035885371,0.32424459160733304,0.2615970899742744,0.3181555769210471,0.39465110413596954,0.2268586524362172,0.2560813228949246,0.23430561004164577,0.1971007312471355,0.28346644271039023,0.22615098354266017,0.21401299110702363,0.2404326773841496,0.23682040322756248,0.2464740459134377,0.23620669773309974,0.262003387952731,0.27476980622301966,0.22649186099296845,0.22373370303983767,0.2923465389285322,0.26379390160684246,0.23335782451536438,0.2845852511795056,0.3181872560256654,0.2505173118183697,0.20426850254190718,0.25067552789053354,0.2655055602953476,0.2946411588131723,0.228608020959666,0.2916545646907975,0.3288840984613791,0.2594778437968014,0.24421212755955737,0.28197612121014737,0.2637424890266993,0.3125373859397165,0.25815063315509373,0.2913062745112107,0.25787107814181937,0.23540854722631152,0.36675757902387013,0.21404626223362627,0.2908779697246716,0.20141606196866663,0.2482040013066126,0.2131646484494137,0.27409444622249884,0.27275937461424377,0.33061095699342935,0.24728082259660944,0.29954004756389285,0.2933985481852861,0.2701381488053566,0.29354118593848877,0.3438019818220139,0.394317492714021,0.3066582281415281,0.23136941212375295,0.2615186064667211,0.24817710993487724,0.3044064858643528,0.2567530605149217,0.3261283382782788,0.28828926661774934,0.2167454633803039,0.271728973442333,0.25181597194169425,0.2311677794188163,0.3064681372918474,0.19925387474514136,0.36054361671024104,0.20529773297168113,0.32686226174151123,0.2803112196062983,0.26154280153244813,0.24934145187168677,0.27442012911848934,0.2139981025289432,0.24373371379208855,0.2815334722984359,0.21003426507030956,0.2971432624245479,0.28839177982911784,0.25313735370067236,0.3120705862639804,0.2137634313919122,0.2487501196723129,0.2694539088807596,0.24862051841951385,0.3459078071857458,0.3233262812668555,0.3671700962730446,0.2605980085767444,0.33022314751741616,0.20502235851946565,0.28857587601920043,0.2493641487539652,0.29710422591612357,0.30440665962119007,0.397204670090988,0.260355553691279,0.25632216047682255,0.33732320904222846,0.211494740884664,0.25405192988093783,0.21193818135560155,0.24771485656120257,0.23198280789522235,0.2958211408458848
