0,1,2,3,4,5,6,7,8,9,10,11,12,13,14,15,16,17,18,19,20,21,22,23,24,25,26,27,28,29,30,31,32,33,34,35,36,37,38,39,40,41,42,43,44,45,46,47,48,49,50,51,52,53,54,55,56,57,58,59,60,61,62,63,64,65,66,67,68,69,70,71,72,73,74,75,76,77,78,79,80,81,82,83,84,85,86,87,88,89,90,91,92,93,94,95,96,97,98,99,100,101,102,103,104,105,106,107,108,109,110,111,112,113,114,115,116,117,118,119,120,121,122,123,124,125,126,127,128,129,130,131,132,133,134,135,136,137,138,139,140,141,142,143,144,145,146,147,148,149,150,151,152,153,154,155,156,157,158,159,160,161,162,163
0.0,0.8826760729159917,0.7858687312791576,0.7848720129715563,0.7073325807288277,0.8786724338917223,0.7957126301013034,0.9055273505766958,0.8396453566243431,0.8753297028581835,0.8316068086741322,0.8199442262289734,0.9548370614984286,0.8126413422782698,0.8810405084957865,0.8938657413283363,0.9334390657641938,0.9529047035324,0.9042249569889134,0.9336111297376047,0.862650821385847,0.7959386978103339,0.8047830761376887,0.8690699351643221,0.9205211532936786,0.7371592163083142,0.7341568169201463,0.9126002763339078,0.805845555280526,0.8398297930285591,0.9330933541869787,0.9403808838294896,0.8105628722674016,0.8263500631578033,0.9296858428012561,0.8083871566862663,0.8891325215670115,0.8963743944303898,0.7882643194592713,0.8566150542281772,0.8323424228008816,0.7899975506694048,0.9238144541691279,0.8620247389433654,0.8987883477253403,0.9523690381028911,0.820533667913674,0.8370082998440589,0.8732878800046915,0.9100800266479366,0.9254948914554284,0.8703927754308192,0.8300387066139032,0.8286609739615411,0.8459452631910865,0.8248531935475527,0.9573800277395319,0.8302121046566465,0.9159505488268849,0.9255496611947769,0.8844407934243949,0.7841342705365888,0.8864129332314941,0.7047969300308081,0.8700273613031592,0.924158361014496,0.7903395305242414,0.8108409276875859,0.8492025645645743,0.933526761915684,0.8736169724592693,0.8959468865008348,0.8199647849837028,0.9193638942084746,0.9357727865512063,0.9088078981705057,0.7977229158579596,0.7321382165949992,0.8888931373026682,0.8409399258172126,0.830621746710025,0.8099414436708409,0.8511419649781027,0.8705230049822302,0.8928244396462749,0.8763393134255651,0.8438320346935765,0.9078769300927114,0.9429067326809868,0.7419483655381988,0.8530768469969469,0.8200872453664573,0.9050817062817513,0.9477725637602151,0.8469698429174505,0.7718117338232999,0.7390431361787788,0.7821139154150245,0.7026022845883244,0.9458220341993505,0.8191600433471194,0.8614125038255811,0.7686645631733898,0.7859868966196747,0.9158700574537483,0.8945771526950161,0.9159261648549123,0.850696004206096,0.9067435634339678,0.8793029259619708,0.8234812197119086,0.7926422664762552,0.9084815571622946,0.7862716658465634,0.9294261432038643,0.9213925564953147,0.9520779507381218,0.8494726967251379,0.8168891210856987,0.7062834303504565,0.8235860603984914,0.7618660485428904,0.8379642496745496,0.9249329145650432,0.8387120473476173,0.8984999693979049,0.7994090076768933,0.8080227312022699,0.8545066230236086,0.8148372933095892,0.877491251358506,0.8000691599312665,0.8300206100756172,0.7246383743797158,0.8283496458073014,0.829483970355042,0.9344759691638864,0.8487709129605077,0.7901179862992097,0.9277201568399303,0.8072590853598044,0.8600400159217045,0.8656383102944994,0.6643406336312556,0.8207623473935667,0.7947431932276425,0.7513659045538537,0.8591421095960516,0.8801447841568084,0.6595451108472117,0.9151742904035802,0.8728845654950289,0.8299876550711881,0.7657308160160866,0.8754555163742191,0.9218093722943165,0.8796104081290697,0.8798862538731791,0.7929737281786764,0.8564787333160478,0.7971284236162791,0.9457128073405601,0.9042685475025636,0.8586804234835498
0.8826760729159917,0.0,0.8691836818287828,0.8723130679332105,0.7241530541659527,0.8904873004647027,0.8247691876907886,0.9108033868122452,0.8558310816141168,0.9089974916514951,0.8344996246333038,0.814499673258119,0.9126019814687732,0.8815727110295938,0.9495268088389109,0.8197136456725455,0.869350766019605,0.8712435745127417,0.8355021111180873,0.8274875798677888,0.8561578053689222,0.9347781959899436,0.7365684034382256,0.8908449018269149,0.8284115841836488,0.7135324695477723,0.7464842682905073,0.8239670400125221,0.8755944611717221,0.7411654695465751,0.8913236072703221,0.8385207684054937,0.9247314255545998,0.7302707868066545,0.8777857796137291,0.8725284236373451,0.8226614405580686,0.8378744592661634,0.8445663553067685,0.8906234994109019,0.9001823232391903,0.8131366743723283,0.7851209111025499,0.848449900308051,0.8700335916169682,0.8689274208494623,0.7620206882092686,0.8039442207797581,0.7972847579134799,0.8749724799977324,0.8990109134010814,0.8388830385509161,0.8434634160101618,0.9372407116610287,0.8548739043301152,0.8466889211661011,0.8666667224515248,0.8011271225612991,0.9141929533628946,0.9047694924839291,0.9378519550851004,0.7546966214606076,0.8241164183592434,0.6958762521038488,0.8367329470462062,0.8325492373957987,0.8687635059642357,0.8046578167864574,0.7799223332943628,0.8712713444859551,0.8779746559847635,0.8178167361345213,0.7905172490103736,0.9298180246905579,0.9153410927104284,0.7790746522086784,0.7969657605277011,0.747510540474018,0.7748364071818714,0.7427856567062657,0.7990234769046021,0.8794167769752361,0.8707226828802896,0.8126243599378312,0.7858408386872168,0.8723753088960238,0.7543689284276965,0.8045679282298674,0.8269168902549503,0.8436485150601355,0.8224366395702614,0.8662429347827469,0.8793427960060939,0.8585595346833824,0.9395580365472448,0.8280717696998289,0.7875756216619195,0.7397102656054789,0.6887440163205337,0.9264322037232445,0.8159094438317516,0.7958457940579577,0.694071858830175,0.7644322952717211,0.8415248128022071,0.8096807528343426,0.8629877078576471,0.7750143969995329,0.896743428324502,0.8841618270154082,0.8083919383079512,0.7309016180054563,0.8992891770876931,0.7555305338397142,0.8432029937154374,0.9100164010353488,0.8148935734638236,0.7632122651362866,0.824946239359493,0.7375971758995017,0.8138657376181438,0.7575296191903005,0.7406374242970134,0.8942439701071421,0.8032857792557166,0.903150080453893,0.8505966688767708,0.8460451658892416,0.8413775359790374,0.8258685379523654,0.837513467261176,0.8050367343357775,0.7640982045137855,0.8118272932595029,0.8670986088825852,0.8095912101793272,0.8024799752757824,0.8597686520413842,0.780165868650912,0.8482185848074438,0.8337864149772545,0.832667748314807,0.9344576969937131,0.7844609844117874,0.8026175449145475,0.6938528034423208,0.8377824994945942,0.8633862989584971,0.8018559325380039,0.6357966810664099,0.8215570306628871,0.8321738322194786,0.8515663335504094,0.8576320668328645,0.8396292878149042,0.9176888377023998,0.8626231337977335,0.8735347541299565,0.8452756049652407,0.7638954947864994,0.7894059439903807,0.8135813957393198,0.9077512497255095,0.8428090498430388
0.7858687312791576,0.8691836818287828,0.0,0.7619619020876061,0.8254935085183069,0.862229645715957,0.7125037780197118,0.8396660604559122,0.7278445007584956,0.7975673812843235,0.7966823438755901,0.7758908891060837,0.8399035790399298,0.7410957805104287,0.8449411481109396,0.8450459993370184,0.8529757063154977,0.777894930712276,0.7316493108535125,0.7659668805107525,0.9025681758086824,0.93335445863608,0.6561633751055229,0.8660375303943705,0.7471878049072742,0.8113602111937587,0.644703155668176,0.70572397746119,0.8033228002978671,0.6978857680938019,0.749946110231775,0.7444029014958058,0.8319024156604061,0.6659302813782609,0.7598411198093094,0.8622778117444738,0.7764552226799342,0.845870175578808,0.782066387697631,0.8217034109221248,0.9078482377954934,0.8207916908411526,0.8043886138756036,0.8610668340746234,0.809537926470742,0.8044212097854343,0.8406948055944308,0.8586800701067967,0.6961232971816583,0.8563348091209683,0.8233741473486857,0.891225662754075,0.7325982130595732,0.8666553892263931,0.7575288728201225,0.8177298341655945,0.7893739511946075,0.8374443543279037,0.760930613025855,0.7835355621414702,0.8061457552301801,0.7389167637356566,0.857544901988415,0.7187947491324777,0.7580868638365966,0.7700933718027172,0.7486500103099464,0.8424482486124731,0.7845792794847681,0.7911850571562671,0.9037764158967487,0.7094858262566421,0.7317219333128795,0.8630461834964593,0.8433139011079974,0.6514021459652334,0.7316345530271123,0.7753997841845821,0.7773316819628338,0.7212596503366631,0.8267270803980589,0.8049717979407963,0.8451512775512727,0.8060868361891623,0.759877579065079,0.8830361026613861,0.7028292214173717,0.6684839883800604,0.697447728385455,0.7843298160156787,0.8469633010340967,0.7151152725798937,0.7919916443191778,0.729547467830856,0.8234450542233837,0.8059296776933813,0.7411262154723312,0.7482674123595536,0.6544330835311828,0.7820533752445389,0.670587279129312,0.7420498673656519,0.6652207088549534,0.7537051994359304,0.7659026442155509,0.8629006824368082,0.8331432383446049,0.7677645742340091,0.8454541859503283,0.8718798680546989,0.7458936244839675,0.7605784424906642,0.8051392527951517,0.6454866406147947,0.790900903581475,0.8771259285803531,0.7148114063739133,0.690438690768461,0.8793458829577454,0.6759136978195659,0.8723133829546583,0.7381317973786904,0.7524151649901522,0.8150660215829882,0.6853066610516083,0.8295029367123931,0.803781225728297,0.8480803839829086,0.845594629886486,0.8065544508973302,0.7733734179580848,0.9083978219252221,0.6417590406531398,0.7449457160637835,0.8430398890667198,0.7898847852246842,0.7901231317263655,0.8166426204178697,0.7594983334916365,0.7559831130037914,0.7214267601100738,0.8095159717312449,0.7662094003209398,0.7676355822017418,0.8300492547785615,0.7032365264302955,0.9263381320557876,0.7977712392806209,0.8013027612573701,0.7070738782226569,0.7099064003144709,0.6989332575830699,0.7774158588343436,0.9086009192785515,0.8435934823445,0.8190457858072488,0.7362624636130132,0.8823629075637494,0.6883399494755155,0.6583028021446606,0.7561370710729068,0.6894780814397004,0.86311783416202,0.8128853595495521
0.7848720129715563,0.8723130679332105,0.7619619020876061,0.0,0.7301133823540771,0.776015504355065,0.8805692336604745,0.8304416933392064,0.7309736043885098,0.8029119551489873,0.873045583768845,0.8453578591378589,0.8059984490138605,0.7945898748736703,0.8795625481851796,0.7595739647634314,0.8050845963763086,0.7655849769350627,0.8110224655878526,0.7295619644363145,0.8064940258477155,0.8456953085191833,0.7889480004507576,0.8714398737663092,0.8018520109838257,0.7515192374791374,0.7989692589892304,0.821059319256129,0.8252714666906616,0.6966858151980881,0.8271214018083528,0.7477612717242449,0.9161869510152618,0.7711097829174964,0.8507006859017091,0.8668891472202463,0.7953811975651038,0.7605658649120872,0.8584623762658945,0.8810874650747552,0.8458764932561997,0.7793724227159866,0.7085395130959272,0.8497670253785006,0.8293759049746151,0.7565228963627522,0.637914412660876,0.782067483067072,0.8105186376314942,0.7604692566949885,0.8510516912110615,0.7734891939255847,0.6988105617336329,0.9271266255701653,0.8803932968712205,0.7139883190648197,0.7854905636277852,0.8120423928081393,0.8172114996553334,0.816899336169333,0.8540160486739045,0.6195283546033222,0.7222292000183551,0.6628904712986667,0.697346767155441,0.7024774261133647,0.8851732597380781,0.6837342214143495,0.6946549293786316,0.8264577845737411,0.7420458094522602,0.7308858827678525,0.7983412091066507,0.8808188369713135,0.7815652972776764,0.6773955174689236,0.8176942488854316,0.7625628096306002,0.7066714687324093,0.6746684876882852,0.6541970780774257,0.8265289692087722,0.7515409100638589,0.7084231076345177,0.7713525543984,0.7771221413188906,0.7542954626187302,0.7366944028211627,0.7348577487389181,0.7969523099804849,0.8473920471582553,0.8591529281551641,0.8160765253985226,0.7563667287404117,0.892799647464757,0.7923763833692075,0.6635479474561984,0.7271597504795013,0.6745940374492413,0.8621209675473582,0.7907323152757274,0.7724151360039224,0.7915954880552702,0.7486127381843585,0.7468057553087867,0.7133572217976106,0.7590681107035708,0.7578965870891552,0.7859473265208947,0.8226930312774889,0.8698326111186611,0.7742605781672484,0.8309647717950973,0.7935602034474784,0.7539094749241302,0.8496930527208788,0.7185545242354001,0.7308393371392427,0.8256378735849669,0.7744864230149013,0.7651571272885656,0.7823106144445584,0.7073738221594723,0.8231417663337606,0.7075242203122649,0.8432434288377603,0.7650939722746523,0.8128565380996178,0.8091428415405238,0.7125200967243741,0.6806813475883311,0.6887784106258338,0.754235365881993,0.8549445503535608,0.8173277699420202,0.645738243245904,0.6938376906593131,0.847547029548862,0.7805063967359669,0.7937025513514961,0.774013857306232,0.7309708492788498,0.8788213422222617,0.7713511903614362,0.7991868641003942,0.7206539362162359,0.7549969142294278,0.7206029097072197,0.7118024163382346,0.6011938721090225,0.8446647923401994,0.7220255624719213,0.8429845792468907,0.7569235701256791,0.8434369091914065,0.8315042860023591,0.8334140820923179,0.8320085031052714,0.9027553310273783,0.7644929243070363,0.6582050168868459,0.7439178746975081,0.7637297849811828,0.869574741375071
0.7073325807288277,0.7241530541659527,0.8254935085183069,0.7301133823540771,0.0,0.7563685390680766,0.8018499911015763,0.680162695101743,0.6275229279985521,0.7054633185397023,0.8379622099779287,0.8143766259868443,0.745846871373251,0.6294714450540737,0.7647213496284203,0.8440410156869149,0.7857488578823285,0.6730798397575459,0.6928340202851504,0.645549838686645,0.8201768997328033,0.8048739661612312,0.7068879817387579,0.8341695297977544,0.7164675006467944,0.8335285736697746,0.6618213978936355,0.6703973121961572,0.7716102197370738,0.7963909939322865,0.6944952151295258,0.7196615440982949,0.7291563937184821,0.6811496114241196,0.6718943051408737,0.7336501325125352,0.7987340359339664,0.7157460828812455,0.8082507404360094,0.7774758473934502,0.7523054761561436,0.8142719115185323,0.7454384053828155,0.8689718545373358,0.6976199286848139,0.6970888215827965,0.7579943148552347,0.8721459153515191,0.7367792227478636,0.7156273918050903,0.7945530313498448,0.7633737154559951,0.6031302973251224,0.7692969559116356,0.7750555745397406,0.7205190420573141,0.7181941573426711,0.8766484926929413,0.6443340768628548,0.6988073489097756,0.6680940968845883,0.6353099034926322,0.7124276419058934,0.6026731986290393,0.6215833666627855,0.6293382246196917,0.6887556987333732,0.7819041969523778,0.6484864303967904,0.704884614513322,0.7600747825968769,0.6252186751600362,0.6301369126827181,0.7910693861241158,0.6757651167151328,0.6071470181913056,0.8019263008818756,0.9372069655043486,0.6541964972159935,0.7914792353827785,0.6763743343433033,0.6837862249308561,0.8358686855527213,0.637073555352282,0.701621919591035,0.7021551666470468,0.667296900647692,0.629370588176295,0.6308534888672687,0.7242713074718903,0.9064599894849246,0.6682457466588744,0.7870825557369486,0.6568398254956462,0.7072611882005673,0.7719999930642206,0.5652146569221324,0.6440124814926945,0.6267513499887702,0.6759917044115062,0.6607176547507136,0.7242154881221494,0.656747561266159,0.6546454040450614,0.6246775725937158,0.7576648419659957,0.7038698282662669,0.7016751583829357,0.7384498723209617,0.8227285564863631,0.795819534767881,0.7413702789995561,0.6873565525003392,0.6618280003471413,0.6708520742550034,0.8010328361016831,0.6294587323432848,0.7279971691338484,0.7751504992767381,0.6276004608987213,0.8970716323509332,0.6705625482156186,0.673631921904993,0.8209761333011429,0.5954497210084967,0.7883283951217127,0.6749036171902468,0.8688176563727638,0.7171515200757821,0.667057598701207,0.6490368778017592,0.7748087641918935,0.6404718938252729,0.6881720249963194,0.7027497436998021,0.6482918340868675,0.7323836924114389,0.7605019095287109,0.6705001651556987,0.7473607062599416,0.6081230342431814,0.790692834989251,0.6923833614248682,0.6364037278460356,0.8487312608874127,0.701607089967306,0.8326090993240388,0.7181757669591042,0.6786290653868646,0.6429939296387428,0.6795113620555567,0.6235395556948377,0.72872204208368,0.8099806876013882,0.7905897051081612,0.7207410290313553,0.7328026919728199,0.8925665724297207,0.6611698467198261,0.7289722922755255,0.6069317771649819,0.6408378601821291,0.7023531615494234,0.8549378274479398
0.8786724338917223,0.8904873004647027,0.862229645715957,0.776015504355065,0.7563685390680766,0.0,0.7505793473296782,0.8524204756386011,0.8597309591061578,0.8202230444627243,0.79327824559483,0.8111325070359483,0.8506007454658081,0.7340680133969301,0.8482853237023623,0.8242316749390448,0.8457741843512818,0.8000030651169522,0.8417470713645545,0.792319868951769,0.8842632145162771,0.863908129127966,0.6585396486180407,0.8094467472990169,0.8108068837008385,0.6909812465935492,0.6122506242969215,0.7512039934634304,0.7846056355408907,0.7744972037416492,0.8671621522312136,0.860265580687009,0.8279854467942506,0.6962614750282252,0.8093829260019519,0.8077500739439378,0.8038289996687342,0.7957805293328303,0.8005654577471077,0.756086008179804,0.8319484713667628,0.8633642771550784,0.8200383319634035,0.8966432731333337,0.7721950090150582,0.8163354892688985,0.8152353648524344,0.8395098904604578,0.7302567344724493,0.8577054073718774,0.898379728027264,0.8853853284911956,0.8172109683522144,0.8813597829152214,0.7973097980142505,0.8959927893899504,0.8518136957728351,0.8614197910863044,0.7907412850036479,0.8109298907985933,0.8707078497890584,0.8150848742801992,0.8991367222067794,0.6280936136986633,0.8487468410944775,0.8384137813055775,0.7317799555714602,0.842557691877578,0.7240321681775169,0.8447000591753465,0.9192935000979119,0.7273802180724294,0.7882545565877387,0.8646767239136872,0.9017267936162624,0.7698737297561803,0.7519093062091254,0.729145946038241,0.7568277835313679,0.8228258335616487,0.8906079395625317,0.886773849003904,0.8761144566324511,0.7882142761398989,0.8082560075347363,0.8155332363719869,0.8079354849745358,0.7671460024099171,0.7831020914478726,0.7582169785627346,0.8377098736926436,0.8600890166116975,0.8443886749571394,0.8405530967086765,0.8586819998367079,0.829673192034835,0.8060608217719921,0.7540445827552075,0.7149633088582366,0.8249007990316475,0.7176849549524902,0.7942239560131805,0.7041619088470983,0.7562424051962533,0.8462508856187926,0.8027602073004234,0.8554738972548459,0.7355274960984123,0.810128634796217,0.8611838709973564,0.8066322907389255,0.7238580451902284,0.928034878154718,0.6836546826543964,0.8075170959390567,0.8450157701573784,0.8246793968712084,0.7346982947995431,0.8494611367933433,0.69366169597224,0.7889069513582534,0.7701898471893702,0.7616570896972953,0.8869643948671343,0.8342280342612904,0.8565294752515644,0.8526285071491417,0.7894645952244972,0.8022157807097472,0.731215192817043,0.8473252251558495,0.901406035593612,0.6979179918772582,0.804822773725026,0.8175695822698731,0.8299531073436152,0.8026914582487458,0.7427777358427176,0.6598101460254087,0.8192220991885151,0.7806415342449415,0.8732289680929904,0.8531762588492289,0.7788021732889407,0.7832504638524322,0.6958061829225072,0.8822041163933784,0.8319350212642836,0.7887507105104663,0.6499116765907168,0.8036997498563642,0.8268861945573808,0.7746953618962693,0.7487087201215908,0.8441608336519917,0.8472250514277144,0.7718262171077312,0.8814036356902444,0.7226389988940668,0.7610440990531443,0.7506967413035657,0.8395423764487178,0.9146999944507643,0.8268447681064219
0.7957126301013034,0.8247691876907886,0.7125037780197118,0.8805692336604745,0.8018499911015763,0.7505793473296782,0.0,0.7546593382055141,0.7137270953983398,0.8433079135457955,0.9163447106000759,0.8740428676549887,0.8270547673519069,0.7606020413781374,0.8733159829235467,0.8200368017231467,0.8011514928242849,0.7678445284685294,0.8059443520251578,0.7021433131053605,0.7589576271179693,0.797491208568804,0.8687042357782093,0.8695267855904568,0.8369206461175974,0.7289977889516377,0.8580530398235022,0.830672048515531,0.8791957273710599,0.8512246143551382,0.8492000132286748,0.8225572776662241,0.8193604686238694,0.7889942200645762,0.793880131143676,0.7466188808255381,0.8828384126711596,0.7189653242743694,0.8924176545627482,0.875695446238572,0.740636364713441,0.7746553086855598,0.7308550714577945,0.8411450987793252,0.7798620605843449,0.7566097007788624,0.6547091951350507,0.8131781494828388,0.9142970604469792,0.7151795803208703,0.8643895991091716,0.6953330768982808,0.6677072883199265,0.8308665502193008,0.9330895228602005,0.7101349892454172,0.7854439418719042,0.8232625888592661,0.7935389788706143,0.8125798640251004,0.7859706056646455,0.6145959312044653,0.6674801486067444,0.5944987886223932,0.6601920725585042,0.6697066293909909,0.8432410160761977,0.7266925923173508,0.6694263697895174,0.8156991482943535,0.7104177816892941,0.7394788998564471,0.680598993051674,0.8645753316070606,0.7231869396215015,0.7410158218506797,0.9173767093528696,0.8885252742626644,0.6611931977073144,0.7895625784882189,0.6294820286209776,0.7189995482854606,0.839512835876836,0.6507025256699718,0.7215310628261533,0.6949116769827841,0.7458331480948296,0.7891684565312441,0.7708635337058183,0.7761965038208339,0.8612611318692599,0.8039263690023132,0.8885852623658279,0.7697977249585447,0.7910633518568307,0.804862613677936,0.5777043406469758,0.6386407393556279,0.6222346246047276,0.8150348254719484,0.863882095902064,0.8157040249334392,0.7141368714912513,0.6865249597114275,0.6758433478696622,0.7047839999273384,0.7239835609128544,0.732449204165946,0.7863127934248614,0.8332906522080819,0.8865285089403618,0.7098690907231794,0.7588274079320224,0.8539014757080112,0.7160839631400753,0.8269554955605554,0.7182686662739588,0.8591407324575777,0.7257338470002366,0.6931834874950952,0.7999750780610398,0.7056060991642358,0.6575804208023636,0.9028600359521818,0.6747214902706913,0.8898991691719872,0.6752836041546786,0.8702549686454464,0.7279906676746052,0.6934672719363421,0.6869002466252471,0.6549198478470323,0.8268208788578166,0.7268406383489068,0.7324948384561817,0.6394293642992526,0.7453206200644715,0.8272513196097191,0.7343499520696004,0.8695874862602141,0.7189088916633408,0.7924328429064182,0.8376968831466248,0.6346856358273698,0.8321409307028196,0.7058375952016437,0.7085569072216492,0.7722491516833381,0.6957771291765524,0.5643932087536023,0.8221326523263942,0.7431878384642495,0.8114054724325857,0.7652735279453687,0.8011858986309478,0.8327310938176534,0.9114137741926189,0.8756726498809836,0.8748402052989468,0.8953471478702234,0.6334276322228596,0.7616680442675057,0.7253545683414445,0.8860058541459545
0.9055273505766958,0.9108033868122452,0.8396660604559122,0.8304416933392064,0.680162695101743,0.8524204756386011,0.7546593382055141,0.0,0.8578684992675439,0.8741293848390812,0.8102051789539985,0.8217745098584099,0.910835469358832,0.8194802576294689,0.8848736781053242,0.8425041717548934,0.8859990214411241,0.8914377559373906,0.8547165596743108,0.8946875207508104,0.8581178544139695,0.8448611072316002,0.7634197837874005,0.8564742386959917,0.8725548623659538,0.7471149250511225,0.7520615096102427,0.8610334978387184,0.7919035479592346,0.7459199850798571,0.9155451649170794,0.8451214734058581,0.8570147394307973,0.7907348457917993,0.905536176960256,0.8957269012131424,0.8293747780520905,0.9055248587021063,0.7999056989003422,0.8499273541921357,0.8758522242739167,0.7856271790797891,0.8559783303375322,0.8200249966241949,0.943793855407449,0.9025638965010244,0.7705077243062777,0.7962463497829574,0.7990635613521577,0.8984375803574646,0.8704419408736132,0.8556411838085722,0.7897324594050882,0.8680563764201591,0.8268480039541505,0.8119576566526655,0.8831248860423753,0.829535796704509,0.8853984270087026,0.899567267849127,0.9121494122021527,0.749396609613121,0.8559620058175688,0.757200870725755,0.8184272436901829,0.8638355089325682,0.8255288873938776,0.7659199588138599,0.8583778071757376,0.9444486157822726,0.8549011743292912,0.8346506054140983,0.8285078087830637,0.9085716720531818,0.9342520741269724,0.7809583654411894,0.7655356104425677,0.6974047956596406,0.8725176173427304,0.6973480556116634,0.7749394653326181,0.8527120130189488,0.8014101818737033,0.8721694647800974,0.8504937844497807,0.9285477843794512,0.8370895483939276,0.8294233216036268,0.8670513223608907,0.8025277632937341,0.8249247004627035,0.8376757583618937,0.8380920759403382,0.8456137934949179,0.8548418552687808,0.7902955348046873,0.7804871882461635,0.8186792213724141,0.6933122545637885,0.9352617071215463,0.7722429041118738,0.8564100971577743,0.7791959107307295,0.823708211906878,0.9050213670946543,0.8691418925761164,0.8992539045999556,0.8465139566794125,0.8767518442192406,0.8512494817318405,0.7907251574851178,0.8010462606636245,0.8776499177284688,0.7912124029595842,0.8831621229123351,0.9037318584870279,0.8507441368703667,0.7737297994400714,0.8311296223309397,0.7509015465762174,0.7811263453351232,0.8298441359533582,0.7970175997633449,0.8405920720505579,0.756100370905653,0.8707196492800902,0.8288782166468365,0.8347638242252201,0.8872058977247645,0.8192451192484307,0.874117675548773,0.7989409559736641,0.7718419771250146,0.7651189557693957,0.876212942022578,0.762320016133941,0.8450708210468867,0.8494699813281867,0.8354457200215595,0.8735159165610797,0.8048489068972917,0.803904280236038,0.8644294102040561,0.7579468371603656,0.801591953539249,0.785155877141747,0.7986486162312338,0.8043011922809266,0.8776642958617844,0.6840144154697422,0.8751329009736292,0.7901421919657658,0.8425381139136201,0.8154873972025857,0.886573308985132,0.9217393881420426,0.818221031649871,0.8475400366967648,0.7782653206625108,0.7425592807954879,0.7698576955449737,0.8206800464775783,0.9272742753085507,0.8132455501221874
0.8396453566243431,0.8558310816141168,0.7278445007584956,0.7309736043885098,0.6275229279985521,0.8597309591061578,0.7137270953983398,0.8578684992675439,0.0,0.7830981373717794,0.70542523755805,0.7388683433642927,0.7974234363198677,0.7403936709559459,0.8097591528711914,0.7137216718024378,0.7421604125003907,0.778310594021401,0.7875132185027204,0.7721514662130483,0.7477286961274409,0.7881988103203031,0.648121181063291,0.734727340795793,0.7667338065922877,0.5992067519205273,0.6418518759555331,0.7353918165468306,0.6937127542908071,0.7308810108625665,0.8773573061527153,0.7954858578276738,0.7696213579464843,0.6713493003421872,0.7846775740143568,0.721905314886418,0.7453185437233625,0.7243796462499883,0.7375440717974163,0.7084154489793647,0.7281431163791642,0.7946938358137058,0.7203122760452834,0.7318247889032287,0.7582855226328074,0.7764794849688024,0.7080504758371549,0.6901995400288862,0.7006975691658233,0.7769340050327977,0.7966048159530104,0.7457038196915907,0.792012316023558,0.7832696244531248,0.7196051891672609,0.8785675368254714,0.788560487115921,0.7333471328987885,0.7791766965919071,0.7881053714097846,0.8451197574703476,0.7461240000742088,0.7630132954688871,0.595982647481758,0.8105032041722751,0.7900094470404856,0.748322680353857,0.7540917187775636,0.6827713051742691,0.8269952309594688,0.8200824932845778,0.7157667859929163,0.7470283809881983,0.7879632870805902,0.8383305071937978,0.7661586334869221,0.7000623286677093,0.631438737342747,0.7021182160367875,0.6936745028568493,0.7527253845744147,0.8719226466283443,0.8028900537227365,0.7238345904357436,0.7252806569594061,0.774561324176842,0.7857032144542297,0.7753984730406571,0.7905918833407006,0.8136510760808535,0.7162077425566155,0.8717402347492875,0.7522978104814537,0.8056131684287875,0.8061292342740873,0.7546849738586666,0.7885349223576507,0.7021728080277762,0.6685509830778166,0.8170278823978677,0.7131567474607262,0.7531754495576473,0.6494967172828727,0.6938320442929513,0.8047211614058634,0.7193514501553994,0.7696546640678319,0.6892362605496158,0.747076509077874,0.7673024326109413,0.7214592277241908,0.6494228996720494,0.8508847587225867,0.7047357980973034,0.744142070774154,0.7784463381524213,0.7809508414258264,0.6924714092496879,0.6923368953182205,0.6917284678199506,0.6787662065412554,0.7272494230084013,0.6867389935595849,0.7958640917488107,0.8138740325345382,0.7619692036020234,0.7967914120113397,0.7351486790565849,0.6999036584803168,0.6957793210380183,0.8870467885081081,0.753396789560518,0.7146495539215961,0.7728096998383067,0.7623540625364033,0.7481510287345464,0.7405952646509256,0.6926482328468014,0.6414772414424159,0.7842257084146189,0.7493573476469362,0.7550118758515777,0.8591801357335758,0.7271601157367573,0.6771446270960012,0.6583539675967502,0.7922815890184974,0.7650439504085835,0.7263989112700526,0.5739754322954899,0.7868553198729713,0.7807072933582739,0.7418963294963038,0.7048352161828997,0.7413489612056037,0.8510148777080779,0.7572497426538936,0.765757515151134,0.7115511116499481,0.7084311092878087,0.6985172785723965,0.799975708903525,0.8708966386946695,0.7430008153733118
0.8753297028581835,0.9089974916514951,0.7975673812843235,0.8029119551489873,0.7054633185397023,0.8202230444627243,0.8433079135457955,0.8741293848390812,0.7830981373717794,0.0,0.829628099484453,0.807830914463973,0.9145103244503933,0.8525770611492416,0.9080851341187383,0.844386356473286,0.8397447692568454,0.8884135066777045,0.8092313049680352,0.8036909799689951,0.77050168684387,0.8180478566675453,0.8016002869170643,0.8337448509958305,0.8992968530037666,0.710379976124702,0.8068795207845346,0.8397962179234638,0.9385581110815293,0.8054148562665793,0.9160025884026568,0.8701806214322924,0.855306535992292,0.7544077166481011,0.8682088252916035,0.8018305677549491,0.8808694614157527,0.8435332717606684,0.788653406794302,0.8591749200094598,0.8182790119833305,0.7369069834009283,0.8267843054024528,0.8268287162397188,0.8613474536821764,0.859626434588251,0.7671076247801455,0.8152077766337712,0.8594409762944841,0.7982197268336566,0.8462742892896,0.7574220346456363,0.7634683184164607,0.8149327666783516,0.8803488430504809,0.7962498076291908,0.8195072970476147,0.7908018835039701,0.8898497768154716,0.856309429558432,0.8436273414915727,0.7132236780200122,0.7683130934130677,0.6834127327513879,0.7497495715998429,0.780713117097298,0.7984893805298253,0.808666205316132,0.8394384649158803,0.9168404041832526,0.7887177475907818,0.8601081477031391,0.6975330961802978,0.8636339530961593,0.8428644865355525,0.8401029186767528,0.7833493877004724,0.7803007175186518,0.7835246222279929,0.7690545375630544,0.7605723352320269,0.7258375433134421,0.8728787826496458,0.8180817648421371,0.740284440913978,0.8143371379142474,0.772154420920462,0.8601767149441325,0.8837672259190062,0.7539484573337971,0.8053678204767439,0.8079259709566816,0.894526592915864,0.8176701319411707,0.7904530461814425,0.8750288929689019,0.6628815983900676,0.7245336092371879,0.6383829208913842,0.8827047514750375,0.8629994008313661,0.8111552947281198,0.7199721065953683,0.8297265555373521,0.7928062423294311,0.7991083005933867,0.803335985982448,0.8070524639121125,0.88568095613113,0.8349262921276606,0.7734689242946009,0.6919794458637087,0.8129077244412457,0.8046064243599407,0.8351451254474939,0.8519161323563869,0.8361250209711866,0.8515891527904105,0.7704198543254321,0.7336736730485848,0.7624452843627086,0.7715955717507518,0.7061186613301319,0.8870114259697769,0.742787911292065,0.958843166101753,0.6984025670011226,0.8278315418030525,0.829095922883293,0.8337946605606703,0.8515241573100142,0.7074019526431077,0.8025495528107403,0.6675678692888548,0.7701250803038411,0.7653909925226525,0.8619781132207405,0.8640399279770699,0.8040950364370316,0.8875307977541298,0.8557553577235,0.8305812369944626,0.8153420966601296,0.6497508261852545,0.8223643385804228,0.731617588942937,0.721569366233721,0.8777636889369693,0.8593006195251416,0.6163749782658493,0.8059523660919415,0.8639745895282418,0.76553424588265,0.8281687177694151,0.845929194818172,0.8907545776937177,0.8536123751666085,0.8693078227232477,0.8492997485749112,0.8035435157712889,0.8066945384026969,0.8457302476410876,0.8874392423881863,0.7851514622818386
0.8316068086741322,0.8344996246333038,0.7966823438755901,0.873045583768845,0.8379622099779287,0.79327824559483,0.9163447106000759,0.8102051789539985,0.70542523755805,0.829628099484453,0.0,0.9336566503492894,0.8743303102505321,0.7506485786864473,0.844289303521898,0.9157651207972698,0.8874629194576303,0.7772308927067723,0.8447336450870863,0.7865236025378195,0.8651762115006633,0.8469126948069057,0.8684304976747012,0.9434663159251734,0.8846559311523365,0.8273378880680928,0.820843969946297,0.8700163362845965,0.8709883854318164,0.8311911244954067,0.845049507773455,0.8474955094815193,0.7925820738661467,0.8565106734231861,0.8426696640312858,0.8269442209248384,0.9293533688747448,0.8015667130785038,0.9389103448683449,0.8986438215287375,0.7789854746794144,0.8447026373786104,0.794758346750316,0.9094459994161257,0.8568695529131277,0.783805967269829,0.6802693111495101,0.9324001689521692,0.91697876052017,0.7782491677987372,0.8834055046158157,0.7678891972603795,0.6528704151953385,0.8763512463918992,0.9519095942006037,0.7282804168331687,0.839534953440492,0.9021668861249527,0.8012922075846475,0.8300540094502905,0.8331851286405066,0.6203844162601059,0.725366078277873,0.6893729255072476,0.6772680441619606,0.7141319585080524,0.8794156567133121,0.7355042155800415,0.719919982264901,0.8517591884826364,0.7571014306374143,0.7497896134344032,0.7874683749020212,0.920236681180473,0.7782773752161686,0.711769003172966,0.9443051192903047,0.886949362195207,0.7226967636541198,0.8037205435243786,0.6610608691450567,0.7457492293399749,0.8156481771925708,0.7109518524558118,0.8174910955353933,0.7691076000159093,0.8397829279188254,0.7562214535184609,0.7572765271933642,0.803567956305006,0.9033956805895337,0.7643810470912001,0.8815267803154997,0.7866530970891064,0.8144384565099085,0.7982245942587631,0.6151554875161862,0.7110973236340821,0.6683753237706728,0.8284596420842576,0.8432135727382547,0.8842818337782189,0.7528763702565945,0.7093019585581415,0.7178232849605807,0.7800246242739611,0.7949197928899223,0.8199057222361513,0.7934551407966052,0.9367780381144035,0.9467347179050618,0.8282799729503941,0.8222203471515002,0.8788655273248016,0.7476859996537646,0.8773700862379361,0.7356618680164045,0.8812441872749253,0.8344918890674172,0.6939340338559306,0.8815496334984889,0.7056481560290004,0.7752932354830628,0.8910852446099078,0.7117079717676819,0.8935147570655223,0.7191878609429105,0.920779545095016,0.8263383508373965,0.7067910780985999,0.7012715076278861,0.7445840549663574,0.8425644299049586,0.7814312730998622,0.8616928818168421,0.6568464359747281,0.7950120669469782,0.848543956522896,0.8074590510002102,0.8728103352873668,0.6853089580209354,0.8740134635697264,0.8213610015723976,0.6937269331783152,0.9482601288743213,0.7775413068669257,0.7612690905928925,0.739538863938901,0.7747724938565954,0.6718780575412342,0.8815920139234653,0.6987689291872259,0.8838872946324514,0.7900548604733757,0.876905189050981,0.8831477070546109,0.9248019189631015,0.9119845656023421,0.8155315179667822,0.8664806227191357,0.6280138038400703,0.7692041762566447,0.749538337108765,0.9640725968182796
0.8199442262289734,0.814499673258119,0.7758908891060837,0.8453578591378589,0.8143766259868443,0.8111325070359483,0.8740428676549887,0.8217745098584099,0.7388683433642927,0.807830914463973,0.9336566503492894,0.0,0.8100999293376694,0.6714673585652877,0.794863214300024,0.885543227304388,0.8784032308613018,0.7419582348997183,0.901348345593843,0.7933703836249019,0.886407070931181,0.8001776490446725,0.8627493838453532,0.8966076569279948,0.9057217436750689,0.7724671582184075,0.7603577078597455,0.8639816196630177,0.7954499065433219,0.8554781635442089,0.8670359996762784,0.8511039983956484,0.7530930031293313,0.8952991494409163,0.8331551256976355,0.8388014134527396,0.8592277581386101,0.7686659414012843,0.9181361298214342,0.8194801749215133,0.7605886975838839,0.9048205339181487,0.7922358363135642,0.8885442853595006,0.8406950026350968,0.7651650273673553,0.6879153316995537,0.8711056217088848,0.8836518598983791,0.778595219525789,0.8682083977120953,0.7812744475579848,0.6423415214709275,0.8585267730453691,0.9054025388935327,0.7508064033308722,0.8372698225861972,0.9540943980272568,0.7622022487354329,0.8087035032783528,0.7903122158351013,0.6140477830727225,0.7269870262208139,0.690891783700935,0.6764648648198021,0.7047603826964675,0.7867908497551229,0.6801151440416245,0.6876885230365014,0.8285681633654154,0.7244003779279122,0.6992551307349741,0.7960005458678331,0.8792084760093613,0.7797410137568804,0.6937831080543013,0.8776538395261895,0.8234307591199231,0.7195683370439323,0.7507030799136708,0.6497137917244267,0.7737961028076624,0.7789884388646935,0.6768561938915315,0.8555091399045537,0.7656091851081117,0.8389176616812006,0.7379078588469776,0.7511878231812901,0.7774218729861189,0.8954512311596727,0.8325494886961172,0.8483314834344494,0.7722060401752505,0.7695092757483792,0.7780584832157817,0.6238569182089957,0.7807691079255666,0.6956813440757003,0.8080403883483708,0.7504759120462012,0.8757828553332073,0.8087713160097902,0.7512362805351473,0.7306665730029219,0.7704385261335474,0.8016242526983031,0.8426342403442678,0.7500982619801728,0.9148266786766047,0.9708087443749083,0.8539987553046348,0.7910301507047518,0.854090328854524,0.7221909914564146,0.8505759919650523,0.7568842411430494,0.8665863865790548,0.844491954572295,0.6816985315500808,0.8152785812486829,0.697188253964241,0.7954601168095677,0.8504098377845299,0.6818968492692776,0.8454030459146439,0.7407583995044018,0.8747079177734581,0.8379683270747446,0.6417811536100331,0.7435565659948649,0.7494981133835262,0.7505978038183999,0.7907641730707611,0.8449343633470325,0.6197402165932002,0.7853482907436728,0.7783264732292583,0.7640113278469607,0.8743451096980492,0.6467721909394845,0.8502795205804088,0.8273496262770191,0.7247434447575789,0.8823297699314199,0.8268504497403972,0.7785542233931908,0.6962611278414975,0.8031386689345552,0.7106111415647389,0.8926616912969394,0.6870337398711313,0.8891175381787898,0.7509937960398263,0.9192721145276859,0.8212910838059593,0.8440079887175339,0.8861818779293233,0.7364750600313459,0.8261484162142452,0.5938831227226754,0.7696544604065712,0.7734186901912291,0.9217771941628751
