0,1,2,3,4,5,6,7,8,9,10,11,12,13,14,15,16,17,18,19,20,21,22,23,24,25,26,27,28,29,30,31,32,33,34,35,36,37,38,39,40,41,42,43,44,45,46,47,48,49,50,51,52,53,54,55,56,57,58,59,60,61,62,63,64,65,66,67,68,69,70,71,72,73,74,75,76,77,78,79,80,81,82,83,84,85,86,87,88,89,90,91,92,93,94,95,96,97,98,99,100,101,102,103,104,105,106,107,108,109,110,111,112,113,114,115,116,117,118,119,120,121,122,123,124,125,126,127,128,129,130,131,132,133,134,135,136,137,138,139,140,141,142,143,144,145,146,147,148,149,150,151,152,153,154,155,156,157,158,159,160,161,162,163
0.0,0.3585653611329598,0.30255772150410465,0.302530133089259,0.3219879593118639,0.34394805734759665,0.2829261067586136,0.36587037282903684,0.372269086763295,0.3437347860831066,0.38127507468084426,0.28492562340768424,0.527517377972475,0.3521886819663431,0.37161021175124653,0.3961907639505938,0.41706211213116956,0.5044561835624167,0.296953760116579,0.4546959442505342,0.3633040474975759,0.3283005829123707,0.2826576188039966,0.3803457281456595,0.41459153334096394,0.3147104345883083,0.29023721729890245,0.3410027472738804,0.30958451917101737,0.30132305065200476,0.38190678716295634,0.39290958171573953,0.29191328258470406,0.2880378777807263,0.4760723644384208,0.3039341168558642,0.44196543068926886,0.3520727782300913,0.2798208805568541,0.45119902489058733,0.296352661300037,0.35986727813402286,0.395885004781407,0.37198970589129693,0.3830972659632449,0.4135827514718665,0.3102781409797848,0.36864209984614643,0.36307089691666894,0.3741890649305386,0.41821850016231854,0.35692279599743554,0.3030932472566281,0.3080165694117894,0.32285276577181565,0.36469695352176085,0.46513279780482647,0.32741163354425323,0.393829955500483,0.38825084312506714,0.3809577711546106,0.28779584878353187,0.3753226189240461,0.269804225578382,0.34186907138394096,0.3985565409969371,0.37786736351657424,0.36695346136665913,0.3064461097349935,0.39943894515108774,0.42397025394344606,0.3912667534758719,0.3935759585436343,0.41522131711703564,0.3786556169632198,0.37175772872521906,0.29227037931474253,0.32307302937510596,0.3481832948494925,0.3457194752212871,0.3490616625813512,0.34091015926617724,0.3828813650083463,0.37580153438758407,0.39226415775630585,0.3758178711896324,0.3870245454315793,0.38686586379065796,0.4043321829098346,0.3305228310960871,0.37222959013337864,0.31402447498301606,0.38341271861925774,0.38680774316233124,0.3647476626400033,0.2818489181310332,0.2573095794977432,0.29607239537029745,0.28549648484330425,0.4658725864345785,0.3578006100326081,0.3236395371362575,0.2877268230743382,0.2449223987825259,0.4371892085089731,0.36802130834264535,0.34890460116745664,0.3598378947407859,0.3881932485386249,0.37452900262701017,0.31524666668552365,0.35497459015594907,0.3895609243802184,0.3033528064080034,0.4083503120712054,0.44116135698985104,0.432404854238619,0.2956223132637702,0.29702920424717577,0.28945720251928464,0.35809045092478664,0.27338264548727415,0.37038898597966796,0.4398369536060479,0.3523954276554057,0.33256907683254583,0.28014362288812034,0.3189280146751683,0.30715831640075403,0.3401207843818104,0.32253562835173455,0.3112474427729418,0.3352105944393935,0.32137016073728697,0.32062198802674263,0.33192850981992295,0.39227624284467305,0.39447636505219613,0.33269986249952443,0.35644082067903665,0.291661119746058,0.331355360237853,0.38678095544434876,0.279997534577236,0.3511155444737843,0.3120615779969731,0.30618468317811975,0.3056755194275452,0.35178466474910036,0.2298975701519701,0.47850905042220826,0.340909271034857,0.31276263897213363,0.26914910332754816,0.3227514225273749,0.40728664742198434,0.30335326805118246,0.379311977934699,0.370335533313608,0.3547948135903427,0.29591988699076954,0.4714083676862003,0.25827489895513134,0.47866721364985737
0.3585653611329598,0.0,0.384569554734287,0.3420505147694835,0.32701834200214075,0.49284235773020607,0.2858221724815396,0.45971222453216193,0.35019305420546165,0.44263544748200745,0.3670592768254108,0.3439002142672191,0.36079378874550383,0.37497424059742884,0.41089550373292044,0.3626984960853643,0.38040493080401044,0.3316589758162449,0.3386669613354604,0.3661293526479093,0.4133246422827308,0.4782476282437402,0.2515999713344922,0.3605657559976896,0.39403781355503964,0.288207730644787,0.2583207657394236,0.31978900709844665,0.4114623399139474,0.26879878972389315,0.43021928722139696,0.36805190069837074,0.3955282574932124,0.27010566964952204,0.40329398149442147,0.3693239846929913,0.33207312512599557,0.34076055437270353,0.36466916048411974,0.3670133324378373,0.37572555707836003,0.3825228563870733,0.3192345101170313,0.37959405658639517,0.4042171758254503,0.3058541539222221,0.2842098460624062,0.3623972547766027,0.3043574443216907,0.35102377437442495,0.3936156715829213,0.3462429514118095,0.33892987538036434,0.47215296453219774,0.37538163037639977,0.3708960172161259,0.36099168432534673,0.3636913340395117,0.3857153060307266,0.3454705908484681,0.4601336548851923,0.269013761168231,0.3552977146594278,0.2666494783931825,0.3292350959614558,0.33753624695010404,0.34706539430479405,0.3254720346728978,0.29031778663605107,0.4335644928475571,0.3746065867938398,0.35872098779059935,0.3194992823878739,0.40842084924171146,0.4402317244949189,0.27757390902325035,0.2956414584647367,0.35820181406462925,0.3025537419385416,0.2940712590873363,0.3487299541600488,0.3655999353733581,0.46635441796939303,0.3339207238695808,0.3446903731845139,0.39469073253634945,0.35211580764864464,0.30644539758566947,0.31003941728182494,0.3425075972436358,0.31969459460037936,0.3455913976540582,0.38186117687846477,0.31243364721116007,0.3672791528023219,0.3774459329909337,0.319033664243225,0.31670435459136925,0.2738662678461603,0.38805811070693796,0.34308973967121187,0.3095531261615795,0.2552747243920577,0.2908114724539157,0.36218247436082895,0.31606728190431027,0.3466870366655573,0.39698012965668383,0.3470411343175058,0.39126602556720874,0.3245426649746841,0.29356093249762955,0.3709999592869599,0.31341701514409553,0.3625168723917459,0.4365258027748553,0.3610578112098846,0.2671622283420475,0.35277269442202175,0.29560428363131336,0.3314519605633054,0.2988932586008548,0.31547812692314114,0.4267516299529898,0.3271727201297577,0.42633796993435497,0.3076304754194419,0.35610272359195616,0.4094037969511516,0.31739039945187725,0.3595850660727511,0.37279129485451734,0.2811500542989574,0.3834668427455375,0.3730147177065391,0.31335370487988984,0.3138292720940537,0.37438474089716245,0.35540776403922064,0.32514164597483397,0.3375449135843948,0.386008328338007,0.41512578422594065,0.3257349294133599,0.3727798663697654,0.27741899878199905,0.3823400033646406,0.3412391031355917,0.40983430621157285,0.25582963911811546,0.35766783323377277,0.3763075453199237,0.29602897670495737,0.32174004413603896,0.3659692753472268,0.3877961225857184,0.28203459293327166,0.427186891977134,0.3216656398529629,0.2955255627886039,0.3149615413141224,0.41070402550691754,0.27092933371720296,0.3650559300052589
0.30255772150410465,0.384569554734287,0.0,0.28090622130887044,0.3066301946871134,0.3325160418391109,0.23873109227650996,0.40428435672160024,0.3344182398512755,0.40224020859151455,0.31174875634440713,0.2914806584976353,0.32282203620180633,0.32710929317212706,0.3010648784719736,0.3579727186267813,0.3737612960394551,0.31711164853898155,0.2635936556832101,0.29182515356465655,0.3997727641217094,0.45932882411747317,0.22763054372958583,0.294184438057402,0.30993779603918725,0.30411895877392725,0.2507354019781012,0.2769276881232626,0.3057517661550426,0.257545791598631,0.3065666928109361,0.32627187542539743,0.28644423512837824,0.23743324405355665,0.3070848167391635,0.3624977304694545,0.29242805464880106,0.358444054500448,0.2899677182117488,0.33988186190447006,0.3346590847962618,0.3781308603531143,0.302566484357083,0.30315639579308096,0.3559413260846899,0.2778886503989009,0.31067538128396865,0.30734089203915826,0.2808588999578153,0.33451512737763345,0.323030822586505,0.3419539973701359,0.256015874704481,0.34697348494922053,0.31740252126030644,0.33557174079841684,0.3012437550942639,0.32325923028891923,0.3318549655488558,0.29337357664472535,0.3261791099835216,0.2743906708413304,0.3641189073029878,0.3150031331528925,0.29289272779713915,0.293617038806079,0.2884293360898264,0.32112407657203534,0.33730797358711656,0.35841691363991846,0.3704547127183595,0.29557488475874943,0.3402344095193765,0.4098775174652776,0.3959816968769756,0.22625894732994326,0.2805142879978253,0.2906045055711006,0.28062036192075057,0.23014088525233178,0.33934537777974694,0.3448926313284437,0.33202758737914567,0.3339199887341914,0.32879180417601206,0.4211900234838635,0.2905308588398082,0.2637086474364533,0.2722694161625122,0.28872551761402754,0.3097746008048698,0.2761301734662419,0.31031142615366053,0.24292677518244962,0.36229990996225725,0.302066952975249,0.30650917368200487,0.334033198860737,0.2895997108991344,0.3200005431654376,0.254637123901081,0.3063818871737558,0.24952598286568298,0.30882740868347014,0.3520742083761936,0.3234227320344712,0.3181860964274691,0.3219058437516893,0.3037244637731125,0.33227790697473625,0.2738792342883181,0.30623046940672294,0.3109461239000863,0.27906078030962106,0.2827596158601911,0.35520519688452823,0.26876650389206674,0.29128298644134326,0.35325331234544716,0.3085467672756812,0.3124006326671177,0.28279192730661773,0.2901862856819261,0.3036229663577242,0.2755249848068218,0.31842942098695975,0.31743718607032245,0.31077655897679946,0.389742831488574,0.3305485379691224,0.36830402016921276,0.46427554967303086,0.22924999999467102,0.299936718418787,0.32937924733628104,0.2787014030296631,0.24743065566592087,0.3077574441758844,0.3318616648433338,0.28479844286744577,0.25264077732317114,0.3345810203856706,0.32567916767378613,0.3745380306747517,0.32222893095055233,0.25537696867099074,0.3988517425246545,0.2797990361642395,0.41073792369341455,0.2943575063525133,0.2732866113280047,0.25805690099928213,0.28054001019933594,0.35934102962176756,0.3221655364799329,0.30768071537452524,0.25044013501308043,0.33619206855361333,0.23298300193988186,0.26545507780402344,0.34382727953219056,0.2731745099995366,0.28800081430901847,0.30623080265216523
0.302530133089259,0.3420505147694835,0.28090622130887044,0.0,0.33320252940132733,0.3187462801460425,0.37175146596630493,0.33707698314733536,0.29022711324252964,0.3128307067394834,0.31460017146206515,0.3576301364391988,0.29391380061057737,0.2871985300144516,0.38910763350119754,0.2962547742392489,0.3382850351826985,0.3084085050206361,0.30493291546499723,0.2779616260115336,0.3647914563916014,0.3122100746965228,0.2839591718269496,0.3187843265656321,0.32974160949203063,0.2902832688971689,0.29443680084370893,0.27784665931381697,0.2890678530175865,0.2571967938272754,0.3515618681937719,0.28195944635020337,0.4490344050178617,0.2909380064391243,0.3310140942916311,0.32372107651322357,0.3136570709537072,0.2924036434502732,0.33396256249480466,0.3823228172895488,0.3224408382333859,0.3495484793190092,0.28975476108352566,0.3645466605279647,0.32615692786549455,0.30895767360575954,0.23963660953245877,0.28908652768043336,0.3012099458492827,0.30035769225526004,0.40633509287867825,0.3320443057193575,0.28525212989134,0.41666459379433163,0.34459468097645185,0.2951658552632923,0.3356068553989396,0.3750232792294019,0.33212211286976123,0.3296815013411119,0.33173632772325745,0.24602351936092784,0.3173492934329705,0.2454766256826769,0.303095905115323,0.28585269334026486,0.33859695313699933,0.2585870903884944,0.24997138276833833,0.3289476992227369,0.29108503664211066,0.29259706790125983,0.30134774123201735,0.41510215312138143,0.3085171709456093,0.2371583605152919,0.3300917758996774,0.3811012413994768,0.2659496717583453,0.24231498447333555,0.2586195955741323,0.3689193837024768,0.3131654308550095,0.2458804616793709,0.3600422109895218,0.29846081774388517,0.32596310383989374,0.30878417363623856,0.3002969095921898,0.2887026033239282,0.3556811506857293,0.3813050316892466,0.3076073752635785,0.2620951413368422,0.3473009568200406,0.3037234718296355,0.24603744896598673,0.3251331514048697,0.27502571440244944,0.35600178043921554,0.2915978308434424,0.323196652180698,0.3415982024676181,0.29295338479878424,0.3169112559287385,0.28694785299719205,0.31380146684943155,0.3020834030623688,0.31118281161108113,0.31511810525204514,0.3715218587734915,0.30884918087793756,0.3179706650827564,0.32686020460937665,0.29830527824916786,0.33877699997159466,0.30844698639776513,0.24119820517203147,0.3280472424491678,0.3065685358811351,0.31676499856158363,0.31658503717286346,0.27499725359663885,0.3526681318078748,0.25786100450569194,0.3065218716298156,0.2952319638741428,0.3535032158050247,0.31309326087237,0.2828800738979478,0.2734511136819387,0.301928507223877,0.2698351155962133,0.32350766208788906,0.2852069012729624,0.23782252844967858,0.23165525810941565,0.34482716726791734,0.3050369655613645,0.3188050598487618,0.3198070490090611,0.2943042201271835,0.4192382987049647,0.3103752741835851,0.2995978035778194,0.301859713567811,0.33730203771056255,0.2829738784898924,0.26599883998602225,0.22151650973323825,0.3503531362257087,0.32135749031302363,0.3124649890414341,0.27095437689819996,0.370425913211457,0.31791818840828445,0.2517757960958332,0.3720546444793663,0.38527339469385014,0.2874038192490073,0.2576868072691805,0.30458101068679444,0.27998545119064655,0.3509293030565003
0.3219879593118639,0.32701834200214075,0.3066301946871134,0.33320252940132733,0.0,0.2795935190998171,0.3506726840234638,0.34641239285418546,0.35128737651758196,0.3337379314903935,0.34145499648163974,0.3005172902298064,0.2975946943186779,0.3371339425254909,0.37030146778939943,0.3255849410409405,0.3311358109442079,0.3507768058545856,0.2519467850565711,0.27529554461692063,0.3682441897854889,0.34224580676817684,0.3472098357505896,0.29490802115863957,0.3227893424891253,0.33600168104901007,0.3542361284845479,0.257755104895884,0.2808344900523562,0.32793702782258155,0.37464240006247473,0.28526040664598684,0.3095158676015437,0.27274341494901055,0.39990010076116445,0.4104371724449632,0.33111580087445486,0.3566977613370852,0.32357856310006955,0.33935241110132885,0.3300464397170027,0.4432219505202623,0.3489665361562409,0.3724902859462136,0.32462792745536334,0.29333400074761695,0.3177520393455549,0.34184932504144394,0.3298456381306986,0.3618399531931321,0.37222488547079235,0.2799638034047076,0.28727964572987436,0.31976356705142145,0.33792672381221234,0.3233088177211284,0.2885495335836534,0.4232852279227393,0.33286562412026205,0.31412582870228994,0.2679300834868205,0.2919936448463721,0.30866638224688514,0.33167182721343297,0.30811374055966284,0.2593709620593358,0.32491145158277834,0.29956458523859575,0.30888761945891846,0.39532559259605193,0.320015449985822,0.33596996435894255,0.31750075077242484,0.3480305442973941,0.31385746695949657,0.23618259497006117,0.3069178340904823,0.45206589305147993,0.28865117983028593,0.243546481793584,0.2890864819011949,0.36043687294833626,0.35889890185152695,0.26846273184590863,0.36565767565358914,0.3150800223345411,0.35745818167706306,0.3347785825561932,0.2851646991595851,0.3120000126387804,0.5396411525539307,0.4072680010264769,0.3826057326202217,0.22812441976187217,0.370366967157142,0.2934306020009586,0.23527032796996847,0.3058623451382809,0.35483274099618434,0.30341256361532715,0.2995706231560297,0.318305413637625,0.36216056377721306,0.27157649191610134,0.35765393847406596,0.3145354459185699,0.30234311605040687,0.3746262104416873,0.36569400435711774,0.29400111804876883,0.3064246732808644,0.4134915762900846,0.311860126494146,0.40351576764195846,0.3108469164371667,0.32859237904214483,0.288093057353156,0.274418053454798,0.273586487223394,0.3536952951912059,0.40768666003742676,0.34308464416701656,0.2791353030112453,0.34624466625914363,0.30483070411601254,0.2800265147238668,0.3115645710539787,0.3676917219374219,0.30314437783306974,0.32047441212247085,0.33679955683566015,0.3083375869969292,0.25462506073608737,0.33785574213749037,0.290901517895565,0.2802953961368643,0.2512800662113609,0.41843119001490214,0.34539245383834805,0.38438729240212005,0.26005333856714025,0.36544765071331287,0.3706381784615437,0.38315919084250016,0.3795561283320062,0.34490378702762636,0.3662521703936807,0.30485894685459486,0.31084709041386754,0.2759556316043057,0.3167093252915539,0.3076098543319785,0.32547108663420904,0.3512075454668886,0.36451203702646856,0.35018877725075975,0.2281327023216241,0.38044212106529685,0.2863488883300311,0.2847996331683796,0.28200844833263206,0.3209023285099252,0.32810064679426537,0.38607148455019785
0.34394805734759665,0.49284235773020607,0.3325160418391109,0.3187462801460425,0.2795935190998171,0.0,0.26036557550445266,0.3919147591972819,0.31254078864956597,0.33541865482709354,0.33820586969407473,0.3182822376001424,0.3745569440985975,0.3050651444620871,0.3547933005236419,0.32087473912709424,0.32540805335946493,0.2771216440608757,0.3124194855286302,0.33876205323215863,0.36257442588930566,0.37411367514544036,0.21048913245625628,0.3012955477650859,0.35349177336155213,0.258765034855956,0.22348280905210607,0.27448042057853855,0.329641646321246,0.2408112898069972,0.3522310856285756,0.3390199122966052,0.3918733072250869,0.24174357462651222,0.3501363253039894,0.3134681605480714,0.3203060294133119,0.29528469895681325,0.28989704571732905,0.2897149511089996,0.34955298651809097,0.345930760877351,0.28893994494817005,0.39725557477724394,0.3155890213231566,0.26695964488156976,0.26057406603678,0.34223303319491255,0.24715176130259642,0.3217220038513217,0.32675796090030046,0.3707182083457648,0.2827282133329287,0.4049201245837617,0.3020350366276109,0.36008096571995546,0.310620933850201,0.3603141646469007,0.30131651109773816,0.2868476725606093,0.4565457899044743,0.26463691890583524,0.35820806089302537,0.23409066129449227,0.2978014795265714,0.3003888948032336,0.3179775767662175,0.3282403210530963,0.2596210285333783,0.3530841923355329,0.34089910148469244,0.28347239465570245,0.3225401637663959,0.336410420604876,0.40758870381078555,0.25591619356903134,0.26158256956286213,0.2890878792219727,0.2738042849786109,0.3052716433768301,0.3682174889842394,0.32112966316362934,0.36079747146993063,0.34424300717669315,0.3102766084342203,0.32716657979254804,0.36468110241612034,0.2670914928189675,0.2835222841977672,0.3121374749693812,0.2969517360507583,0.3456152915190069,0.3153749286522657,0.2799482384683255,0.3099408702930441,0.3801245936966862,0.29811607673032803,0.32488390351778884,0.24629207247150628,0.3271872486187388,0.29561040950497186,0.2745512458541734,0.2595359167488497,0.27264791965751634,0.33832772676799366,0.3037893788290415,0.3207209936202115,0.33643900350367495,0.28725623225155883,0.3621238306823954,0.31022023185667175,0.2607317865487375,0.40751126567276735,0.27947610794082295,0.3054302545853043,0.34953695285707775,0.3238983393781722,0.22766708450404302,0.3968606905052402,0.27981525046040295,0.28675473451352873,0.29655468522929834,0.3219211258177259,0.34566461083324207,0.330180911760219,0.35960453845442286,0.28783965527043476,0.2905125787682596,0.3598200212101588,0.2771892904421871,0.3272338390509279,0.3653195344564404,0.27540223115302953,0.33486337904228747,0.3608658818362477,0.2994680801057016,0.29237181887276814,0.2944566672972734,0.2838194923163688,0.2741705698545837,0.3572027199828521,0.3416739077365908,0.3214549015210904,0.2928342644509677,0.33209476753986783,0.26163355840071795,0.33709864931490585,0.3029814359982335,0.3322452318831051,0.23749249556167748,0.31644102797527623,0.3317078051844508,0.24720589737796242,0.2723163189541101,0.37413337285214016,0.3509757157709958,0.2686951122900234,0.39262705001090237,0.3210544216236386,0.2663702530837104,0.2831037483895117,0.3726831932555354,0.24830597138150182,0.3209943640655874
0.2829261067586136,0.2858221724815396,0.23873109227650996,0.37175146596630493,0.3506726840234638,0.26036557550445266,0.0,0.27664613285040884,0.27276919283724976,0.295558902782338,0.3196491404149529,0.36086180767511394,0.2807895974790254,0.2883952109623339,0.3747442826232658,0.28030715701709885,0.2810496809361218,0.2899496904469803,0.3249519077657547,0.23760118887958567,0.29015453024783977,0.27338780613031716,0.3833225816696763,0.30943176494962943,0.3271768155584246,0.2836053394495506,0.3273355869709572,0.2884949352390068,0.2867108621677536,0.3283605918696846,0.3437788488894128,0.3241693419422947,0.32726093771020076,0.3463354782361274,0.30729733285711813,0.29406197678938617,0.32342597769047,0.2686833348926874,0.3304094840420716,0.34994896359835553,0.28915691399452564,0.3029063137117079,0.300585102401362,0.3424035595157976,0.30250242240068503,0.27976754005454185,0.26296019905620205,0.285387009014095,0.4391914133090993,0.2633615777014207,0.3745396982565152,0.2582128335802628,0.24200625388035601,0.33115414431062923,0.4111421942623883,0.2807686446764342,0.28381147971904697,0.3255548643503853,0.3283832711481934,0.29117193672380304,0.25696401841431743,0.24555271796926514,0.25097162095449255,0.25974045742693647,0.25867780111443484,0.2332481348425626,0.3140354000442758,0.278404672401173,0.25287293541294875,0.29677715688897977,0.27541445396438996,0.27636309265503284,0.26018832091278143,0.3384450397024924,0.23958295866625398,0.28211363375097087,0.4239638041210587,0.38742901853983636,0.24729930534326147,0.2533449876014335,0.24692056383514122,0.30473447945466753,0.31453788556978635,0.2211908280536177,0.2907496362594935,0.2576671228355754,0.28943129393121275,0.32684575673051736,0.30727745403088147,0.27059910075546956,0.34655887363677096,0.4012329514080949,0.3477772990181709,0.2676307337623264,0.3062073761362395,0.30102619374450446,0.2149321570411579,0.29895306485194056,0.27843045138395145,0.3181480322937017,0.3113344294633867,0.3357117774353403,0.335040813813742,0.25524960458296536,0.2752689611148341,0.26368169072517195,0.25812841971169925,0.28143602140128265,0.3121466006037924,0.2768259023078705,0.4166354271170226,0.28977631890304234,0.27545371256884316,0.29057460018592457,0.26516119590130083,0.273463505237578,0.28875285445547105,0.31544315199829837,0.26492400894379786,0.27445573139701,0.29170107637650855,0.2843224490650452,0.23513834767945835,0.37567249331696045,0.25194400280881685,0.32049939297797014,0.25598257496353627,0.34497330342100674,0.26781947112451954,0.2728436854275102,0.2541334884104427,0.2391635648831868,0.2625104576454273,0.26724255806855035,0.24131821494914735,0.24208529701895462,0.2438518577855002,0.3349002119364503,0.2856726987362536,0.3350010598371967,0.27185560164853073,0.2839560940983384,0.3408469919411633,0.2814392501339811,0.29789178657898835,0.31750561952297374,0.2943325776168726,0.2895799233715688,0.2522329225982627,0.20923692918272851,0.32400863228700566,0.320000468114439,0.28816760019328375,0.29095408240950127,0.345269337630672,0.30185295319406313,0.2684242511974436,0.354657141880703,0.35264466086471397,0.36258853945146535,0.24867282405565974,0.2825006109844392,0.27515518434335645,0.3043077163895188
0.36587037282903684,0.45971222453216193,0.40428435672160024,0.33707698314733536,0.34641239285418546,0.3919147591972819,0.27664613285040884,0.0,0.4016840523138347,0.39051217231647334,0.34231739504081665,0.34127808201949716,0.3805601682186979,0.3576078358688985,0.3938687739109176,0.40432455335075723,0.4359987524004796,0.3671106843825182,0.33310243703541087,0.3540302775094933,0.5041231104427644,0.38525333218916225,0.26910558484207625,0.3344936255806846,0.37696920428943664,0.32715937379162036,0.3039844114673464,0.3239601070795689,0.3104216399800583,0.3125857997773777,0.4543461457855346,0.3788115851515976,0.38875596226505826,0.2851228236621329,0.39183897202200707,0.43664116863834473,0.3518894729804377,0.4594386513577909,0.3464891164263883,0.4156663177673312,0.40521210459732027,0.3991578490990129,0.3846998264739122,0.3751488848726816,0.4641359366309976,0.35559647597378535,0.3286534991588639,0.3394457993730404,0.333216950797357,0.4086862412927018,0.39853411233626956,0.35468132477673403,0.3143550544603981,0.3785638230865914,0.353774592799861,0.3709059742028739,0.38074917032678274,0.456657115806886,0.40940547053772686,0.36101479654066954,0.41391774565140926,0.2986644515580831,0.40494611301420297,0.3205010467049008,0.3383499042567463,0.3322514918824875,0.3379491630551141,0.32415000700890606,0.36358154897731065,0.4984195930914013,0.3755354949538337,0.3849264826055094,0.3542042037650317,0.45565583018239625,0.5140116464742247,0.2708991074395611,0.32418086954596453,0.3621001611316234,0.3962330732590214,0.27629306018471783,0.360334496239569,0.3866424400049719,0.4367118563232143,0.3894740952481589,0.4636389351177829,0.5036796358006034,0.4060027572213619,0.33405126198082863,0.37468122769147316,0.3482990017834199,0.3683385150952939,0.36435953904976015,0.3850963577143222,0.2895154118537323,0.42167109278030407,0.33252076523691243,0.32638582572328523,0.36605951307597845,0.30145013679328625,0.4176393829438706,0.3155099446658849,0.38725916482790446,0.3073398186218613,0.3239518115419847,0.4726369003250123,0.41210164924859694,0.39947463836274916,0.42228103669049083,0.3873460941646703,0.353223808407908,0.3055863289010996,0.3707804372909041,0.3828199668580363,0.3685263503025809,0.39510477879656947,0.44221452363088554,0.37099567940288314,0.28702601547569895,0.3332124219223705,0.32364845308237555,0.396384051797374,0.3662554963319383,0.3351230394670447,0.38891330958913944,0.3227648021781358,0.35210481727503934,0.3315627786703587,0.40466424250645877,0.4273882805723604,0.366607684810901,0.44935380961839,0.4259579296417766,0.2903947121545304,0.33787964815430016,0.36983382699762685,0.29975612744648045,0.31596939296283283,0.4134102341521003,0.3921639118606238,0.3872802065522493,0.3150094553874023,0.37859493211740886,0.40860677966033215,0.3654771713471869,0.4150639192046712,0.3311043919441579,0.4332267653272557,0.3647021416884976,0.44388359187216003,0.2991049885909461,0.3757592128685981,0.3684084034587004,0.3232750981634461,0.3620784605879908,0.48044202369736955,0.3920816259555732,0.2726700414487312,0.43493550306523326,0.28254873007413944,0.30717028467628493,0.34265826771847946,0.37923438511397317,0.31942865971818707,0.3625491047447429
0.372269086763295,0.35019305420546165,0.3344182398512755,0.29022711324252964,0.35128737651758196,0.31254078864956597,0.27276919283724976,0.4016840523138347,0.0,0.30605814907951256,0.29114467714939607,0.26291879203882457,0.31996006269641786,0.4378608508010521,0.3300390333399792,0.3501846011281879,0.34579965068876306,0.38250528936582096,0.251955501755964,0.32101201984672256,0.3628084618541522,0.4314678807887606,0.24061305229696964,0.28314965852025287,0.3069137086729233,0.3298234796074846,0.29030867397449256,0.2731442542763532,0.2818037857661258,0.3247766945568911,0.39318739004006537,0.32063676565503246,0.31649394887643495,0.2435201460485484,0.3819580933364458,0.33420355763315895,0.31227402166059604,0.479342867951057,0.3106883086671909,0.3488673385162123,0.3104684018112174,0.4267687519396036,0.3235643127686409,0.3377938488023379,0.36153403087585706,0.30735432268127955,0.2979613232357339,0.2873393965992554,0.2971384312982952,0.35127609671475135,0.32944194619686057,0.32548227650922695,0.32532246208660687,0.31389898551381695,0.2939852118783476,0.4306702944651954,0.34580603211539485,0.34283575682314343,0.3374107546548088,0.29792633020655424,0.3135696128444106,0.348449063369185,0.34620637843575386,0.3125525813324449,0.35868138683386447,0.31240071231475736,0.3681918603575422,0.37656461912092454,0.3273398079138551,0.4093112169335212,0.46208829092535736,0.3771920831243388,0.3989268642021746,0.3512348863398242,0.4013506844169165,0.27656272362608764,0.28866381596758706,0.30831125630321965,0.36089009055988835,0.3018986123003974,0.342784420339645,0.4655906401287375,0.42769028653049806,0.3336265872592427,0.4272481919660816,0.4427445929484517,0.35967415716461043,0.3468886333553974,0.30978400685168556,0.459070155255082,0.3914013120320784,0.38454498826034944,0.31860007702730253,0.28037859415880284,0.5375985509521088,0.3359661523092872,0.3317244007992633,0.3250969137852874,0.39952563842896455,0.3302077387716698,0.3492402536714955,0.30419218996365,0.3075361085744912,0.26553069595640105,0.4380375884760142,0.357283516686452,0.2898611945127113,0.3465258638153269,0.3242243102768354,0.28093846029349057,0.25444500688546906,0.42570763837489667,0.3730169239671521,0.4049293444912017,0.3439192388722341,0.38680819384168297,0.3158612371126922,0.26445844574787697,0.2701853226967444,0.38299915401795953,0.43551303429713806,0.36840012163041297,0.3407813996184119,0.36435337227948045,0.49640307678173357,0.28464901739683235,0.3731624150342899,0.33278506104956496,0.3171831287025128,0.36517214917161966,0.501675671065723,0.41280171296350016,0.3179761664095817,0.44383773807671706,0.3135501784557835,0.3504504756658069,0.2829930309903747,0.36494889266312275,0.3415027026468498,0.36610776777651144,0.2910538756325204,0.390027273814266,0.40183575942247923,0.3952508404772975,0.3762494115122523,0.32173004326149834,0.4458183905902801,0.32237321426121973,0.35317704137168676,0.2899994345528769,0.36203975483268014,0.321350915886074,0.29394409203185784,0.3268740972725027,0.34487367000618135,0.41569936989999107,0.25501350061015426,0.3626484402374375,0.31625642836515716,0.3236962266311147,0.30156138043322744,0.38950276716433563,0.39094319003657513,0.38743578351613345
0.3437347860831066,0.44263544748200745,0.40224020859151455,0.3128307067394834,0.3337379314903935,0.33541865482709354,0.295558902782338,0.39051217231647334,0.30605814907951256,0.0,0.32715213781770297,0.3080245957814197,0.3601196766746367,0.34327609756831184,0.36677904763925656,0.3763968926777293,0.3640967825194783,0.368537107286038,0.28961833205486176,0.29977582515616896,0.3431432045998155,0.34263948038457503,0.2864280933634054,0.2969984195191164,0.42796175151197385,0.29599539237392597,0.288026773598444,0.2901091853492622,0.4716804927056407,0.288422570101575,0.4214780375216789,0.37604654218703093,0.2962748987715626,0.2638562917507956,0.3593868009482736,0.3242320087397378,0.36774878285234425,0.32610609112545574,0.2937549652540534,0.3636120956295239,0.28599275315489325,0.33985056641729905,0.35247910794135834,0.33126766674486835,0.36891283911813716,0.302890961288584,0.28799898352019304,0.3579220665827627,0.349294468998227,0.2899802897722882,0.3655342014697595,0.2849348222165077,0.26281001377359614,0.3711315819772714,0.4029345097944375,0.3339825706797075,0.3079371909855828,0.33172620520567236,0.38753559656334957,0.30392067431973785,0.3565045327212487,0.262043031409024,0.3010528123970023,0.2648337623679152,0.27952246092400046,0.28334129309952605,0.30284930513886343,0.32073890210594813,0.31792313358821217,0.4377889010083932,0.3144881073383734,0.36789668561202093,0.27386157371320147,0.392038278718098,0.3391120199330724,0.2840468107387571,0.2937554927489897,0.39962991604092646,0.2788383369145167,0.2919055169809725,0.31290043784361027,0.3035372427690542,0.430566299041844,0.31187305777385216,0.31755366082865844,0.32956098577980486,0.33857713619076873,0.3453075380599865,0.34760225842415027,0.27219161070785425,0.3231241977729812,0.30844629738493545,0.3752480236695092,0.2525172336674128,0.32700530841049535,0.34742443139046564,0.24246836419968473,0.30097869949123685,0.27688235237077646,0.3714592478136631,0.3283602865728837,0.33579153119478483,0.2731236432964022,0.32490127636451155,0.32391251151297423,0.3060534842688208,0.3132577149083079,0.3755012839259297,0.33725915207770163,0.33370773430177764,0.2905676669529704,0.2827726088730434,0.32286977679472384,0.3276500760930983,0.3181212537892647,0.3626838857258854,0.34482713767069784,0.3475090351076572,0.30137056350015046,0.3043450033581828,0.300355318587966,0.2958328908509071,0.26271447818010735,0.3929728911755555,0.2794821304273322,0.4512244088290834,0.26597465274242205,0.34656976588266697,0.3856520619356332,0.32827863932020174,0.36578274953463863,0.31247835245280836,0.28330426137884096,0.2695722021356214,0.28746546348382973,0.2676510627858977,0.30605807219629605,0.3756518843865783,0.3567668597958461,0.3406488684606192,0.3054088469857647,0.3660893363514388,0.35595295348121503,0.27878452371232726,0.34757818062562984,0.293985635266165,0.29107542574916484,0.36288247927117745,0.45826213057800896,0.2426733436537002,0.31098105006776083,0.37636669098741127,0.2674886314805852,0.3210882698226848,0.34512261094013935,0.33954722968600226,0.24381286957756004,0.41475636207868083,0.30870767113839787,0.33301906100849116,0.34868399401056144,0.3868833394357261,0.27842567925110645,0.3173072943743551
0.38127507468084426,0.3670592768254108,0.31174875634440713,0.31460017146206515,0.34145499648163974,0.33820586969407473,0.3196491404149529,0.34231739504081665,0.29114467714939607,0.32715213781770297,0.0,0.40489146295391276,0.37679000887520236,0.28390300180741096,0.3245618276428604,0.39852696465801263,0.3568995531754311,0.31074241722927204,0.32004559989180054,0.3235209230494536,0.3399149730312934,0.3605018389725915,0.3095258725035786,0.4027958744414619,0.4361075542292129,0.2955490892727107,0.34402918981069025,0.34629190955344796,0.33606270796905846,0.3118942692258993,0.3513494504741035,0.36874175189959835,0.2707971099963762,0.3194714912046296,0.3584567969429544,0.3301947818486798,0.41083852346028094,0.29868933982295803,0.3731306757337677,0.36104211120790586,0.2723222426405199,0.3754047715124145,0.28550658148147817,0.3656069578370639,0.33761133939379107,0.2762675857344127,0.22628563549639075,0.41818543629439037,0.3613430500698559,0.26800353998759663,0.3453703628610114,0.25948704968856406,0.23526728821427711,0.3445879869733478,0.42061318232265354,0.2935332335460666,0.3281631004624929,0.3938691849958032,0.31798393536705216,0.30159939229659705,0.3621337988484329,0.20919046342291964,0.2892223045945522,0.260231576098544,0.23753147762845922,0.2629666116446953,0.3504139322539675,0.2747287235777517,0.26568957506244834,0.37089747981902293,0.28626295399649987,0.2733818300357942,0.33823758099427376,0.36401589143165836,0.3289042869301397,0.28144781310723493,0.35707063901559927,0.3585178298418353,0.24506811981983231,0.2819316879500047,0.2796609975536781,0.27548170356307006,0.3209065984461509,0.28854936257922537,0.3038517674448768,0.3002478761517379,0.37557626067326516,0.2723469011459908,0.3043418244904058,0.31043608890523844,0.33269591532558485,0.2718914623579744,0.37880414781003807,0.3014126901868505,0.29437121344400163,0.30881117705266126,0.22326720758109075,0.2731236595297029,0.24529597852803892,0.3148306334960106,0.34071035517384807,0.3449678912568426,0.25505940754455275,0.238446647924645,0.2901397260877183,0.25671256827944766,0.27054431477590335,0.3649952659541008,0.2770319050499437,0.4116040412950766,0.41409829104467993,0.28947035636764523,0.32012255142762885,0.3077520874886393,0.2806132374015558,0.34014666801861926,0.31814322065098855,0.3080327986312744,0.3179497468798974,0.27308455999362824,0.3039590094153419,0.24471730188166022,0.298484153114468,0.38403395083249586,0.2805829301221241,0.3572627968436262,0.22980734829966787,0.34767533832721764,0.3189921021819632,0.2515660644210901,0.28310942025763547,0.29013466002331373,0.3282400282130817,0.3115753817675634,0.36767453541997325,0.2516564624609557,0.30148357260694153,0.30541079697129014,0.33339672097777223,0.316557026444142,0.26700182404819456,0.32243042858882603,0.2977304972284841,0.28651805319286566,0.3851440628033849,0.26918290313974697,0.292498202899307,0.2652976182509612,0.31154053228267653,0.2565965148711339,0.42860456175800343,0.28831440273026265,0.3637704854340493,0.2696882203102266,0.3299109707066563,0.35600862394411914,0.3191620147204246,0.37070994769287713,0.3292295091374229,0.30012410572479337,0.24423560929203084,0.33973399530299797,0.23578493959984015,0.4583949751462148
0.28492562340768424,0.3439002142672191,0.2914806584976353,0.3576301364391988,0.3005172902298064,0.3182822376001424,0.36086180767511394,0.34127808201949716,0.26291879203882457,0.3080245957814197,0.40489146295391276,0.0,0.2704854445685011,0.2278410206989563,0.32737664654084736,0.32879676631122634,0.3283726408317029,0.26783288331108807,0.4129330959090683,0.27651208645808706,0.35783810822184386,0.2927444341688221,0.3010685270462095,0.34585556327169126,0.38316717180813636,0.2724516104516204,0.30731131356923597,0.2909806508331537,0.3110536880975625,0.3014753729671374,0.35250817816144087,0.3240997871800787,0.3113100444489817,0.3338219602225813,0.2989954206064577,0.3259377090605018,0.3018409177666765,0.28606726002047295,0.43921286911720986,0.33488773111917175,0.330436954364828,0.29993898943904695,0.2939265743498806,0.3390226983801128,0.31684728159176984,0.2852519108935868,0.24306942494544012,0.3224648217970286,0.32839319600033706,0.2806150026117534,0.3592103170705052,0.29754970411373033,0.23984187796277803,0.37773761829402036,0.45010379070413786,0.2520972336894511,0.34203658822523936,0.42618083842056687,0.28254609834587147,0.3095270845608451,0.2863584130461931,0.2118839861446792,0.2898201369599745,0.2551985503341636,0.24617481991407283,0.2549852144113257,0.26550908925817224,0.22300252539867463,0.24014621049502527,0.2984418053930853,0.24790955839974738,0.2542135391497064,0.26043320316925145,0.3345816999526284,0.30153928687941856,0.24338378947043188,0.3221285191481676,0.35448923666721716,0.261591282419217,0.23908442418164885,0.24115778818021447,0.2914518167257214,0.29303813067952494,0.23871205797481285,0.3186023852849692,0.2923766127717207,0.2824097422819799,0.2693030123643482,0.3157523437706058,0.2698802711599517,0.31029553066747106,0.31902851389886877,0.35176776478165817,0.27830541130919595,0.27071301374077056,0.3158966290034477,0.22848033153575775,0.3128809247700671,0.240418192829198,0.3034412717525596,0.27132587703219924,0.34011118983704225,0.30074340828099516,0.3107725217624214,0.28066154787773673,0.26712764056408855,0.30455874857154885,0.30404359190917474,0.28042735904337307,0.3393541351186094,0.4793973308229844,0.3039294606037029,0.25415514211634094,0.29932828717157206,0.27396220732580956,0.31245351554436473,0.30997681396000926,0.3198899651157149,0.316749208407772,0.2523211286579429,0.27993982274786705,0.26981227553014486,0.25359705431640556,0.33909691105736084,0.22775865148341007,0.3943573482991093,0.23910442618360422,0.34381187555261056,0.35433892928216276,0.24051622595586777,0.2604281115336792,0.27050682305682106,0.2541301681946848,0.29591123071650877,0.3027859756543879,0.21342581964888085,0.27142080706686955,0.30407238085435456,0.30007110423578287,0.3292040027217185,0.24471234331718347,0.2722227866199344,0.31797013369219074,0.2859487795018236,0.31449312621070463,0.30070191580605615,0.3207610092773812,0.2683989294935885,0.31460700127125696,0.2597403874844368,0.36736378093731276,0.30902682910259693,0.33914889063175246,0.2675064566240902,0.4195306756318486,0.2707621045088944,0.2544647798150681,0.3445389643198519,0.2796154750120882,0.271452368694338,0.22092483791186893,0.28002532287480497,0.24382653722398784,0.32700617967435813
