0,1,2,3,4,5,6,7,8,9,10,11,12,13,14,15,16,17,18,19,20,21,22,23,24,25,26,27,28,29,30,31,32,33,34,35,36,37,38,39,40,41,42,43,44,45,46,47,48,49,50,51,52,53,54,55,56,57,58,59,60,61,62,63,64,65,66,67,68,69,70,71,72,73,74,75,76,77,78,79,80,81,82,83,84,85,86,87,88,89,90,91,92,93,94,95,96,97,98,99,100,101,102,103,104,105,106,107,108,109,110,111,112,113,114,115,116,117,118,119,120,121,122,123,124,125,126,127,128,129,130,131,132,133,134,135,136,137,138,139,140,141,142,143,144,145,146,147,148,149,150,151,152,153,154,155,156,157,158,159,160,161,162,163
0.0,0.8725886575923024,0.8103589373748977,0.8207471226163168,0.8254298804139564,0.8024224609831884,0.8646380934874426,0.8024002395491143,0.8988263170694993,0.8035667312839224,0.8831237285043118,0.8673386300201635,0.8326357742648964,0.8607947414416769,0.856213390234684,0.8310856502030034,0.8212508161756086,0.9192319854805993,0.8515758481590938,0.9244448917533422,0.8527133705894694,0.8788900556139496,0.8302453042048139,0.8562700407021436,0.8785295127260685,0.8261672142220745,0.8045558623143295,0.7991357166726674,0.8424132276853331,0.8443225093289228,0.8900716369328492,0.8488405411454727,0.8611470300741817,0.8274072319849137,0.8815110749850009,0.8736582352875017,0.8757609797500017,0.8844077446748168,0.850126090572109,0.8484106463665135,0.8644627839797387,0.8286056310524637,0.881739503205863,0.8901078864767075,0.8725088168512315,0.8639066129742463,0.8341739145267664,0.8772376146211797,0.8888511040369502,0.8899853014739477,0.8870359066615545,0.8384405905783946,0.842010415505582,0.8462255634150725,0.8811618841277252,0.8118298420973173,0.9010590631815011,0.8379760799101427,0.8820861519234617,0.8738126610627255,0.7920283070726256,0.8213491002541693,0.8450461896698295,0.8452638564470714,0.8689101248522378,0.8515421030600804,0.8475036710147144,0.8624851872503645,0.8500359679326592,0.8336883753497129,0.9016652325917787,0.8716123950245352,0.8401252787910786,0.8396276479059435,0.8194554062115261,0.8591532020114268,0.8049002881312325,0.8253457693330198,0.8619716900397754,0.781762284415851,0.8032572792595134,0.8774935235690772,0.8725496086172322,0.8129452991429982,0.8466467374907406,0.8817617279712214,0.8163804917889937,0.8863758246145823,0.8149559884377532,0.8559815098856218,0.8861617418521355,0.8820672162147878,0.897088304237145,0.8740274543803637,0.8673520711101511,0.8691479294386204,0.8084516488432263,0.8236929980208031,0.8359811129727579,0.8190693780984257,0.873103222976214,0.7883354351883675,0.8482368148070772,0.8505549903937536,0.887246092645096,0.8270525203531501,0.7963303200119871,0.8049344663029042,0.8627583360532014,0.8577891011566431,0.8603240669634847,0.8804001970317311,0.8245338965234128,0.8022797029695322,0.8801421351933024,0.8210985010348234,0.8350309482665578,0.8731303112020029,0.7947248333645133,0.8023376263813986,0.8656185217194209,0.7851449211828745,0.8541258311206786,0.8871752939852261,0.8530765602230634,0.8729946174868197,0.7931110320236243,0.8422397031581761,0.8315862337911365,0.8697464683470977,0.8067126872819378,0.8015094609955162,0.8247315245663235,0.8787856291045062,0.8610503831541856,0.8293527816934848,0.8929974664774968,0.8633355635497477,0.8749239140251935,0.8998858975392149,0.8595939154069729,0.8629568426631877,0.8671201480805055,0.8536719099931118,0.8868091147560323,0.8844816756840267,0.8652217901624203,0.7983747357417441,0.8764928317821193,0.7670545260035677,0.9001274801825717,0.8643835936362375,0.8458288503544515,0.8243821682128654,0.8514834557588714,0.8963046350785097,0.8438383962983674,0.8048239527454487,0.8645447093402057,0.8138194373026378,0.7790267454850832,0.8849990656006154,0.8009482444273675,0.9161916438764518
0.8725886575923024,0.0,0.8512579601043,0.8578036128291687,0.7923852910632705,0.8364603693690162,0.8615027782507464,0.8042918027192187,0.8458820337481001,0.8401435278341831,0.8541098901837036,0.8734698566693632,0.8429918541804491,0.8685442031972515,0.8081817288064825,0.8337875200436606,0.8633952397940117,0.8729234450664655,0.8547365280610449,0.8716720978708619,0.8864358565986504,0.8773876238736505,0.8350640218163009,0.8660329329381189,0.8697487362948073,0.8195348357440025,0.8093869865304282,0.8268380327880892,0.8607101438263318,0.814824543294135,0.8184471797381749,0.8484954915209304,0.8766273176010468,0.8440546907243561,0.8255670871246059,0.8638615053865323,0.8280791024952864,0.8498134363397223,0.8100250871346119,0.8964878158255372,0.8874484695438384,0.8738046779894262,0.8079821033777405,0.8381263574660774,0.8639877348839198,0.87227285943556,0.8388790805782389,0.8164321259030365,0.8538413576056387,0.853556452110528,0.8736378834560192,0.8779369274409079,0.8742546168820624,0.8757669179076438,0.843452135194791,0.8504394167304599,0.8842475324419385,0.8357079892352711,0.8958114507828943,0.8927822916404516,0.8081885078495623,0.8216517509095923,0.8329606727512674,0.8314132486700704,0.8342153276953932,0.8542567043129066,0.8670259924902021,0.8267536519545673,0.82163931795162,0.8059817395964216,0.8540814408234454,0.8261087450238906,0.8605333783754924,0.8680485731981356,0.8501540338151958,0.8298311817864157,0.8082773844022232,0.8311055214721882,0.8374754560692756,0.7913635311687076,0.8326896487657287,0.8593157137498862,0.8682985519158535,0.8170850037557793,0.863300185342043,0.8976757094759779,0.786436668554535,0.8269826799826474,0.8223945263264205,0.879170046783935,0.8578177943922783,0.8795063659966389,0.8528638566605165,0.8715898926504111,0.8923144416410737,0.8400268718635198,0.8112345987751813,0.8641157780890664,0.8150496414444894,0.8628779978812239,0.8219245114945722,0.7679461671092117,0.8288953185141943,0.8427456203651909,0.8552619266435872,0.8438309762491691,0.8258804974964178,0.8429907699769662,0.8895698629999721,0.9049801203573208,0.8735872014900944,0.8506711284450426,0.8467608203404589,0.8110526309221399,0.8644437753287811,0.8747855149602956,0.8603477257416315,0.8056843753057993,0.8442055324505285,0.8182668048660064,0.8219190923829788,0.7729144508700003,0.8778926171418903,0.8833578969452701,0.8093490243512929,0.8573715398202586,0.8382513953305131,0.8253026218050482,0.8799556526572984,0.8288721493063527,0.833972843376724,0.8268129014270721,0.8005368838259372,0.8691677249672146,0.8285901392854693,0.7825594810427706,0.837789547368589,0.8208726593900093,0.8606146409697307,0.8426939929149679,0.828971551809239,0.8610517922193236,0.9222026839459314,0.8587540014474015,0.855666076474032,0.8448365961766685,0.8396676511148514,0.826043068151185,0.8773962591007334,0.8022044467254815,0.8277760050670644,0.8599950396328663,0.8498103660839608,0.8725438107061926,0.8734857568807548,0.8500430391836524,0.8447346198563903,0.8338119487690011,0.8378762338232889,0.8118689086301202,0.8078646510089738,0.8553553088154715,0.8187598436944875,0.8680047663980502
0.8103589373748977,0.8512579601043,0.0,0.8555945885271782,0.7623338709497158,0.8873007622830232,0.7908784435606109,0.8483316580417481,0.7947049572710961,0.8397997247857385,0.8394990336518446,0.8393626901119162,0.8739244417489895,0.8144216371150923,0.7551675127650818,0.8811069218430978,0.8829045360163446,0.8221141285052682,0.805125925925204,0.8018367550997526,0.8861921860160755,0.8379151814831787,0.7868458375051489,0.8018052533417084,0.8383803179117398,0.8571312891385738,0.7982884395227403,0.8171401265618523,0.8109122584603169,0.8018587639213749,0.7665049858917368,0.8486682409003254,0.839594598409741,0.814115802149231,0.751612534816124,0.820511312926243,0.8214437695998494,0.8304611972312597,0.7701193345909245,0.8488418940579086,0.8316159384956793,0.866384926400914,0.7970907237666062,0.7894850001129236,0.8504026106512473,0.8619625024567953,0.8199674798383961,0.7982583002389111,0.7906095076758436,0.807453821456315,0.8508955807148492,0.8874152966899722,0.8052325029220172,0.8446916888666753,0.8103444643152007,0.8393463192659969,0.8333925164652218,0.8809021663985286,0.8151580969688188,0.8383099656873634,0.8442019638681503,0.8362620173024004,0.8715954576274852,0.7752237460651055,0.7724947201100023,0.8521044855089295,0.8562812017924594,0.8351464897424025,0.8276160519291309,0.8336068793435122,0.8355272765703968,0.7639495183238235,0.8479551088901895,0.8952889125542676,0.8866245613526991,0.7782142543683623,0.8423912296389972,0.8277736952117497,0.8423770420045416,0.7972471479472502,0.8608446055776708,0.8140710652933483,0.8504891107653156,0.8512197370595151,0.8520656178663261,0.8750667437000144,0.8127402213073456,0.7902203668627745,0.8207969079832078,0.8509409223923042,0.8438419193525833,0.8034823296620726,0.7989407559371481,0.8061949570671529,0.8432853805751693,0.8129857803995255,0.8050084437319259,0.8438869661628947,0.7599545294602188,0.8564469068056382,0.7640881589975741,0.8064886050986146,0.8116671550143328,0.8100480337542589,0.8265050639392509,0.8937494227452452,0.8701095118392507,0.8465492849207281,0.8498346851254652,0.8550222407920092,0.829267611279331,0.811528017316796,0.8651251815249645,0.8258054132938297,0.8411645311763771,0.8890082902969677,0.8184143136346483,0.7592964962801434,0.876491338149367,0.8156509304798001,0.7724874877621875,0.8108840955695292,0.8297040523633963,0.8516876387059683,0.742855833446502,0.8402100885702553,0.8554763453719162,0.836806860740095,0.8731403720479929,0.7931951463029296,0.8347154061998459,0.9092011612125418,0.8033783592404514,0.8070017100642499,0.7841577622763247,0.7287371803391907,0.7900946152508346,0.7607997132742599,0.8181897654111004,0.8071728508177675,0.7964019139085327,0.8383471308896355,0.8405340238207591,0.830056067890044,0.8244746481678472,0.8076843909851746,0.80677672963389,0.8504487888504431,0.8426277307350634,0.8111762572073817,0.7827102015829488,0.7997298792207883,0.7991021591715421,0.8672014507839676,0.877740602631588,0.8302989675366097,0.8102967700864971,0.8814049354972612,0.7639036877351456,0.810045274119159,0.8126775550033213,0.7887544070367216,0.8149990121172621,0.8106411660172717
0.8207471226163168,0.8578036128291687,0.8555945885271782,0.0,0.7514664681317443,0.8524504579778206,0.8224029796212357,0.8494055800256404,0.7972631776419856,0.8309871780446033,0.8576347388863917,0.8590836623996011,0.8591356714321827,0.8279165357674186,0.7713769162317311,0.8469699311078818,0.8669308931633423,0.8318473825095531,0.8437486431082039,0.8105007034171507,0.8702526593383156,0.8281926824207687,0.8197763985347359,0.8108852966872454,0.8505330949685049,0.8420808877725127,0.8261916719096642,0.8569916514036306,0.815665114111105,0.7918801472284895,0.785175131947044,0.8509693663096839,0.8827299007262156,0.8586629182409534,0.7719169102062726,0.8392931320075189,0.8228091424563101,0.829280633655255,0.7905399091464473,0.8704392380176269,0.843048299973829,0.8393827335573709,0.7957655863726727,0.7994814279455624,0.8697425484744689,0.8642845150312422,0.7813560439247346,0.7942807732739819,0.8184868037083265,0.8128823934887729,0.8753974973341004,0.8654289401183368,0.8173135261766622,0.8801395963595928,0.8469845650434324,0.8119095827316455,0.8513875393083249,0.8669314395407652,0.8400285468627434,0.8660506224897176,0.863697377644616,0.8199936998192656,0.8518628041405685,0.7796184492282003,0.7824888222524105,0.8549042276629235,0.8858283881419586,0.8046490871023081,0.8176182364824378,0.8393112561365255,0.8227808235850494,0.7787531359016792,0.8653078723995152,0.9075443309858248,0.8742642768487405,0.7945471321092559,0.8602534945875979,0.8139070556847157,0.8458133350923454,0.7810473776695973,0.8199917522640089,0.830990858715139,0.8223357929698429,0.8357266090960177,0.8648943683390113,0.8603494362105599,0.8194514185343711,0.8130456252272197,0.8350914255439899,0.842474266309293,0.8468386590094583,0.8291172355314733,0.8156047768186192,0.8336083856946755,0.8607047070833845,0.8105187171012556,0.8101374741816955,0.8425476346422326,0.7679557584460964,0.8890015603280061,0.7868439612502225,0.8159826259307306,0.8442259083211382,0.8190999785399846,0.8439538633636525,0.8468896207573069,0.8627805051823574,0.834666317706722,0.8487179041318601,0.8403438294181323,0.8703565526419648,0.8246775913764721,0.8693826088146814,0.8338669823372039,0.8557506973420201,0.8702937991181771,0.8303450358239696,0.7722324733699575,0.8639003403596979,0.81926406082461,0.7706127573077054,0.8183782811121594,0.8263264274968565,0.857361874073299,0.7525468332528898,0.8514084280259862,0.8508352531519574,0.8292406797699148,0.8762563972776038,0.7926966308204177,0.8076709472575219,0.8433642862894757,0.8243224015921987,0.8286692572826678,0.7958355698220436,0.7266055227277564,0.7773237756891677,0.7760627275655925,0.8360863798982516,0.8230876059010256,0.8252095349393616,0.8267905565829221,0.8720308841369637,0.8411954017969304,0.8244385931583882,0.8156595221410444,0.7926436734947029,0.8279432039516638,0.8289101214553259,0.7891624819004838,0.8176665605279348,0.8169217731807711,0.8227485671759646,0.8260146694742287,0.8800866601370595,0.8379980889251989,0.8362316313191002,0.8503694964683712,0.8072997876944168,0.8348254215874032,0.7957051784787512,0.8035733038001344,0.809163041077257,0.8227473901368505
0.8254298804139564,0.7923852910632705,0.7623338709497158,0.7514664681317443,0.0,0.7307078410303873,0.8330019302265687,0.7228186109609777,0.812653242446372,0.7362497499585026,0.8134064720254561,0.8076422922759274,0.7455213038891912,0.7818890139578745,0.8441348393080406,0.767164965314027,0.7549045975564057,0.8118343150682477,0.7717809464136248,0.806112480546246,0.7940803723511853,0.8350453639265563,0.7756958461609499,0.8284086011003887,0.781468817791822,0.784188784514677,0.7423372133627489,0.7160176854344811,0.8004339439467016,0.8016894428496636,0.8202757973048652,0.7595177252799498,0.7976627964115897,0.7456250786944837,0.829832728111971,0.8185260978247082,0.7936995498974214,0.8075443483391158,0.8286939317792793,0.7886765597876806,0.8272653898008572,0.7698731333291239,0.826085840353945,0.8716663852643939,0.7743383595467047,0.7731481027384668,0.8154996607607338,0.8433292995964402,0.817840737177113,0.8326209988806176,0.8094870113400106,0.7791692645376562,0.7715452002777552,0.7860644186481806,0.8123839870852999,0.7479938026262469,0.8043682100595264,0.7810661662223806,0.7933008206386273,0.7862097471217373,0.7086343231678177,0.7571945430005487,0.7722216033978827,0.8091640019720298,0.8128586032190264,0.75234511347552,0.7575550214620225,0.8066501136840446,0.7782203911790847,0.7491544136010202,0.8275399619885431,0.812709102160019,0.7526393347086408,0.762297235821708,0.7351628919215244,0.7622959541713731,0.7426964020572836,0.8114872835082372,0.7734353141536764,0.7343900432937417,0.7407142898027661,0.8087407983924354,0.8178686582404516,0.7316030826371238,0.7692088559117135,0.7922908259279374,0.732955310786105,0.7974633629163349,0.726433540100245,0.7775780291927,0.8423971763465844,0.8102457798076692,0.8527989302811394,0.7724906916371482,0.7932174544755007,0.8144646416530708,0.7372364123854321,0.753127011257309,0.808344502816501,0.7324098258517696,0.8071079684838911,0.721889637616195,0.7819440117835645,0.7924392362847766,0.7890106196009303,0.7606605531354907,0.7258435279634894,0.7370132694883772,0.7986735417740422,0.790554515364298,0.7965876923082581,0.8267451859613867,0.7360714193556173,0.7329463816449265,0.7847635369641934,0.7551055529361399,0.7467785100721183,0.8333180077147714,0.7392323358133994,0.7409067001422983,0.8975790698334213,0.725584135080877,0.7744513129340721,0.8107913673366645,0.8112472699225376,0.7983939774315993,0.7308577378921217,0.7924626065436735,0.7603414711818427,0.8203255510554665,0.7370211402644898,0.7432056368928327,0.7355722876841059,0.8137743427118477,0.8015921067691697,0.828204064018762,0.8286981295237535,0.8552968585281441,0.8012093987492936,0.8242175712628093,0.7745694912374529,0.7942618143369498,0.7854210675841429,0.7938929085286994,0.8268556674106469,0.8173392407233376,0.8540807684850548,0.7391486996852897,0.791593417990225,0.7223054075070647,0.801500995386272,0.7861315670646891,0.7958037562208434,0.7903155824634105,0.77977606261836,0.7925350889000783,0.758630755258517,0.7486166831512624,0.8025558471454991,0.7440137499353812,0.7215218241288978,0.7969900667710905,0.7468180726123479,0.8602954089340616
0.8024224609831884,0.8364603693690162,0.8873007622830232,0.8524504579778206,0.7307078410303873,0.0,0.7784920561914176,0.8494656004869158,0.7819127859464731,0.8438301127630439,0.8216529522039372,0.833159208466422,0.8799710191691553,0.8005341050436293,0.730460775732495,0.8733469426000947,0.8816522658236563,0.8016202299349053,0.813987049758538,0.7895223053381172,0.8624718617950845,0.7980234589741364,0.780389083850232,0.7753499746710385,0.8438472069448429,0.826131803918195,0.7849628022068614,0.8404492579248476,0.7949309755045565,0.7992326593833629,0.7564631547309719,0.8740707525413214,0.8158559532557361,0.835683472719113,0.738303401212929,0.7958195624235163,0.8151625407391934,0.8075005367635677,0.7506782812010597,0.8207511551705989,0.7972669830898691,0.8655114467273384,0.7769258051261091,0.7728645097584977,0.834165881427668,0.8499750036898315,0.7976204054422907,0.7794663131292039,0.7817400083643729,0.7818136693399811,0.8387804906459594,0.8746590954069707,0.7978527189702236,0.8265952563888996,0.7987632544710381,0.8518535823591262,0.8241012284246285,0.8725059114849357,0.7997220724427567,0.8265228620868302,0.8643790018681402,0.8370955695320449,0.8597095552012723,0.7525060949429414,0.7566926005663082,0.8582520192803443,0.8499809269673664,0.8131963734718151,0.8005466868830041,0.830239961900268,0.8103830862126901,0.7491848491563371,0.8571599694453438,0.8833948395185265,0.9010104960284891,0.7926703157017778,0.8448552536494334,0.8071677599024131,0.8274307690538685,0.8220832262840165,0.8744549366710292,0.7962500236816064,0.8319662593492154,0.8538595771936186,0.8550579147873981,0.8463412218953242,0.8264761948708357,0.7824972789337697,0.844431538415284,0.8393796125878149,0.817448150169823,0.7993638500300887,0.780691848368971,0.8161474870996654,0.8271811464763857,0.7993211800486414,0.7991190280416319,0.8522229347408633,0.7487207054688909,0.8758397885804973,0.7550859611549389,0.8083853775316686,0.8065625877853223,0.7960765137289353,0.8180481106953239,0.8737704168086194,0.8800201662940197,0.8516611022198894,0.8228358570473174,0.8469310264622815,0.8319664235412391,0.790666911647915,0.9029552155117506,0.8314877335457801,0.8306589078385105,0.8812585197690886,0.8426900837457509,0.7458332863213247,0.8846449653340005,0.8190054225984578,0.7438978712356964,0.8095509587646741,0.834841360439275,0.8463920647963239,0.7340573201714617,0.8302726443731643,0.8648470263591882,0.8133374007975461,0.8687532190449914,0.7629643195267698,0.8442882176900891,0.9024032514845427,0.8145581975407907,0.7947184949295184,0.7639079570823682,0.7096374324978008,0.7774958612556907,0.7344540577811998,0.7831180533418428,0.791505833324511,0.788814927747192,0.8344270388687293,0.8349789893839027,0.8096036609109181,0.8055875056431474,0.79496537464337,0.7763914391942838,0.8506419372137777,0.8297682358295169,0.813971179307062,0.778173063875711,0.8015703927696552,0.7774338837119246,0.8184526538606436,0.8714630678487775,0.816110860789259,0.81198506439295,0.8905898249316152,0.7533191581624151,0.834708974391205,0.808644579325196,0.793025734506765,0.8107371196835441,0.7905783534166445
0.8646380934874426,0.8615027782507464,0.7908784435606109,0.8224029796212357,0.8330019302265687,0.7784920561914176,0.0,0.7651187734910659,0.8264309382118828,0.8147719941569171,0.857103202112243,0.8650726777636626,0.8073574522475737,0.840267760933513,0.830801930785416,0.8145715737383031,0.8146532187446708,0.8670856593689295,0.8280829356190395,0.8350535773439134,0.8285834889147637,0.8369330992593177,0.8862326399177195,0.8603820058882983,0.8625488771955767,0.813825088598314,0.8203648041262797,0.7971829378575906,0.8742631668172798,0.8477679504259501,0.834117138912632,0.8275076521409711,0.8479427237742538,0.8327144151331598,0.8357607246812677,0.8361360646262098,0.8415741819037187,0.8330253979558433,0.8210511454411533,0.8746777967365492,0.8486516493543086,0.821343501033022,0.8228136445903179,0.8589605426239525,0.8287753471155043,0.837071428408912,0.8281945876221838,0.831385681062203,0.9226301063276715,0.8287824180047323,0.8580936466252247,0.8115596122059435,0.8137703429903054,0.8237446175644639,0.8642013721273324,0.8042801246162405,0.8511435934318444,0.8156365932081324,0.8673609539281794,0.850483753782095,0.7582957898394894,0.7882782486150752,0.7895712998987696,0.816784581274253,0.8121530945069978,0.7992789090007557,0.8265580264748035,0.8251923260495648,0.8090097851074222,0.7909262553408509,0.8284011127551536,0.8421441525170165,0.8023703137607187,0.8228786732789083,0.7848599936745514,0.8422438992099573,0.8001618961469219,0.8648714007447186,0.8115380459790157,0.7895610483038848,0.7837911293723779,0.8207627112091498,0.8673075155036126,0.775972228248648,0.8227392538384878,0.8323486922705858,0.7687935581519285,0.844075999247885,0.8024176328814975,0.830916993196564,0.8663605393469243,0.8638773659052136,0.8855873929800965,0.8357046624274416,0.8446263504287527,0.848926061534261,0.7513844996076853,0.8100459712340183,0.8138420791785097,0.8101309591138922,0.8490045393602207,0.7565046430213062,0.8307244457052537,0.8400969225988402,0.8196467495859553,0.8049050792532567,0.7753024204556742,0.8054471243273913,0.8668044775138334,0.8518671778697715,0.8639507673774234,0.8434633241207732,0.7934575584248588,0.7923731830150742,0.8344789324088239,0.8188415616694393,0.8237071475088855,0.861030081281546,0.788683183099812,0.7926834520542471,0.8418891645131026,0.7591582093026249,0.821664750679708,0.8876956188219234,0.8103733820434817,0.865612977150218,0.7782238881226258,0.819168501333711,0.8205776275572343,0.8326081411604204,0.7913093185106099,0.7708529965514541,0.7939791085824977,0.8298460532592471,0.8009800776565366,0.787344561383399,0.8565718436312406,0.8536143794719251,0.8531951335371443,0.8633279076153851,0.824478018104344,0.8375396810218804,0.8557966324088685,0.8149317918514741,0.8620175738505582,0.8565196542124396,0.8174987217538902,0.8036600171460717,0.8463151971004866,0.7579303200269208,0.8309392942938542,0.8572408521088783,0.8193672056876861,0.8395042730596003,0.8432906865119956,0.833921052363303,0.8380397649666648,0.8098303204642261,0.8709266466462332,0.8217836484807032,0.7777817480635654,0.855276523254608,0.7975323954169153,0.8758031449317968
0.8024002395491143,0.8042918027192187,0.8483316580417481,0.8494055800256404,0.7228186109609777,0.8494656004869158,0.7651187734910659,0.0,0.8013053679604223,0.813135384809578,0.8228969578305689,0.8234495362167296,0.872775812225395,0.7967441577604087,0.7496600018239178,0.854900359571433,0.8225782682850644,0.8098324212916881,0.7961204690416789,0.7925543441754701,0.8219907553350103,0.7976197191398593,0.774566563277225,0.7597055516958662,0.8319426379140108,0.8372009260402398,0.8174484093236937,0.8158145380803941,0.7696441821413537,0.7931421119012283,0.7839554505469527,0.8488609660829043,0.8273187686771029,0.8191929442522229,0.7431597544066576,0.8094727410073101,0.8342471888567428,0.8258987376038763,0.7708901355439081,0.8009719507013823,0.7889056147702461,0.8057370690122293,0.8063333816523924,0.7648839781884302,0.8842680836423215,0.8548182306520935,0.7677751224873622,0.7818153982841322,0.778235737342465,0.7910458442994796,0.8344086417553951,0.8166664623108149,0.7707542589260836,0.8148104261349761,0.8166109747543299,0.800264362014122,0.8136104898301691,0.8743690810442183,0.7892064145906332,0.8277489130066247,0.8907847126513209,0.836043762928467,0.8577209257153184,0.7542886627818117,0.7547086500360985,0.849017785981103,0.8621272140055111,0.8186013823064833,0.8320459871944197,0.9053404793880492,0.8215857961984738,0.756553515477117,0.8293345471687624,0.8684291920759392,0.872340582197999,0.7794112512910878,0.8590937743503116,0.7836588665925416,0.8640495171248341,0.7589125793281767,0.803122951984434,0.806823372056281,0.8129256006241695,0.8631813711885684,0.8283382952435382,0.8517736324086091,0.8873439332894377,0.8105471318535816,0.8471340436129158,0.8431404239144623,0.817767836056541,0.7939488578209691,0.7805738322471873,0.7911651360066768,0.808020751494416,0.805389535778014,0.816576617316788,0.8140580511401764,0.7429042704973395,0.8541792659562132,0.7672725892660837,0.8901312565829927,0.8218083952632463,0.7992654654989828,0.8382860415748238,0.8606537880541184,0.8587009165945559,0.8093125697482463,0.80966987408373,0.7943519664018005,0.8013802164799255,0.7962970154309365,0.8534177227922617,0.8392862785695702,0.8364638647564738,0.8290816247943998,0.7945076875294111,0.7577013889003886,0.8042121703474925,0.8088044464625939,0.7424717166588455,0.8749332036313399,0.7858643711100182,0.821230833667298,0.7266377001899786,0.8345635019106322,0.8243443070550152,0.8573245021303716,0.8282851488575019,0.7841863639508473,0.8155124196777752,0.8516037471041171,0.8494920100706547,0.7891071381385331,0.7769683254390034,0.7069895353319062,0.7720137138276763,0.7457011249251239,0.8109460693021459,0.8173910146180026,0.8076129493337619,0.8107536306279434,0.8117176462434307,0.8133005591880641,0.803436471517735,0.8036317806224609,0.782436027921571,0.8187956697155833,0.8171507586999913,0.7727389890093674,0.8051987095893145,0.7786180517238144,0.7780771123516691,0.8052479921700145,0.8486303405195068,0.8525266382846504,0.8007946140110846,0.8385096729575406,0.7552981611550169,0.8091570780205191,0.7770257230690399,0.7724413931456903,0.7946687316248005,0.7813473713249105
0.8988263170694993,0.8458820337481001,0.7947049572710961,0.7972631776419856,0.812653242446372,0.7819127859464731,0.8264309382118828,0.8013053679604223,0.0,0.7853545460155712,0.8368275100067113,0.8416151117093218,0.8007045690732485,0.8435676684182575,0.8430740003160986,0.800416538921128,0.7873133865698992,0.8733574440158908,0.8141993325058806,0.8823764181521262,0.8237400456977815,0.8640995082179886,0.7974858382493446,0.8133536434917357,0.8471381194133387,0.8045759514776331,0.7920495278608903,0.7644235268700722,0.8065117951494752,0.8244912685834288,0.8969180603892223,0.8142600090037284,0.8368732097910272,0.7925659794864652,0.8688481215947657,0.8704475321201901,0.8450068558409761,0.8758631939597699,0.8376673165006461,0.8071573925688393,0.8409078668080953,0.8201020280931999,0.8560433211714245,0.854722609804151,0.8530723421824846,0.827007054002211,0.8184002730552417,0.8382839485561098,0.8382691221418711,0.8714142850155008,0.844822294564255,0.8080756040646275,0.8135035393710456,0.8180917083280883,0.8415108742743939,0.8084276471810742,0.8503980449257864,0.823687780199594,0.8462942280839437,0.8390117802973938,0.773161636985632,0.8150925252644303,0.818534156277947,0.8505193118006897,0.8514606478099296,0.8177229671562449,0.8285280832776695,0.8467522213791471,0.8417524571541436,0.8278435667352652,0.8876748122852339,0.853737343466502,0.8252895956903865,0.808384001797992,0.8002137543070669,0.8158304223447398,0.7774862050462906,0.7995390035043375,0.8375969267110811,0.7485586499032637,0.7808992174560704,0.8866918946812198,0.849367504701834,0.7954990827243941,0.8259985880614927,0.8722019031450415,0.8130513429783918,0.8705232796396716,0.791641383078805,0.863522906010774,0.8651890188517491,0.8899223078402249,0.8513819380461894,0.8185157423209453,0.8512044070407131,0.865605811776605,0.8089479434544278,0.8168971416698063,0.8470600704091594,0.7937259864105844,0.8507171020340575,0.7791067480403867,0.8429921334690335,0.8468538137855021,0.8771710697160162,0.8038850521260276,0.774304579014375,0.7858705294592312,0.8254398054150396,0.818324323209357,0.8184477835027625,0.8758346625706833,0.8029229133124212,0.7979420123851366,0.8378233911173101,0.7928365315635297,0.8000944380306628,0.8387816637685205,0.7682424899741123,0.8038281607746233,0.8469623526790394,0.7892658447031181,0.8228770989820684,0.8375139050452675,0.851738989046834,0.8321886373481907,0.7855877763080573,0.8322510122589867,0.8052207153360489,0.8574795347127493,0.8090575931204358,0.7887680197204767,0.8038082091794666,0.8827172689526201,0.8491354246782911,0.8159705614791595,0.8494287784896984,0.8427289316220239,0.8491761358031674,0.8834724494655105,0.8358577070142218,0.8455398029295491,0.8478953128858379,0.8663511950537812,0.8634318753962443,0.8800907245853219,0.8834010961564498,0.7742165401370632,0.8577079375143432,0.7612935860592309,0.8758508645100261,0.8308499653418502,0.8242095865269681,0.8148266907278424,0.8310797064822998,0.8826585950828919,0.7932311333793837,0.7815401183454292,0.8292856900766464,0.7774879697403921,0.7599595330030042,0.8561426565725015,0.8021025877031037,0.8737570359563412
0.8035667312839224,0.8401435278341831,0.8397997247857385,0.8309871780446033,0.7362497499585026,0.8438301127630439,0.8147719941569171,0.813135384809578,0.7853545460155712,0.0,0.8084223585531134,0.8128980128455363,0.8728906955239287,0.8454899834290104,0.734351815485874,0.863210496559393,0.8651548686916016,0.8335070906125404,0.7831892553243827,0.7841474862823994,0.817650095317531,0.7795101739130157,0.8485809527910426,0.7671622527383567,0.8868601655175243,0.8292133757270141,0.8559807068641726,0.8462418601270945,0.8557244257394596,0.8268461050797722,0.7619504154307474,0.8707849401634266,0.8083465089981057,0.8409383119040628,0.7518455613333067,0.7938113509259175,0.8292923728375855,0.8274528537780481,0.735563162207623,0.8519002973223505,0.7968009239779729,0.8612496842360383,0.7776177716653173,0.7700358862704997,0.8298085560990935,0.8549890400541204,0.8261458210897525,0.769615280713702,0.8241595392331852,0.7702325614157063,0.8158962325472938,0.8195611522187065,0.7902644948077666,0.7838438239470824,0.8018713833931304,0.8859633439271063,0.8056946867282014,0.8344462240891249,0.8342580645973542,0.8250360068763498,0.7992833829888683,0.8309795289642116,0.8003539705932226,0.7803192134213613,0.7476642710350601,0.8204491469403572,0.8536741798846128,0.8253157429615273,0.8402201001582906,0.8267730484211541,0.791651785481292,0.7864024721258706,0.8358694456737418,0.8479599810707544,0.8478342057277912,0.8407523931204359,0.8185206974643479,0.8536519142330946,0.8275790628259572,0.8455021409993257,0.8666247352798875,0.770842807098425,0.8564218993606981,0.8575573898873903,0.851239550851027,0.8438962162054002,0.8009975134814181,0.8106422160365853,0.8917171799856461,0.8411065557818227,0.8251057096010428,0.8142234612357948,0.7941240071351457,0.7975944258096274,0.8372744050340117,0.8257575015010254,0.7458184665745254,0.8692472241358554,0.772851973177995,0.8778658792089435,0.7853427413037629,0.7790320593320327,0.8303614441213806,0.8418045481400558,0.8089370035505682,0.8652628249270611,0.829617859189054,0.9159195161878049,0.859809592702331,0.832997271088909,0.8053383920122377,0.8004128507396936,0.8599344631985394,0.8789704118356922,0.8358456752911494,0.8685818715712764,0.8771598662953288,0.7712808992635939,0.8457678260153542,0.8691136999984348,0.7511148052557683,0.809139751851651,0.8286755933964158,0.8527055454802063,0.7490716113457472,0.851151370390171,0.8365847955476244,0.7985918282941808,0.8749743019681493,0.7938390946596326,0.8966007474926834,0.8246732486069436,0.8292768059025345,0.7775070432543374,0.7416777394068759,0.7161944021276802,0.8035981928549396,0.7585292835022345,0.8189383313458037,0.8083873290399856,0.8138494965395273,0.8549380307608945,0.8317089201963558,0.8015151128056607,0.8291044828807399,0.8242282725536068,0.7559556146621343,0.9031160354101734,0.8765412481365427,0.8280140226523874,0.7667984470618073,0.8488917847903987,0.7567426133132298,0.8627335158219412,0.8836186181231999,0.8147309731531844,0.8069067595085684,0.8889703773218259,0.7846807988213732,0.8584648016029157,0.8818551897463552,0.8279535736699372,0.8680410764941803,0.78522601977473
0.8831237285043118,0.8541098901837036,0.8394990336518446,0.8576347388863917,0.8134064720254561,0.8216529522039372,0.857103202112243,0.8228969578305689,0.8368275100067113,0.8084223585531134,0.0,0.8905100822761325,0.8582969786740917,0.8378475072371286,0.8215103051755536,0.8692271772254527,0.8436409883832754,0.8678875042966728,0.8509722947555154,0.8602552584846199,0.8673710940996657,0.8770795557551548,0.8314918956891897,0.8550440392644415,0.8699768845401556,0.8561883051252009,0.8230384029995738,0.8225979428298863,0.8434830117553335,0.8402207015414265,0.8382710086994929,0.861474904620005,0.8652491773734733,0.8441893790268656,0.8204418301239749,0.8575400581062398,0.8860816135354854,0.8625072617541361,0.8511305704395067,0.8628766514175747,0.844655711681854,0.8289790465085747,0.8573397128772939,0.8614932205362305,0.8791494211079396,0.8564410229211938,0.7999247646722668,0.8845484042910163,0.8716500537209066,0.8519472623110721,0.8985287370975172,0.8400319451284846,0.8069372829674804,0.8695741649376936,0.9105693135054878,0.7968865661907889,0.8824698104453669,0.8752341019604503,0.8476667792682684,0.8663311147800984,0.825119459522218,0.8119400082477811,0.8526902423555194,0.8066915677300461,0.8122403834646332,0.8418734837358866,0.8676515447837909,0.8482894759206412,0.8397104727425014,0.8508227704053698,0.8686215822141249,0.8174305599789664,0.842185017466635,0.8756838034087697,0.8345599396207117,0.8165799014440054,0.8617202900619207,0.8427778051225863,0.8486862604882475,0.7889751007344779,0.798293293831913,0.8465705167483115,0.8590773664650371,0.8194343205604575,0.8446271873606287,0.8619159821858479,0.8354857376991464,0.8484079859267704,0.812828718745856,0.8467544341765447,0.886400110115927,0.8348581980649618,0.8754925776869928,0.8499416463845881,0.8516718166254524,0.8485509962250113,0.7999003797698436,0.8093153600609397,0.7930459977846589,0.8275917615942394,0.8389637374820534,0.821603170844399,0.835689060685256,0.8207645703336099,0.8553673261874204,0.8360975518909435,0.8164642545077535,0.8093419051413425,0.8476647869484836,0.8627280542626978,0.8885535369708767,0.853534717445228,0.8372617182615719,0.8153299286460608,0.8599961056107019,0.8377224228253003,0.8117821241728836,0.8499422717087114,0.8170094769590625,0.7977707084216479,0.8327829479600511,0.7986368824562184,0.8339775211078422,0.8894107602824235,0.7947815198782753,0.8882533300317327,0.7990740235536238,0.8712143788152408,0.8414039099546108,0.8307621958727986,0.7932753456859131,0.822960413586657,0.8448071798810433,0.8517067592642174,0.845034611694794,0.7742802661462194,0.838018950134791,0.8241221712850656,0.8676995230966121,0.8710369183025087,0.8338554983257175,0.854904330364105,0.8507982214445018,0.8408088975791056,0.8753104414679868,0.8467614428296375,0.8364076734011293,0.8048136780447518,0.8474413327469457,0.771068663993463,0.8720398063540636,0.8241344052013827,0.8504812527760566,0.8230139979192206,0.859221336430558,0.8836952055093351,0.8782093332134404,0.8293154664453113,0.8374767324922077,0.837004036872554,0.7680968451340308,0.8307198175171272,0.7894421536892662,0.8957413720063294
0.8673386300201635,0.8734698566693632,0.8393626901119162,0.8590836623996011,0.8076422922759274,0.833159208466422,0.8650726777636626,0.8234495362167296,0.8416151117093218,0.8128980128455363,0.8905100822761325,0.0,0.8357581794099291,0.8152667118719653,0.8143379280042576,0.8521137269639751,0.8462024270300904,0.8465886332430873,0.8881125066966487,0.8557482494413209,0.8869109502036848,0.8654853487089634,0.8393268518897373,0.8606120687299256,0.8733823031899243,0.8303536268767816,0.8070355643321033,0.8225124182717339,0.8249700911462686,0.8492687078764009,0.8393400200922935,0.8619118136131267,0.8614433572610951,0.8708192215307565,0.810483222760327,0.8583561696711234,0.8494424497693694,0.8386706870133446,0.848432647872197,0.8527155321427459,0.850208056448848,0.850072957564687,0.8372987951171279,0.8480497062068396,0.8743666178345781,0.86065236723916,0.812970146707213,0.8409110956550432,0.8606319342590705,0.8492707798696411,0.8985048587157437,0.8540813691387712,0.8152209947554592,0.8785764425755129,0.878194471489805,0.812580603468485,0.8845660584120483,0.883446595290871,0.841555459231918,0.8735599556778607,0.8133173503505946,0.8095043557420036,0.8411272508294998,0.8001325353688864,0.8140872440246243,0.8380408693481401,0.8488072720747362,0.8247516367573803,0.8107554329035008,0.8277905697356075,0.8523735005175999,0.7998894424245603,0.8340916971757096,0.8711078457802268,0.8338866729016357,0.810177563593731,0.8439061917519138,0.8347393773358961,0.8390586596455667,0.7788006965064022,0.7973053070313452,0.8607207471255354,0.8609550564234318,0.7983133893031922,0.8505515338586289,0.8648075345589777,0.8139418163936787,0.8326040722574173,0.8149384413169719,0.8598682981372526,0.8738084775583174,0.8629420648912423,0.8618861215738993,0.8517190677567514,0.8457789208603087,0.8413317105861402,0.8049471535227425,0.8343234220869012,0.7909466806574827,0.8361507347991116,0.8115996226578301,0.8090773292218062,0.8387269663928327,0.832956500355861,0.8479695553051498,0.8385927004347751,0.8253163627824412,0.8173473346859932,0.8477422922554942,0.8763768066385775,0.9186168984751639,0.8482720427698344,0.8268053104559215,0.8067212939549852,0.8429358894375693,0.8457153716630708,0.8244665180460164,0.8335314689740104,0.8206772298601436,0.7927995973323644,0.8165903052954707,0.7875713656410361,0.8370227009751474,0.8887667583529549,0.7823796846247894,0.8698822707213607,0.8119554976444735,0.865590831064961,0.8482689287754678,0.8054610402153353,0.8055364193822451,0.8242003629699097,0.8072604682371589,0.852338596420978,0.8346725823821414,0.7607898856482392,0.8341797290457765,0.8073008843607883,0.8431956074541588,0.8687691635347218,0.8088692688311486,0.8441641529715324,0.8762562387812355,0.843489971733299,0.8525324679882704,0.8537346558211923,0.8489688487575904,0.8042499270288672,0.8533370916936126,0.7761284335723025,0.8586098957284214,0.8220937496125718,0.8587950490150674,0.8363238520738385,0.8776753708794297,0.8595733489724491,0.848482299774701,0.8360160294644163,0.8106032482373373,0.8229714998131513,0.7624715574211129,0.8247610851782531,0.7935644797577192,0.8744353610215062
