0,1,2,3,4,5,6,7,8,9,10,11,12,13,14,15,16,17,18,19,20,21,22,23,24,25,26,27,28,29,30,31,32,33,34,35,36,37,38,39,40,41,42,43,44,45,46,47,48,49,50,51,52,53,54,55,56,57,58,59,60,61,62,63,64,65,66,67,68,69,70,71,72,73,74,75,76,77,78,79,80,81,82,83,84,85,86,87,88,89,90,91,92,93,94,95,96,97,98,99,100,101,102,103,104,105,106,107,108,109,110,111,112,113,114,115,116,117,118,119,120,121,122,123,124,125,126,127,128,129,130,131,132,133,134,135,136,137,138,139,140,141,142,143,144,145,146,147,148,149,150,151,152,153,154,155,156,157,158,159,160,161,162,163
0.0,0.284683401544724,0.24733636460515004,0.2908064344151905,0.31143178156152695,0.258847287893317,0.3282963706505657,0.30126209505851737,0.3817185105505017,0.2376131581267719,0.30852262264256525,0.2706954949544199,0.378813707529095,0.3025760530226751,0.31093704479282297,0.29731106432030374,0.3034957363663466,0.5143631995501986,0.2912372658220165,0.40306512816981854,0.3095465387103303,0.30013709194047916,0.356492105965986,0.2887248164932248,0.33912139743761105,0.28334171294865224,0.28833557215235817,0.288146172195776,0.21376110108544633,0.2744372736092773,0.32219084890514155,0.31910900441785295,0.2973767792246031,0.3036839790574122,0.404551996669238,0.3236280604497018,0.3709350912675303,0.37929734168657914,0.24420712282995963,0.37825156664880666,0.30359651165976914,0.3314060765858556,0.3280668046416429,0.30979366914286627,0.33372075198577617,0.40897853888824415,0.297781246724879,0.2811897261573542,0.41146669672081393,0.3977093406621945,0.3494004842917338,0.32584942515498927,0.31366556614869273,0.251481804380764,0.27449376002133175,0.3077462652013606,0.42899778427433016,0.3237216065887145,0.30669886934858304,0.38309680962312626,0.24618902485071872,0.29336808281151877,0.3310281318326742,0.29629227295177435,0.3301881251939277,0.3409735267647525,0.328972336610066,0.30361811807235006,0.27661690466006517,0.3568296393463286,0.4442225867642472,0.3313097237303014,0.3276491748786604,0.32608280871293116,0.2992517854208893,0.34286020524806243,0.26649719384058607,0.2715224897878688,0.326423593309676,0.2291700107241805,0.27155165591630415,0.40031656919450814,0.27464880242046813,0.2875017895141441,0.3620142245405202,0.4170724470090179,0.3291688745898154,0.3486733380366233,0.3555087811501853,0.30566225193240254,0.4430471994380674,0.3706959111175978,0.33486360937616755,0.3588669022380402,0.355250155235891,0.25710436726906805,0.22573897638680365,0.3069453164949976,0.3158435630525449,0.35126475465759166,0.2711068307575914,0.2786159874464771,0.3145979739458386,0.25588281966429527,0.4068202169108061,0.3433137900012498,0.2703989462102719,0.3065858246124892,0.3556667330300158,0.2858376775109158,0.3031505599732792,0.44476555595948425,0.3393973153416778,0.2855580912972911,0.37316078210450954,0.3459131798079653,0.34075354033235083,0.2986966574334909,0.23581173090632068,0.30492148551044435,0.3632767285475144,0.2821101473335642,0.37113693081391813,0.3570426173140564,0.3140605195096464,0.24615440090624047,0.28314148219986207,0.27758579846853143,0.2530620930823442,0.3430208652191179,0.26332652695369735,0.274724328019622,0.28807480073779623,0.3650472033813802,0.2763378041796352,0.27976665213153384,0.28215946083316157,0.36695775117863094,0.31016551995002484,0.38319465763927174,0.24884385411801835,0.30151005590571633,0.37914687605938463,0.2990742944063168,0.32073894358918825,0.38670507757819306,0.315280348766449,0.24851435535558394,0.2981442971935463,0.2244405715767399,0.42110351687237013,0.27973377529175447,0.3399026958032183,0.2412274414946431,0.3327153875512872,0.38385769020471516,0.34745877687615717,0.2791281112708456,0.3063089618155963,0.31054659467079754,0.2518629648066467,0.37271670666837603,0.2650538453835952,0.4697300881072388
0.284683401544724,0.0,0.31293641411971934,0.31029080354864214,0.23485750651297072,0.3939897901346148,0.3098071371969902,0.3870310636137952,0.26031718431471423,0.3426445269757677,0.32927462766650895,0.4017512902983116,0.30844561788283215,0.2672069397661482,0.3106127327529448,0.27684340351188225,0.27133212099849185,0.2717914375336813,0.34608692493777693,0.2979827719008272,0.3122222808723053,0.40207708694145805,0.2996294862474814,0.3016608575827093,0.38226623506219887,0.21098548156024363,0.2551739515440683,0.25700993718945464,0.29312848344774495,0.24293311127752812,0.32281781667074927,0.3178074548361018,0.3529726869596349,0.26146841483234196,0.25995148503908744,0.33534367093834827,0.30735789877830066,0.27710869194477944,0.323720002985444,0.2977047110576854,0.3241667473155131,0.3171031842718366,0.23394633929329178,0.25879922285739226,0.3478565247862123,0.2793033297700973,0.2658943603810749,0.27135736931887044,0.3076360009182641,0.27982526418795645,0.294731125887191,0.256784050176332,0.30677305339419464,0.36707386947462073,0.3201169149936406,0.3014632587027864,0.29263692773520456,0.3070761723418573,0.3040142572351232,0.3440967755917409,0.3386386411384207,0.22809550318239805,0.2599239932558184,0.2404915632022665,0.24870390764482997,0.251274795100935,0.2836753217370334,0.2688157359276205,0.2405707092054497,0.3052886353327269,0.27261711661195737,0.23526968907034768,0.23223321893013288,0.31976466220563277,0.31426670590913136,0.2559024495812041,0.27082110370474266,0.29951130904230927,0.23875619757519076,0.19800891364383646,0.2672806099545798,0.2898776874814755,0.32465618344494085,0.26033732418137645,0.2512959470471034,0.37706929781011206,0.2818123610141017,0.2403050932993388,0.2659460268265534,0.3039312467358824,0.24823309903304236,0.3014485512770895,0.31416551098780765,0.28183008624609607,0.28237568295840193,0.3755499780970983,0.25985824696667453,0.2964077659348267,0.22092975599302028,0.27594726607859904,0.2559689379756335,0.276822920250978,0.21496623768885495,0.301088621435002,0.26063542296264763,0.25189655862396837,0.2637986274506076,0.3136282463576214,0.2988574363330443,0.4227265248963025,0.3070602504113283,0.24650135127050252,0.27737611345096824,0.242862755483823,0.2673093773794079,0.2969542869398758,0.279117110143385,0.2567847204457598,0.28920607095824186,0.23313827695259073,0.23554828276157086,0.24078259045101164,0.27559617886890214,0.3148865772116179,0.23453841064634656,0.3327492801660173,0.2549941903264701,0.3480996965866606,0.32256441432326943,0.26478885704192995,0.270403436600654,0.27785401240079444,0.2377366844589523,0.2863677783102921,0.32433588632103594,0.234203788690014,0.26655779862056744,0.25147510023412756,0.30418934347734633,0.2978933220089566,0.2813634027621236,0.30995059484673976,0.3554102816453368,0.3044751860400358,0.29834970813476286,0.24952812416365466,0.3376199967174858,0.2860441954707388,0.3554799969078274,0.23784390142689707,0.2536170981234057,0.3201603103379689,0.28031168135410384,0.3272529274846951,0.3264909882953281,0.32949921155206136,0.35658595223489326,0.2952792423817038,0.24754186445447335,0.22764732528569334,0.2659177837765295,0.2729100694237442,0.2332426832997688,0.26836320638917766
0.24733636460515004,0.31293641411971934,0.0,0.2489202487976087,0.24547031979525427,0.3547994826894952,0.23663629246369877,0.2971658635336775,0.19767329224858757,0.33838904380023305,0.3316325289711753,0.32301608484016847,0.3328650217053465,0.2113174366526694,0.23488725844821057,0.3695806423305432,0.3142575219778966,0.2422946708869567,0.24470352945291451,0.23443298947241653,0.29834353155687526,0.3604137374169327,0.2368021007287094,0.25653108606522024,0.2825286556471434,0.2252406237601517,0.23572146245997525,0.2491462071419281,0.2624007162846186,0.23939442634625857,0.2152654495132992,0.30896698539726186,0.23846993439959716,0.2253071021255901,0.2062414373061384,0.25360560830265505,0.2718668152552468,0.23112402402622292,0.24411096213293393,0.26088417202587,0.2449582160098811,0.2955639564588838,0.22409926923938922,0.23472643568605348,0.2624599235715562,0.250273973873534,0.24128765872033106,0.2798163335207695,0.2426679218795192,0.24090047269581924,0.2560913654673001,0.25362406817193606,0.20866352225056883,0.2682218359160146,0.27067778111546065,0.22451555095661505,0.23325422382577435,0.3459327596639729,0.23176381740399135,0.25643734751490327,0.269242325831854,0.20428680406603,0.26566720773239016,0.20561858303336156,0.19344529595639995,0.2228016220997203,0.23181674615694003,0.2506235891571129,0.23175369120934894,0.2754060237326099,0.23968760386227372,0.18484303522312548,0.2270182415289723,0.33041116066977055,0.3016149243031035,0.1975462924834727,0.28410484246896,0.2762686115945073,0.19553891506710983,0.19433337118328628,0.25354973075998505,0.217991435329722,0.255830436495926,0.2413566977919838,0.21675095825524252,0.2677905403399467,0.23429274043038312,0.19260683199582007,0.23817934054069007,0.20485877691723964,0.2545424467607986,0.20921534333661024,0.266244028337447,0.20720932350538565,0.21721713492433375,0.25305253649912807,0.19130461192022813,0.24289927878528644,0.17444933657915504,0.24476299140364513,0.18406559726353328,0.2602199279232275,0.18336410344219822,0.2585304246138152,0.21819174666601301,0.2800724649992009,0.2577992390982187,0.26654323579619754,0.25579975761436335,0.3340778016369342,0.26335726580528573,0.20100090482212074,0.23846757547775538,0.22325450020580384,0.20839493989522048,0.28656591947894905,0.22426606657205042,0.28214349624086293,0.2988309875861118,0.21280652295196956,0.22253558626510506,0.2012870867495647,0.2184823665787784,0.2639311929485738,0.17150442549867054,0.30857980281672664,0.21882170364063366,0.2809914730099854,0.29513734458085444,0.21347729094963946,0.22947837888639014,0.3268626417986523,0.1960729168580319,0.20181300962905901,0.2465513840077099,0.18796448769885737,0.21376416531102366,0.2009768157159567,0.24289125841433284,0.22812023875316575,0.20190696009410394,0.2577434890982292,0.23988699369729635,0.2375674023451805,0.24114539944446817,0.19520857202329708,0.26001702247654956,0.26356613542315516,0.3069555971747855,0.22569119464653525,0.19757336045253857,0.20783918788648495,0.2417227533814118,0.2911380935974511,0.279990507814019,0.23897437099756844,0.3050992338076277,0.2978327595855752,0.17706667679218405,0.21800509883177183,0.2336826999412937,0.19315791447123662,0.19643739771478402,0.2519529113072842
0.2908064344151905,0.31029080354864214,0.2489202487976087,0.0,0.22911018845281497,0.29931652015788424,0.29509218309408713,0.3092009210775891,0.23363178734955212,0.24703776646396686,0.29218780940731964,0.24634039770905886,0.32527875433159725,0.32757430269324633,0.2879346526204081,0.25843861796934237,0.3178821489073435,0.31513613983389427,0.29506990702541713,0.2904094388002428,0.3426381129237666,0.2621550751643118,0.29666140690139853,0.25463859843258985,0.2888964784446996,0.2846040569905349,0.2772982073128239,0.3171428161750031,0.23546664245775176,0.20772591856722888,0.25849138278419687,0.30658407580297187,0.3999569087523778,0.3070735460044987,0.29519744583610624,0.3247619855969675,0.29512491142417474,0.31713305397975794,0.2641940669973892,0.37628293931969703,0.3501258530739266,0.30497727317477236,0.2648676857766484,0.28970760750704794,0.3026338849741987,0.3394194053389429,0.22449248232809826,0.24718265382046736,0.30198810488851724,0.33694268189495846,0.4174041487835706,0.3550077384006326,0.37173516696042436,0.3546379382449896,0.28287717014137526,0.28363339179354696,0.3773655865957721,0.27874437247824846,0.34390981452066094,0.43730122102387553,0.4128498684492167,0.3119436417172528,0.36215251219495437,0.23305360888376747,0.3289808906667388,0.3820394394919585,0.40155346201551806,0.262893451970514,0.26558186599996914,0.3154607267575649,0.3114039277003518,0.2846295228473432,0.3250465239597211,0.45577401050843674,0.35133702554737994,0.2946197281616023,0.3780404184380033,0.28043634386399596,0.2967310721707833,0.23973125949705523,0.3299836309554803,0.34855289067019624,0.2496909530697953,0.33077337640409477,0.3645993129729455,0.3284023380319749,0.3657884950452583,0.32367120674655897,0.32347709608247005,0.27187266733930676,0.29894885505651525,0.3076991135988865,0.2864775772903012,0.35294008333329646,0.36279735966112675,0.23374243816445942,0.2826951667421532,0.29560412000205877,0.2556549635154967,0.35680011731487327,0.2801878129036885,0.32485548137344916,0.30267410813936524,0.22998447588144158,0.3399600473261948,0.2890635228471338,0.3480519172143291,0.2565744422810948,0.34030243031307045,0.27050783164808384,0.34425785103007295,0.3066334308939837,0.4518418776185811,0.3278457650705327,0.3354211447203639,0.28359159500555414,0.3641840994994677,0.2126151546778222,0.3021179823362422,0.29694933492992737,0.26782477080364153,0.356311600924717,0.330769317204234,0.33300750435819904,0.26040396546463035,0.2550679380260274,0.35914205028161145,0.2536614564797415,0.30959208002073846,0.3362459210185188,0.2360232383704306,0.3418316654594049,0.3335655705910802,0.33759216502368034,0.28571793952793156,0.2602737297974684,0.1999103463147879,0.2933184973093363,0.26741904597792493,0.30855061654969845,0.33792404042016566,0.2978119481056756,0.41081631523669243,0.3255666557665236,0.29929509096305507,0.2479022458089896,0.27017048264897753,0.27801475507603435,0.23790876459251914,0.2182117802562343,0.32459287617116334,0.320175924873048,0.2870509310524882,0.23840068109790322,0.3034131736628549,0.3366282300425192,0.35576512841462027,0.28070721188015735,0.3501979816780043,0.3133605355965261,0.33895575737747285,0.3116546934959772,0.3132020676122922,0.28805822325951796
0.31143178156152695,0.23485750651297072,0.24547031979525427,0.22911018845281497,0.0,0.23246878773766455,0.31120868317283795,0.22115655912082186,0.25049822810191624,0.2099553433281543,0.2903038808299717,0.21484572537388266,0.27915482002842923,0.2570851219776499,0.3090033037015545,0.2864310209229278,0.26689730417358887,0.3116569881091871,0.21588157012461784,0.27076533485344906,0.2660583578592891,0.28691691023922,0.25720009773114455,0.2667694741757554,0.24315794990585443,0.23451417253059864,0.22781223511270873,0.22261808035921446,0.20971429539775482,0.2671882496386675,0.2836341492835306,0.251280293864852,0.2529818193507279,0.21407179991579958,0.33640045302807575,0.25025538080624843,0.30102916858099077,0.27726088110223407,0.24905366719541555,0.265224235511522,0.25585824128915063,0.2818183183041027,0.2841630256537602,0.32386603817494414,0.23179460903882942,0.24542086358757223,0.280854509294325,0.30106599618034197,0.31029563664915955,0.28335059681135194,0.27822325452655305,0.2410486819181029,0.23115821840627457,0.22681726818589937,0.2395250988987765,0.22768609344415924,0.2458994586333854,0.2918428862246455,0.2521016713450359,0.2523832342848855,0.2060148168666858,0.2165117533265568,0.25484029719991447,0.24232867171150643,0.24897240927474162,0.20576473602171008,0.23067255715834642,0.2867240229457986,0.23105534312871048,0.28537474322747686,0.3001127630454684,0.25120397278142137,0.21410662381505186,0.2693345872863325,0.23302721030817433,0.23190924119902276,0.25358568069304943,0.3364355703211814,0.21448872382780143,0.21810693356594751,0.2621371115608345,0.25666174562648325,0.284597400029651,0.22551856756358765,0.21630520253841487,0.2578744205809715,0.2565788205448902,0.24460168415131345,0.23029258711914322,0.20898595758805272,0.33989193161321507,0.2636923699876037,0.3160202094221254,0.21628889000354704,0.24170540971212595,0.23000566801978056,0.18874574518395182,0.2220002803793884,0.23598013793557765,0.21956036442842175,0.24405908616798797,0.22000869804315706,0.20866615336816033,0.20306822239667865,0.24401149995458865,0.2529787437583179,0.20685182327788318,0.24085348496951484,0.28942800726223483,0.2453648614757578,0.2529212399870636,0.2480313735357982,0.23266506913123525,0.23982656131933777,0.22982781026665366,0.2400937502191352,0.23614354981155064,0.2586760742549062,0.20894830537340164,0.2330220802357669,0.3478017180998207,0.21030691680887362,0.2246251980172106,0.3222774285116751,0.25706457968919605,0.23237914392912476,0.20066018971285848,0.26026503733154527,0.20353888258177977,0.27728467446632393,0.224987596489185,0.26042062202994387,0.20967220900860978,0.241259647809028,0.23494774312568634,0.2928826733036445,0.2428811976684001,0.3107168744967367,0.24264692225863338,0.2927277833591482,0.22341731716948188,0.2683674847636061,0.2566810139591246,0.24011795745377754,0.2764986019244891,0.2301769731856834,0.3084088216972384,0.2462193115568166,0.22202344602307666,0.1884543739729481,0.24535113273582723,0.24164136583309653,0.25832219147029745,0.23112131290866617,0.24942060752030246,0.28639751154120446,0.26462632175797035,0.2778516611875915,0.24694153542786965,0.230226427195949,0.22710438559788798,0.24880319566279915,0.20857943216455388,0.3324558763685778
0.258847287893317,0.3939897901346148,0.3547994826894952,0.29931652015788424,0.23246878773766455,0.0,0.2796970446616429,0.3627178133572413,0.23290985793922117,0.297784079647695,0.3243543640454023,0.36308430399459013,0.3445682009876669,0.21941982525808193,0.2807760025622403,0.3532818017517697,0.32798028230999016,0.22774639185141782,0.31909110997427725,0.26424653968050915,0.344366334333765,0.3493015836929031,0.24219562567847433,0.26280278962290765,0.3402421499501206,0.2222974850485244,0.23522890222099066,0.2699829479768322,0.24411720346790572,0.25140909148871016,0.2802373208250201,0.38817490670961813,0.3111151412891942,0.26177988644696887,0.22568474928124996,0.2834918885451099,0.2948638561579026,0.24606066700743512,0.2896552995980825,0.26906615647029014,0.28539636290324294,0.3365410460995411,0.24557386612937376,0.2752251195694704,0.2836710969551514,0.2656763497772877,0.249594031334974,0.26138454877972084,0.2512338265577207,0.26499333954007376,0.29784734653362377,0.29445013113471286,0.253453119962927,0.3253673859139793,0.26795022793311235,0.29950734740902146,0.27233565499379647,0.41727965363438174,0.23972354747821417,0.27668434642596756,0.35281525920695667,0.25169462296729267,0.308267015969036,0.20939630757608138,0.2240711613065128,0.24728634141081585,0.25995724765092953,0.27089423976282134,0.21749787010905183,0.2950842398314471,0.27720863520797673,0.19779200849832235,0.2379420421341282,0.3445740546316194,0.35289250072318307,0.22701414644807968,0.3272374461734714,0.29533915632070595,0.2166837815211389,0.2461973377633814,0.34677759296031835,0.2655956551495518,0.29704473090266464,0.27198190275495665,0.25386856450361184,0.304891768942265,0.2926687440144068,0.22060806712324507,0.2895218634842713,0.2479378279819041,0.26346428478878264,0.2791069834489546,0.30471392739041164,0.2428837472644516,0.2446210399447651,0.3022249337112524,0.2448441803714354,0.3100235462419549,0.20362754275101666,0.2770918263471143,0.21573013030649563,0.2953351625981043,0.2105260647359734,0.2484892627086001,0.2470836572624435,0.3068028147602181,0.3187029962827484,0.3112221727642364,0.2677719118903885,0.37165951711318,0.3178938631881674,0.2232983293344295,0.3082953971310909,0.2711510809634584,0.23245914661086406,0.31344130998588593,0.28460688491419067,0.23378324156978672,0.36268312182942286,0.24256641945678917,0.23148886331905827,0.25821478923745106,0.2566947276913064,0.31995172946508765,0.21343152550788905,0.2972138251449393,0.28865196720649966,0.31055758665301303,0.2910975346758927,0.22177943850080095,0.27839758665683134,0.4190888825127591,0.23199777387484333,0.256866086261269,0.26534821199002845,0.2196200804653549,0.24647027175878888,0.2148893017240073,0.25011002157770423,0.26914389861687055,0.24392000327771618,0.3143162550275753,0.29036433575512327,0.28255570745590536,0.2776265920360706,0.22659202269801842,0.33309831029779363,0.3477067947358168,0.2876611904147718,0.2595090505273361,0.23382334381362943,0.2717601997361483,0.24350306810053568,0.295248222634776,0.35746522214572873,0.27960585335603105,0.32988680067810655,0.36681988245864156,0.20889005955005896,0.2658595634713915,0.2627833237637412,0.24188943816394445,0.23977217869949988,0.26348012341094423
0.3282963706505657,0.3098071371969902,0.23663629246369877,0.29509218309408713,0.31120868317283795,0.2796970446616429,0.0,0.26057880982010545,0.26228946735976744,0.25158354399846306,0.28519552930478803,0.2825494957322668,0.3419305296916296,0.29909061645333634,0.407373316529653,0.2545480985061301,0.2555968910079688,0.31682147078652845,0.25221035543907316,0.269613037041083,0.2857272353501256,0.31728881604024606,0.35089434767083405,0.32896319135451413,0.3088585920984259,0.27781771374672115,0.26316680743342685,0.23262570629053494,0.24645006488505236,0.2618107073163903,0.33154877200336746,0.29796398275566693,0.38219403524255824,0.2818296617640724,0.28936195543710785,0.2827305506327642,0.41794739050834984,0.2785904554151262,0.2726066270075464,0.35018902532113816,0.3484093167104906,0.3064149132287496,0.32022889174014624,0.3395602681832595,0.3314903466895437,0.31835875814336423,0.34215929071178297,0.2844905225620509,0.40932173374368086,0.2880364367677412,0.35794545418148604,0.26420802104392843,0.26678660274829197,0.2993071203638595,0.30217563547964543,0.30559103986479613,0.277351897923492,0.2734925327525683,0.3222939714047426,0.3017307037787285,0.2465023985479895,0.2744944172169253,0.2607139651678376,0.24591059922522773,0.26641124573158687,0.24522175755266531,0.3306215914769775,0.4132057110705037,0.24136528976542873,0.29110719238307287,0.3839905713715744,0.2671850225191491,0.2236721413503361,0.330923554685546,0.2259977240719741,0.29585519484118283,0.334930851777819,0.3482838149660377,0.2546882653859259,0.23350467877147646,0.31526249968728054,0.3048609604603752,0.34353237374910145,0.24042006787092707,0.2405886914074135,0.3173128774436534,0.29276598160808764,0.3041987033877654,0.2888284424312864,0.2901127287699898,0.32490711129547845,0.41949175319688164,0.320970738537731,0.2686911486820564,0.2791129479907316,0.341732582358529,0.2294377979774278,0.30635093529384566,0.2519928373284375,0.2951536619763129,0.3009253979608654,0.2720729097692683,0.2750938336296094,0.26404063491528873,0.26019568404374166,0.30737378283100464,0.24468799722643333,0.2621135097197577,0.41349033924503026,0.317112905735878,0.347774171703787,0.2760706666478385,0.2834629322954569,0.2385370622270362,0.272511462000304,0.26546525635545515,0.28119671768039356,0.25803537289541256,0.24007014601735607,0.23577763909660032,0.27773432101079276,0.25458607591040655,0.25530429852544556,0.41852600875173623,0.2549534344902142,0.3087924510506863,0.235505581247552,0.34574419004494383,0.23410708610492278,0.3420779961092336,0.2346716798902362,0.24571457443154207,0.2360905641371725,0.2596055745167874,0.24518282483984352,0.3149156792920409,0.29171643756897314,0.3357060243764732,0.2778778567551085,0.3699231240762739,0.3167976097249038,0.2839171306484479,0.322758806195843,0.267004096650965,0.342955441460122,0.3231852500968218,0.3340374201644387,0.32738706806896867,0.25798848740169233,0.1859686583134644,0.28041189753044937,0.30259962409485786,0.24892893202399946,0.3265050584247483,0.32987271002266794,0.40549977397844683,0.3558122918242165,0.34882355094860074,0.3190731661746149,0.27668083825360795,0.28971840534556875,0.28533162988344013,0.2633501070338083,0.30455226988970263
0.30126209505851737,0.3870310636137952,0.2971658635336775,0.3092009210775891,0.22115655912082186,0.3627178133572413,0.26057880982010545,0.0,0.2760531562792525,0.32207648341799117,0.30111579891167606,0.32058741013880804,0.3976784897855281,0.2502644901738533,0.2791511197166332,0.3314984263792628,0.3116827793448079,0.2825251196976374,0.3024652036082268,0.3171395294801005,0.31538274979380826,0.2727177107427569,0.3029881730586778,0.26628036302070995,0.3913934857502263,0.23223229511076662,0.32094812338069495,0.3119637306028509,0.2167732507909194,0.25500345856613027,0.352816866207474,0.3646984819559161,0.3018727648738492,0.3122718984314663,0.27831778187678363,0.3333815627534058,0.33222040495234234,0.30494661540120793,0.25439744779754464,0.3041128449964546,0.2939576141162081,0.33379596250785176,0.25877255967677354,0.25936215508175003,0.4085063497075025,0.316744246545593,0.2645594314461852,0.2514360925497007,0.30492279577465303,0.27513408237663534,0.27757887262057074,0.2616376108416558,0.26179206360890267,0.264737588829808,0.2620879214772373,0.31879488427042013,0.2811308087588565,0.38422741233017443,0.3091812757881006,0.3241241042761806,0.4052786447550133,0.24250238566212845,0.2848526620847135,0.2578092898119712,0.2256270861963833,0.2744376328577421,0.31654161331580155,0.2633518482991992,0.2760034790770516,0.4231379480948469,0.2694350407195824,0.24705444059235307,0.27377317318904765,0.35150020680699284,0.3923127767443152,0.2737996878439275,0.31534521877850213,0.2761642389665521,0.2757057155934988,0.20757970101764672,0.30179335697059606,0.2658540801676361,0.30505943785216366,0.35433016789558586,0.2986486025709275,0.41850283241696973,0.3974919731206199,0.2577463256797854,0.37380470223044704,0.30112111026997423,0.25377995635701583,0.2912769542235088,0.27904085907167514,0.2643117126916131,0.27837013869829,0.2907774100867885,0.25872711316772673,0.381047242449094,0.21729693529554464,0.34796225061622305,0.24842952929461676,0.3502455326850304,0.2436743087677939,0.2876895551339592,0.3037905640819936,0.3176874409795233,0.3123650108896646,0.39665733110713824,0.3002339728745368,0.348576650812938,0.28670063086588016,0.26073882102240126,0.32949555909998,0.3033585290081734,0.272396706096789,0.3217121158995859,0.3547858465708186,0.23523481735407467,0.27730376705117066,0.26739560715233585,0.23025829734202005,0.3142516210192234,0.2799482952979851,0.2994492379370143,0.2296179613820885,0.2728528480167057,0.2610721553698492,0.3466668853616495,0.3148991696325863,0.2578724477855581,0.33779398217607637,0.30923539585632637,0.29047175463604646,0.25654249784194294,0.2869693728761185,0.21691915288789038,0.27457606942982865,0.24114848442477807,0.30753948039359896,0.31345806847563734,0.27959745622019255,0.29010480844818376,0.31641644293601834,0.30025073157487037,0.3067321798821804,0.2625756079064584,0.30446930743769857,0.30944497259553005,0.3279581018029562,0.2505586225138922,0.29891362443050806,0.3066251131190645,0.2674542423476704,0.2940201846638559,0.39799098174408204,0.34863674952997226,0.3375303965866628,0.35615703880400534,0.2312871053914637,0.25264791031355693,0.29312246434957884,0.2823473453760817,0.2711264097683169,0.2672353235458529
0.3817185105505017,0.26031718431471423,0.19767329224858757,0.23363178734955212,0.25049822810191624,0.23290985793922117,0.26228946735976744,0.2760531562792525,0.0,0.2079853725860138,0.23449702420144944,0.22998148462742407,0.253618535188227,0.2920311660791188,0.26063154285312123,0.2203857908277358,0.22139670867126313,0.3300842051350701,0.22176818472218196,0.29520145626323757,0.21638320804505293,0.2749964061045496,0.2500539495534481,0.22140556987294344,0.24974250375885715,0.20692573513283635,0.2736898833569425,0.2344826902147361,0.18352833992877124,0.29735020724867023,0.3160563799476435,0.24106083424479044,0.25010059801318807,0.2161850527831893,0.3021310877675789,0.23845797457921958,0.2563521449584307,0.29378952513272427,0.21975113481064487,0.2373799094498191,0.22783002748996603,0.3228136092319119,0.23394827746654656,0.23464653193479218,0.25173017570299805,0.2583247566211817,0.2412921291495031,0.20731874282461438,0.25341109603349493,0.26766974246645026,0.24679224445793133,0.22427029639221954,0.2842298944304091,0.20324776826363508,0.21099625503016448,0.32745957235131634,0.2710449085407636,0.2547620033979036,0.2495019945612565,0.25706315019828946,0.22039115743733118,0.2615577326162068,0.23187621811319636,0.24562988238391606,0.27966434609749724,0.24038446857996046,0.28695104846221736,0.27058850623645664,0.22678613946551543,0.29339864026755047,0.32212278125371274,0.2747137249111681,0.2805393951384211,0.229754844499669,0.2544985542450655,0.2755669119740798,0.21220640866299448,0.2139213993480252,0.2501855505374285,0.20673272483225996,0.23379824818672798,0.3470963530285812,0.3030788800261072,0.23256579586765977,0.26394599977968375,0.31308819724372544,0.2830248417349627,0.30217174994492224,0.2724249338068355,0.36560983897550803,0.3064968604842604,0.347611082526266,0.2509647560262761,0.256663069571806,0.30618577796270885,0.25299813667799126,0.23879086222072668,0.2511678404539402,0.3109220516576023,0.25275765491122737,0.2642323976259503,0.21274986516239425,0.25198906091236034,0.21526855441031026,0.3161958453941472,0.24189170380606514,0.1966903237292473,0.25075180725471147,0.24104810042526886,0.21904925601367492,0.2091985171188709,0.3014917309833062,0.2721999387806754,0.29877929724884045,0.25672288300477286,0.2755710069798468,0.2655591868642885,0.2147536005124529,0.1748680182670376,0.29365554031041957,0.27489530817440827,0.26311444587886357,0.25540650913798674,0.27079100713659277,0.35407078834301303,0.20258460838068046,0.24662502664560018,0.24618336335678656,0.18793832197341834,0.2625638629093605,0.337596451499821,0.23556646639604842,0.2740533121441422,0.3508019971624425,0.22332640440156587,0.2454665809132069,0.2544799510370784,0.24749820317921872,0.23924831941470195,0.2960025093443608,0.2455670936715666,0.2476019805550128,0.3130574313373432,0.29039200897723055,0.24380285770588486,0.27935002885495286,0.33915069772779716,0.22340483571879857,0.23153884252143628,0.19975070856719682,0.32101697025979636,0.26126977711521354,0.24662385433541667,0.22757336977323078,0.23963543823893727,0.3221051998043445,0.26635765814845436,0.24105802169666918,0.2903629857286392,0.2375465196074454,0.20615353011138235,0.32849938392273675,0.2782709130077278,0.32835548026949235
0.2376131581267719,0.3426445269757677,0.33838904380023305,0.24703776646396686,0.2099553433281543,0.297784079647695,0.25158354399846306,0.32207648341799117,0.2079853725860138,0.0,0.24537978776466268,0.2757775189396187,0.30208790722894274,0.23465306842672606,0.22780240030538515,0.26927123471189357,0.24045655428626844,0.2513788568769352,0.23270104746938386,0.22021920312752596,0.22994354344405774,0.25167974531798937,0.2942999517827386,0.21031684765494837,0.36981457448043725,0.2044681316083492,0.26755950578608667,0.23650700904536034,0.3240905106728051,0.22072433822268886,0.26404742820677674,0.2987555967340688,0.2276825757295303,0.23194655368398862,0.22423716541859304,0.2536587776963266,0.28826991548115777,0.24029471114788814,0.21090016816551876,0.24096127065510178,0.2156649065953044,0.2689976684749439,0.21964925569348207,0.2136761256842418,0.26802831718127595,0.23899855405504392,0.23829118297595064,0.24091565714988783,0.2811102338611337,0.2061880048323535,0.22295663652156988,0.20085892652312629,0.2091245570152704,0.23672722714279337,0.2812728849143922,0.28146737417372136,0.20884838372669662,0.254407187152852,0.250014371217807,0.24169630168913717,0.27389588083623245,0.21463644727309247,0.20492485372328853,0.21657234529378946,0.19202119520407007,0.20703271054689212,0.24179209951016153,0.24695795720780375,0.2441268911445865,0.30364025169604353,0.21619003343946788,0.22238507447361458,0.20251365402195456,0.2626269874060577,0.25513398248356256,0.24263774921624853,0.24191253004999155,0.27782418246350365,0.20561335428100805,0.2040302493377764,0.26189502467735526,0.21234415592460618,0.26634439684056316,0.2742509854510298,0.22146639444360144,0.26911705580532047,0.2748430589972928,0.23183349383667173,0.30165027051969334,0.2270758855968183,0.22013784258035318,0.23793838097759978,0.25356843230986065,0.19894119876889446,0.2261475110805581,0.3151077460591837,0.1831141026569931,0.2728724510011514,0.20497012950660068,0.2567810342900526,0.22426159809059426,0.26050204615382555,0.21007038356815033,0.3294785148459776,0.21635257968177318,0.24248496007702086,0.23540497316655798,0.33388142443707686,0.25105343869902697,0.28036272692767356,0.22394107306433939,0.2109740868793487,0.2596415981243474,0.26494957984931883,0.21612268686497918,0.2386193361333713,0.2571645443554884,0.29970203476335266,0.2584103760617019,0.2459778777292703,0.1944134734781092,0.24294847943534678,0.21369592477959623,0.24857150376083934,0.19752182122665501,0.3226736486750341,0.22407226317211323,0.2604123879750506,0.30175859499467483,0.24139601946107628,0.28757540664600195,0.23401018344680438,0.23665963299952886,0.19694406498929304,0.22598358528016704,0.19169010760149457,0.2315120054929227,0.22091238396099083,0.26462409822031663,0.25240445899819935,0.24524932578812852,0.27418544709554016,0.24737125536375068,0.22608726136102636,0.2587797471286595,0.23617422203695834,0.21694900350806234,0.30135463920035677,0.3975700628945555,0.2300736858183919,0.2015749888014332,0.2708675410966149,0.20472550368086354,0.28389240308962593,0.2837600056303881,0.26756376381809904,0.2464054720092744,0.2975289008187795,0.2138625283567633,0.24216169139573265,0.3105286276710928,0.24163599842588737,0.24105930803412837,0.20624368937447032
0.30852262264256525,0.32927462766650895,0.3316325289711753,0.29218780940731964,0.2903038808299717,0.3243543640454023,0.28519552930478803,0.30111579891167606,0.23449702420144944,0.24537978776466268,0.0,0.3287529024696666,0.3353956871114046,0.27561697930436524,0.2882674118738848,0.40049783357185886,0.3814724132229624,0.3331165814733406,0.3396063845028227,0.2910155284791387,0.3703512003633623,0.3890330927100641,0.267002401177509,0.2822826789249226,0.3255121872709968,0.2657463627352455,0.2613860232439717,0.29510740734555246,0.29572406129471784,0.2781157243328986,0.2666184630986235,0.360406928429957,0.32437256227535965,0.2389455159752237,0.28422397055264004,0.38102907851862755,0.32845552331115746,0.34386697902343755,0.3323215399900485,0.3189596960689921,0.3558307526636599,0.29306186940075357,0.3217259624060593,0.34501965148561414,0.29686191646872684,0.285344495437476,0.24233893173527063,0.3795168373232392,0.3325319418920381,0.31732131494231663,0.35806033618818234,0.28539972214400683,0.27289074100109906,0.37997100594538696,0.3675661090364712,0.21634729764582974,0.3347540002813677,0.43469584689965,0.3260030317472577,0.3342576628256281,0.3095529531151443,0.23284142839915206,0.3488639601776297,0.2732655560364659,0.2347248757519086,0.25661189586885036,0.2614066996937495,0.26339839413114396,0.3247778276099024,0.3184239961682734,0.30517742009326687,0.24649743357931342,0.2598807693745758,0.3592976399317729,0.3677949719378953,0.25102052177262624,0.3438354869015383,0.2949579444896848,0.25714953597284207,0.2126696174561251,0.2990631055264547,0.2500919525735889,0.27628543689136714,0.28971465830121473,0.2632343627333896,0.30331113503261575,0.28528499020807274,0.2594786320695841,0.24769225764244399,0.22087439094420297,0.39776239655844803,0.24225199417939758,0.4388621752154204,0.28141895269313205,0.2738981498447286,0.2788969678087861,0.24073269166978184,0.2403909995644713,0.21818953214581208,0.2522322209476524,0.2552000506618579,0.32406973530700234,0.23408811796261764,0.2527129776034167,0.30688267272959513,0.26727408409597364,0.28194445063707796,0.2733716228549029,0.3147063241563907,0.34691727317762583,0.36644065692468747,0.27002355205327844,0.274855479080169,0.27205235090781377,0.28935479486377724,0.28286999617877545,0.27549545167240197,0.3051944867933315,0.3169621992965167,0.2399889221457823,0.30421184069055734,0.23633594060697038,0.2693027703181614,0.3296411637423307,0.2241458068170567,0.3386525328935415,0.22476802213968805,0.32585518915891204,0.314163756849844,0.28629595337476993,0.23420812210329284,0.34891958637449494,0.2455567761352596,0.2651062074716102,0.333453440892938,0.2517588594457789,0.259014803313838,0.27038803686955004,0.3199192012385514,0.31847173179109883,0.2907652203644175,0.3398279925566432,0.2638117277617306,0.30921399855448334,0.3683492883690548,0.22405572121751036,0.28072451160010686,0.2874021817907459,0.28075261697272413,0.27339664340928216,0.29607586550830145,0.29736060353863414,0.3744989704509239,0.2887459535774909,0.3154855539543927,0.29159108519610805,0.32853575983277206,0.2805821063977321,0.24532075100944659,0.2522009140462465,0.2624898815160856,0.2760028935936106,0.22028572882651637,0.3550636573460878
0.2706954949544199,0.4017512902983116,0.32301608484016847,0.24634039770905886,0.21484572537388266,0.36308430399459013,0.2825494957322668,0.32058741013880804,0.22998148462742407,0.2757775189396187,0.3287529024696666,0.0,0.2759715063377786,0.1939614578511859,0.272338412372634,0.2905446764786486,0.2721144431688478,0.23669748205033314,0.3515540257971124,0.2767278366410559,0.34193110527885207,0.3259677606221888,0.24880208960057967,0.314205059322426,0.3607629158485142,0.21745011261444405,0.2177571617320401,0.2277561021015149,0.25671378951112894,0.26367572455397775,0.2911800776478613,0.298836978847972,0.29185577479714425,0.2565775870373098,0.229364685497473,0.28865724243329255,0.31353949299594885,0.25118988769214273,0.3156199158563532,0.27270183664490766,0.31839070280176107,0.2786088865101172,0.2720289296040334,0.28289667604308316,0.3016730220068739,0.2731736919267914,0.29372018222350965,0.31110852379834647,0.2768213654999067,0.265376854282887,0.30358063876023406,0.2778582568590073,0.22775614091812627,0.3239199459943132,0.32649405755637995,0.24922915537493312,0.2930531704416121,0.34153943150232646,0.2382290580666958,0.2776449267092631,0.2593264339662854,0.20537150284566094,0.2822921289269225,0.21281500281830967,0.21578341929743614,0.2459088739964268,0.22484223926462907,0.2571248941297521,0.21441047677833097,0.2569562026558631,0.2652506240793369,0.2009379579287718,0.2054189590406758,0.284112149277915,0.27070015343744336,0.231208491851082,0.25638285243720604,0.26019773816922287,0.23032791583020043,0.1917106132355728,0.2618241548282362,0.24813570100434645,0.3004285539183549,0.23009856591905736,0.2327578407304245,0.31688172784126983,0.24701137146186955,0.2140944324430142,0.25552347133699166,0.25209870258897493,0.25230439445932695,0.2565997734474401,0.28845661252409965,0.2660437897032011,0.21508194850730433,0.37467913189122853,0.2238062581845034,0.2833284192148788,0.18185586403296244,0.2400478324749201,0.21001047180853186,0.26496154479586004,0.2207365362433215,0.3448200503134122,0.23490721100877954,0.2688649697225149,0.27231497753624223,0.2631389999718367,0.2781931308615324,0.44221745142035773,0.3616497064171743,0.23299643122777194,0.23230863143739297,0.20743705680138944,0.23987955730678215,0.2785692935164533,0.2574988632669838,0.29676376999342097,0.29648338685354186,0.18853666017867243,0.21918167537663547,0.2123567999817286,0.24541020807300593,0.2990633210691367,0.19002309138569137,0.38096896188673257,0.2018363763730365,0.3399133644504366,0.3191772922035882,0.22689486226992778,0.2302041938069097,0.2650825094743584,0.1984346306377568,0.23182668696286318,0.30144470611502416,0.21232455708534625,0.3149365299364441,0.23372364255382913,0.2612672270235237,0.2896693340701094,0.2355202413724089,0.25179700603571026,0.260029207572428,0.2453297660518016,0.29110981427697735,0.2524643566516886,0.34679324533070877,0.26003169038043594,0.3511762203795592,0.21505062394692348,0.2608157535245323,0.25651525464706143,0.25584762605684236,0.3084720797754062,0.36279331388520714,0.2750047370036729,0.3116273786857022,0.31057885254399875,0.20214068718433975,0.20988313658233373,0.21142162616729487,0.23246810627163866,0.1995748029838126,0.26473429823733297
