0,1,2,3,4,5,6,7,8,9,10,11,12,13,14,15,16,17,18,19,20,21,22,23,24,25,26,27,28,29,30,31,32,33,34,35,36,37,38,39,40,41,42,43,44,45,46,47,48,49,50,51,52,53,54,55,56,57,58,59,60,61,62,63,64,65,66,67,68,69,70,71,72,73,74,75,76,77,78,79,80,81,82,83,84,85,86,87,88,89,90,91,92,93,94,95,96,97,98,99,100,101,102,103,104,105,106,107,108,109,110,111,112,113,114,115,116,117,118,119,120,121,122,123,124,125,126,127,128,129,130,131,132,133,134,135,136,137,138,139,140,141,142,143,144,145,146,147,148,149,150,151,152,153,154,155,156,157,158,159,160,161,162,163
0.0,0.605196682522596,0.49424632487825937,0.6296521761098356,0.532845851636809,0.5712845221428785,0.6466210815448941,0.5891602522772866,0.6976630951496322,0.4965088358448438,0.6330961275236608,0.5594457567759,0.6666888936493975,0.6605174841997796,0.6496823363540828,0.5875515103282402,0.6268675350928473,0.7713056659032158,0.5979073249768109,0.7283352137463767,0.6357231730706357,0.5945377197159748,0.6043667991109002,0.6524600111734028,0.6406474578990469,0.6351167607707514,0.5962771284931692,0.603292815818644,0.47577936780536556,0.597549214641297,0.6755278269059546,0.6227731364883989,0.6298286769700221,0.6231264523736633,0.7190802876187934,0.5908136562820364,0.7169754560357212,0.6827018700590205,0.5830384362191251,0.7014690027592496,0.6144996403753598,0.6641977724660493,0.6555688632683666,0.6699928144863543,0.674025613601722,0.693465334979168,0.5781024642582876,0.5772913322570983,0.6911231040498065,0.6626330826114334,0.6894866199311762,0.6355131077465636,0.6372109186471663,0.5961264708608517,0.5708423382241526,0.6370956442658677,0.7471919791633038,0.5916148971869667,0.6657032167463725,0.658482342520508,0.588135737928968,0.5835025598130352,0.6496338822631469,0.5788691083287077,0.6865125103191291,0.714935898057444,0.708477698548228,0.651818447934359,0.6160791330925826,0.6534192547052176,0.7166849628247206,0.6841347834258664,0.6778730809667213,0.6673832727113783,0.623495471534866,0.7120869981085661,0.6024061725160593,0.5784736296086734,0.6715011278998855,0.5747278897163524,0.6052003680240968,0.6751265313914407,0.640235917756355,0.6208277857564333,0.6791513501915992,0.6952427994501944,0.6533413719749966,0.6731814523391935,0.6365161984173359,0.7000281642302411,0.668227251751956,0.6533370439034133,0.6065345985369007,0.7333029023567438,0.6774661349098268,0.5782079417458162,0.575999084954597,0.6103956260076132,0.6085977295672733,0.6610230877599383,0.6766977362755866,0.5679119762686462,0.6337263575070187,0.519237217593619,0.6803975063042992,0.6273430471738602,0.5883825010686965,0.6100956864967475,0.6623384144817056,0.61773904704599,0.6624150807055301,0.6860540890238458,0.6643605249732493,0.6090948980126102,0.7184220050040113,0.6588304874564012,0.6754652440316372,0.5329750100138557,0.5548253216550307,0.5947843159956591,0.6571623188466461,0.5700639559298338,0.6883690923442886,0.703346367008234,0.6649936162083802,0.5550136933817755,0.5776195056696913,0.5979737652104051,0.5491415083547383,0.6687816240374111,0.6083864156527112,0.5840139236788737,0.654668508536724,0.7003147260579674,0.6128009380425153,0.6434703834913279,0.66351881104697,0.706117862738755,0.6179277104406052,0.6649134087221715,0.6177753267442054,0.6295018792918466,0.6742200829034255,0.5920942865961615,0.6957073421155224,0.7181509896662315,0.6247940312598925,0.5781251259033747,0.556844898525941,0.5082922001708913,0.787185437323412,0.6366218469830308,0.6251751032447646,0.551264436347922,0.6309142292137168,0.7527995603268618,0.6310255916866813,0.6103479942015638,0.6846933866634303,0.6303164986711375,0.58133094392417,0.7472098604547003,0.5866489871333491,0.8005663618878709
0.605196682522596,0.0,0.6198404899930583,0.6243868202070145,0.5135901733597269,0.6664426926678921,0.6204114788129358,0.6286164187095753,0.5903112501136585,0.6507519563294883,0.6688907047235395,0.681158486457126,0.6441248015704544,0.6306326804786843,0.6206437987852383,0.6262570290694854,0.6470975156495601,0.6119950478394695,0.6474309960519257,0.6395638415559719,0.6703704316042032,0.7176736803207817,0.5610343273609081,0.6267966674521244,0.7083555858492822,0.5383408512315097,0.5825705912947546,0.5763411819563048,0.6179588783008276,0.5641093918823932,0.6542523410525259,0.6788965531100706,0.6728879890904662,0.5764634521730533,0.6142957186212,0.6766045770851896,0.617560034471901,0.635489045546113,0.6414569070766226,0.6393136994169425,0.6624240355331323,0.6699495396658213,0.5902021779360375,0.6406231267583077,0.6726779312779886,0.6019084418735656,0.5688238849828207,0.5955263762885151,0.6253898261354721,0.620805457989379,0.621690852551034,0.5762669177397751,0.625276288846683,0.7327069129349698,0.6703992803042291,0.6203160639337969,0.6095663344825505,0.638264424435991,0.6832809100030599,0.6265093698731979,0.635594450652895,0.5539708113185307,0.5947459261244655,0.6156322205990151,0.57739661298971,0.5929988927823687,0.6161281147667754,0.5808053544694423,0.6236133223876522,0.6172514185207292,0.5895688399374105,0.586248435111047,0.5817043630175773,0.6572659171189215,0.6918829783174433,0.5791271279148758,0.5849649677656776,0.5916940586204177,0.5628142363616533,0.509330616055867,0.627714248169244,0.583068062320795,0.6458354880967909,0.6128953890101353,0.5833308685108527,0.6568205017991597,0.582301102873494,0.5781677866285142,0.5933438325363817,0.6235050675773776,0.5780270321554931,0.6395767422114362,0.6529247466440227,0.5860470743326786,0.5991947581251554,0.684113481858897,0.6101693282132232,0.6483321570831946,0.5479796828522356,0.6069221124891209,0.624097543881842,0.5781434825517607,0.5600118282521687,0.6213964874611267,0.6002185739781313,0.5761587249742591,0.6243581010598104,0.645100566601272,0.6482818809131322,0.6879594059745895,0.670206566378868,0.572961040446274,0.5963551134699577,0.5986536444577929,0.581209182519702,0.5854000037810593,0.6336514968959358,0.5860474656340534,0.6535875769516513,0.552580405723279,0.5561895629090404,0.530923886589684,0.5818394180042361,0.6299358609331642,0.5536922597472111,0.6818508707738672,0.5570949270243616,0.6265398237019282,0.6986982982948837,0.6150630415121074,0.649638352207124,0.6126133200683469,0.538271366388945,0.5925768848840864,0.6640516148172683,0.5774882635895404,0.6146122229521089,0.5988945915247117,0.6534485335118627,0.6270345113372635,0.6368958508453714,0.704360170534465,0.636599950599313,0.6506711179245332,0.6900408021755926,0.5823537970166465,0.6180094792586086,0.6386277636013256,0.6914804559998274,0.5905842171866306,0.5799837603714815,0.6895130284914588,0.6447361865932875,0.6579995203187102,0.6971174276412682,0.6352669222572442,0.5649461223036111,0.6166210582867944,0.5866456770365256,0.5404356188715495,0.6210454903416556,0.6000094793410559,0.5657655747773931,0.5813853956929934
0.49424632487825937,0.6198404899930583,0.0,0.5226701504939751,0.5137026204030479,0.6495828374493382,0.5096189185622595,0.573561702592918,0.4787243319906795,0.614558316716038,0.6053357488014178,0.6257565255933223,0.5742021946439113,0.49665976764867015,0.5229764314105901,0.6459181497129525,0.5950881920541174,0.5057523066715434,0.5373867477861723,0.5135556216389828,0.6345704701849545,0.6563707247979443,0.4732112427103392,0.5548454191804738,0.5805592717701712,0.5231121962988899,0.4870639108590342,0.4843246108563903,0.5937770568333508,0.519837761146517,0.5177207539143244,0.586464224723409,0.5598140167396152,0.4851713521964136,0.4774960240037056,0.5708206187892145,0.5443460597921168,0.5437354692332513,0.5639616186367087,0.5374043840964461,0.5789932060368738,0.5756348004845616,0.5561968698891805,0.5626396551537757,0.5601586406676062,0.525446020665874,0.557021393163058,0.5924334512332939,0.5078563731715283,0.5339739505047729,0.5423042438091289,0.5389245581080343,0.500642000073008,0.6256498535603552,0.5835529743519716,0.527505314056159,0.5120416267733656,0.6425488895644538,0.5247607920203112,0.5125645484622006,0.5606746856501941,0.5010321607265021,0.5750209392093428,0.5124791240725586,0.47969283490003417,0.5116238914818926,0.504994991604723,0.5531434061602886,0.5645537694558601,0.5494987708190574,0.526952900866858,0.47134939526937647,0.4842450359483695,0.5835405967009615,0.5999479443651722,0.4649136127960828,0.5471541474095164,0.57932893419212,0.5062972957819989,0.4761406574053721,0.6006793778336892,0.489410964757937,0.5936164379094996,0.5542231664402638,0.5001528343857214,0.5582902224175922,0.5167241792159404,0.4776605336965182,0.49630372416587965,0.5145047883728259,0.5219766329055582,0.498162857021633,0.562467633942685,0.4750526105238606,0.4949522021775737,0.6109721692616131,0.5300283993716953,0.5475152991998945,0.4537918105145776,0.49954600892881984,0.48857087586141074,0.5600990724160736,0.4818518417055156,0.5713472886635804,0.4995671583622816,0.5578559769058787,0.5891069102539082,0.5665990464148275,0.5615122840910277,0.6154646334609731,0.5623528662543444,0.4904545271223012,0.5094814223992773,0.5107430217337355,0.4985116995400568,0.5222307008331538,0.5096580072371668,0.530697882132593,0.6555756296442371,0.470189028668734,0.49669502511362074,0.49011948699124747,0.4942820183142276,0.5495525971564997,0.447061198614487,0.6424857698843781,0.4897749085869415,0.6008544327159436,0.6399566259702915,0.5290410118509269,0.5473733819310281,0.6367747813696101,0.4579372076439673,0.47965172030934405,0.5642495251752745,0.49588818029454185,0.5481071609935568,0.49790717746681745,0.5567650774586075,0.5323286583828932,0.5212462628742619,0.5921674894203787,0.5021287740599333,0.5469964417417404,0.5887065359725865,0.4966322897723858,0.5670804903852248,0.6065288993452396,0.6242422730043039,0.5552223032685223,0.47274584602146397,0.5340531346662996,0.5361056204322926,0.6603389098764006,0.6246595402417807,0.5312248140168688,0.4832556245278207,0.6039625723302657,0.4575512972398703,0.4704795336219585,0.5590905970994907,0.47515445208293927,0.4947455221665918,0.49551323100463296
0.6296521761098356,0.6243868202070145,0.5226701504939751,0.0,0.49729425379584097,0.6082540987998092,0.6378467180814626,0.6523903900809295,0.6041527357201432,0.5332282889854905,0.6029624071543569,0.5873699465802219,0.6306955476811972,0.6191048112465232,0.6014422346835593,0.5781250251500575,0.6450123765636603,0.6580368227270887,0.6326330390301313,0.5871644354102733,0.6459296885284748,0.5823881630785489,0.59720105427832,0.5778722136310687,0.6270641141638548,0.5912760582153407,0.6263015937502809,0.6279742179676439,0.4881455466296048,0.5643252021379819,0.610178355618334,0.6257368320270956,0.7491269089203176,0.6131097986901416,0.5890671906227695,0.6190029298190485,0.6019717767410688,0.6321988303671812,0.5683496635971534,0.6819664118543379,0.6521478244557818,0.6534939082468116,0.5907970939362344,0.5976837588955846,0.6561263952812459,0.6684231546179663,0.5440178119446687,0.5183679938789221,0.6166529660715592,0.6185614337424127,0.7021829259935466,0.6360227179187279,0.6577190003419724,0.6653953901148529,0.5906957896281297,0.6046399290764108,0.6587990771858405,0.6429252387023747,0.6500718150002961,0.6623826211565065,0.6363112661064525,0.5920370796709301,0.6592310961485321,0.5448835812066568,0.6009954309333101,0.6589039722965688,0.6640907886854135,0.5726224134488662,0.607328948790845,0.6661758130243884,0.6110922249982473,0.5816410480252319,0.6434537894568229,0.715416215347207,0.689104314699789,0.6018690911201202,0.6227403490804984,0.5683262573098975,0.6324209561960143,0.5204986666196202,0.6083756787979989,0.6518983970199618,0.5979996678771404,0.6148890583163998,0.6692817687632104,0.6546929688769824,0.6141143281029852,0.6323913032769559,0.656010847840356,0.6226364119841288,0.6517863975515519,0.6703517776971708,0.5993766684379362,0.6285761612387446,0.6654399936974983,0.571487080487646,0.5977714287428219,0.6375136340290397,0.553931964987664,0.7164913493510133,0.580248016217543,0.600417968729417,0.6729500868146157,0.5559678606436991,0.6638127669827993,0.604441840508917,0.6526200310224287,0.6154963516181468,0.6608439741626824,0.566118480778722,0.6731042173167345,0.624748774618281,0.6433626294131498,0.6430232377759002,0.667001036983814,0.6513851738129639,0.6651493418247909,0.5030983011302028,0.6044046696936027,0.6084713589381211,0.5488485917033351,0.632116819819954,0.5758431135560023,0.6557311005702292,0.5373166319903311,0.5723392511355821,0.6266374027391488,0.5861077037405108,0.5885953454497094,0.596615422231979,0.6120422172938479,0.6025837630023043,0.5813241027165481,0.6349273934518099,0.5564664318053301,0.52626902349018,0.5414983659297733,0.5987520030687227,0.5908885826781957,0.6384983522123087,0.6479113569050464,0.5977345183524142,0.7063025764006067,0.6296229646500454,0.6140922181517724,0.6242184367296361,0.5804503023182354,0.6234196076300231,0.5511404928216931,0.5230937967190978,0.6397505952328545,0.6585867957117486,0.6215938772220502,0.5649151146423712,0.6844419000043067,0.6338115178343382,0.5577758073729543,0.6298739248934773,0.6280038457868382,0.6156186693850652,0.61082672296651,0.6160512886047848,0.6004660316869187,0.614962536558095
0.532845851636809,0.5135901733597269,0.5137026204030479,0.49729425379584097,0.0,0.5003124665324865,0.5841435807232259,0.4706326514957668,0.5021166689874959,0.45114901603405216,0.5505257940610309,0.5395198866258748,0.5031892939178341,0.4836372907101066,0.6018566517092216,0.5504522306416993,0.5386639688176781,0.5348781681468473,0.5007717025649167,0.496749598536098,0.5858552589869864,0.5720153521963804,0.4961140371967049,0.5956202292233753,0.4992498239517235,0.5630953082555784,0.4698021222104868,0.4458077600055853,0.47078614197346647,0.5951081455137216,0.5247833680876614,0.5142548768869599,0.5487184647636738,0.4659565047841494,0.5047218071230121,0.5288122832055714,0.5344267892402952,0.5340729525734732,0.5677347856491648,0.5568143078033848,0.5884113677498708,0.5393914996008523,0.6016053244659222,0.6228489454176296,0.49885466206374324,0.5369360957725033,0.6455401061605182,0.5549391213221114,0.5361988801881274,0.5769341426432717,0.5911912607942036,0.5604085915258714,0.5190266143851526,0.539272746995849,0.5233618535768205,0.4957010447378217,0.5488410575644028,0.5771372442275936,0.5002635639497779,0.5226500453260454,0.45099245863917015,0.5119136480558113,0.566538366051968,0.4884293361503559,0.5363725749865756,0.4979243816105137,0.47664839290327926,0.5827483942078878,0.5089455652968338,0.49228610059425876,0.5777753528527433,0.5033282577101236,0.4622553784005154,0.5404362056288855,0.4931508957160681,0.481767246104556,0.5236807158311836,0.6461117802090909,0.510200425256859,0.503849841172246,0.5240511570629901,0.5247655804624798,0.6195218604600713,0.47235249892478587,0.5063439835752225,0.5247643959816793,0.4638248091815146,0.5062286616837044,0.46845444007089254,0.5012175984969224,0.6199619477715548,0.5133125354131016,0.6021687708713235,0.49832882088287417,0.5105708182748013,0.5275163375728337,0.4688798903457263,0.4801192479582649,0.4948135426347767,0.4732107364057866,0.49582033600351627,0.48492019962993943,0.49651736274788977,0.4782472448438676,0.5029135556692196,0.5483923192909148,0.50398148768448,0.48022386038774983,0.5836955394977773,0.5269284763264651,0.5542403235966343,0.5377610642259486,0.46612750941400444,0.46971323548606264,0.5239403385782261,0.5310448662171618,0.4859240675547657,0.5083576179960558,0.4975146191798451,0.46052211681062244,0.6556577851015302,0.47526489232471875,0.48132857988503286,0.6013279791276628,0.47784059386997724,0.5245704594784407,0.4784834507690036,0.5769419183110904,0.482898421086582,0.5531536842014599,0.48228940411895105,0.5396122566871346,0.44701940766217557,0.5076996836776899,0.4971768879271567,0.5736490232586522,0.5684910998825143,0.5851697878062941,0.49540671201938113,0.5617472609192796,0.48055536028154067,0.5332206831040514,0.5119006741020231,0.5051779681366646,0.5657944917976322,0.5301268385652037,0.631923501093039,0.540804188101451,0.48635821137388,0.45872270283240374,0.4968877987463354,0.5177968597870234,0.5343993455465903,0.5694845039518366,0.5388332702624653,0.5105088981686474,0.4734454517925889,0.5549762650865124,0.48272728869298354,0.49737323478800893,0.4887240042630848,0.4942927591785718,0.48134923334401125,0.5815476602793639
0.5712845221428785,0.6664426926678921,0.6495828374493382,0.6082540987998092,0.5003124665324865,0.0,0.5605657291738327,0.6240729729795933,0.5333617626827226,0.5947007735975711,0.664787416829423,0.6260371901145393,0.693084980154962,0.5610303313226963,0.5377750733439646,0.6753393417796838,0.6578884980453501,0.554335516497575,0.580343432681861,0.5604671388798047,0.6666787555683865,0.6341769276989762,0.5091046865545638,0.5858113733468229,0.6443069300218619,0.57372479345654,0.5273459539659896,0.5576500950841079,0.5565256544778456,0.554169127335356,0.5584265307176133,0.6688265522846227,0.6177105437445081,0.5528109021361051,0.5266323867323246,0.5748009377556113,0.634781492773835,0.5821616734213776,0.5611511891878848,0.5965562497030733,0.5842802290288321,0.6692291772012395,0.5627655668368099,0.6110819007563613,0.6115960044068387,0.5766921943217522,0.5595636895546994,0.6084162101144794,0.5559002116352569,0.551292754440395,0.6025582388024966,0.6080438923293372,0.548268281307212,0.6622721307977646,0.5966930661879977,0.626607313547178,0.5713745746140956,0.6723417010411773,0.5632345017739634,0.5610040370873927,0.6679867189898725,0.5495370296292283,0.63521332460098,0.5158935895275628,0.5152895545687315,0.5851717627036649,0.5985162946895576,0.6089270313043109,0.569843586737455,0.6179919418001086,0.5836958591246194,0.511162461957198,0.5717493865432173,0.662965915146532,0.6845855219029323,0.5417313159218997,0.6149180661732153,0.6024998266460415,0.5486154163918854,0.5661171231617107,0.6930416712703289,0.5397204408998083,0.6480251992848073,0.6338570084660897,0.5655059500208517,0.6125287421468258,0.615127005538406,0.5223110833460887,0.570919561019688,0.6022307135406736,0.5657099169831374,0.5550377529288323,0.5707957155499583,0.5542608550081118,0.556718295042106,0.6380998249885599,0.5662338828111895,0.6092990284703791,0.49445695374292176,0.5893483560794918,0.5460096435770387,0.5862383748498073,0.5286793966866323,0.5482534916701491,0.5535254287144394,0.598994433660168,0.6266229264786957,0.6259515582835612,0.5922455570019963,0.6890882843751168,0.6463126916084061,0.5295394059913836,0.640447030132177,0.5705536070847441,0.5627324644011632,0.607670275157417,0.5920731185743562,0.5140748638510201,0.7201413145622243,0.538479581438633,0.518880738339163,0.5387156667355256,0.5769018648670761,0.6333694806876551,0.5017530947106973,0.6448541336558693,0.5490991672060962,0.6208320239458556,0.6443007908713873,0.546942049387245,0.6147890495345744,0.6834319636117838,0.5425192812923287,0.5506489851291803,0.5791325442383952,0.5156725450351102,0.5788593442628714,0.5262547933318674,0.5540620464335829,0.557491555085109,0.5818672431268189,0.6530574930437244,0.5681440646735184,0.5678358323309135,0.6399159749795975,0.5459962535481688,0.5806076306681843,0.642665223241911,0.6006380571060411,0.5647723508119,0.5399012038661392,0.58830413054811,0.5537148776870852,0.5962324547208422,0.6726640428578661,0.6041479087777047,0.5638049063262484,0.7101706750234734,0.526589216142902,0.5554958854875948,0.5989295451226571,0.5544554146124879,0.5338884478609787,0.5634286880210954
0.6466210815448941,0.6204114788129358,0.5096189185622595,0.6378467180814626,0.5841435807232259,0.5605657291738327,0.0,0.5494196608366025,0.5855242752011506,0.5334244686188558,0.64069275413421,0.6231049208298869,0.6014537537809325,0.586380084166815,0.6759314661274355,0.595811007498229,0.6239156776933907,0.6632819768530325,0.6339599086347164,0.5820227195985246,0.6226165486385126,0.5985809207947431,0.6685431473979282,0.6487771701615777,0.6310508674335191,0.56573061072609,0.6167844211208627,0.5839309115213847,0.5229678216652334,0.691429138925445,0.6356561382223349,0.6410557713715765,0.6557533947331722,0.5945561537618846,0.600423290122693,0.5827451224521162,0.6294103694108695,0.5992731574145064,0.6184758197289603,0.6998580372021908,0.6224242293932123,0.6277981115586572,0.6226726388818042,0.6491077625022209,0.5966908296030993,0.6403321088636283,0.5866703230768537,0.5549500297988091,0.7450454510124033,0.614461080927596,0.7058144590924887,0.5765704532366855,0.6242867364781566,0.6183523095732699,0.6248527285852375,0.5724490166863679,0.6588210271803078,0.6233541028224077,0.6396801872915951,0.6439398523011661,0.5397799676605322,0.5496301198966416,0.5838729311335987,0.5347467516805452,0.5977155507291253,0.5820023870814789,0.5872831666082319,0.5947501766779975,0.574555630351557,0.5901592289784452,0.5962115159991894,0.5974186615261051,0.5464140499277395,0.6511133508107677,0.583812097880281,0.6422535437076632,0.6275054321124283,0.6612441885131434,0.5673606042127435,0.5519384923025638,0.5660574532755784,0.5905118203229118,0.6776874680660178,0.5361147732404923,0.59300781128685,0.5893123123822748,0.5439128844863779,0.6319903345543304,0.6071156907586103,0.584495318581087,0.6641485467975897,0.6348644937730488,0.7042956340518952,0.631116885048338,0.6020754541507536,0.5881666083770462,0.5144529404654086,0.5578174160453241,0.5453446001130446,0.6001021938317915,0.6118799731587868,0.5572987989241815,0.587770762266317,0.538969767909423,0.5841756322167784,0.5768862116955475,0.5748606476895826,0.574519067683599,0.6837173532214698,0.5924420880460455,0.7047126523969791,0.5939844185171724,0.5532938293285563,0.5781946129071278,0.6079627151276062,0.612355028103546,0.6278731708528784,0.584968969885561,0.5457794850168916,0.5378810538309481,0.6119035402291274,0.5342359234826163,0.5436174400078151,0.7444072644092321,0.5419195438517589,0.6046190541153982,0.5400714578228126,0.6083069530265548,0.546462803920134,0.6033703673178695,0.5724765151067384,0.5522956697610395,0.5480285906026027,0.5796664593758435,0.5454146869834986,0.5715196060683932,0.6172494686320567,0.6524037218809928,0.5782746630955803,0.6816598535554896,0.5893658657227143,0.6068437474046231,0.6495589011576745,0.5656594459843133,0.636057493582019,0.6104131703571313,0.5932477557872352,0.6329703797324723,0.550092565525916,0.4928368580150624,0.6107471795600369,0.6817706140686147,0.6284039019252072,0.5905123788652183,0.6337780720413079,0.6069226608444828,0.5958226036309855,0.6237496459335821,0.6305189458051358,0.6400831255793751,0.5655344749381672,0.6153312242020768,0.5537275601345105,0.6548671765106892
0.5891602522772866,0.6286164187095753,0.573561702592918,0.6523903900809295,0.4706326514957668,0.6240729729795933,0.5494196608366025,0.0,0.6009239525079015,0.5809738220132245,0.6031378004530347,0.6020750803510334,0.6655038614566243,0.602961069502302,0.5698130587174562,0.6215547581974078,0.6249066070217272,0.6192529072926981,0.596996617080565,0.605933532430584,0.6242357383923484,0.5980984858064546,0.5511942970556647,0.5407095862161118,0.656068689500322,0.5741044080753501,0.6339215693432563,0.5933525672468897,0.5057483450981669,0.5551839635968653,0.6295259894228608,0.6586642192250954,0.6448852716654231,0.5891046988267772,0.5597261561034543,0.6436552731971363,0.6180587034026972,0.6622604980334496,0.5797660122350287,0.6005631515928604,0.6048003924116613,0.6193629419749849,0.6159810347836463,0.5600711224610291,0.754828723853492,0.6486976623601001,0.5360503257575242,0.5343052976645247,0.5766752500924228,0.6093943822393905,0.6221524468101405,0.5707590821683098,0.5794898879488085,0.6318587875699029,0.6079785239165265,0.5945426179747741,0.6042532465247433,0.667012355821297,0.6191956374621599,0.6308839565027288,0.7046744437326357,0.5969591773940889,0.6422945188241007,0.5715574882560855,0.5543171198801009,0.6405750435871334,0.6467798380050199,0.5773888599175385,0.6853945691199743,0.7710412126964474,0.5956506992488094,0.5650182191276031,0.6041610741394845,0.6820002088948334,0.7510642622631288,0.5647219425516519,0.6191478637995035,0.5455938176623426,0.645401193613266,0.48566080789958954,0.5977402485667846,0.5951865736920663,0.590428786889078,0.6839111048426495,0.6155421552198383,0.6817323336996507,0.6912901885509842,0.6148919394012156,0.6615974262481683,0.629846598656159,0.5884265625495341,0.6100239360204215,0.5802374588492943,0.562987533115298,0.59274012505024,0.6022948290950428,0.643982750450165,0.6413006588737767,0.5285330294198236,0.6542199887630268,0.5762829054924684,0.7220138076625846,0.6133995226589719,0.5849006111327022,0.6519513399553308,0.6233681430516659,0.6915917773921344,0.6337257908326298,0.6229997858372367,0.565794545003598,0.5966208790797707,0.5891646757106225,0.614411946488321,0.672690107350263,0.6183068353338257,0.5907295254234138,0.6114554740692545,0.5273068654615506,0.5906024173773095,0.5850146478508305,0.5194271045982275,0.6549966785978633,0.5516500668059748,0.5938002222552919,0.5092130493252217,0.6045797980899089,0.5913623385188244,0.6459152004502702,0.6290728941123196,0.6096490678706169,0.6591414225935711,0.6344173750402874,0.5885362759596222,0.5732563876156341,0.5917982177543347,0.5107763524896692,0.5594772327440269,0.5593722531798999,0.6421394126712255,0.6431666209640162,0.622728816195759,0.6295936455794017,0.6132205130654633,0.641858771792713,0.6286753313072064,0.6045291465854198,0.5789417072949776,0.6269959357647147,0.6170973287160624,0.5657552871617451,0.6020907625551875,0.6063512243969882,0.5983556200086981,0.6000246291885722,0.6876676975553477,0.6652949634517054,0.5325547097937963,0.6115010473764909,0.5403507069989925,0.5525349881241678,0.6063898144357683,0.5646479561194235,0.5900057019777893,0.5492418190010708
0.6976630951496322,0.5903112501136585,0.4787243319906795,0.6041527357201432,0.5021166689874959,0.5333617626827226,0.5855242752011506,0.6009239525079015,0.0,0.4874328274324364,0.5467085861343575,0.5202395200960239,0.5840434512105269,0.6863204623061606,0.636129519368749,0.5259959055609104,0.5550315237892983,0.705595069258784,0.5426793434534366,0.6419621286243091,0.5800693443427983,0.5779659199146665,0.5442125078501018,0.5500455535738913,0.5836077189728893,0.5694800038456768,0.589928656838602,0.5299082988269312,0.45504574300127837,0.54985614494458,0.6871043099007216,0.5661092338810981,0.6264155296326022,0.5390885145824261,0.6826060211849656,0.6101715174308575,0.6092068955179715,0.688903656877564,0.5614528823254541,0.6092512071354943,0.6081739479226299,0.6364535919331491,0.5999017142689014,0.5912345503114349,0.6370770700881354,0.6349292174161013,0.5576948915338034,0.5099498427156249,0.5914244922129832,0.6593983021014812,0.6279765933598649,0.5753514788732772,0.6601783151619941,0.5665124152859676,0.5352809763403896,0.6436927216327545,0.643880559267675,0.5583842142019118,0.6541025218723827,0.6343995320757875,0.5615266426534791,0.6205118232048876,0.600533147582008,0.6058948030115487,0.708890442620453,0.6531897438577533,0.6824268105334513,0.6164330971976631,0.6211108229574718,0.6417323978350626,0.6994912391084533,0.6903057225430117,0.6585016288243528,0.605257056538874,0.6041838962964389,0.6262749653862011,0.5443895937912582,0.5325153696045458,0.6315630607234292,0.5015615666317114,0.5749646454323388,0.7543195295379664,0.6013424949297029,0.5947879129878928,0.6511169081361882,0.6900459697540352,0.6241007925419877,0.7003799230346982,0.6080062596312653,0.7382003140357724,0.6348905619369503,0.7319280547825434,0.568989526641345,0.6142750669590665,0.7129739461053893,0.5693605857717023,0.6245450314815082,0.6042551623731304,0.6717632883743784,0.6287414154450744,0.6512095442747535,0.5519735427966236,0.6517246248216066,0.5227881070016531,0.720694647865007,0.5779482273073263,0.5629800195982926,0.5606400891289287,0.6232933809017547,0.5377025313969986,0.5670075642353081,0.6962688501165746,0.6184595630208097,0.6325258893246127,0.650655613438564,0.5865457016408215,0.608227965927955,0.4959857331103421,0.5089473905502273,0.6388008450724209,0.6121669283998226,0.6142492019307797,0.5909652785715068,0.6080942266093459,0.6770630144128624,0.5177269111666956,0.608323527099155,0.5724368138302618,0.5214136787662008,0.6916531932810527,0.6380479476186498,0.5651338152313062,0.6054932959558351,0.7451390268024365,0.5811065392958076,0.6292489307213518,0.5657641874801128,0.6598750524336375,0.5823076095323648,0.6610809044287321,0.6194315860551807,0.6096024667877022,0.698122712848283,0.6607631063644147,0.6374585455588391,0.6761585761370966,0.6431522317382327,0.5611505572665937,0.5378979569886265,0.5071279729340087,0.6897635496955328,0.6289306490273984,0.5904910120181347,0.5519023490356121,0.5943448230265028,0.7150523460508835,0.5263063989344972,0.5520997856120078,0.6344010147628842,0.5545043336262073,0.580627720088514,0.6873117753980599,0.6433961165552489,0.6502502171616403
0.4965088358448438,0.6507519563294883,0.614558316716038,0.5332282889854905,0.45114901603405216,0.5947007735975711,0.5334244686188558,0.5809738220132245,0.4874328274324364,0.0,0.5826880066735103,0.6199212769876232,0.5740272016209493,0.5305367728117126,0.5086339170288352,0.5940723790377761,0.5694784574836287,0.5210079436098282,0.5605599208989366,0.5222795730269438,0.5536826351611427,0.573956715838628,0.5247445818568787,0.5098742868500266,0.6682081578455733,0.47654480514072445,0.5548702011468195,0.5337238068332195,0.6830550180365401,0.5226362965904743,0.5449984666697493,0.628459201341195,0.547817565921306,0.5222571495077662,0.4979348842470147,0.565206664038665,0.546293896519885,0.5442528942719825,0.5378399945773051,0.5339662674620513,0.5380342617089148,0.5588228473673019,0.5257132373070358,0.5252367271358667,0.5751651252578514,0.5202660329037978,0.5046084255596333,0.5341378641051736,0.5529053959181774,0.5051415695574984,0.5187132101772179,0.48153872660645197,0.5033789750809275,0.5774567217491624,0.6190419028064478,0.5349839427231082,0.5013679505806742,0.5812019451278831,0.5745228659757239,0.5212993298781746,0.5662163844839267,0.4872047488597145,0.5069903172009654,0.5339691959348117,0.4680732530308338,0.5013266854292951,0.5203829321243129,0.5109183049466762,0.5881293974397529,0.5697051320103222,0.48450712819211,0.49975741817696423,0.49144245251872526,0.5591571394610009,0.5979318169409232,0.5148056566276179,0.5338819958875809,0.5448695833443636,0.4960091069780711,0.46599284094472176,0.5602130742588532,0.47206346995803156,0.5599281443966698,0.5599744076123578,0.5006556415369607,0.540417107231063,0.5282220040545917,0.5097639297748021,0.5525157298096075,0.5115404086122525,0.4950505816801437,0.5251720041026053,0.5657163506795366,0.48365146867548187,0.49709229221808665,0.6325031298041973,0.5020721380303471,0.571607858726167,0.4639810701630974,0.5241975241714261,0.5307203160984187,0.5587986645904639,0.5006067073906441,0.6441213465936652,0.504249558608552,0.5134284960816307,0.5634860702133602,0.6130910348686965,0.5525100088889965,0.5798162512409409,0.5542718120422208,0.48314452370092553,0.5130833317339143,0.5615624897159484,0.49406404739437665,0.4986477381406665,0.5584668711778379,0.5814034909315622,0.6008108651729952,0.49414788597006454,0.46043116071878804,0.4927812239435802,0.48881231807016823,0.5338845969156574,0.4594103686838933,0.6799276726367418,0.48134630051211674,0.5488237048625184,0.6681877612025531,0.5258841638864352,0.5925317274786659,0.5387067424547836,0.48527707357252486,0.47110487882627805,0.5398431697866013,0.47331853855609496,0.541885075410183,0.4943196787667153,0.5918381377302601,0.5483195038414843,0.570757455509774,0.6049447672120563,0.5153133845945969,0.5464745757251409,0.5824781753515087,0.5046210072172881,0.4967963806937834,0.6149235860714267,0.7073159799482799,0.5632815910896923,0.4834234337344744,0.6061934825259879,0.5224284437499944,0.6062371069098327,0.627766942782705,0.5352453975808006,0.4969869072464147,0.5632035750727181,0.49302466084366675,0.492058819652485,0.5960590126807046,0.5071855103938294,0.5183564894890813,0.47343113337501586
0.6330961275236608,0.6688907047235395,0.6053357488014178,0.6029624071543569,0.5505257940610309,0.664787416829423,0.64069275413421,0.6031378004530347,0.5467085861343575,0.5826880066735103,0.0,0.7000428696517143,0.6998699676096051,0.5659635989056881,0.6345469325976456,0.7156326487034294,0.6618227728849961,0.6100654789541657,0.6599040128964017,0.6288005409518046,0.6800832924756505,0.6930600517699467,0.5681403291610381,0.7005434959701645,0.6996071735491006,0.5796509081945294,0.5610346917560831,0.5883589473841484,0.5895943938684307,0.6113132636330768,0.6346594203093302,0.7184399146586912,0.6314563715951749,0.5929041767371375,0.5836408990313966,0.5978970402728444,0.7197732466962706,0.6070690132338407,0.6790560805702303,0.6441973722679044,0.6053589413878008,0.6160257742662694,0.6613225838970711,0.7026062382024362,0.65304936998889,0.6093425909501949,0.5571058083384098,0.7315395388089564,0.6688906332898021,0.6016912655257095,0.6591097785303217,0.5798255419786404,0.5605536380819992,0.7013994516738046,0.720496423873465,0.5584781688328312,0.6319789257288942,0.6753283237023999,0.6110037120227848,0.5981012012906374,0.6399963160781006,0.5267588805427053,0.631270864093515,0.5379687797837289,0.5562047671320423,0.5983810775398416,0.5975942355630336,0.6219911577075162,0.5995166984262172,0.6376551698080201,0.6035001044893947,0.555927663265053,0.5503288130153452,0.6839045985156171,0.6395200260063723,0.5883431841042803,0.6712370176272571,0.6334293213963175,0.5698935075960395,0.5545804305811765,0.6055523560585284,0.5516621370267673,0.6695481624652407,0.5963382328659927,0.5626628337415192,0.604945793799067,0.6141133188355177,0.5686790806311709,0.5780942337641461,0.5772305381617213,0.5931597001369282,0.5596058731223543,0.6795193528713096,0.6072102142631757,0.554825149277518,0.6536187989039206,0.5535989945692354,0.5643153081974379,0.5000965102378148,0.5733127214424646,0.6120060326932009,0.6308667775284152,0.5377753944248992,0.5585306448949876,0.5665735744740987,0.5908941883902648,0.6121952868137227,0.6020251058856914,0.6271963099058431,0.7261761665770027,0.746743416869549,0.5528196924051647,0.586712713425272,0.558918138397973,0.5853610571597314,0.5868717566966333,0.597801261938313,0.6384254308717128,0.631979370840939,0.5047500859219185,0.5755064899749216,0.5196481649887236,0.5704492036658383,0.6943855239444444,0.5255515713363447,0.7315662887925715,0.5096990070341454,0.6700287543085607,0.6222809702212149,0.5929317121417215,0.5619552972056591,0.611047115812251,0.5638644266163448,0.5528134484427277,0.659486724923631,0.5747494072725975,0.6764593190352269,0.5971157314729724,0.6261880038317943,0.6303202090161786,0.6062760473287166,0.653977217791671,0.5735661936888299,0.56226920710805,0.70098509443154,0.5716242854491976,0.5983808879762788,0.6244510592441179,0.622063876766766,0.520385846649009,0.606231903372234,0.6207826830770068,0.6297457476688927,0.5945437309571667,0.6659834108199462,0.6514089507465414,0.6518495467544655,0.654367427119553,0.5757904558565425,0.5849476913093028,0.5623024852027796,0.5752992620241463,0.5135381695855011,0.6228169546181157
0.5594457567759,0.681158486457126,0.6257565255933223,0.5873699465802219,0.5395198866258748,0.6260371901145393,0.6231049208298869,0.6020750803510334,0.5202395200960239,0.6199212769876232,0.7000428696517143,0.0,0.5996979575129086,0.5252830759657606,0.6103397082428613,0.6665935275566094,0.6383654435343926,0.5643544822878941,0.713761280421854,0.5800890462424958,0.6580292431463631,0.6584009184881973,0.5775391076986703,0.6317875454603782,0.6747803028088083,0.5249488072841161,0.5577652835999666,0.5683779000790082,0.6115829613467522,0.6156761491494802,0.6189467937540903,0.6854872079455057,0.6246738377594994,0.5890796898093713,0.5461722455256125,0.6240211511488731,0.5925393368266143,0.5723380791840237,0.6826109422665241,0.5949706591759433,0.6177921821414659,0.5886359998777483,0.6224217969588698,0.6243929283321437,0.6294250341027944,0.5823924869802916,0.5567131618817049,0.6082863737662231,0.6270787068117476,0.5896811634483448,0.6207947666507977,0.5500836331745383,0.5484772854731644,0.7035438873929417,0.7306999157352739,0.5277394385601024,0.5864117527765369,0.7054194412321774,0.5862837284897924,0.5920608526495297,0.5790989053690824,0.5102395475564144,0.5836429285332932,0.5382434839250441,0.5238779351597314,0.5425205698102815,0.5307615828827943,0.5423244937345914,0.5801609171734068,0.5884826996645011,0.5396540293302793,0.5211877120965277,0.5043189369747312,0.6327417844161322,0.6210269902675193,0.5346725091871818,0.6063936732984195,0.6060653887569831,0.5415885264369087,0.4852245814474534,0.5546301571985682,0.5281357883581881,0.6195137456544648,0.5454576326349957,0.5355229266768357,0.5782926854935617,0.5414341742894698,0.543564355562835,0.5606769300773372,0.5328485740216689,0.5689370775543064,0.5641733168852786,0.6929442705913518,0.5473095634552508,0.5193980725550816,0.6336848643243678,0.5369886523568486,0.5718266396027669,0.48261764584752515,0.5484180358548247,0.549236835831332,0.6079956402330866,0.5293843615512303,0.6114893882734558,0.5443495444077585,0.5644584285101263,0.6114797285808485,0.5937480147720564,0.6120014005765153,0.6370835425010108,0.7013755360680226,0.5286803644578792,0.5184976960076273,0.5393782109197051,0.5446893950573127,0.5533328209275743,0.5780488454096339,0.6540472369031509,0.6153285290551934,0.4846914803664908,0.5312953580299231,0.5040692907067229,0.516314538434496,0.6198849862451626,0.4758097931689387,0.7371883838140153,0.5001983873915119,0.6552572375018607,0.6545722208566173,0.5506269837577804,0.5597191022678341,0.5766573314387681,0.49292170375088606,0.5144832286049014,0.6014893688484362,0.5176910888752961,0.6187494393109648,0.5602557502829056,0.6155859284502473,0.6234171067653969,0.5638517318616781,0.6137311046441487,0.5609645072319803,0.5630359168774954,0.618563882696913,0.5520270334955382,0.5822641752832068,0.6089423836894658,0.6504045710435425,0.5357509392828524,0.5490443896543921,0.6083620869218082,0.6390745181102797,0.6260104013668082,0.6770468243389499,0.5672894688494236,0.5484853725332194,0.6100561654711887,0.5201969859876476,0.532003209290645,0.5366914554164449,0.525253209327051,0.4987491825453098,0.546762742920029
