0,1,2,3,4,5,6,7,8,9,10,11,12,13,14,15,16,17,18,19,20,21,22,23,24,25,26,27,28,29,30,31,32,33,34,35,36,37,38,39,40,41,42,43,44,45,46,47,48,49,50,51,52,53,54,55,56,57,58,59,60,61,62,63,64,65,66,67,68,69,70,71,72,73,74,75,76,77,78,79,80,81,82,83,84,85,86,87,88,89,90,91,92,93,94,95,96,97,98,99,100,101,102,103,104,105,106,107,108,109,110,111,112,113,114,115,116,117,118,119,120,121,122,123,124,125,126,127,128,129,130,131,132,133,134,135,136,137,138,139,140,141,142,143,144,145,146,147,148,149,150,151,152,153,154,155,156,157,158,159,160,161,162,163
0.0,0.9130625639472357,0.8093258914600837,0.7303518406587358,0.8071740806127778,0.8201262433909813,0.7961472733241117,0.8414603418851366,0.9395748334531127,0.7654981747585401,0.8690067197080348,0.7559031584942063,0.8782963649938192,0.9450961358460724,0.8616484300454716,0.8403035369309523,0.8455471352199063,0.9483245468058052,0.8779727155091587,0.9347399224736392,0.9095244654941308,0.9178079228098508,0.7873343752523625,0.8727256018772344,0.8787239324986793,0.7837984798031767,0.7239283235981732,0.8318681073314497,0.829913652758624,0.8309531866986524,0.8680607679458223,0.8889977721981481,0.7964751700462774,0.7533263389634949,0.941432443634477,0.8222740998154968,0.9044313509541333,0.9394309838851996,0.7598222667809149,0.9034018492572762,0.826762928562066,0.820094925333601,0.8936385216073738,0.8507365618637255,0.8945151776641465,0.8051432867612389,0.8492299239603387,0.8661396559294262,0.9300931990536158,0.8775611395266576,0.9042887855955805,0.8704187462788477,0.8341865756590798,0.8412115302073279,0.834887931560217,0.8656826926540185,0.9531428127980686,0.783847352832866,0.9326733384244489,0.8664869315473482,0.83235338816619,0.7907271086200467,0.9082854768481797,0.8025631101709956,0.8682726288254743,0.8131467209245307,0.8069602308545004,0.9387451636618979,0.8530965484110262,0.9080643652118654,0.9503975385547072,0.9179266275114633,0.8768640647956731,0.902958027457254,0.8450728264302828,0.8629703285631906,0.7707602395942157,0.7901507481719487,0.8493853543541529,0.7730236812830742,0.8229445855786044,0.9071951448480243,0.9462300905759607,0.8816640478239847,0.9428786361851852,0.9698012804080429,0.8466658538545995,0.9104286518862571,0.8180618505261684,0.8071323172199456,0.8448609590461503,0.7943255835711304,0.886334129429194,0.8997116993035561,0.9638619033022262,0.8197066741251983,0.8274079848112526,0.7624581848376618,0.8522187724608481,0.8240516979506104,0.873339981883364,0.7340905847511461,0.7096538090593625,0.7474266396619389,0.9459697561652087,0.8307766287360479,0.7174761707716331,0.8043090613908762,0.8216223517331144,0.8264085491108608,0.7845142729628781,0.8407991285817498,0.847502932456987,0.7195069461025286,0.9028972934459606,0.8672136047535716,0.8677480596732868,0.8364038812596493,0.7647301199719142,0.7976833447974901,0.8440103724611393,0.7432322047497404,0.8942387329879945,0.9034764092566785,0.9214525669067184,0.8204415414333748,0.7848295680002421,0.7866882027402936,0.7988179288333487,0.8802098165021464,0.8252903562047063,0.8214686823945787,0.8327799810474281,0.8849460816612914,0.8370360982984494,0.8676656278155703,0.92275153073674,0.8745205338412925,0.8704237852978595,0.8447853467347517,0.8538833926389755,0.8870142187893998,0.9301347626043404,0.8308395210194396,0.8500544694113509,0.8377138612046948,0.8909973444703866,0.7215280853739002,0.8826428372822459,0.6505916876611388,0.9051769059174155,0.8828317109093008,0.8211484229933614,0.7381418384338488,0.7692602231338607,0.8954661009755593,0.8836262531001309,0.7727470690386364,0.8740899862226094,0.8956785497638027,0.7604557507554072,0.9649871568036829,0.9139805302653171,0.9177718905167558
0.9130625639472357,0.0,0.9058004834549929,0.80526458575398,0.7865584853069023,0.8936368005753633,0.8561028130131856,0.9074865628805333,0.8407414900032744,0.9063471753408713,0.8809496082539504,0.8600757076740182,0.8730641265944639,0.8868082346538831,0.8711277496779389,0.8573506016354591,0.8586812383865553,0.8766142505344967,0.9425004793563758,0.8514168540356989,0.965170252771192,0.9239983274832013,0.8292127778408273,0.8968809244357308,0.9530934220194598,0.7993756491567631,0.7290796917050467,0.8427794313236745,0.9544321638528894,0.7961406141891642,0.8758002556505694,0.918630984819878,0.8758061784858526,0.8279945320457076,0.8953657684709974,0.8768997814256374,0.8921273520969751,0.8824698963428328,0.7844525875154991,0.935808864710944,0.8934645124007815,0.817835703715844,0.8656447904528145,0.8806665071063653,0.9379197908141224,0.7968943648887463,0.8577121245744997,0.8833941124365533,0.9301297608260356,0.8202164555082361,0.9171538962077824,0.8986537477752295,0.8045144287516565,0.9394802742254088,0.9199410545804497,0.888763141808811,0.878623336068881,0.8385957996115858,0.9218508268646214,0.8431070514682765,0.876688214918515,0.7519579026250688,0.9004944529061849,0.7647415481061721,0.7942574229754077,0.770363063153041,0.7980661991602211,0.9011727564698584,0.8175325301411845,0.9101830270326726,0.8780112063561017,0.836259331967048,0.818581374533297,0.9395337827967174,0.8492525656037974,0.8288634105509914,0.7975740737202623,0.8704125625527598,0.840266375535576,0.7567309845459322,0.8569150392484807,0.8659874526005913,0.9671026170598217,0.8883812799773331,0.8977910006340579,0.9599322588083133,0.8299146439763979,0.8473614138751306,0.838338962104871,0.7956970034867,0.8246220165628348,0.8372468067289421,0.8996240605940619,0.8388157784305089,0.9024160197350969,0.9055776379192375,0.8108728152035599,0.8523888257538988,0.7729914540924234,0.8723753082653148,0.840638039619695,0.7714159390603045,0.7511788525718677,0.8551212131977022,0.8915587351354616,0.8260964153102464,0.7645599329888613,0.8619864633966365,0.8542690800648011,0.8749308208153802,0.8542670376409235,0.7789957206929882,0.8470644427343472,0.7058469545146446,0.8787628749088178,0.8640726141777108,0.8890132947030985,0.8381445007713039,0.8621239009663099,0.7944864434733583,0.7546690984760211,0.7837532432051864,0.8472217091792444,0.9343345051203037,0.8221800051315283,0.9384914836798076,0.7690487280758904,0.8308400069476525,0.9337191054187278,0.8376961572493522,0.8194847613534848,0.8113057707519148,0.7514681360092172,0.8353240493768268,0.8279806500598726,0.7968857951303578,0.8936742710880076,0.8576193285873013,0.89769352052581,0.83828172480355,0.9124218724231024,0.867049940884772,0.9313808208505956,0.8379104632751925,0.8617680336983685,0.8340430230738702,0.8737460055460643,0.7839889964377168,0.9663755061128088,0.6643845603242797,0.8625867959247017,0.9205104038706865,0.7850448693769942,0.8247514027884322,0.8762881606550503,0.8583962123218258,0.8446813602152418,0.864520446257109,0.8906682883165812,0.8700108512092357,0.8126483531532352,0.915997716605988,0.9598370344506447,0.8455752808100853
0.8093258914600837,0.9058004834549929,0.0,0.7401733794881876,0.7298685228762049,0.8713110409012518,0.7268685574950283,0.9200044845256481,0.7755087252078644,0.9402183188493929,0.8730960209817122,0.792932916021471,0.8862056502619231,0.8515770356259273,0.7195203799659545,0.9580926925638671,0.9357064872758623,0.8232868936921383,0.8466493682925605,0.7828760309014368,0.8945771852204294,0.8881709843714543,0.7894927381782273,0.7544877241499002,0.8767118040845073,0.7167667520346579,0.802554999701465,0.8973527225276988,0.9189638438077479,0.8369370359161322,0.7239270229226443,0.9304156830865961,0.7542404159289194,0.7365015635511999,0.7604134684785666,0.7887623017495992,0.7991133753087061,0.8530846131292475,0.685797104390917,0.8485401334920314,0.7638456113546717,0.8519083085038345,0.7634304210084153,0.7318683921188609,0.8382385146826778,0.7264682934496586,0.7681650952255354,0.7786680721305688,0.8199870708506528,0.7539628251669597,0.8028711871101961,0.7982729767316057,0.7427821912969621,0.8270318793152727,0.8309323704635192,0.8164301375776724,0.797767339367862,0.8648218906351498,0.8323716879579662,0.792944758714607,0.8668213929047069,0.7271344195103281,0.8416835614154233,0.7380110099402066,0.6797328579929137,0.7039591825896769,0.7227329423534594,0.7940382833089475,0.8736543983389385,0.9065650192688876,0.7500861273155204,0.7210180605323369,0.8063185355648196,0.9318605078573184,0.9184059851697238,0.7145073136533056,0.8585735055521305,0.8178485080946224,0.7282545982557644,0.699482472503484,0.8020453894098203,0.7297565562153745,0.8745326914416881,0.8796011905347926,0.8316906374754943,0.8782263281820795,0.7908532333168555,0.7543801350133246,0.8041726502965347,0.6936650357927804,0.7884377590905188,0.6951579142643275,0.8264497761669587,0.7335856347260726,0.8167951117845024,0.7850254573803815,0.7317189228852361,0.7593832341441131,0.67920035861774,0.7944810439882743,0.7075975147274274,0.7950875674905845,0.6508222928236155,0.7568446773741104,0.807953969439171,0.8144804073770893,0.788464587287206,0.9016917879902094,0.7592153026545165,0.7880031913900913,0.7472766370560164,0.6942441178262877,0.7925748733864144,0.8186201139088759,0.7756265220639749,0.870960584071247,0.807774515847278,0.7979151069051746,0.8386151762651161,0.7923366946469724,0.6808709313641252,0.7419358830465312,0.7626128340628474,0.793395835726893,0.6982806310107993,0.8331549396005766,0.8168522322191525,0.7767097175168232,0.8933795293732323,0.734071154482586,0.8940105381653105,0.9107160774957846,0.7402788577091636,0.731305618739779,0.7280883129221554,0.67799081950282,0.7797068611195688,0.7100572275730362,0.8461776766542087,0.7363757039365266,0.777357065743919,0.8874347649686573,0.8180600683723138,0.8074086964189873,0.758053643800717,0.7175682955732845,0.7598807804916287,0.7666584451540344,0.9264972619971636,0.8032117619510969,0.7165200214560233,0.8134162744375841,0.7947674392016792,0.8333126429604293,0.7915814259783881,0.7452975165334237,0.8063305307859955,0.8187965905111703,0.7416082028834674,0.8456654692281589,0.7612492731778335,0.7775473242893643,0.8305875056425007,0.759418354950656
0.7303518406587358,0.80526458575398,0.7401733794881876,0.0,0.735861825596132,0.8341606563590781,0.9042340627228364,0.8080794369846893,0.6920928509187403,0.7785054197320687,0.7860599405237702,0.8887796501110048,0.6849959995356533,0.6937759080885624,0.7505501325478645,0.6802472330203126,0.7225646612034187,0.6853479288147907,0.8578504053135415,0.6108229002688857,0.82332074033379,0.7281890518591055,0.8622119428340944,0.7438729803874384,0.8573285447750006,0.856846084837942,0.7032111498726815,0.7670658642578072,0.8055449157493334,0.6917521937437219,0.7558020621876729,0.7037282925155579,0.9360040847000182,0.8943708133864839,0.7698714975906954,0.8117116873643764,0.7515800172699133,0.7041516839405393,0.6705712473426011,0.8062611985971699,0.8507955403866272,0.7740262588036321,0.6841477636827563,0.8441432744604285,0.7618513813603651,0.6260876623415149,0.6940369284478638,0.7423002378572517,0.7825853888636355,0.6334353964278254,0.819271118849346,0.8848064746734866,0.6265735488232343,0.8947200467903704,0.8292659080136524,0.7960049807638134,0.6688433759736733,0.8830986202761942,0.680291663741777,0.6487712202924034,0.7209935317145626,0.5999114769801653,0.78112337128,0.6024917251064182,0.6048800384157197,0.5845822053696482,0.6895833766363374,0.700697897656755,0.6600918473138025,0.8184072323802951,0.6863390714374054,0.631683834973279,0.7539324945338532,0.7920659662932681,0.6983969641909835,0.6426381166210022,0.678900117702127,0.8698797816392781,0.7120500125625113,0.6490286161130551,0.7103082246919703,0.786877533226171,0.7654803236287447,0.7262505686463003,0.8228912861713574,0.7770445612241218,0.7589410004587156,0.6845980556193256,0.7039404515129117,0.6871268730508004,0.8412750669727727,0.8800095350096526,0.7326205186906577,0.630338701077608,0.7780962004827311,0.8806822094371324,0.6015799783502378,0.9418045984867159,0.6880857450801918,0.8128112047325339,0.6603604794096153,0.631288973363703,0.9266761341610491,0.9135745901379932,0.7444840509889759,0.6455424285624533,0.609662982445734,0.8209644518432171,0.6871861617836872,0.7096160210814927,0.9065579331237617,0.7267956020178951,0.7814081463963433,0.657317687427879,0.7454017289963467,0.7993754372306165,0.7586134081731977,0.6277620400714443,0.9172741352084293,0.8707781364981957,0.6012810409819139,0.9271606176497302,0.7177758492411722,0.8050252508679978,0.6611344830172003,0.8370112233449293,0.7082869153812414,0.6870296953271496,0.8808632964956511,0.6247725263117048,0.6944418869138127,0.636045525050851,0.6077040965807593,0.8010651903826038,0.6397942410139098,0.5839392774694947,0.6483414925670669,0.7504150528025296,0.7146954150210825,0.685853745311054,0.8750731104786373,0.6552394445862233,0.817354970312846,0.7468910384117851,0.7230736183175007,0.8675203914181535,0.7482555160603837,0.6362494132129888,0.7525014034793007,0.5796476310513364,0.78226817269801,0.7804234705137421,0.6419266560335878,0.6308906023234345,0.9474314225722447,0.6687533937972805,0.650844302387168,0.8914784274870371,0.8898335667249563,0.8061875389007329,0.6783933570293373,0.7879975704810386,0.804831712862925,0.7598514991031118
0.8071740806127778,0.7865584853069023,0.7298685228762049,0.735861825596132,0.0,0.6553546689088022,0.8574568111445688,0.7131001183943891,0.8843520766183685,0.6675141814013065,0.8432629853117395,0.8295661506539544,0.6497592026919181,0.7931949619895194,0.847718122052043,0.7250428819777227,0.7208562686319888,0.7891609500257342,0.8163614033598441,0.7593284651719907,0.83028931679745,0.8811534911326878,0.8917301143216088,0.8058472792028216,0.7711843927669781,0.7528666878527024,0.7816461177321298,0.6943931253293114,0.784138016202091,0.8501335239912329,0.8401047454024836,0.6989932491301294,0.7649211971065357,0.7078786788522338,0.8956882441090613,0.9170314299847763,0.7482911568010191,0.8718680614612162,0.8482624088130617,0.7963912127294984,0.8218377720637103,0.7844264630853942,0.8095762415376764,0.8280884273999075,0.7661162306414114,0.6308530929652467,0.7374004157073992,0.7829939684892319,0.900011892387388,0.8370383636865008,0.8236021351746876,0.7349240480997986,0.6766934417030595,0.8070282288186266,0.8555262779523485,0.6755752630519257,0.7855378092185719,0.8320531325295062,0.7837823813622199,0.7594512451261114,0.620475728132223,0.6433836020974362,0.7319631032257006,0.879674746132585,0.736364562281187,0.5849677338563447,0.6541381823168309,0.7243410306242195,0.7827579354233577,0.7809799237735393,0.7747186182470283,0.8102811341282683,0.7421131657425933,0.7495137571242338,0.6853819499664693,0.6252851215054342,0.696157147472636,0.8669324641388156,0.6802871297202511,0.5578300265248642,0.6005569711755449,0.882671624070189,0.7930342661662392,0.6489630834655881,0.8232743907031036,0.8132812728453513,0.695431570207961,0.8239976747951502,0.6144574860576651,0.698197150858219,0.9244430666483175,0.8265198451224608,0.8914901493935439,0.6580073571896399,0.867806589869709,0.7818039001054361,0.6563752393181053,0.7096973602708788,0.9413814444188893,0.63470692064252,0.777975604087765,0.6565508729050001,0.7633159676898458,0.7569353579994124,0.820521861038402,0.6391401162839706,0.5719877274007165,0.7078672429887226,0.6953034681736621,0.6827934374569589,0.7914935130286691,0.9604445927364132,0.63867301885554,0.7134574056236043,0.7117734301853827,0.7247357194746815,0.6589011526257509,0.8550626234843446,0.689315831389352,0.7686444281665978,0.8859469241947736,0.724958388112048,0.7039054446459049,0.7458964803846055,0.8053037481036862,0.7331522316253671,0.6848752156135173,0.8010119211834175,0.7265187700700231,0.7640829562804063,0.7061772501933131,0.664666645091253,0.633776278083348,0.8919937214702441,0.7660745443436973,0.7260728482719295,0.7323527481113009,0.8832986128445729,0.8522111733248453,0.8609283488547074,0.7243497366591037,0.7944880075530475,0.855516440456944,0.9384088229539369,0.8102172394985673,0.8757588180875185,0.9305981293680398,0.5692092971681173,0.777474111094521,0.6613695423612058,0.82879543704194,0.7383630225236909,0.8837782599666443,0.7382885147692734,0.7444893023819381,0.7230320894154346,0.6776223167882683,0.6599097245371155,0.8071702020400269,0.7101239871247389,0.5739029617166856,0.7858230801622881,0.8148974116023184,0.8923665403848422
0.8201262433909813,0.8936368005753633,0.8713110409012518,0.8341606563590781,0.6553546689088022,0.0,0.7656307243496282,0.9064978202883641,0.7225537734837278,0.9116608130161205,0.8162743392529151,0.7990920254463224,0.8822059252605079,0.7790313885540365,0.7152019200591672,0.8297888211625237,0.8496199407669595,0.7664411970893039,0.8714789182513833,0.7209906181069758,0.8802115261468527,0.7792634580855508,0.7381139180317464,0.7579293076059931,0.9282889074646967,0.7838971357518061,0.6686476279394363,0.8741433000194655,0.86499513045143,0.7243269087782159,0.7386723813771381,0.8943217149017331,0.835162741125521,0.8395831833452546,0.7591067343591836,0.7328822116947743,0.8438713801635138,0.754717651777242,0.6339138701607536,0.8240581989938504,0.7804949470103558,0.8210028492355679,0.7297477513645441,0.7971298706051946,0.822664697515262,0.7270135878084495,0.7642158307283451,0.7986846703351481,0.7820248124944649,0.6664465748218168,0.8217055478492856,0.9136212697937662,0.7184359306315395,0.8610076032851278,0.7994653504748436,0.9461055190862465,0.7572919381822434,0.8323110393156964,0.7655085630166008,0.7079572260364849,0.9168533422739099,0.7006755017118265,0.8844013133091997,0.6093250865112083,0.6634774630885172,0.7358722835820638,0.7659363798228612,0.8322043118144504,0.7341010575718508,0.8975722486291176,0.7644092222094305,0.6752145420414843,0.829285621670238,0.8999683058478668,0.8514017842349115,0.7862135571494193,0.7662376639436235,0.7936969852833707,0.7770807049508953,0.8423327592090302,0.9175748739188704,0.7449102911821419,0.8729808521755904,0.9192152658613496,0.8575272564976189,0.8560998980170512,0.86484349710407,0.7127954918750705,0.8560470427023447,0.73393295511584,0.7532625616628555,0.7594941771131845,0.7409704668778615,0.7671312257289189,0.796171977986885,0.8575079387812753,0.7156800510695231,0.8925025022178076,0.6412105424434902,0.9088215404115166,0.7001866120603782,0.7227960182600673,0.7370435384693945,0.8227950975756008,0.7898040771400604,0.7926217111146157,0.7556129266891501,0.9095213649393892,0.7462771042808337,0.8333327877409076,0.8236940309038833,0.6511035544851869,0.9364280540451648,0.6993831775148095,0.8217725768431177,0.8794032136935441,0.9043247161779628,0.6728107666220671,0.9457540598261952,0.8250668689559647,0.6026234330313652,0.8182390270331492,0.8367274744783705,0.8728551090505431,0.7087105958861128,0.8820919300309278,0.7747084080482215,0.6963356714369286,0.9277988366700923,0.6791926799232236,0.8238509453505634,0.8177838577614013,0.7411316709193136,0.748114429297662,0.6947479050888783,0.6591214266610201,0.7719456217375115,0.6969141712953169,0.7296652442850505,0.6787060237222186,0.8891078976456485,0.7734730644551082,0.8128998840028391,0.7076553110494166,0.750008575757739,0.7611584222436099,0.7234932219197905,0.7798001867743185,0.8689845299838042,0.649046925614582,0.7662947544963635,0.8561040254225496,0.6496405889760368,0.6756039187266772,0.8853146430346145,0.7620177497096554,0.7957357343911498,0.9564055217380459,0.8230992082388728,0.9215008731629236,0.8306616656348097,0.8581809963499718,0.8480470368807042,0.7499765062520675
0.7961472733241117,0.8561028130131856,0.7268685574950283,0.9042340627228364,0.8574568111445688,0.7656307243496282,0.0,0.7690094239429399,0.7711526984940309,0.7485375533821201,0.815274324505214,0.9334711570567605,0.6745542617750062,0.7387225367431537,0.8944831011838331,0.677811416120556,0.6903596359246051,0.735064164103747,0.8897118326497959,0.6930784891390881,0.8709666807808201,0.8077400722124123,0.8970715765231658,0.8731521184379858,0.8746473526679587,0.8809395715926428,0.6879272791261843,0.7011190829307746,0.8457070749496168,0.717887773056119,0.8969302631889849,0.7130444708683777,0.9402039847788767,0.8872205368726106,0.8872882574265764,0.9172123393072658,0.8129841130880305,0.7684313165312733,0.8221766123677157,0.8547431299207585,0.9246562157264415,0.747553226911994,0.7924642196230347,0.9513666459493448,0.8357132996979016,0.6652685494342953,0.7639731704296149,0.839107761131191,0.9000553172058559,0.7311511554947564,0.8833988167583164,0.8575533497101786,0.6634286451209596,0.9381380744730903,0.9206999446863137,0.7792166660421964,0.7396307241998021,0.8369955259751641,0.764784331764021,0.711738071629156,0.6919578853723826,0.6247762871063767,0.7746738237823902,0.7086228706627866,0.7042102080937602,0.613421085321138,0.726557035192255,0.772258148070381,0.6772587659872618,0.7962676198722188,0.7844733236905654,0.751262560062672,0.7317051941528544,0.7843718876899829,0.6617579591623408,0.6890501047767419,0.6881974460302638,0.9374585014885718,0.7556504323365169,0.6404855917318655,0.6883731136803081,0.8929490699499298,0.8330400312073841,0.6967590793703745,0.8308712804604311,0.82483825475099,0.7525367010668947,0.7776263701133641,0.680516604919887,0.7639537689724211,0.865942010795556,0.9659861508230714,0.8335877273676362,0.6834991109508921,0.8329482501997495,0.9380049601961983,0.6609827509924974,0.8954141770701076,0.8150608893207645,0.7672658263569847,0.7923915656545739,0.661321304184973,0.9286772757577214,0.9236694964528597,0.7956531427260407,0.658402274430609,0.600221247745293,0.7537695389291093,0.7490286802094541,0.7672606602166789,0.9452623000987143,0.8468343684931998,0.737294504502355,0.6201453583746548,0.7707563822435882,0.7472182595336229,0.7443493669468668,0.7471634256619547,0.8261527564661362,0.7925629061759345,0.7305040629481302,0.8409011474024023,0.7484972696708793,0.8669601829224877,0.771326277557112,0.8806345572152636,0.6581238814287989,0.799214422673771,0.854299944854814,0.7343481439260111,0.6627527554730664,0.6180945473988256,0.6217428383312185,0.8767221574744554,0.7556950911915802,0.6964333020933186,0.745743413258872,0.9036412459772207,0.8101322576361536,0.8162890541173258,0.8845560356866378,0.7093989812123711,0.8799660019083559,0.8231336833946974,0.8404373489061001,0.9556442565818064,0.88487818623003,0.6315852104227256,0.8052234537548946,0.5589831429473117,0.8878786878906655,0.8110973009953834,0.7092806974468758,0.7100332916911755,0.9216715577940479,0.7589292429147083,0.6850597828213705,0.8205907379276929,0.9468344063051661,0.7649703449865422,0.6622603070536792,0.8464757674381393,0.8879889651021217,0.8409930509827166
0.8414603418851366,0.9074865628805333,0.9200044845256481,0.8080794369846893,0.7131001183943891,0.9064978202883641,0.7690094239429399,0.0,0.7869653907323234,0.9029225113132293,0.8333459945362302,0.8138595136153153,0.8817055606734281,0.8248569135697947,0.7763517478563976,0.8816502626873887,0.8823229034280992,0.8400900912237279,0.8974478692462489,0.7722711123502266,0.9048522744435324,0.8461012862358882,0.7934595260614143,0.7703203405459558,0.8975877388816113,0.7716282218050171,0.7599858894883363,0.8817010325587756,0.8676961315261257,0.8052369527410234,0.7842060738500893,0.9231859317884197,0.8410019867634042,0.796359786948795,0.7842926679640159,0.8116489324757338,0.8265614518488275,0.8423357962996223,0.6985428313886805,0.8631226700748985,0.8251874117305091,0.8004912079756745,0.8151419644554455,0.77735195476851,0.8960721514948771,0.7930755312381155,0.8065972817584357,0.7825227947918095,0.8244960281379466,0.7654648004588973,0.8771618996096704,0.8758685483941636,0.7741754107384751,0.8745874157958118,0.8497889350811331,0.8409623214503574,0.8250512033695242,0.873193524327766,0.8291360417031028,0.8181667180036888,0.9041118112402595,0.7780046782688619,0.91550038112235,0.6835254952432543,0.7180453553058244,0.7571769930569849,0.7455912052721757,0.8365926409233994,0.8319692892410689,0.9511076845681496,0.8026998110343625,0.7363435776351605,0.7968527096946306,0.9537923165277461,0.8989269327227143,0.7749005105157186,0.835791412548573,0.804587527456552,0.8322564365363091,0.7163027610666212,0.8422899347277258,0.7965825260576961,0.8980931009905071,0.9114491653178296,0.8768537105594686,0.9139308007929338,0.8342686796308382,0.8071879695903046,0.8827616752761089,0.722602725650187,0.8085381584371453,0.7657867584490674,0.830621111492752,0.7787645476303439,0.8307672245698486,0.829631884088065,0.7815419822941992,0.8196918591286417,0.6796571225589064,0.889359041635974,0.7230421315977763,0.8448412882186183,0.7310739580941089,0.8160018099910598,0.8678380647996717,0.8577095011163551,0.8218692022949344,0.8674712718960816,0.8107121842410647,0.7724497692652281,0.7845698412145737,0.7106116024806426,0.8312171719498636,0.7550147729521721,0.8593195494022351,0.8839850314849429,0.8667927541401446,0.7540448400568952,0.8490100601086085,0.8078917638925689,0.6653578360552515,0.8622953990656698,0.7617266498505931,0.864201834913614,0.703928216102922,0.8817070804039375,0.8328638292524753,0.7982546056993107,0.9012528304697701,0.7597771753018471,0.8491789804505377,0.8578700820387575,0.7426939671792309,0.7543405905422584,0.723940680228724,0.6944657218702883,0.7986965142903073,0.7490668305923932,0.8220648646034944,0.7803677656826501,0.8658603087178923,0.8075071824894752,0.8646370948713935,0.7890341839061688,0.7534095867945378,0.7712158264529644,0.785452228858042,0.8040257921620885,0.8977636630147048,0.6807998891577081,0.7824339990071307,0.8654250291657162,0.7450158490586296,0.781986943126377,0.8522890343769269,0.7838548091830837,0.7873778880951617,0.8732003223659631,0.7973823552702822,0.8861952033139955,0.8061401957870512,0.8184269267889873,0.8876590617767206,0.7618072411969345
0.9395748334531127,0.8407414900032744,0.7755087252078644,0.6920928509187403,0.8843520766183685,0.7225537734837278,0.7711526984940309,0.7869653907323234,0.0,0.7013091583190478,0.8740495050158612,0.7488112408786678,0.7805666919079172,0.9218080121663681,0.829752806029616,0.8144328674754016,0.8093748679440992,0.9141096373328236,0.8300244240372753,0.9043279739384276,0.8533633651536728,0.933859546088,0.8127326578254355,0.811713553681937,0.8103259117968657,0.7246393557337455,0.787958384058406,0.7894490073025234,0.7824519615278821,0.8957061584210704,0.8400087074468398,0.8080785458274872,0.7333841625722461,0.6887961813705591,0.9319756702029245,0.8391650686220031,0.8256048904755229,0.9616095033675335,0.7816368258383966,0.8293029275994634,0.7780469554627991,0.8402722773426228,0.8514270287377759,0.7972974826640085,0.8217557903689069,0.7112594188911144,0.7761100861519111,0.8082409642060744,0.9106736375171485,0.8933473277097636,0.8414825887225563,0.7713465514054438,0.77213864729921,0.7834841937881983,0.8101797318705107,0.7675821003847897,0.9030859180634221,0.7997563651865314,0.8766329721192172,0.8365545113061438,0.7271121633814944,0.7338179181447559,0.8175685145828674,0.8858799664701752,0.823210421239596,0.7017877434837616,0.7319033360876133,0.8299934477411419,0.8796446654367865,0.8739685978081378,0.8745055566243529,0.8945149954147937,0.8535158792329117,0.827867457870032,0.8038611303000619,0.7352424420923861,0.7426503906042436,0.7737477580852729,0.7449423915652038,0.6457207833511847,0.6915568341852033,0.9013049222606885,0.8684376098996032,0.7709975969740468,0.8971493118894311,0.9115139385627217,0.7890068410667793,0.895287509546302,0.7121497424180819,0.7606731231780091,0.8855521848876071,0.7698105427487852,0.8880906656490978,0.7850029277616114,0.9487978855696081,0.7624753342170096,0.7582542573727453,0.6968264416938343,0.9248283519805073,0.7041132100420284,0.8294921549029362,0.7036672481598123,0.6858545834699128,0.7037505087544487,0.9128317443005276,0.7337209626796453,0.6390739774066487,0.7615916885834476,0.7342598950209018,0.738627885347612,0.7419370417055559,0.9077350314448891,0.7380477834493879,0.7768189776881846,0.7961687186269032,0.8098755675211061,0.7497834795834042,0.8704301158613101,0.6942054333039535,0.7987841927985456,0.9005509180149078,0.7103116407333259,0.8081375109550503,0.7907053472820391,0.9019478957544065,0.7339897437695646,0.7643505311973287,0.7802629244926335,0.7265157812980437,0.8339597035642973,0.8228747367706833,0.7851014746589856,0.7787490994339837,0.9073052596615206,0.8139357246298132,0.8132589734509136,0.832293192622195,0.854259447971682,0.8712124748621013,0.8528738640623776,0.7543256290477137,0.8925062239303514,0.8993300603024503,0.9058666197770893,0.8176523574007596,0.8289991885010727,0.915106522549455,0.6270392941913101,0.8305207272015409,0.6981777585041878,0.8651810502475586,0.79535730379343,0.9119215463693751,0.7278072213980256,0.7107349227292452,0.8225294350181606,0.8067800888950771,0.679793223038205,0.8102767274599268,0.802377049202195,0.6436387657340759,0.8806077198877983,0.8523599009324925,0.934370593183852
0.7654981747585401,0.9063471753408713,0.9402183188493929,0.7785054197320687,0.6675141814013065,0.9116608130161205,0.7485375533821201,0.9029225113132293,0.7013091583190478,0.0,0.8059016019221666,0.8082503359497232,0.8483608761328034,0.7812818842656424,0.7131410881778135,0.861419644165782,0.8585262712058757,0.7642731979215839,0.8512129380450755,0.7144165762432533,0.8551271938749189,0.8025709887665644,0.768803583122889,0.7361351990198647,0.902366338525294,0.712895577327693,0.723842412437246,0.8533118583249858,0.937181408780617,0.7498902230099282,0.7245045940106174,0.9013806549102541,0.7999742053492361,0.7788239028959262,0.7310091362045333,0.7642981858284866,0.7844424770656386,0.767304511482618,0.6538871634984735,0.819442768968127,0.7805155646736468,0.7865232305395907,0.7331717308979109,0.7472158745809719,0.8224037573863326,0.722283670950768,0.7705296698699738,0.7648727735738239,0.7871797746716718,0.6851487018343435,0.7882272577611582,0.8180472927683007,0.7197789099059259,0.840817520865031,0.8276810387887497,0.8420627948686872,0.7352116300802666,0.829850195679518,0.7927862640715228,0.7350947677097842,0.8610350469360404,0.6978539694123421,0.8259416417912797,0.6573749178699638,0.6483743638248539,0.6943195878754538,0.7045117129166938,0.7788010424239744,0.7806071636559857,0.8647026752596355,0.7145589315913492,0.6802876864544273,0.7477438592469373,0.8803681327961504,0.8534933949317348,0.7399763146980941,0.7698844109304168,0.809659041119146,0.7398642997806221,0.726565339268133,0.8451467549171677,0.6979048140669891,0.8563362389973174,0.8731727247026189,0.7835619544453247,0.8326075460371222,0.7720100234447752,0.7168058019784421,0.8343678783473207,0.6763787901054652,0.7360644369116918,0.7249638341933046,0.7810864575147322,0.7170957555517414,0.7549986457328098,0.8308928174518326,0.7023611289508866,0.8278258020513439,0.6295465576814759,0.8381805439814224,0.6889281914043425,0.7498424129848031,0.6898575196803469,0.8273581957099098,0.7650431934519881,0.7829978833183251,0.7775570704869071,0.8948169204674717,0.7670589508317484,0.7906641320571521,0.7680324005974724,0.6365514947759977,0.8059472940513185,0.7250356021985871,0.7770719204869355,0.8274501775311942,0.8483745743254104,0.7346870222742667,0.8858143257240693,0.7733501135198215,0.6069600380180981,0.7676400033379456,0.7415803806248132,0.8139300195260252,0.6622656504603155,0.8908491114660263,0.7484059387731906,0.7289766997763503,0.9446425182847887,0.6989962844544343,0.8342463135411284,0.8079012113705397,0.68553578925722,0.6884623021694939,0.6879980600261657,0.650281022775768,0.7636576133665672,0.6927906648526112,0.7860055941855569,0.7031506748320313,0.8367008882151727,0.7972197930806494,0.7860279341905642,0.7338129688200624,0.7352578701134759,0.7172178394393374,0.7110226346787113,0.8066884226760519,0.9228969609708334,0.7092310834100266,0.7018957235805602,0.8464048226891799,0.6839435044384581,0.7875415778323126,0.8499089290907057,0.7194314114181324,0.7540849251645465,0.8765141055061928,0.7635863544609981,0.8289209181629624,0.8231012615115264,0.77886448373571,0.8403699841485442,0.6987461450553665
0.8690067197080348,0.8809496082539504,0.8730960209817122,0.7860599405237702,0.8432629853117395,0.8162743392529151,0.815274324505214,0.8333459945362302,0.8740495050158612,0.8059016019221666,0.0,0.8500901961838387,0.8271512116579075,0.8894415291197564,0.7633323569520382,0.8882542428800185,0.8474094372063619,0.8045670747311141,0.8408404396049183,0.8151932844375644,0.9005691661066838,0.9430381251983111,0.8596702864508884,0.8391626971799967,0.9128448297479062,0.8318813441359422,0.827651421029929,0.8544843114063987,0.8976521537770901,0.8327358786543205,0.7950158062124313,0.8259822166769198,0.764963357350019,0.806197520469225,0.8883598582477191,0.8390472678908757,0.8996316420671648,0.8980549135472748,0.7687781519052524,0.8629806959185373,0.7615990296024343,0.9311239913346395,0.7587870886057906,0.8365558259807303,0.8477454596687578,0.6345580004860745,0.6912722380010771,0.891412362379149,0.9181618806656239,0.7499332719755178,0.80099688080799,0.7868945752512482,0.6572686682954393,0.8517870761505933,0.8806857102313186,0.8390788535450192,0.7908714997800842,0.8847118432435344,0.8072138612666796,0.7273577533850776,0.8054752144706984,0.6268818304924417,0.7811316604110745,0.818162458861557,0.6767174275133354,0.6332742026972609,0.8204217275858248,0.8072090760432461,0.8294278109549464,0.9205853776747209,0.7897912749005269,0.7676587534856544,0.9240071625138886,0.873662415528323,0.8062253383490979,0.670464213772448,0.8605211338024719,0.892053338359138,0.6834683845236653,0.6972442233604066,0.7068647226987546,0.8145487201219039,0.8573270383215096,0.8061757021708096,0.8841036834929142,0.8883097660723557,0.8955369292931834,0.7592793769656982,0.684975296672016,0.8109197904017238,0.8687242198560967,0.7611457378843972,0.8202440364249596,0.7031683319387333,0.9024577664379875,0.8487564834447209,0.6753301555209936,0.7871331137899353,0.8242797782340308,0.7272152161363624,0.8119867913370481,0.7309263941483279,0.7182254518134493,0.7576460852486729,0.8076386624538406,0.6952137687431491,0.6243308421732074,0.8938160680406325,0.6741765660886586,0.8439476690974316,0.850687210226047,0.8397741257110031,0.8299531196914697,0.8421007626592872,0.731288291150829,0.8409370108174322,0.7305295777895764,0.8324747469680475,0.840471410298642,0.8732867777349167,0.7806847865965717,0.7416726997722349,0.871631998575138,0.7916095147113003,0.8383891822081301,0.8047092011100919,0.7267382524380633,0.8040801583606829,0.8486496206529854,0.7288777800995644,0.8279698990571009,0.801839718589789,0.8158391345292604,0.9107665354697482,0.8243063915657104,0.6946673822264967,0.7732562639505436,0.7968526983020755,0.8988150764685928,0.7534609963766689,0.7761624298994215,0.9245890382299956,0.8417414436300937,0.8870470078561947,0.8910602813383868,0.8462766668803068,0.8526790558579145,0.6130052081315627,0.8840431182859456,0.7652164400610107,0.8469205213783644,0.7551661503700519,0.8456462450674773,0.7221139262551165,0.8069021538593129,0.8193162276257663,0.8569425949614831,0.7928971168725915,0.8521950762747187,0.8504228873995345,0.6378196510464259,0.8617782080507906,0.8279717966309746,0.9353344038239253
0.7559031584942063,0.8600757076740182,0.792932916021471,0.8887796501110048,0.8295661506539544,0.7990920254463224,0.9334711570567605,0.8138595136153153,0.7488112408786678,0.8082503359497232,0.8500901961838387,0.0,0.6813461537550207,0.7110530310350941,0.8235141326182107,0.7260709799035338,0.7144906693393529,0.6973427641844427,0.906440518879368,0.6814998194246544,0.8934374069780375,0.8206994475945755,0.8795603876016063,0.8318370010474517,0.9069097444708036,0.8394378083382995,0.7012937038184971,0.7209417166799534,0.885723929356483,0.7336864920103723,0.8598391736774587,0.7431380872984004,0.8870044171905818,0.9076023660064948,0.8360371172750692,0.9178184054453652,0.8042787732921625,0.7616080980321587,0.8252962148095832,0.7989054126638117,0.8696710722291265,0.7841909851556036,0.7635736801866979,0.9089551157983304,0.8334000739963099,0.6284400982897734,0.7187858837900689,0.8457003899002064,0.8676122316360252,0.7017649661041021,0.8385468418440396,0.8181387742441864,0.6261139540379321,0.9412528582292341,0.9451334108948466,0.7760824535931757,0.707997095779256,0.8975275678183277,0.7329370643323878,0.6818178352520486,0.7191321819304682,0.6009122055461625,0.7561580879049457,0.7113196447841124,0.6513101645779877,0.588261479196856,0.7098479133780085,0.7346651925869194,0.6861224634291819,0.8186795709144142,0.7336221539629999,0.6933619121757298,0.7362114903531236,0.7913120925963836,0.6866030784447108,0.6434888119075454,0.7328322154948792,0.9375871718543458,0.7087198383523138,0.6234082282773091,0.6808108106919891,0.833933914696005,0.8124617464848245,0.7008013329403038,0.8139098544081109,0.8077061811311695,0.7851361855518151,0.7283540414194316,0.6657138633948608,0.7463662809847724,0.8395408454843302,0.9099825687825613,0.8144050199037918,0.643616331302527,0.7859248408828209,0.9408410759793244,0.6546393752179406,0.9086721069827063,0.7647856273355156,0.7337651333448726,0.7513502512058242,0.7212412776700814,0.8847097535013335,0.9312832790641005,0.7621680686297827,0.6465308665000464,0.6186885388698188,0.7979595554389111,0.6969958697189532,0.7842738207357006,0.9547763079105206,0.806269571439515,0.7349471190187682,0.6661146005498305,0.7143072619150026,0.7329189502588751,0.7221745595656109,0.7695749680808538,0.866145179318594,0.788053528935684,0.6866247681717644,0.832684871987317,0.7386269956139462,0.8176213755101833,0.725383704861749,0.8915633769300184,0.6565634040419063,0.8183924385799928,0.9068401740318951,0.6816360320147606,0.691289110230641,0.6574376186338822,0.6192552936361873,0.8423005954135517,0.7625179616581561,0.6472842303573166,0.719454403707795,0.8150184501019215,0.8102887756178523,0.7910795787298136,0.8371425244216738,0.7442137603911312,0.8327045474364783,0.8506342353307459,0.8418382617133026,0.9078200081128637,0.8584575139302931,0.6233830709838576,0.8531267684989533,0.6213690365873613,0.8417823045575576,0.7771738992935553,0.7227593963319495,0.7201433758623598,0.9471763787068412,0.7389296862502114,0.6786403768950429,0.8338250881696101,0.8670633480203505,0.7462239084904052,0.6376232245791998,0.7980958001093413,0.8713034020090835,0.8059413184607948
