0,1,2,3,4,5,6,7,8,9,10,11,12,13,14,15,16,17,18,19,20,21,22,23,24,25,26,27,28,29,30,31,32,33,34,35,36,37,38,39,40,41,42,43,44,45,46,47,48,49,50,51,52,53,54,55,56,57,58,59,60,61,62,63,64,65,66,67,68,69,70,71,72,73,74,75,76,77,78,79,80,81,82,83,84,85,86,87,88,89,90,91,92,93,94,95,96,97,98,99,100,101,102,103,104,105,106,107,108,109,110,111,112,113,114,115,116,117,118,119,120,121,122,123,124,125,126,127,128,129,130,131,132,133,134,135,136,137,138,139,140,141,142,143,144,145,146,147,148,149,150,151,152,153,154,155,156,157,158,159,160,161,162,163
0.0,0.6540519837844141,0.46810620352450144,0.6387789384960167,0.358268526898664,0.5564661178364211,0.5557477050136486,0.5347666860333448,0.5717159814728437,0.6325333458157252,0.5733149319784001,0.5593942068469426,0.6862530169602264,0.5727373701465395,0.6618965250390013,0.5161690769538094,0.6077255794915069,0.7802239248200815,0.5759039387936808,0.6847704405467284,0.557973305370632,0.5904593973229915,0.5754584148506146,0.506629940205635,0.7124188941171758,0.48253686521394795,0.5493444433826528,0.5552943336775569,0.576896473972308,0.475280071808674,0.6176073760488473,0.6644293755334957,0.6365184372060672,0.5770002520509631,0.6266345758657995,0.63196302424152,0.6383419271924744,0.6189842133824773,0.5359952086282858,0.6630065454371655,0.560140408822002,0.61270527045443,0.5986446563755067,0.553127138654444,0.6420726362500294,0.699316440441441,0.4361807785120051,0.484731676200555,0.6410806544380308,0.6897777037888874,0.6308967466949507,0.5207947311851667,0.6015268945849598,0.6211297656149277,0.6524936833491883,0.5889398431318008,0.72074701983263,0.5264598736185931,0.546557568228295,0.7326312880760252,0.5679042022223552,0.5967915442665055,0.5469916466711745,0.5118420564508943,0.6529322292592893,0.6586138325479411,0.6003595404336346,0.506267941184206,0.571825027034592,0.5818957996100436,0.5946422133846243,0.5963885509446368,0.544077774772003,0.6522059147810992,0.6225366991432616,0.5891446219720602,0.5164600855473616,0.43507353495365436,0.5784657413805343,0.4223556303979432,0.5193770608476133,0.6326496152020725,0.5035456115391987,0.5582810886930248,0.6738172658029179,0.5979628905663616,0.5564939216941315,0.5692413413296151,0.6014732312750936,0.5741553608052961,0.5935473546727601,0.5848806492620866,0.6374005822044836,0.6417219013377854,0.6310230212921348,0.5949962791154181,0.49486739470141766,0.5533914958009115,0.5380135804365171,0.607395513249327,0.6009528227764644,0.5288543818573986,0.5444285151855954,0.5482019555156605,0.6199454889219191,0.5585492152243604,0.6279236850450057,0.619075667239407,0.6444340461999046,0.5577853914100953,0.5841343963779748,0.6484122961430104,0.6319225681051238,0.5383871824706506,0.7057041509316045,0.5918697428872118,0.6120458577746931,0.6066975724814183,0.5418772077007619,0.5277938172553714,0.525100322277352,0.5096074495146157,0.6381702106170659,0.555005732186075,0.5449194929937746,0.5774913815122811,0.5551727818831927,0.5173028785087268,0.6394872520011583,0.6374511785676676,0.5591467806207171,0.5054027561277712,0.5421252565425042,0.5661005992043582,0.6121626934351881,0.5734728756126682,0.5343847317689661,0.6921257846117547,0.6436560735687509,0.6254325871972104,0.5474680700875912,0.6773259603242064,0.6532928244621246,0.5573984953449712,0.6290832778810816,0.5439460906732554,0.5054549004668788,0.5439711965779293,0.6523691638256315,0.5043031718914011,0.6111005328971476,0.5702127401130568,0.6363374362934602,0.5172944785601675,0.612769300329286,0.645033608490114,0.5568399541383379,0.49990874395692797,0.5908264937744814,0.5816821883021488,0.545408101893913,0.5966178816372998,0.5021337125163805,0.607960091291806
0.6540519837844141,0.0,0.4633499393465744,0.6306847699018073,0.3469258943448406,0.5652525985135548,0.501773852130959,0.5262805391214819,0.590448313559604,0.6539594285950551,0.5213064006301842,0.5640105147250732,0.5715832615374796,0.547930118910342,0.6123048745585399,0.47898315645228223,0.5769027948049485,0.6428653605317834,0.5923307436121605,0.661419940871819,0.5607105707522718,0.5817182381367361,0.5268453551442109,0.5043239469490658,0.6702253112633907,0.4470027521522518,0.510788628313122,0.5266544747855625,0.6138501496453259,0.44960084567859465,0.5999543608238003,0.5502905559523782,0.6632512621411186,0.5297621589029279,0.6012072535706529,0.6187151502313333,0.5393458509895889,0.627963412566086,0.536973997720998,0.612211538840494,0.6416164387268496,0.6273318097895759,0.5096796073442792,0.5305678568992838,0.5776232295088372,0.6247071301109425,0.4211719068470976,0.45091368505497365,0.5474937608672167,0.6043503517278448,0.5473891488474325,0.5217619660422428,0.6703367767264345,0.6232919069791999,0.5612423561063926,0.6570842086544223,0.6606082580430845,0.5065687551044662,0.5133253300010067,0.6555576333453909,0.550638810604422,0.5474212733976163,0.5110991072723058,0.5095291700367911,0.6294903536987461,0.6047575526048499,0.5596711810427519,0.46120628487990856,0.5000045363175376,0.5399976106883085,0.5494690175679967,0.5748325855349556,0.5139697149552895,0.5671951132235026,0.6511819366556609,0.5487246725345027,0.4530223480085042,0.42066832515242447,0.580947314281136,0.4237679292968121,0.5641509849924584,0.632343396694519,0.5059819294875337,0.576488171018953,0.6682180295068326,0.6680765323730647,0.5100529690523772,0.48798013602381746,0.5634778157728487,0.6461369191671078,0.5269612930789475,0.5970683142916635,0.5695655801650954,0.6147259731571391,0.6449098437464394,0.6063637163178052,0.5211431738885016,0.6068012081794489,0.5416829230903547,0.5640539480035726,0.588774442470531,0.46503335723423705,0.5069918370774846,0.6049578664911652,0.5828082081882581,0.5253702655175588,0.5956742819585072,0.6840472350215421,0.6108387718335869,0.5670462929045016,0.5404450774772173,0.6193619101044834,0.5789924636858629,0.5542350980460152,0.6502501741481113,0.5962230310891393,0.6516706026039185,0.5132131972374468,0.5363357610992867,0.5442475165980447,0.5064790165474912,0.49700220506013976,0.6676537634506645,0.534506362936278,0.5843578310426455,0.568324055685335,0.5339450805871527,0.4779263624986596,0.6995647407715534,0.5971227265335561,0.6207503942957021,0.508817038300424,0.5152624305073061,0.6445138566516675,0.6337567882393115,0.5811058234266931,0.52930022312355,0.6257774109497533,0.61748787557109,0.6200937308176299,0.5557731770846929,0.6292908968763433,0.6696146971453795,0.5774790659814104,0.6240162222675322,0.4773980424973935,0.5214817088868205,0.5684926954200421,0.6961651362079798,0.5770034416749228,0.5705479553046185,0.6390546809368837,0.6191768321252852,0.5017985481850037,0.6755500556049135,0.6136939850619567,0.5175154013266171,0.49619334596236614,0.5832853493307256,0.49541903406240384,0.5883529732625116,0.6400982171199916,0.5663920702136697,0.5905482765897372
0.46810620352450144,0.4633499393465744,0.0,0.43829971225922354,0.4821337401253645,0.6238982565934076,0.44855937282623093,0.4087148518663934,0.3935497894521525,0.43925453819838006,0.5369209158248848,0.5028406063515207,0.5275501706128375,0.38940569248641294,0.49287031172341084,0.6118548260071709,0.5731134672302324,0.4407414547731894,0.4059273343092375,0.41387047439308133,0.6448515659167734,0.6336997585822647,0.38544112875876047,0.5330798797468723,0.43625757549666083,0.6172059424618801,0.36490749149043994,0.36792306064405006,0.49214614019398134,0.4692175360336072,0.4010244718349738,0.4785218889460688,0.49215627717120225,0.38732335597498596,0.38948756085412845,0.4620418836666809,0.5153647380091742,0.4543647315316679,0.4664302519432492,0.5127167578335868,0.5160978933853977,0.5457962655918849,0.5468974508229287,0.5796173640372837,0.4281465854012816,0.48663762993570386,0.5712753380177739,0.5993031684287036,0.41898253668755764,0.5151158931042222,0.540250697761953,0.6614290546977676,0.41742337441838673,0.5326612915261318,0.468428545654335,0.47827041899232725,0.4811580170790479,0.5996978417882928,0.37437077520286094,0.44459731420710064,0.4166642000414501,0.5093659209889844,0.633486050723483,0.3817457938809562,0.43791672859056463,0.4496956632114577,0.4100283153550366,0.6135000736254055,0.4294246214328258,0.42157266366515583,0.5911168756204684,0.382555208359855,0.39277233653428606,0.540120635453596,0.45968317020257937,0.37130076336560713,0.48675919704462633,0.5476130271966333,0.4413503244072834,0.4679020465619696,0.5548084440115175,0.4496099662916511,0.5692620356850311,0.4368623064464528,0.4545211550431093,0.46612181292279603,0.40945402585008017,0.37793306716254593,0.3827084612354683,0.44224582441335414,0.6043059631243334,0.3946089385224994,0.5132890386499366,0.4130899778426003,0.43646834971182646,0.5081623535792901,0.3930418567973837,0.4155542489157338,0.39385413551554516,0.4036900848693635,0.3846364538655713,0.4303928423877271,0.3912226920725252,0.4092553591778681,0.4118266210361287,0.6372475713178857,0.5106489673086664,0.4458326532715491,0.5297921429573748,0.5655805483666846,0.491252066682888,0.4592170746118314,0.4521442021183584,0.38011289422904626,0.47132269467284804,0.569797371294369,0.39556317738223173,0.4341814015790731,0.5919153430765264,0.3894351386826136,0.5837161738408996,0.41029492420825403,0.4667035367948185,0.533610718921502,0.37805998416238756,0.5049700806679979,0.446797522832482,0.5705858825609381,0.4872608094612024,0.4686225354126236,0.4164666833242768,0.6945283160424962,0.3721654233032171,0.4191801925285142,0.44817224351073986,0.49233374196619617,0.4905583927202472,0.4829240489911416,0.4159227693599733,0.43679227225246525,0.3801414933998863,0.5214015650808704,0.42012440755883024,0.41869558183531785,0.5201228773941289,0.42148560079719977,0.6037993915577082,0.5152764319172002,0.45333558793137374,0.44426752804835506,0.3889500266850676,0.3911805372250683,0.4506474701403772,0.5940033889200127,0.5005811437049343,0.43931751364659816,0.42115950892164555,0.6043266175235823,0.3714436126925512,0.4398240976115674,0.4367057864767822,0.38919180736913606,0.38838279432928785,0.5309949939792878
0.6387789384960167,0.6306847699018073,0.43829971225922354,0.0,0.3296680777781903,0.5307240412308288,0.5052313811057121,0.589850893814986,0.5650344962996291,0.6110450037652354,0.5208180851612815,0.5420079863618439,0.5922438271002992,0.555961007163722,0.5863965646614389,0.46390419494049506,0.5383946520546629,0.6263667355136037,0.5872621977837089,0.6201444359347087,0.5206194928952449,0.5317025597129424,0.5403553775113862,0.4618779611777128,0.6711248806197809,0.45226429646439387,0.5584846412094687,0.564742312612499,0.5199438264411355,0.4229406729183164,0.619192444626334,0.5799150566814429,0.675608235501845,0.593721256792714,0.594188116654255,0.6501587862468973,0.5570287387522161,0.5885886717366625,0.5248388081146582,0.5840959543883936,0.5458557284065211,0.5582155726734052,0.5192609446778005,0.49992530327460966,0.6687421702930911,0.6177153731952169,0.38963051039847496,0.43895829711019857,0.5599098224212418,0.5959306623256346,0.5710576025449887,0.4863907459701797,0.5705854503851335,0.6397530198313961,0.6202724462409808,0.5569048103795237,0.6238104194388544,0.500007332913768,0.5333512072690526,0.6758599371036875,0.6471451605854772,0.5547951959712509,0.5083242182774121,0.4999835246044279,0.592720345153507,0.632976529959188,0.6462165121605091,0.44974399060394965,0.528100074429538,0.601404649008599,0.5328980919114548,0.5580430994064899,0.564696737492021,0.6077826401293419,0.6289288389473942,0.5382193151074641,0.49263517338556534,0.3987877202918266,0.5759293901664087,0.3887325869838735,0.48577413748756243,0.6643873818170475,0.45177847335521704,0.5616789502681324,0.6799780115915196,0.5889316176276049,0.5942751521770967,0.5477974997860746,0.6045275706191068,0.5879912564818055,0.5238862773888979,0.6179698423988373,0.541239698390671,0.5904004746135865,0.6340972716830355,0.5617175419160685,0.5387920519862875,0.5853461835242667,0.5224364686256597,0.6435857934098289,0.5862135959275573,0.5468686340546683,0.583571509977388,0.5708712661976466,0.6353062875242229,0.5021631668042741,0.6278513541100011,0.5987822250834309,0.5591750470781554,0.5044581913308896,0.5607759790127729,0.626434860549474,0.6476226688026152,0.5716902088975624,0.6370971174180048,0.5351820319462639,0.588658091868473,0.5159746254825852,0.5251262197235038,0.5492472782055238,0.45792683376476995,0.555358315139899,0.5874395066464554,0.4996781012788831,0.524689314797276,0.5403527044799838,0.5655096281046672,0.4844210985093391,0.6496643080641089,0.5668312039617207,0.5418946595690345,0.47782909708712107,0.5574896887803535,0.5967814711854416,0.6228693469931771,0.48867857864756736,0.45953390570855585,0.585961645540088,0.6351062214967581,0.5988191884060724,0.5787900342949129,0.5846575719525909,0.6773026298816627,0.5956883078726972,0.5728795761863326,0.5128156761757122,0.47223690204455393,0.5038367459220922,0.60407092031351,0.49714276148400016,0.6491631596902949,0.5515512926800619,0.60827315817449,0.4687612489132656,0.6176758280415439,0.6427916650071137,0.5122115849641222,0.4681577287510199,0.607427362829033,0.5288979009254586,0.52170470466515,0.5707893646814117,0.5219866559774587,0.5365153300042379
0.358268526898664,0.3469258943448406,0.4821337401253645,0.3296680777781903,0.0,0.41784260275710017,0.39515596579636453,0.30237888005578095,0.3040087522971617,0.3313633681371387,0.430904525347708,0.4058113738746168,0.3793695550721419,0.3017315758155917,0.38494870883681326,0.4766838240452887,0.42212560450360653,0.337389959419842,0.329849979696715,0.31809111516556404,0.4474095364219043,0.4295113440317694,0.32812660744036865,0.46964515628158054,0.3357980316601889,0.4663850374369057,0.2941851318119267,0.29833879445246597,0.3965779269870782,0.44772671206125497,0.3156678710504058,0.36938833380184893,0.36051755104572153,0.31608828217362095,0.308524599305059,0.33837062972663207,0.396388779191718,0.33874608706043624,0.38263211662088925,0.39615173309816104,0.3829982598246118,0.39374276821633525,0.4139391267069624,0.46472017673652133,0.3189942883919635,0.3629706188352528,0.5057865720123005,0.5088879540266222,0.35218171385180735,0.37395246166762885,0.41079399115991766,0.45228589988152645,0.32281995843052086,0.3829737055797613,0.3692091399209732,0.3522931677463917,0.3705254169799845,0.44421735685911573,0.29695794444747087,0.3404564632320414,0.3079555749541306,0.36214035449791604,0.41895546916412896,0.29812908461304977,0.33429530507921934,0.33083222034608073,0.3105526575388223,0.4566186275614879,0.3210191996776287,0.31664364678089507,0.4086688420719229,0.3046914534985786,0.2985171264288543,0.38834646560618247,0.33210563667535037,0.30579371884252243,0.3994725691151823,0.5806977890987775,0.33105034547511214,0.46701858992285045,0.3976273983766635,0.331671227808494,0.473924859839622,0.3196883312412683,0.33861422176678,0.3391503420849618,0.30845514527296314,0.3009450140281342,0.30028884626947494,0.33239868360263913,0.4505788580706559,0.30744191924403014,0.4199353462282691,0.3329908497539963,0.3281056859060278,0.37847261305042573,0.2918591739030495,0.31161863909028675,0.31076073490092054,0.30802403859835303,0.3100118551790667,0.3287925079780785,0.3036856942157948,0.31342604406451313,0.3089307243604232,0.4342185324097199,0.36040519193116566,0.3363872589160836,0.3972118606308748,0.4380989305799489,0.4013565449687587,0.34553935433186417,0.3289997067929173,0.2961339017485242,0.3503403562524435,0.4203663193870307,0.3126857025159773,0.3706907016891826,0.40602342033495314,0.2988167185412592,0.4986136849635878,0.30781840272487965,0.35039690042755,0.44451219684080967,0.3023986886253794,0.3967345091291396,0.32788445146436895,0.43822445341115096,0.3499016145275596,0.34886827423897365,0.31544757974628895,0.43746909960998925,0.2967260825506156,0.3221691822372147,0.33402611598829396,0.38811401356317365,0.4189328126098492,0.3780401583235349,0.3165632943042541,0.3455234219497084,0.29461846130636327,0.3819132693811665,0.3225978031518752,0.3113748762414913,0.3909293201916446,0.33187485329462746,0.4407438630453405,0.39770792880553946,0.33664448005636205,0.3359018292845869,0.30761631404285117,0.3148490813905442,0.35164546211968406,0.4314349345856694,0.3689114197730123,0.32981633154290974,0.3582623660747522,0.47092192838145613,0.3015371552061404,0.37137398264876803,0.3276136404498988,0.3117006988240588,0.30225659693686774,0.42683344053375744
0.5564661178364211,0.5652525985135548,0.6238982565934076,0.5307240412308288,0.41784260275710017,0.0,0.4884718992919384,0.48282716825283645,0.4563702662391071,0.5115909286909156,0.6198724393443223,0.6222383861812125,0.6204256020683402,0.42889976927238493,0.5822699404048938,0.6396282595686197,0.6542852388728565,0.5098322601369418,0.50354415122135,0.4860516712556329,0.7102786947970302,0.6692244436211171,0.441188512975033,0.5807704366834966,0.5268511361252227,0.5616073592648155,0.41748130002086703,0.4356159246828461,0.574181876262198,0.5192699376126182,0.47952473169825427,0.550712933326245,0.6118363302955635,0.45273960618437475,0.4428140064521465,0.5123430713497273,0.5997026778661778,0.5287648062855719,0.5594627909196209,0.5802400332344827,0.6053121730634837,0.6010274035554405,0.5877549901439801,0.6289199388609809,0.4930648017840107,0.587403825022036,0.49164272593265657,0.5823729768150805,0.47765504978887546,0.5599238387414939,0.6103691619850977,0.6724712181057638,0.49067518153748296,0.6410853776692175,0.548394359240665,0.5497153027953615,0.5936481321195765,0.6892890899618676,0.40844470402014255,0.5263970150500658,0.5040537548735485,0.5488484177179005,0.6844971217857914,0.404082436759075,0.4960261624503232,0.530644761091406,0.4657598335854363,0.5683527051483074,0.45040492261536785,0.5014105123869849,0.6307345236491293,0.4323853744180691,0.4277886687831536,0.6123413973391122,0.5628015238767492,0.4401471430005019,0.5247540547686737,0.5180152766559156,0.531208541331493,0.5089841763707776,0.6430312010270123,0.5173050600375336,0.6392578356756068,0.5187350383523048,0.5315993665120441,0.5540740193739151,0.4800400456747989,0.416046552572729,0.45666430452263457,0.531595287617812,0.6125412373285253,0.4491200602687644,0.5895739641215284,0.506141630105364,0.49295837043797286,0.6018511796156436,0.4494642899410125,0.4704464102586724,0.42611243238143687,0.4630677336494195,0.45260306986672233,0.48717901796494834,0.43043177473915417,0.47344490302987224,0.4704424536612082,0.6692189388830032,0.6049506102091802,0.5269629324637131,0.5970935510786,0.6403811064635822,0.5648979748699484,0.5111052344025525,0.5146859845038476,0.44409666033660555,0.5731835963361447,0.69936745630702,0.476049577609567,0.4855409323599432,0.5956352981518676,0.43714131307639215,0.5779366348822405,0.472278801452431,0.533723409752351,0.6444027732810447,0.43052443417091146,0.6367195046136306,0.47449246924369026,0.6067350372448678,0.5694558048231584,0.5169786795073734,0.48416921969482607,0.7060813852423428,0.4463006315432513,0.4950994644420406,0.5256451327894919,0.5380133560745178,0.5740838421767601,0.5397178217678081,0.4728465730330835,0.5360989782967015,0.4478977195597187,0.5824574880504629,0.4881846003199778,0.46144797164741425,0.6057077819777127,0.43624281584832825,0.6276376579903918,0.638631689213051,0.5253285835389753,0.49404136811618077,0.46656828665763506,0.4721588973196299,0.5244398232257068,0.5429181124104594,0.6307014272088277,0.5286132083838887,0.5108640311943801,0.6851270196151814,0.43513368256320567,0.5039303244397763,0.4916948070599461,0.4623733671265947,0.44465008923425614,0.6323118884458229
0.5557477050136486,0.501773852130959,0.44855937282623093,0.5052313811057121,0.39515596579636453,0.4884718992919384,0.0,0.4010137686415075,0.4118192895142668,0.5217404340576823,0.5383660030738785,0.5356342643852509,0.5571784644102906,0.45188570108926124,0.5473267802400393,0.5077081816313196,0.559218936298811,0.5150707146736093,0.48205862162050245,0.4674736823455747,0.5222715169569989,0.5051495593171321,0.5801306705621985,0.5421665913141231,0.5350929966709626,0.48650051457269833,0.44676488241423423,0.4601400776139508,0.5431064965679261,0.47906555276792057,0.460959780859161,0.6249198293193275,0.49818252652950357,0.5444301072938946,0.46657312395417394,0.4856845929155782,0.568564827462697,0.44290871685841965,0.4785416923336393,0.6608135062204711,0.4631376094047017,0.5314818175153996,0.5313467941102323,0.549882393616229,0.481633045384682,0.5468597572958843,0.4670722357127369,0.49727032493201584,0.6724420852211046,0.5282491799718613,0.6213913815378372,0.4849506367434374,0.4604471308755001,0.5372761753593395,0.5998225020626626,0.4825134243064554,0.5458184759001502,0.47704273441956024,0.47725680297011486,0.5456769432035373,0.4307334152418809,0.4881716165234624,0.46154821995963347,0.42061210976900043,0.49149374507918075,0.4858841993098147,0.4831071115457385,0.49964770050973034,0.4463998615075678,0.4250401132137512,0.4981322527790954,0.45915648890231275,0.43828136518889066,0.5888034101310446,0.44132742476664705,0.4947600652597621,0.5652278921797822,0.4989708557558947,0.43055818849557637,0.4454008603769992,0.44795047136998345,0.46742810889562203,0.48687517295852517,0.4077909552979895,0.5024238844209183,0.4352296100219872,0.4211745682236993,0.48013506225746905,0.46616483279101334,0.44567087935812705,0.5619811378774593,0.47625058151109634,0.6206079948688378,0.5204983337936848,0.48328850780352395,0.4952403047482546,0.3784649909889009,0.44353173123519296,0.4411568634762255,0.49920210765919476,0.4701840571331195,0.45380516350245703,0.4606397258401705,0.4325844059083637,0.44274252179014467,0.508303501034902,0.5139862576670183,0.4782065062887959,0.5936990196820893,0.5747694331291316,0.6741413233474347,0.4956544901349933,0.4947891946837784,0.4125284586958831,0.4941829679949526,0.5182181855615728,0.4780681888277609,0.6271261750266118,0.5231960674427352,0.4118519046498046,0.5109568247681401,0.39612806309802334,0.5035123447360349,0.5665864113845065,0.4197948429447523,0.5232818224126143,0.4760890203079557,0.5029215078481488,0.5035274671382841,0.4824000245262941,0.42082324660853865,0.44395050111436524,0.41700965505051923,0.42507077024459233,0.4568895175361303,0.4766801078546325,0.486645525979075,0.5687516184681933,0.47063889011241217,0.48352510241896046,0.4147486077848459,0.5531456661784416,0.5143236072089795,0.43064212062089885,0.5273976535465754,0.5121226677070273,0.444178740809405,0.49306225942064613,0.4837930421176847,0.40799767118569685,0.4544351689816731,0.44990709248119093,0.5037642856937697,0.5412720411156753,0.49587068537929785,0.46781699855627806,0.5252012887725531,0.5031903225559748,0.4738517460218554,0.6511885185161753,0.4477740402793375,0.45485846888798664,0.4047234763491218,0.5287164114629272
0.5347666860333448,0.5262805391214819,0.4087148518663934,0.589850893814986,0.30237888005578095,0.48282716825283645,0.4010137686415075,0.0,0.5992351786249411,0.5186070100299883,0.45818260397271343,0.4725100574299015,0.5242076171313835,0.4908974350881012,0.5135022379630176,0.4272560888818785,0.45355723985681895,0.542085569385604,0.5021194216194077,0.5676227242427262,0.4504407512795501,0.47469299162988354,0.4388371223004594,0.39859223555492856,0.558304636190245,0.41392922115783465,0.524900931922934,0.4891263696599718,0.44446041779288487,0.3929376101648902,0.6173650372099649,0.4839259314734473,0.5732768958095498,0.4782151598279696,0.5123871245236259,0.5577877379687551,0.5038761568189793,0.5969185781406426,0.49117183858232777,0.45922127565544285,0.48995326051837046,0.4660395069565557,0.4837974553714427,0.43144028870148887,0.6311112890248027,0.5404869070131949,0.3521818283760312,0.40157450981474574,0.44818385352075196,0.511698609005854,0.47005727551051346,0.42778265860680487,0.4917785402357961,0.5125930358179194,0.5098280732760719,0.4946499212449384,0.5204736998744406,0.4698508928436742,0.4471248439067245,0.5438501517801229,0.7070943884385227,0.5133010218303412,0.48274874759404196,0.45477722391238684,0.506427365937803,0.5697774581836185,0.5570452723624066,0.4174800827391233,0.506611846242336,0.7561575660398859,0.49400799679605034,0.5027830989525298,0.4902742055402943,0.49868699846888637,0.6252144514813557,0.47558537851182375,0.43254160310455214,0.3564114706304035,0.6274800402340485,0.35426655910045296,0.45207856803960106,0.5852788811413945,0.4198389719792977,0.6384723163247918,0.5518727939698109,0.5993013622149093,0.729406871004499,0.48942558431103395,0.5688867381532345,0.5881508659110496,0.4500972541556261,0.51516213442437,0.454839244145917,0.49208541644637105,0.5211062975638779,0.5242063421347964,0.605004370951353,0.5179817287923931,0.46229732812586455,0.526361221986997,0.5363928421616545,0.5741780376649294,0.5067908602506648,0.545329130635336,0.6094991960389924,0.4641954151048361,0.5482943692520466,0.523746213974934,0.46913957177816634,0.4269797200947309,0.43922735073023494,0.5331829401446615,0.5408560250429588,0.5879072938696315,0.5760199125732673,0.4664067351193808,0.501091080864221,0.44384188992662243,0.43288723406526153,0.5257362166212861,0.40810178360634936,0.6872541263600713,0.48521360310431316,0.4363943563272301,0.4836032477178926,0.4940101815887725,0.4779170300962429,0.4616674120516615,0.535791095024454,0.5344317106780463,0.541065134894246,0.4565491903785999,0.6073683913475411,0.5562738893741691,0.590384320723569,0.44544325686297914,0.4328387615389524,0.48973063421199964,0.5825673909748196,0.5777601031131868,0.5859584919130206,0.49718552431950985,0.5213007245819014,0.5478226633986778,0.5069259175343481,0.4406640031076995,0.45202943081937613,0.4668994668707356,0.5494264792602298,0.4740124449817729,0.6190562197986268,0.4970150240718192,0.5070968836818253,0.411894081940748,0.54842559711793,0.6659570463197808,0.4495681784183697,0.4246770993051405,0.5005525190011781,0.4351296135599062,0.478210860553445,0.5068984879367002,0.5109560131412899,0.463425010024289
0.5717159814728437,0.590448313559604,0.3935497894521525,0.5650344962996291,0.3040087522971617,0.4563702662391071,0.4118192895142668,0.5992351786249411,0.0,0.550491763283417,0.44250520015808853,0.4543589377387976,0.49039516801412775,0.5746848741516245,0.5159587073713944,0.4058891145307812,0.4532908725507171,0.6048263827548606,0.4985809947578049,0.6452217563769922,0.44260809379136606,0.48142349845884586,0.46370074934569827,0.39774961783910817,0.5844607494396376,0.39301377383210706,0.5577291239435787,0.49634015733864795,0.4715383448568293,0.3930106621718758,0.6418496622543725,0.46568505460743115,0.5551410918905106,0.4678805758767546,0.6343419806234096,0.5852228512433587,0.47646194726695407,0.6668442391114322,0.46647734251831624,0.4708324534210268,0.5119837468373285,0.5067610006966047,0.45323981462580787,0.4332437585422464,0.5755910214692638,0.5155106039847174,0.35799612030229216,0.3859441396135043,0.4668896605658107,0.5254844211295716,0.45113465264714664,0.42286758851302886,0.5596170636734344,0.48971399596517046,0.4822804860660083,0.5560062222161957,0.5262216159485656,0.44080260055863524,0.4904925410887157,0.553884724274043,0.5531932626694395,0.5049925805270415,0.44736630545287814,0.5358853063267432,0.5600206812262648,0.5410722389351434,0.5560008136296368,0.40668386242040927,0.528130279226605,0.6190832811987088,0.483489512654273,0.6042000668989117,0.5318275346729618,0.4706088309819381,0.6168396097486942,0.5070311224420594,0.39542406053913093,0.3543039444817444,0.5740988242906111,0.35424521804681963,0.4602085240874421,0.6257602569238347,0.4206076690250663,0.6136851469299924,0.5918362515351141,0.6480331377070404,0.5781721497299499,0.5044760061265082,0.5633780633509202,0.6297448171545388,0.45404892020219806,0.5929937600000582,0.46038571291457453,0.5038463446376245,0.6047623394778454,0.5327663834409458,0.5656129323439951,0.5774654917211374,0.5651789096768286,0.5243148937417792,0.6029283119126668,0.459891362856824,0.522019410742469,0.6053175474164469,0.6528834142655121,0.4408944937945998,0.49577989037681075,0.5837175795834213,0.4760087604806774,0.4305231180186006,0.4299220877943111,0.5918436407142549,0.5397923669733016,0.6614933721279503,0.5723168587610548,0.47030497897975304,0.5585254336535882,0.44724688761084685,0.43172837155704513,0.6331995181063693,0.4246705841647934,0.5736007149207762,0.5402531727328885,0.4277795505858053,0.6426295239638593,0.4665841228768417,0.4947542696726852,0.4200052765058971,0.5500097746558614,0.5716467485954104,0.669476883361542,0.43667191056151156,0.5773079271226115,0.6833932889628107,0.5911636517820659,0.4905508818279195,0.4398293213227676,0.5297691952743521,0.6301278544296297,0.5784025729683799,0.6183500480700808,0.528923782443008,0.5836599588263657,0.6245120021193599,0.5232637968133944,0.45624540388216717,0.45528972976814563,0.4571689336306276,0.6124547407105159,0.536008000021418,0.6105960393376051,0.5770720564605429,0.5298012189184959,0.41691067338907084,0.5450132806355902,0.6288771207916102,0.43852572935061596,0.40736707307440684,0.5820519573066365,0.42551081577262145,0.5190777555348072,0.6295680593217284,0.5995223354494351,0.48544813541270987
0.6325333458157252,0.6539594285950551,0.43925453819838006,0.6110450037652354,0.3313633681371387,0.5115909286909156,0.5217404340576823,0.5186070100299883,0.550491763283417,0.0,0.4916728876783188,0.5066209617203088,0.5959042937307513,0.6143657796194844,0.544868038857234,0.46540743789519645,0.5444032176985948,0.6710476999533017,0.5215877939290668,0.6065865232109177,0.49782063292648204,0.5111292059203327,0.5798586653109905,0.44886353260746986,0.7436131805383089,0.44380704952201006,0.5769940007001322,0.5453167390357694,0.589399137165921,0.4323704779272542,0.5757027782016373,0.6010453290337916,0.5797209502328742,0.5671344603109222,0.6011645730176357,0.6100518271386536,0.554052891907616,0.5888880509576934,0.4700777821278186,0.5993475735004419,0.5240091883759594,0.5877685735231764,0.5071196805559929,0.48828091726699313,0.6104605674354396,0.6092387482674122,0.41595448322582385,0.43140869320765557,0.5952319861287793,0.568271553320787,0.5325765703125084,0.46965513829315736,0.5736693902288871,0.5434111315388488,0.575121284196844,0.6348925021258116,0.5763449797350855,0.47213617695376126,0.575602716213058,0.6381986587514978,0.5348910868673434,0.5673895158974348,0.4739188197230639,0.5422270028896234,0.5716607437411526,0.5891533792328756,0.6083946040337623,0.46353183837406264,0.5680930982674132,0.547964694013211,0.5127350132774017,0.6146825120848961,0.5524698422869169,0.5667021127966483,0.5852636435525586,0.5997060286133701,0.4637587877133044,0.4117406068710961,0.5401637594156481,0.4024099265516787,0.5085343418555798,0.566096126192338,0.46498617954298427,0.5571812668051536,0.6544729372777085,0.572390284362797,0.5274367988600012,0.5624303294692461,0.6364274122467154,0.5688016604627262,0.5163185045433241,0.622802648785019,0.5442571597780909,0.5588041415975981,0.6343723898872943,0.5831464836223205,0.4736480341552168,0.619158306187298,0.5619189936938511,0.6318365113408213,0.6035175996623089,0.48518033288684437,0.5691740122324686,0.610709172535727,0.5920681281707526,0.5070545647011935,0.5787496137650322,0.6850554800804817,0.598381195364414,0.5143260122369931,0.5188503710061445,0.607311542418007,0.6239406555298543,0.5785655939902298,0.6120145777289869,0.5295882578903209,0.6546542466165411,0.5421240721435194,0.5275443367949934,0.5827829712683859,0.4593482227130341,0.5061805800814475,0.6155418539658072,0.49628932919427926,0.5476658209079116,0.5380387450707218,0.5633875886566286,0.46137873200413954,0.6803345510803266,0.6045945625833751,0.6115838237481064,0.46274218733316086,0.5261630471645571,0.5345030756279552,0.5432239276797267,0.5092668276868612,0.48432357467544446,0.6001646867462169,0.6495442554966571,0.5711630393944521,0.5666510564503091,0.649267485815619,0.6489419417271114,0.5688078998455576,0.5888563015676873,0.5379235372434354,0.4516291166237633,0.5337425038912919,0.725621422538207,0.5331203919001253,0.5461859356386912,0.6013604523155791,0.5366050557055905,0.5085281910000785,0.6023659761387501,0.5905762276164342,0.48971240961426127,0.4692687840925137,0.598511027571857,0.5342217924283528,0.6212651171700304,0.6186102748761301,0.5579992822317504,0.5092360964888314
0.5733149319784001,0.5213064006301842,0.5369209158248848,0.5208180851612815,0.430904525347708,0.6198724393443223,0.5383660030738785,0.45818260397271343,0.44250520015808853,0.4916728876783188,0.0,0.6809630791406915,0.6214287160996669,0.42185312192859203,0.5890690367479415,0.6955040596235917,0.6570634393029169,0.5144673169813209,0.5321888620089328,0.48701185370660127,0.6201750978179176,0.6292559345486596,0.49085760654490773,0.6045029024481559,0.5327175589904073,0.5337729648382491,0.4466037551639338,0.46714881720987417,0.5852278375335344,0.6055011493956501,0.48138883549231537,0.5880638583678054,0.5482065501300013,0.48295410039229086,0.44688598373272975,0.48912417807981695,0.6457798180773768,0.505100817460895,0.6083633529943591,0.593094271859926,0.5220280679764954,0.5560191436995974,0.602836309982441,0.6126972390791433,0.4853339266550213,0.5572433170872968,0.44979476716195554,0.6099874919441228,0.5396841949382164,0.5445872390651729,0.629724158084526,0.5461784259153795,0.45781454269182725,0.6002007605629425,0.62579207734855,0.4781748337764105,0.6118250018692143,0.6932109089647194,0.4081747684291277,0.534472155847437,0.48510155075235656,0.4920987111176225,0.5750570461855242,0.3953999730619123,0.4707915077763111,0.4917339086278246,0.4564748639258483,0.5243046648173149,0.4474359763483907,0.4973762719305725,0.554748689002943,0.43136689669755063,0.41647704811416014,0.6134702688338503,0.5217874936027923,0.44643522116170387,0.6029657283696459,0.532872329143784,0.4869528109207183,0.4972763388150848,0.5030943882353757,0.4825923525601748,0.5929369696071818,0.46853560736158795,0.505417609423391,0.49430137845877964,0.4746232652098709,0.4266496436918454,0.45422114002627073,0.4835596181140041,0.6309273990440306,0.43117856858991704,0.6815773185038618,0.5176792731622087,0.46794743019744883,0.5465382367264928,0.40953920289282825,0.42785256331713056,0.4124114204684927,0.44860150126354204,0.46421833075322144,0.5065529224594407,0.4192487152509059,0.43838481463412116,0.4520559983593071,0.5783091213666962,0.5500983144972602,0.5008007203660231,0.554325313641251,0.6042223575249449,0.6223378494066122,0.4972355661780841,0.4801964360694333,0.4418833394883055,0.5343671650936037,0.6356326295331246,0.4588526925664417,0.5868931212189262,0.5258597818155522,0.4146551038560181,0.591762452391508,0.442131680852232,0.49756509306829677,0.6493586916143798,0.41779597868411167,0.6353676614881739,0.44118687121031824,0.6243966552165182,0.5172096737130842,0.4872688372900357,0.4495586572630293,0.5679573681263773,0.4628185231512534,0.46925672870524016,0.5101872969327264,0.4960472264390485,0.5726005987552693,0.5437488290620542,0.4770104436101057,0.548153567260669,0.42478835432658074,0.5690979990039452,0.4748533881006948,0.43655388927763916,0.5830762077714499,0.4345867945951501,0.5451598039479815,0.556047605803838,0.49516650009542307,0.4567827002174582,0.4814982165228634,0.4559444066745415,0.5754019795286357,0.5000359385280189,0.5607328090923122,0.5119350369452011,0.6049445472690168,0.6050733947131169,0.4442983116743475,0.5730279953838169,0.4323468186789284,0.45197815489967524,0.4105344320556118,0.6902666487786785
0.5593942068469426,0.5640105147250732,0.5028406063515207,0.5420079863618439,0.4058113738746168,0.6222383861812125,0.5356342643852509,0.4725100574299015,0.4543589377387976,0.5066209617203088,0.6809630791406915,0.0,0.5719539098857591,0.4157399641405869,0.6219009261436257,0.6028781302287111,0.6114697896854383,0.5048579965424603,0.5961559472034178,0.5008897867146124,0.6248624871738409,0.590640330112287,0.5041422096318001,0.6386318614292688,0.5569998712109169,0.5008459717676872,0.44478680832595296,0.47349796834272406,0.5965102911824376,0.5743172958208271,0.5153360671144366,0.5588677201923031,0.5858654308978196,0.5110811380660393,0.454098627007798,0.4958302885587903,0.6032524685019935,0.507814378086055,0.6883976644888558,0.5871884209386238,0.5651674573804023,0.5459105122940323,0.5667023233973699,0.6090969268465559,0.4963332833859281,0.5795020064204371,0.4366968711835803,0.5564067023277979,0.5367139573981018,0.5293015196404957,0.601855728642255,0.5430910271012814,0.47543031996578544,0.6263435105476187,0.6126801475403453,0.49833638532628277,0.6308470414534376,0.6493113764510521,0.407827288142439,0.5479311636094928,0.49411887842672747,0.4794170109043453,0.5410121673753668,0.3946113214177107,0.48100288971972927,0.5006950830294471,0.46016598234601125,0.488006536637472,0.42199794622351133,0.49475685911944384,0.5372049834555163,0.43784302872665143,0.40869788023589115,0.5800577555763741,0.525198713999842,0.4635652209797905,0.5474654153034508,0.5086704732417218,0.5162201208886662,0.4975115110818575,0.5165521947069598,0.49803650882501943,0.6015650072264105,0.47466311510029935,0.517287302541153,0.5195073272042543,0.47278373315190786,0.41922872457864163,0.47075808955769927,0.5246604964287735,0.5640494757763173,0.4522266274551793,0.6456335684506173,0.5465115803772407,0.47099992142824115,0.5726608362152505,0.4257163645181838,0.45122588099372996,0.4148282607309208,0.457909367550047,0.48151703681199004,0.4955801807216135,0.4250862345277353,0.4697541780847402,0.4544652471215676,0.5649492036253412,0.5613602201195704,0.5215416277907118,0.5649544312147539,0.6332304263899742,0.6393153956278893,0.5002150231444512,0.4720072623071076,0.4504826247664798,0.5444516628447124,0.6320403738241244,0.48641348086776276,0.561210790040817,0.5096023109996388,0.41773699015933663,0.5597991620686834,0.448657012543884,0.5087200141527917,0.6776021953672479,0.4289242556663621,0.6940690793278329,0.4356137116239494,0.604959085871612,0.539731764146282,0.48533336189538917,0.4625943433080846,0.5430318956108854,0.46782263459203804,0.4922562733497027,0.5364255054986194,0.500152979418206,0.6089204798486351,0.5490810878149269,0.486341855871864,0.597293467166393,0.43946396663368237,0.5452428677855402,0.49347626132112316,0.4410206390706452,0.5956566863995829,0.4260358717690401,0.5581765005003615,0.5912429507137882,0.5151945296171214,0.4657073552645791,0.5048294874148176,0.48470277987954785,0.577465435090745,0.49093740111182976,0.6254574916530721,0.5311426611321813,0.6051961985284625,0.6150948073863983,0.4575480004311825,0.5372616821622677,0.4439736326428094,0.4726939484144602,0.43337142036253573,0.6688320225385956
