0,1,2,3,4,5,6,7,8,9,10,11,12,13,14,15,16,17,18,19,20,21,22,23,24,25,26,27,28,29,30,31,32,33,34,35,36,37,38,39,40,41,42,43,44,45,46,47,48,49,50,51,52,53,54,55,56,57,58,59,60,61,62,63,64,65,66,67,68,69,70,71,72,73,74,75,76,77,78,79,80,81,82,83,84,85,86,87,88,89,90,91,92,93,94,95,96,97,98,99,100,101,102,103,104,105,106,107,108,109,110,111,112,113,114,115,116,117,118,119,120,121,122,123,124,125,126,127,128,129,130,131,132,133,134,135,136,137,138,139,140,141,142,143,144,145,146,147,148,149,150,151,152,153,154,155,156,157,158,159,160,161,162,163
0.0,0.669076340616282,0.6803078259333857,0.6495367031475565,0.7016325750588683,0.7024014181576834,0.6260288315032978,0.6120023495657119,0.6258572490097672,0.7163853596132411,0.6805268680600993,0.6591750296483824,0.7934605437219393,0.5963440490415989,0.6918615123551185,0.7656148989626506,0.7208699584124182,0.7836199565603994,0.6302585694742882,0.7688202550088673,0.687751727142191,0.6745446312817728,0.6193265233727786,0.6567755837419201,0.7837726790497982,0.6100945621473184,0.6443699966084111,0.6538108313938154,0.6110262658105018,0.596793846161754,0.6930074126791733,0.7300318699062716,0.6530407581072383,0.6042101938943335,0.7226534369647214,0.5955656824249216,0.7219000627248391,0.6299182031765267,0.5947724247066951,0.699988258559436,0.6033652052232018,0.6503244904737722,0.6555488697738333,0.6683447125906659,0.695274089261195,0.7512346083433421,0.6087990379585001,0.6667026419455215,0.6870077673009797,0.6563258369788689,0.6715772376500493,0.6645293971570964,0.5713088046809828,0.6199788396785795,0.6025070443100704,0.5877183331791425,0.7015649409894386,0.6968955371178186,0.6200553506821284,0.6813266725943116,0.605732905119368,0.5426319809339587,0.6043986276028464,0.5472700911781436,0.6162906220139267,0.6349591046624437,0.6695669198915803,0.6439795356117475,0.62012087164545,0.6445229437468736,0.683602221792679,0.6099268775258812,0.5976414439773141,0.7180356364197118,0.6810055444940705,0.6538608535503131,0.6042581729695083,0.6725217441001259,0.6003057217362417,0.567808233915354,0.6007642325267392,0.6615175635884075,0.6243933917455344,0.5940267015832242,0.6267806707638858,0.672068396097421,0.6096320973672985,0.6304772842622098,0.7436957637694624,0.5580865516232446,0.7124636038637981,0.6617166850097425,0.6558545774572281,0.6279662979695847,0.6049359524243282,0.6390847516155184,0.522567808948872,0.6440280975534408,0.5237707894190754,0.7150449636937987,0.5798828705190012,0.5524155235006954,0.5935474048664869,0.655027942213179,0.6293844953813983,0.7190703892318575,0.6331184969770677,0.672652189246874,0.7075153236952364,0.6888433713400478,0.6580401708425225,0.6071818508986178,0.6623821330619422,0.6320567110765042,0.6304696593634334,0.7158327397235806,0.6842533776137351,0.6778112064999537,0.6000046375075803,0.5910119518249987,0.6554642992326035,0.5495964662256221,0.6279961579165897,0.732530492109151,0.5818810458531551,0.6817770331287341,0.5704062285101281,0.6032027945412677,0.6292833203541203,0.6400601487131791,0.590586668609831,0.6427904761540053,0.5871820619061262,0.5925485382874675,0.6424182160604499,0.5796219819977929,0.6211132248379203,0.682444490758849,0.6778162693945722,0.674311025594745,0.6083803570182734,0.6239009503670936,0.6935071397998,0.5680626472003796,0.6513954678302628,0.6120180794481046,0.6123173682519628,0.6467709677049716,0.7275928944284591,0.47998073910439676,0.6780491551182042,0.5876179623825157,0.6446543315494973,0.5870662653059889,0.6995339381847655,0.6881893804292369,0.6353807644132691,0.7117913011795866,0.6181122457285145,0.5895172443579451,0.5828475385656634,0.6486467290736072,0.5680089792644222,0.7197876861988967
0.669076340616282,0.0,0.6477822699856163,0.5977895412804447,0.6496347601038922,0.7166025654954604,0.5987342208211575,0.5707926153955747,0.6640249446319253,0.6926415305841876,0.577141638005136,0.6617671435001229,0.635166586908481,0.5697424748912776,0.6635022058774368,0.6142767139384506,0.6169496201884438,0.6163937142578018,0.5778677878473999,0.6436791188937779,0.6275435223438617,0.6817590191546075,0.5544724474990739,0.665657342097607,0.6502978408074456,0.530795431629925,0.5883694216635184,0.5579332776720571,0.616227363282412,0.5754905010684248,0.658651446371362,0.5931736849691303,0.664851095413298,0.5375363809248678,0.6425525169199852,0.5600512438211886,0.599310118735802,0.5722913265027447,0.5798918898260961,0.646339969141242,0.6158181886062651,0.6753378688135355,0.5237564715234737,0.6022783706671301,0.6072123962516442,0.63400151594819,0.603512677514499,0.5601768229140359,0.5772575233490997,0.5749793448779155,0.5745440163764142,0.6190803472905106,0.5750254158474525,0.5956208969207895,0.5298985468714493,0.6737076082849333,0.6038676167805292,0.6156103832819637,0.5490522695582166,0.6296297099172886,0.5530277115392276,0.5137000567131775,0.5228246439432168,0.5148414404770552,0.563668677811745,0.5459123019968929,0.6123131269039275,0.5816959691729333,0.510599780218017,0.5524297761738665,0.618322219598492,0.5562477817613448,0.5290296691581242,0.6025528134418138,0.6207195383710981,0.580001597106125,0.5210259074310324,0.6501672594724144,0.532147279314428,0.5497383461010266,0.5865268448869674,0.6388835493080537,0.6872540258663558,0.5431261217665774,0.5569777232616234,0.6861046455937405,0.5245261368382617,0.5249442890667595,0.6303050807920577,0.6452681874499057,0.5975728467815038,0.6904534060109535,0.5814025275431518,0.5735149849274954,0.5739319950656203,0.6568744010899034,0.5120798549668437,0.6417491188267846,0.5144737857369388,0.6406436245535114,0.5527646140156501,0.4733380754993549,0.5107115839078189,0.6183563377294263,0.5534571577834912,0.6246995039884106,0.5550462876192005,0.633973282141796,0.6547787773259155,0.7151415588843074,0.5857342528863033,0.544040444396785,0.5837813233098185,0.5811631157302065,0.5569289268833947,0.7477555204756862,0.6199297244401375,0.5476846272678627,0.5422730327619442,0.584869525162809,0.6139584907980398,0.5022512309139746,0.5834177935317576,0.6878389607846289,0.5730468310950124,0.6339930504021897,0.5478531451498011,0.591659273033684,0.586809093700011,0.5791445220878436,0.6466373013038358,0.599927214534013,0.5272428979338991,0.6190777357595797,0.5936984406802496,0.5556180325778408,0.6063972771379411,0.6241859913056719,0.5825588032480484,0.6083895339882434,0.5572137149201682,0.585679078665718,0.7107641958391753,0.5434578932509145,0.5985249530392087,0.5309577529625009,0.6829350149113504,0.6491396288694591,0.6520962066991501,0.4861878432224294,0.5740937791156163,0.5719437334349757,0.5951317823029777,0.6188478385257263,0.6537910276838351,0.6235180998860617,0.5899891887700902,0.7109815113651491,0.584181113802351,0.5093567515511895,0.5588720921211126,0.6158458291985626,0.5671673128727507,0.6581141610545865
0.6803078259333857,0.6477822699856163,0.0,0.6398502638969088,0.6782383398772973,0.6888132974372283,0.5514231559668269,0.6345172944591324,0.6361370679077931,0.6502113639689394,0.6097698123028474,0.5971932553524135,0.6774358945450694,0.5694948081292379,0.6660053444425609,0.6483062760935112,0.6305633487542686,0.6660248903742955,0.5491016518256833,0.6485373113873882,0.6870479225172555,0.7788426966254858,0.5188266730391106,0.6073288419844545,0.6430842781810022,0.6091663663198119,0.5723626805058514,0.5410951223806357,0.5519964561872281,0.5211004150721439,0.6236988216083873,0.5950963913128026,0.664737583085714,0.5130589493054949,0.6296002803521358,0.5966603752928983,0.6285914229764418,0.6104090916515401,0.5650649316334669,0.6287912040427426,0.6126236366893392,0.6642360520565329,0.6016546632414357,0.6191885255715369,0.656173433322311,0.6446894217343113,0.5929050898165059,0.6174081286180597,0.556256317012309,0.6356524516922553,0.6138901461550597,0.6696210414537753,0.5440635000568483,0.6261824107503648,0.5437370170957819,0.5896852960573249,0.6065730591445005,0.6690042497806854,0.5782591064379501,0.5972272679022306,0.6019449368699535,0.5324916208794183,0.6098746076526969,0.5390785295584738,0.5989447600846363,0.5965793483904428,0.6586818832222722,0.6594394875262057,0.616509864606603,0.6339750585708401,0.7240392077209156,0.5497308330668474,0.593448527991174,0.6754438427685003,0.6611481603512598,0.5254953993976453,0.5537534493272259,0.6034303455759975,0.5709211835094341,0.4981029698832168,0.5978935912945281,0.7255025098896465,0.5976084882204844,0.5808682598888214,0.5894355693894511,0.6950005754103421,0.5951842981300984,0.5668422784420428,0.5942539745978094,0.5723332701045795,0.6742498949525454,0.6327172386229524,0.5687321306660131,0.5353231143996479,0.6050265526319598,0.634625599115458,0.5521363679350453,0.6395124413686877,0.5092580820621981,0.6363911465372774,0.5217631786001041,0.5361879765524388,0.5754703588375375,0.6472911140499298,0.6061138713760827,0.6774963624658311,0.6058576180897894,0.6176934756728164,0.6381350795338139,0.6374832483177763,0.5820249930199541,0.5914545237546938,0.6468633539649945,0.5939717763213932,0.574153320517283,0.6583000516927201,0.5673736433207661,0.5525775424991741,0.6034726593235317,0.5839270884115422,0.6144462751086642,0.5633705842372075,0.580852728456537,0.6192729514156391,0.5530989869411241,0.6001497915622381,0.5786087230047645,0.5865573687173344,0.5994115196293774,0.6319784350242436,0.58143613909795,0.6952804102996628,0.5280187495806355,0.5999396730878863,0.6565348529226256,0.5605002334811025,0.540778857093918,0.6238309528083688,0.6418711686167272,0.6022214155532793,0.5879005987429125,0.5803228516157909,0.653888128631046,0.600092787901526,0.6123552234320778,0.5821714552483499,0.6836408693665437,0.597090519716438,0.6651865319936431,0.4690538683544892,0.600275387017324,0.5291610146930779,0.6076142488396955,0.6166231587580787,0.669021831040148,0.6729369673307798,0.5401630759118061,0.6653319784935069,0.5561475075615595,0.5030677431495593,0.5725487217396266,0.565011883783226,0.5693708435483977,0.6523948858296241
0.6495367031475565,0.5977895412804447,0.6398502638969088,0.0,0.6588290503131157,0.6311594857904093,0.5870874595912225,0.5767508893172106,0.5390387131554656,0.5919688112796258,0.7369854933885738,0.5885508515737461,0.6572873274093716,0.6054540109227106,0.6699451681447168,0.6719675925573567,0.6755901406190247,0.6577212922084413,0.623655861049846,0.6367400787561606,0.7287169166704277,0.6603875680671424,0.5393315168398568,0.6072202561460054,0.6156368508829153,0.6335582236191318,0.5780225510575632,0.5995833778978567,0.6105621909483053,0.4940355032178722,0.6166036404675812,0.6511943037552,0.7279220304491438,0.5506083410348126,0.6583170747315176,0.6589008919724524,0.6292796645659717,0.6421733086816009,0.7014845178959701,0.6892989456293286,0.6572957917506353,0.5572115738692789,0.6378989853453213,0.7212541980442845,0.6246608136849451,0.6581297699478816,0.5047063115194459,0.7083057431989705,0.6188707569998968,0.7016182150149906,0.7752219482401822,0.6531258254857276,0.606742185336788,0.80881272476835,0.7072003396946135,0.5013094012651208,0.7229186428951879,0.6603006984466459,0.6366899138383375,0.6881293689735442,0.707256128523663,0.5656768729464737,0.6503302500207518,0.5544413820706566,0.6671052891953336,0.6779703383108652,0.7346602746830474,0.5771561711144518,0.5865517521222827,0.6121222019901847,0.6836342357636198,0.6147065214144452,0.6409141123530167,0.786216626030018,0.6806027323535196,0.5743754538324862,0.6954335313554736,0.6324472697368623,0.5912143481257753,0.5682366777241985,0.6029306430097775,0.7031729599799779,0.5345359292030754,0.5954297208306771,0.6790147154261766,0.5950250984539169,0.6161524063911644,0.6340833130243126,0.6117933709261724,0.5056266230303804,0.7044644922543358,0.6167053260420893,0.7019088750538557,0.6473004142877372,0.6916967168151696,0.5687698030621875,0.6013761960720244,0.5601369261542063,0.5369956520580288,0.6636999258426473,0.6208041207835332,0.6049864333040247,0.6293830992508219,0.5743564084445544,0.6700164305383967,0.6096385865486946,0.716133316566824,0.5511983142695731,0.6579803909311944,0.5946315848901553,0.7116101544728751,0.6628932435981736,0.6972992221967046,0.6590874700687374,0.6365108869195607,0.5944101611421682,0.5945861418897351,0.6176670852726072,0.6384127676479536,0.5754995521566295,0.695703623088872,0.5954072636103109,0.5826632330143056,0.6795218082131093,0.5967136810998404,0.6619373284911034,0.6095167179729841,0.5697787312573265,0.6323535429503699,0.6498737753906679,0.4899485899214791,0.6889651034804115,0.6260461790001944,0.6533269599173173,0.7341564520288135,0.6045638429095105,0.4996774430528918,0.6665326382004647,0.6294834260295828,0.6717331610845165,0.6484955450480016,0.6237669510795534,0.6970169076016647,0.6604121868002047,0.6795272178405801,0.5294534899486042,0.568537593105474,0.6264928946803991,0.5845605920241038,0.48139643727299586,0.7191481087351169,0.5924890166141783,0.7027153775397346,0.5142132352022741,0.6442421114671846,0.6576131298895327,0.597285184409165,0.6072328077827608,0.6820285684641008,0.6198737730650817,0.5696574343682945,0.6062548080685767,0.5902620685002747,0.7114151687957844
0.7016325750588683,0.6496347601038922,0.6782383398772973,0.6588290503131157,0.0,0.6278192976350834,0.6444507929739138,0.5523777089011299,0.6164902620424184,0.7139836335143422,0.6513219770449008,0.6045291563001505,0.6488888136561897,0.6238362575834662,0.659694921435234,0.6648882998403077,0.6683184025036422,0.7181728928553779,0.5686900086783115,0.6411179022267659,0.6773264444110069,0.6947091533375034,0.5950175192292266,0.6125551344262673,0.6958868488584375,0.6047271972024144,0.6306838927522197,0.5748510088765082,0.6389956076078118,0.5587420134552512,0.627526635069851,0.6347132204171917,0.6397941676472845,0.5392657731602545,0.7032089543771959,0.6089921194568811,0.6439219306443404,0.6361866400970246,0.5804787527720584,0.693959534505578,0.6174161617064123,0.6929442895968186,0.6002766868598777,0.6751658781927082,0.6050079204855489,0.631443648623015,0.5963340592478595,0.6341700353638798,0.6543360154777209,0.6381438558221698,0.6434929101584571,0.629205357004857,0.5673243047171915,0.6125474831369209,0.5865959283827014,0.5918586985495906,0.6360014162969932,0.6570182878843202,0.6424270617796423,0.6230423173337744,0.554616667376333,0.5394497421964024,0.5662797554821964,0.5817533126116744,0.6150795891870094,0.5780713629736217,0.6681710093384635,0.6341268143926476,0.6237970118960039,0.5978534557476767,0.6633720773479089,0.619706567886007,0.616126724036272,0.6700297075787673,0.6280968255646443,0.5832672444185015,0.5762866150774186,0.7315039856482183,0.5491997423653824,0.5622212534353913,0.6067944728363125,0.6744193165051114,0.6066255391694998,0.5607261438345678,0.6372969396602799,0.6328152797732293,0.5669747136319094,0.6182775767058536,0.6195039480852574,0.547606145354102,0.7666097701317672,0.6887109775119895,0.6459190814014145,0.564992397599042,0.6705877832455429,0.6387197041379712,0.5070518832363871,0.6331362435037533,0.5642494088011967,0.637280925390334,0.5813973173518113,0.5171869212133737,0.6176406424388439,0.6605288740821454,0.6091715490021428,0.6282141366879485,0.5895328936406177,0.6439100758250411,0.6748475547746573,0.6446601878731637,0.6339834481464678,0.6465518903445749,0.6457545905928086,0.671273691690113,0.5787913585153555,0.6452769413048638,0.6197181808058572,0.6351385870701972,0.6130615815889068,0.6341502288527289,0.7025496986579555,0.5488088574886139,0.6070922249151057,0.6735358677160966,0.6245065954084811,0.6245176960892698,0.5904141544189169,0.5569562844717357,0.6127481568545335,0.6527356309380551,0.5808234838325556,0.6395488428241126,0.5556518251977731,0.6243142822378411,0.6173532221967007,0.5929461547127057,0.5475758291512284,0.6889576190930028,0.6460661034046028,0.649725361922445,0.5985580361319748,0.6448761432500492,0.715101128861826,0.6248681050492916,0.6811247091990652,0.598271290710144,0.6138714772676187,0.6323326931580627,0.6828866020821996,0.49174249850477464,0.6140926322638202,0.5964162369093392,0.6293656305499793,0.5990625058352457,0.6823904503822221,0.6415590311063447,0.5642198150536966,0.6611801381403354,0.6400745394627457,0.5697782763582986,0.6028653808912419,0.6516327855555226,0.6366507724991374,0.7340769323133935
0.7024014181576834,0.7166025654954604,0.6888132974372283,0.6311594857904093,0.6278192976350834,0.0,0.5538284569023042,0.6619901306503462,0.6858058564876389,0.6430442053410539,0.6181088357836458,0.6578421803092781,0.6915026336468048,0.5744171810394195,0.6668458387742199,0.6721078798814007,0.6252348387606804,0.6248818546356566,0.5957990859744859,0.6686268554917684,0.6590164307403406,0.6939563435745846,0.5166313337293141,0.6027013921012214,0.6527995108897757,0.5660620379157428,0.573271381925856,0.5594965082070273,0.5830942743959818,0.5638472853651376,0.7236228758981269,0.6419341337454681,0.6968999827767675,0.5370621978122931,0.6462543950871089,0.5980817991904077,0.6509422153310971,0.619001499283367,0.6300766179701217,0.6008848622235092,0.6143473023884193,0.633666890461438,0.5785477011359186,0.6355967610155308,0.6538080052606015,0.6590466255798154,0.5708598524260647,0.6180493728123979,0.5601765905199958,0.6202504480984501,0.6207355129284574,0.6482710338770689,0.5757041021266175,0.6374604174022541,0.5694122675476347,0.6187937748429942,0.6375653544714628,0.7048414014779989,0.5442696978351869,0.647826831670563,0.6472215938876498,0.563063671266265,0.5958132692312906,0.5196871694635763,0.5908377913430319,0.6014739439523503,0.6502363470438628,0.6185179123809829,0.5436046606855034,0.6330360051122215,0.7038466696381871,0.5636276464725749,0.5650702283910192,0.6472007141526864,0.704456260460609,0.5817387209686072,0.5664612377909274,0.620380422067426,0.5774363410309782,0.5547938473623814,0.6141429439309445,0.7079784602842375,0.6461545606624668,0.6018053519806532,0.5898525967394613,0.70560289596415,0.6226960446762264,0.5622535368754016,0.6614593320087696,0.6214352834066735,0.6330710244763006,0.680268207290234,0.600094878379267,0.5915044025475314,0.589960206772395,0.670369501767078,0.5855130799720889,0.6274401774382564,0.5224308161979637,0.6552648273694904,0.5723270902836132,0.5411093407279619,0.5428239980474324,0.6133083335306112,0.6190088575582058,0.6597267648663202,0.6125608821359857,0.5966806286807483,0.6293690708853481,0.6485978495772539,0.5984525781559193,0.5732984652681175,0.6493631760665864,0.6243967531964267,0.5945753593113541,0.6832472830641035,0.6078339911089622,0.558659858227187,0.5592090638455475,0.6037321378035294,0.6203991154369112,0.5744556688707361,0.5829369738258808,0.690427973646481,0.581905290816737,0.668248898297042,0.5772063150472008,0.64099430644835,0.6006203053941184,0.6020969939933558,0.6137493875967812,0.6967526587675889,0.5846202787524679,0.6570399705962732,0.6542873960074226,0.5695709695733061,0.5796996178569559,0.6080682736159411,0.5786201075277693,0.6516217144129308,0.5982334612116845,0.6174680331319043,0.686658544111075,0.5853416605635648,0.6268601177806552,0.5371931839005093,0.7104646048292721,0.6490705399882856,0.6445212524759051,0.492662104300147,0.6436763588959167,0.5700379687309306,0.6069430940307193,0.5635708548818052,0.6695459171494532,0.6956340150036454,0.5807618302002379,0.704521485799177,0.5740103190222933,0.5328097015275456,0.5513424309670824,0.6152183822687182,0.5740150880811243,0.6662679312390203
0.6260288315032978,0.5987342208211575,0.5514231559668269,0.5870874595912225,0.6444507929739138,0.5538284569023042,0.0,0.49433421441673586,0.53292884617031,0.6800039084597493,0.5729299190205452,0.582601294573297,0.6086036680735704,0.5527654701906815,0.6262406027458675,0.5757021185041513,0.575111577676396,0.6105930246016644,0.5413891206232734,0.560355707633321,0.566950837196311,0.5801773688382795,0.6458558812882536,0.6144321186891282,0.6420671168292406,0.5290258408171712,0.6043769576990908,0.5580601209676542,0.577909067738756,0.543242207386758,0.5822445920962773,0.631903805715914,0.567292225983379,0.5622640526569636,0.5930493813445519,0.5198956999029989,0.6128557636480427,0.507259910843041,0.5349178532451261,0.6753245576488172,0.5145661113536539,0.595159386886021,0.5346744214784988,0.5797624182696931,0.567263345435791,0.5967144209248783,0.557724849119228,0.5575284552672529,0.7152198059337874,0.5441706196189977,0.6023577774593076,0.5294016192392981,0.5144017742239841,0.5549612197502912,0.5601235264800649,0.5491435477139942,0.5683057534295678,0.5420960737500901,0.6215129873744203,0.5870581988150047,0.5096854997077466,0.4840643640956736,0.4808871891740096,0.49581921124715006,0.5469604440032969,0.5266105422559172,0.6315903248707406,0.5845985229391027,0.5195881041523442,0.5158016914643292,0.5614291124825153,0.5479391144726952,0.5283367788026052,0.6185486485720336,0.5177539770110475,0.605761144438077,0.5881685118792873,0.6771336472067038,0.4781241146691524,0.5279537309661849,0.5079746658561962,0.5684551024199693,0.5728878031240262,0.47064164680916176,0.5365370887836217,0.5231056716944984,0.5017951348305346,0.593242986408128,0.6049800821134895,0.5180595564990582,0.5962797729742165,0.6343429845113799,0.5919093967004211,0.5534829330090235,0.5575139930257537,0.5711208400497819,0.44774475552227294,0.546801985935672,0.49056525178428295,0.634914582546256,0.5423003933067271,0.49124058144569177,0.5455240279934404,0.5508536255229554,0.5145638055981026,0.5543517058613787,0.53156328424039,0.5555993578960423,0.6311003313090708,0.6356074172614257,0.6408789573174124,0.5298170570703181,0.5718483352703272,0.5409827282547209,0.5099167798197376,0.5747539793264588,0.5710587397545318,0.6538858486028626,0.5275720921550988,0.5195259125846469,0.5667085075481747,0.4692819162664576,0.5277087176091577,0.654912162682227,0.5219538843175933,0.5838827533782932,0.5275381006835782,0.5394127383419854,0.5278200227977105,0.5528292464257633,0.5122577972136977,0.5119438216554905,0.5069418928129755,0.5108087880453342,0.5330231424979683,0.5137569805585885,0.5232125801313802,0.607423255084968,0.5622220992905593,0.5713379840515346,0.5257513478746816,0.5543674298826609,0.6595825391160172,0.5097282697742771,0.5683893173268348,0.5750605795070907,0.5230767382163118,0.5809809734248726,0.5736365400824515,0.4216428585889657,0.5538881039590057,0.5332922796603684,0.5554674872852582,0.5950362321152244,0.5721083504353371,0.576169399327941,0.6010299953262875,0.6114735059190944,0.6011611099661015,0.5826091363748832,0.5291288002012702,0.5607264536058749,0.5221290298623518,0.5946593028590798
0.6120023495657119,0.5707926153955747,0.6345172944591324,0.5767508893172106,0.5523777089011299,0.6619901306503462,0.49433421441673586,0.0,0.6301122546855875,0.562547894372816,0.5836719457587729,0.62997541619317,0.6494215097446983,0.4919885224046763,0.6324311821161835,0.6384392428539205,0.5453275706971341,0.5686534443515142,0.542055574387116,0.5928546775576448,0.573532675982694,0.613359780194233,0.48941474442925637,0.5525451484098977,0.5996463578812775,0.5644874396299142,0.5725087242235721,0.5224705813404458,0.4972016120726581,0.5506419120819424,0.6901798556319847,0.5657119688732463,0.6243200517804113,0.5118968713084237,0.546584659921727,0.5351421968783072,0.6485345639048294,0.5710912464072739,0.5987665804195779,0.5328766070265651,0.5403960150400517,0.5417705674878718,0.5868382296057454,0.551411013455304,0.6757951777721071,0.6171968282229684,0.5085282721084278,0.5816957263571383,0.5107093943012545,0.549126268615081,0.556443527987322,0.5590135380291106,0.47609888177474047,0.5582726775352617,0.5300783353852407,0.5326711385478488,0.5598917458182461,0.705391049875523,0.47542552997148524,0.5610476799742583,0.6326284816488492,0.5016544043457339,0.568356918110762,0.4607787361279898,0.5065749969523707,0.5454025871835685,0.585380975037056,0.5904209642465222,0.5287646972762106,0.7275013052982617,0.6305626886246559,0.49431906532323244,0.4949804695148086,0.5904072200571268,0.6148369936779307,0.506956516914448,0.5522964023727431,0.5482320757170539,0.5899048116275077,0.474348743051398,0.5183100669757691,0.6120497933671895,0.5931686845340184,0.576068381012681,0.5183013969177408,0.6559877336243239,0.6797617610334167,0.5201782795844263,0.6089923527298704,0.5934215355797438,0.5730629853313665,0.5558967602407809,0.52628210852185,0.5073028528815317,0.500633561117228,0.6242054062325805,0.5372942762616628,0.5512943911261268,0.4502608733570712,0.5729982612863613,0.5073829276795634,0.5954105771300098,0.5106709467572234,0.581123454603335,0.5562728842136395,0.6394181103954216,0.5619212787204915,0.5490323084224181,0.5517272061125572,0.5568200379207462,0.5293883330776554,0.5167086418749306,0.5534346946842159,0.5683028501634219,0.5480056713129418,0.6037472791894175,0.5136606326602904,0.5271918672212671,0.49076681508393,0.5256636210299285,0.5342531440257828,0.6061128602533372,0.4998856075934556,0.595095217117738,0.48308578130153124,0.6239237159907085,0.49306607280136755,0.6955757122863732,0.5293091089315904,0.5552911531987372,0.5542889934751545,0.608377197839942,0.568540889010819,0.5475310964418729,0.6028356534035914,0.48583907351762334,0.558860528181418,0.5494760559530742,0.5761476198334726,0.6218730054952318,0.5540267911640568,0.5190357086423548,0.549581879296354,0.5112506962835974,0.5577887109026068,0.5144056045123793,0.6539659891212575,0.56783697316915,0.5818598827062803,0.43868586783298713,0.6211786876222043,0.4853398669786093,0.5456146409242731,0.5275114717419912,0.6208744770370542,0.6979577664877933,0.5482849643092006,0.6510629992917046,0.5012101318997468,0.48083764536031337,0.4844599938883071,0.5118914474113044,0.505206163009686,0.5794849393507601
0.6258572490097672,0.6640249446319253,0.6361370679077931,0.5390387131554656,0.6164902620424184,0.6858058564876389,0.53292884617031,0.6301122546855875,0.0,0.6380687340784609,0.5480367983880153,0.6308145418288944,0.6032493793315382,0.5112755100590725,0.624324692235216,0.5889897383552178,0.5386154994435853,0.5757135591966007,0.5194217676920493,0.5734553968351526,0.5582123009761569,0.6635486373712552,0.5046464918642737,0.560111858576992,0.6219629992587357,0.5069398408236894,0.5827200418171903,0.5014395549704763,0.5284935773294165,0.6305558567540371,0.6703279637836287,0.5476703008676502,0.5913178775861636,0.4813987181057399,0.5627804924593407,0.5092191915985002,0.6080425644021042,0.5514759962787178,0.5446327470474336,0.5375114009125921,0.5319729099129133,0.6763818484026005,0.5144980517687793,0.5407870578682156,0.5780397717913207,0.5668558555548494,0.5654646156701071,0.5307895715666621,0.517787302192892,0.5207984114010527,0.5228118113153265,0.5418890454061228,0.49199911421534864,0.5232752273716491,0.48728210970302943,0.6795901378926227,0.5333235030480056,0.6440889724336041,0.4837354886647321,0.5373136195508618,0.5312426938949083,0.4865774911240838,0.5028881047945641,0.4676838473868503,0.5051654209167841,0.49677226848246003,0.5635750707264734,0.6123305937343798,0.5087978262345887,0.6131078862811897,0.6058850149237682,0.49729223359718483,0.48951858367096157,0.5489952657196013,0.5844476532458003,0.5170268734056036,0.4963703808990499,0.5921582052508848,0.5082460312483559,0.4933889451212415,0.5369165249397746,0.6167232551404441,0.7481235221387771,0.5235954882331217,0.5049385653215159,0.6632335176571533,0.5620050583907615,0.5012433223412894,0.5858894149893262,0.6991695314550401,0.5750391568879757,0.6175258625154394,0.5181770591604813,0.4910004628876431,0.5171386235745368,0.7045292557984407,0.4864556333587827,0.5831687997319257,0.4735119886652607,0.5519505952776456,0.5018721802904824,0.4837131762112201,0.4859067106281826,0.6053493232623193,0.5197985616392248,0.5869918228257529,0.5022609252146102,0.5912533617555558,0.5525862263596703,0.602072136545619,0.514352669566289,0.5045918301232885,0.5406901667798696,0.5768571543940407,0.5027681726344377,0.6479151540180949,0.5309330127105526,0.5184934516476859,0.4813259506122091,0.5654882896162413,0.545310893256368,0.5269712471404572,0.5086609029039477,0.6087731559560202,0.5214792182658181,0.584466097898323,0.49612612408625995,0.6055429050644804,0.5099256597731845,0.5405398093779981,0.7332158289666679,0.5846287839583484,0.5177516732283917,0.5717661343415334,0.5484749052130262,0.49922597095934323,0.5841318500636455,0.545268577309157,0.5366306798623562,0.59417324883651,0.5296794390798351,0.5377010449388843,0.5931822505230655,0.5133820083878365,0.554210464972456,0.5169918852683295,0.7637016892842798,0.5908683989434727,0.6118188930214788,0.4496419568523064,0.5487612594035653,0.5120702313977534,0.5327423028657371,0.5908504756518691,0.6181254825846565,0.6441466698625016,0.5391857511420713,0.6934935115474686,0.5098230871532135,0.46806659012504714,0.504261397443816,0.5503841097292069,0.5423499327370189,0.6064988072778983
0.7163853596132411,0.6926415305841876,0.6502113639689394,0.5919688112796258,0.7139836335143422,0.6430442053410539,0.6800039084597493,0.562547894372816,0.6380687340784609,0.0,0.5934848284026812,0.6296999099526068,0.6807970188915375,0.5789041187624735,0.6835614818745379,0.6460279313511298,0.6171567524407316,0.6953153124622913,0.552589914480254,0.626995890656003,0.6108662528270895,0.6541267218760054,0.6216622572787732,0.6361610325558409,0.7589127788863347,0.5663423738082607,0.6471074036100407,0.5653906531329514,0.6242918322444767,0.607662897607302,0.6611430978028018,0.637583702207158,0.6218064556052072,0.5488133364271435,0.646435734229289,0.5475228175856909,0.6794344312112763,0.5761556456819666,0.547879151966672,0.6759158317708778,0.570560424961892,0.688890000120726,0.5752327923478691,0.6153142282622304,0.6207876579042373,0.6580903367359626,0.6536250399288045,0.5929725559521526,0.6589702005825419,0.5718942809107244,0.5940410059273102,0.5870178472409495,0.5355181402816979,0.559938984076965,0.5466836606952481,0.658461323864484,0.5923274641797842,0.6165110454278224,0.596132455588395,0.6000632861140944,0.5335826317562183,0.511369525526235,0.5232856182275065,0.5223164562312497,0.5639390983836973,0.5514707599831788,0.6387310996651965,0.6746903719951676,0.5731488439254776,0.58906384803234,0.6313285161436953,0.5785621688556535,0.5403536998533588,0.6259529828553089,0.5846181307199045,0.6276478782584797,0.5493939783166649,0.7374152677168482,0.5364039138900286,0.5564965339345346,0.5824940738825187,0.6144445552120645,0.6982835550024925,0.5380655435363658,0.5635731069087665,0.6346523655741813,0.5479777579405424,0.5855671007088106,0.6763918020892391,0.5932341183215755,0.6464527115615568,0.683196043612776,0.5967706499702383,0.551014030908678,0.5778934357220401,0.7010455828985979,0.47439361580810513,0.6385537634032264,0.5121458605921756,0.6497929672020577,0.5572725190475871,0.49898012261701635,0.5589070685617152,0.6847173107135084,0.553131708664885,0.6459814797073353,0.5521099592678879,0.6668430784030535,0.690900407287185,0.697124784736009,0.5943351267358142,0.5582136453502742,0.600030827953535,0.6008565433372862,0.554896684235377,0.6729970370793484,0.6282572911112483,0.6304048881625403,0.5508953615075509,0.5868396103258313,0.6083846493670237,0.5173071138928641,0.5717955867217749,0.710006094805562,0.5646235396368532,0.6515127958338809,0.5366512474732955,0.5809923110577095,0.5747838577182062,0.6208128382749449,0.631518359422291,0.5764833409708683,0.5355340090673054,0.5549867731675071,0.5687740389512282,0.5559114511714061,0.6189654555454951,0.6564074755153686,0.6255830903978903,0.6317547180905552,0.5834609646218817,0.5916691349392748,0.6698895310534739,0.5366872932603631,0.6246754155606764,0.6019684669555859,0.6137850322109538,0.6711254147850999,0.7141045828630512,0.4578241271295033,0.579774368543384,0.5773872733912291,0.5617047164761394,0.6674909026655974,0.6753742700181099,0.6542700148610088,0.5912323849609341,0.746563503746718,0.6013165814337824,0.5442336933387113,0.6014239416220303,0.6238244953588704,0.5863961511604215,0.6498357295383695
0.6805268680600993,0.577141638005136,0.6097698123028474,0.7369854933885738,0.6513219770449008,0.6181088357836458,0.5729299190205452,0.5836719457587729,0.5480367983880153,0.5934848284026812,0.0,0.6096105002117752,0.6781529625199704,0.5784471233158761,0.6293785900013548,0.743845457735152,0.6928788259984866,0.6745380291078478,0.6474565454277684,0.6618524380727703,0.6667257735507072,0.631757717006831,0.573641769939239,0.5958227158743724,0.6504762566002206,0.6063587484745362,0.6297863061770578,0.6722916016655998,0.6132080429696792,0.5377659332717649,0.619838083657189,0.6653352245944213,0.6394454085865061,0.5705231480925936,0.6581005239640212,0.602574995287149,0.6602357010059756,0.6471361394201725,0.6694202688931634,0.6504238672121434,0.5950353561286204,0.5577628177362116,0.6404385563792824,0.6703522910058008,0.6179384977033213,0.6335095889773705,0.4896528151611849,0.7129471717999254,0.6494021034262565,0.6407236489380523,0.687138833689842,0.6037379743780324,0.5547769331157586,0.6629951962246249,0.6898607698829927,0.49288286727618014,0.7106875004184499,0.7053294650811427,0.5891185953808817,0.6516936594787058,0.6650646820225534,0.5265631311075268,0.6172417728199849,0.5336509761386685,0.5913165243288362,0.6188056859141988,0.6552240341575024,0.5573436440587077,0.5978598421374072,0.6536280525429161,0.6222305644978795,0.5964631906614807,0.6054145004332591,0.7126176055670881,0.6873626706576845,0.5816531545799436,0.6791061087306688,0.6254565253929247,0.5863144316719698,0.5698827027417386,0.5652847229078577,0.6222808624322844,0.5387060786036348,0.5982890949586961,0.6406986002597157,0.5901612281835112,0.6403850661854196,0.6125457755401733,0.6293326487874287,0.4977175074829366,0.696601384513718,0.5731243114555591,0.692571463516923,0.6284708918738949,0.615850953353865,0.5646492132188493,0.5379606405141152,0.5441522799294246,0.5124041281949759,0.6179354177776394,0.6087478986675423,0.601325236941225,0.588473153083354,0.5700789375483041,0.6324296660757431,0.5995901479397047,0.642409863869286,0.5777509943341205,0.6082787699646414,0.5852122328238056,0.6782668552755773,0.6243780412155893,0.6397919899065082,0.6897412762138194,0.6181435029530471,0.6060342149285579,0.5990889546323666,0.6779423994013609,0.5945812636766002,0.5663015856164146,0.6616878276567015,0.5777462347755349,0.5769273543127135,0.6627491212162875,0.5763612290868291,0.6660143217010592,0.5485974766211908,0.5652707607141091,0.6078560644822134,0.6049000401880111,0.5033169079759148,0.6449920498593197,0.6719829415211217,0.6158488256549941,0.6761923009742752,0.5586236593862325,0.5242674787344924,0.6334173652914806,0.645284053405191,0.680252947748549,0.6139817643679562,0.610787733996729,0.6281424694225197,0.5921390541896104,0.6583299002362913,0.5255859239953727,0.5479471325090483,0.597036500857745,0.598351610180093,0.48297521891818845,0.7402684955510231,0.5808129522829475,0.7091916250692035,0.4938513075479768,0.6376830866779384,0.6469733975400792,0.6477322862578799,0.6063368871679494,0.6531168811407166,0.6318001221856823,0.5329570247848109,0.6119420423729494,0.556199630626729,0.7445517332728294
0.6591750296483824,0.6617671435001229,0.5971932553524135,0.5885508515737461,0.6045291563001505,0.6578421803092781,0.582601294573297,0.62997541619317,0.6308145418288944,0.6296999099526068,0.6096105002117752,0.0,0.6349667378245124,0.4981247892777637,0.6469522103271006,0.65211678137876,0.5987808952362002,0.5877384342745704,0.6420407243376726,0.6541600756278767,0.6130537554417234,0.6158297056092449,0.6030963349639484,0.6891379459125396,0.6991618712195206,0.5353623435611372,0.6172088545444895,0.6035128950268585,0.5445050679217502,0.6388063743756031,0.7083303942374446,0.601799104606633,0.5997896747282402,0.6135817300268883,0.5900087053700892,0.5272211551673935,0.6400132264567552,0.5478296481991123,0.6217411429970205,0.5993457514979981,0.5523317598095443,0.6153263064072747,0.5507516436565174,0.5748189277639959,0.6528238889950924,0.6408611686012169,0.5351827067097746,0.5708585709787056,0.5990655134942388,0.5442130247731892,0.5684180346275761,0.5704609388972377,0.49642617212015827,0.5694023972525194,0.5394736260983422,0.5810481387373431,0.6063405069491482,0.6770599578018311,0.5058857480789984,0.6007559007979844,0.5646367783794258,0.47294960999022023,0.5126147216876674,0.4731422344287653,0.5170474420898453,0.5328815188475786,0.5877368505761273,0.5489040945303989,0.4948615643883068,0.5965826115575046,0.5768211512769083,0.511726363343554,0.49819044632686305,0.6005386681797483,0.5928012085855043,0.5581983148741394,0.5554133061278572,0.6121830781777213,0.550900235962275,0.5165309611413895,0.5175080115081222,0.6007031870514151,0.6429040594873086,0.5220925444704955,0.5393896555219878,0.6477880161404899,0.5681009437342687,0.5149570889795636,0.6469330803968995,0.624676624918145,0.5774638215486768,0.6087659806162091,0.5597183530941002,0.559039405486913,0.5138092825164836,0.6209615622927092,0.48765982463474566,0.6022132165872701,0.46333935650369673,0.6072285901246203,0.5249347782069771,0.5217927377038706,0.5086133036820024,0.605475249214463,0.5287088745455619,0.629456367679287,0.5548141879625245,0.6361985677634877,0.5881080470077005,0.6904253978413786,0.6158335220346562,0.5258727182699157,0.5431701091364683,0.5734001968717088,0.5348514311197465,0.6936305242627419,0.5839426579671573,0.5928350726292113,0.507832798931325,0.52291509740937,0.563163940925149,0.5079037438527643,0.5506030387650556,0.6735854302260507,0.5065239487267141,0.6434685505755381,0.4950176998822995,0.641307948203711,0.5553125798617867,0.5289920976321509,0.5911147775002855,0.5681127157717387,0.5454918542046496,0.5623101514828515,0.6032547719473759,0.48925723844858865,0.6371761945700931,0.5775476894945576,0.5998662930420195,0.6486566774299223,0.5179905393300993,0.5354210539292845,0.6175068946352951,0.5010695533213866,0.5769244501427815,0.536505953365455,0.6365237065405217,0.5865566774515635,0.6359853565176881,0.45400408944875387,0.6308497036184437,0.5167021866593555,0.6086011197802816,0.5624848853855191,0.6787993214722958,0.6507773496429374,0.6475282953712583,0.7249897165798004,0.5332162873017543,0.511949065359707,0.4877468115600078,0.5608904291370933,0.5213251646314594,0.64940997418836
