0,1,2,3,4,5,6,7,8,9,10,11,12,13,14,15,16,17,18,19,20,21,22,23,24,25,26,27,28,29,30,31,32,33,34,35,36,37,38,39,40,41,42,43,44,45,46,47,48,49,50,51,52,53,54,55,56,57,58,59,60,61,62,63,64,65,66,67,68,69,70,71,72,73,74,75,76,77,78,79,80,81,82,83,84,85,86,87,88,89,90,91,92,93,94,95,96,97,98,99,100,101,102,103,104,105,106,107,108,109,110,111,112,113,114,115,116,117,118,119,120,121,122,123,124,125,126,127,128,129,130,131,132,133,134,135,136,137,138,139,140,141,142,143,144,145,146,147,148,149,150,151,152,153,154,155,156,157,158,159,160,161,162,163
0.0,0.5046070210142387,0.41832324117359326,0.5410029034595919,0.5983328521522131,0.5222093341019871,0.5917092010699083,0.5496402749614628,0.6046215837630744,0.39826440223850773,0.5185626936197308,0.4449691556630676,0.6457453828428662,0.5933889551657797,0.5833777052427688,0.5365070664894989,0.5784446082125283,0.7321508087870156,0.5180280177943293,0.661634693259185,0.5761677478101793,0.514412960382858,0.592785701687576,0.6064331068986675,0.5383857954008928,0.583864929260676,0.5835044139150719,0.5899069042999331,0.36222174504731897,0.518764651240595,0.5738872180276755,0.5412607356850939,0.5391946499107768,0.5824626049767511,0.6713844458464154,0.47522036495393,0.6710666019299162,0.5706817301140377,0.4708912959717822,0.6795721410576642,0.5128602790563409,0.6144342601487047,0.5578596744882407,0.5302043036342822,0.5962014225616064,0.6301650150562812,0.566506542279243,0.46815785825141415,0.6254213319979016,0.549666690997303,0.5798598470888693,0.6125827966555025,0.5361522669783537,0.48269176835306377,0.4233500438707957,0.5495640796722197,0.6267659362039728,0.5428894589562453,0.5468141876449043,0.6029558652025834,0.5265893340775939,0.5068168763508986,0.541857380167489,0.47357103731412864,0.5501306839129471,0.5475732345497852,0.643544635771105,0.6572815856733348,0.5191290961523859,0.6455517079402237,0.668544988466687,0.5538621280106499,0.5518534986950162,0.619280498955641,0.5562753239439702,0.6414593808319352,0.5449994871770806,0.586880801082901,0.5696288955707831,0.5283194046098858,0.53242927583558,0.6577465256112117,0.5514052464000839,0.5450198516054452,0.5382652248714165,0.6604803262058304,0.6407339177252203,0.5774152695254536,0.6455878819955527,0.5176780030101665,0.6207285263797974,0.6026652590356998,0.48761686841602975,0.5801666772251596,0.549366761014161,0.4628396701654081,0.4823901492122471,0.5589462934289283,0.5229596679155123,0.653694652623312,0.530007147834358,0.4899327168116026,0.5063759323562355,0.4158707411127901,0.5585494508476837,0.6259924502139157,0.49217126157053154,0.5722478481784501,0.5965724630975107,0.5204672327205179,0.5541304944657288,0.532991415391325,0.6000104357251103,0.5657051319339506,0.5712244087614308,0.672399546939143,0.6368958511415762,0.42563200867188383,0.44708674484465893,0.6072308325311512,0.5833149172071785,0.5310589787878993,0.6371365631578815,0.6614818163751492,0.5628140906414213,0.43596111684396516,0.5289516721415426,0.5288973718431752,0.437542498428819,0.5697322363597218,0.5138041152205187,0.549588606785937,0.5759900111726666,0.6230834807448368,0.49051888048777265,0.5062127208484073,0.5466665426508743,0.6345024106472282,0.53542767034718,0.5772679623244129,0.4928049336419294,0.5247374791477185,0.6716259309572856,0.4820097685770158,0.5505687543020236,0.6605184759406487,0.5735680834430329,0.5263751979178913,0.4497428345893007,0.4326422882296286,0.6550604904790417,0.5119802836255762,0.5550613996044589,0.4485856791226472,0.5401911507701548,0.663594034093469,0.6149061930684437,0.5789868333556817,0.5565887480503772,0.5263849854831811,0.5171124650846531,0.6630667378579645,0.5309701181218243,0.7626786402345251
0.5046070210142387,0.0,0.6238180769994062,0.47431325744759795,0.5387917805687346,0.6967877937114726,0.5638229037895859,0.6863091224274916,0.4943759045934993,0.6244448044262382,0.5571426269117985,0.6820448412013274,0.5999865537991773,0.47326916368812666,0.60357031603102,0.6098360239246372,0.5285643726136373,0.4973962748118001,0.5824054019981951,0.5558547839670395,0.569026152699132,0.7286591428555985,0.5261153725691474,0.6266746347798395,0.7541049217611422,0.44018162640828795,0.5403213480541721,0.49748856545387937,0.4840424206139137,0.5195182466958257,0.6551231340263877,0.6018388118191919,0.5478437142403177,0.5198264797748142,0.5145485205724517,0.5037232772092265,0.5990960766358389,0.4869761345297433,0.5533111379541955,0.5216407557980907,0.5080638758083406,0.577676414762651,0.5122488349839593,0.5086741105235761,0.6428903998491035,0.4982047597415578,0.5595327838192743,0.5268754800675727,0.5555678154577677,0.4677431214942519,0.4751601853783729,0.46462168107094937,0.4400340198756295,0.547530321803917,0.48449467439084837,0.5244113195351385,0.46214837940244147,0.6265814823137589,0.5021622964449903,0.49530506636311994,0.5489581525312867,0.4179626123308507,0.44977130287645334,0.46235924442028364,0.4240176038307174,0.4266539852043078,0.4896995652122692,0.5583761067346956,0.5005938248964957,0.6087004771699405,0.4850027268318097,0.43860409718528875,0.4116433943145401,0.5396803784896783,0.547695092481777,0.4769289256989802,0.4935848488695521,0.6188233483070689,0.4484924832153852,0.4114222986757521,0.4995613754836314,0.4758850194156781,0.6299343960964716,0.49370855079604964,0.41473922018752585,0.5820363496417726,0.5356011336654602,0.4533414495267871,0.5408409706886181,0.484917064437471,0.4613230119961063,0.5463157732624581,0.50569144198412,0.42919647014378454,0.4207707204179561,0.7167041074228888,0.4622170833778683,0.6020429482456846,0.4077433133269823,0.4981468096101745,0.473780214976409,0.5172627405437802,0.4192573989890549,0.5905142352017071,0.4406304180944581,0.5174125646826241,0.4767580888174797,0.6433805543945335,0.5365628032703307,0.6926871473265211,0.5445907648122319,0.4121583786011689,0.46129743478610075,0.4856994709440821,0.42648219748920096,0.4926733217676744,0.5218997135692772,0.539128334427904,0.485461644841671,0.45175554994174094,0.43765192927241625,0.44246474180504614,0.46090791408111803,0.552180747806746,0.4207908006803974,0.6172223866132164,0.4174762013953467,0.6585144561889181,0.5378899787705896,0.4943710027719851,0.5575301574502267,0.5192807074737625,0.42366309330293733,0.444608894926444,0.5587535016348635,0.43632048577269444,0.6185183715523939,0.4980448672259803,0.6208059261227048,0.5460058917341308,0.49934788209440945,0.5358701700605902,0.5111618525559309,0.46608375570910837,0.5405346299226637,0.5033202876822216,0.5957889295247777,0.58869179269202,0.690671347167994,0.4580014829123121,0.4668791012553818,0.5060132243044405,0.5209297948714554,0.6033106793333592,0.649568369737308,0.5678691332979987,0.5207475765318108,0.6204174059074637,0.44203278877187896,0.40484733951493374,0.508226534887792,0.46838204333714484,0.4517239513022463,0.46528833234256745
0.41832324117359326,0.6238180769994062,0.0,0.42169863599539587,0.47051209892228196,0.5832384020937363,0.44496276496142184,0.5574051985521504,0.40733763690608876,0.6884742983989273,0.5314476252092434,0.5738675545571542,0.5051881198684877,0.434305244555994,0.4734251159233076,0.5831874781098338,0.49432818010219354,0.4313429567499115,0.510535836781943,0.4774882480698306,0.513314432358104,0.6435207288734581,0.4357914841187756,0.4798522726703393,0.5806676652185071,0.39516885021607895,0.4629036815434355,0.4434652206164607,0.5573820320085898,0.43544523960578474,0.49612112995987123,0.5442181024170055,0.46678261461418696,0.43463378227984845,0.44197422433212696,0.4977832476891345,0.47903313446275037,0.45624184690361413,0.5089933041353144,0.4430643264303518,0.4675215179734604,0.47500509523135287,0.4688910864173683,0.45560074163698794,0.519051644359805,0.4242654899563454,0.46523895318885805,0.5132269667907575,0.4651750124644246,0.4363618651960119,0.4238746835835983,0.4116220622878398,0.403964068702502,0.5197132824088398,0.4916354306628117,0.4248982643586926,0.41039746332447957,0.5650227878586372,0.46421150748551604,0.4374266393607248,0.5091455546987597,0.39131481186606604,0.42424394716594566,0.466086650743281,0.38260383181124463,0.3886634401673121,0.4194591099465432,0.4571315627314106,0.5054578488519877,0.5145146343364352,0.4176322431074235,0.4003895786783631,0.3824994459287932,0.47738108083255804,0.5240525866835942,0.4019081028530999,0.4488055550400653,0.5138747930192157,0.40164628697169297,0.3691089714169605,0.4646213728197466,0.404882610161334,0.4807264695183304,0.47009434541389655,0.3822970835030264,0.47995918980293467,0.4650703763109008,0.40768800663273536,0.4485665336070641,0.39418782704434246,0.41296275111779124,0.4428985266993488,0.48512664708732767,0.37920755887278773,0.38551146906770806,0.5771004795485517,0.4431945529473512,0.49852529316301253,0.3766286859042422,0.4207944919114615,0.4277927764554406,0.494744279898266,0.3821563961343771,0.5731127514672573,0.40699916849170714,0.4467776475858259,0.45942531874169046,0.5388690749852132,0.4614397750503107,0.5392255761754571,0.4698867363059309,0.380451531269095,0.4121857634117992,0.45069220793174697,0.38576399490824087,0.4128154978778219,0.448434036252574,0.5463248737273851,0.4992933312786549,0.40413141776523337,0.3961223535280269,0.40423475532191644,0.4089765184488876,0.4467445540592224,0.37835040625158906,0.593804591648013,0.3864649832730772,0.5241708105607052,0.5744292506390106,0.4482718297998059,0.47135221865173693,0.4994864715507392,0.3805527949196011,0.3913066914566914,0.5268434917728044,0.40359290755973226,0.4825098987002516,0.42715090207334816,0.5698948021619223,0.46857959355063966,0.4558957134509934,0.5208019161749973,0.42934351770808626,0.45877191151343305,0.4910370964385975,0.4203715474471624,0.4761610366098408,0.5148998076041787,0.7206203961822294,0.4986407121086046,0.3999370943325906,0.465897072329268,0.48307716730898304,0.5272593701058181,0.5406079587349748,0.45912582633868754,0.4291325561004984,0.48578380180038927,0.3874044619938244,0.3679474350335058,0.47441722427124844,0.40543561963041164,0.4099319410816365,0.39808101228744797
0.5410029034595919,0.47431325744759795,0.42169863599539587,0.0,0.5541653793668619,0.5196259209516395,0.5748824972260327,0.5043187795162863,0.4412766856415667,0.4046250065783626,0.5363663526215486,0.4436678379468384,0.5278756154199433,0.5793385482169554,0.5410108383898753,0.5138982749490764,0.5791992144432685,0.5711400437704072,0.5709523611928762,0.5094182045709676,0.6123439099709472,0.4733741040168936,0.5278763522712869,0.5033411029711626,0.5118989148955405,0.5971852922224699,0.4999183806631689,0.5565390822669601,0.3962385648429177,0.4225660405415644,0.5187376954986563,0.5400155468876154,0.6986331719864002,0.5560673916705028,0.6052395264452933,0.5680259317036034,0.5383816217831149,0.5807870244059365,0.5029595992733212,0.6177281294760587,0.639925651782119,0.48291178408950336,0.5787191880491389,0.6280657980877958,0.5276507363299036,0.5476321667350411,0.4786195922443346,0.49463740487792235,0.5785345343686952,0.5606318029303791,0.6712185776622902,0.6574172066398468,0.5778868261364097,0.5945872438832239,0.4999905563142213,0.4386754128396792,0.5847483664806387,0.5722037502383338,0.5791421211830547,0.5809454653913815,0.5608593610317465,0.5445351777313268,0.6396316335897214,0.4978412150017868,0.5400924627360402,0.543690297694667,0.5614084405877607,0.5121501422314433,0.5200790057170518,0.581781016713699,0.5558720383252351,0.5562840591585183,0.5600952238254499,0.6273901582945615,0.5639121516906906,0.5618956307670583,0.5657361645750296,0.5895029625648572,0.5799397576414829,0.5278683147129785,0.5902289153178324,0.5804124409689221,0.4515989671475354,0.5799469160920911,0.5861654182708133,0.5287193490184384,0.5873873918691432,0.5943055085315522,0.5682934157281239,0.40791182696102574,0.6336332845324307,0.6005326352830377,0.5541711226215155,0.5509180880071829,0.5843341300756485,0.4597077549496268,0.5256521822976892,0.554513962634582,0.544916705755915,0.6061615739113813,0.5551430030793566,0.5291983289943504,0.6625385454185567,0.45951766918635417,0.6105560109251761,0.5222515144135838,0.5532436257381017,0.504422545479822,0.5888292337005121,0.4566968410988779,0.6514741715355685,0.5663373244085711,0.6004814821128713,0.574759983151774,0.614432589674828,0.5048487660493886,0.6461377185095407,0.42648028408095,0.5543114648373312,0.6035667749386544,0.5313585640431202,0.6578817322751528,0.5500622149924199,0.6008947915013565,0.523992990301541,0.4768937923192127,0.5558804371942676,0.46897125580977006,0.5078422546332417,0.5573609779902123,0.4197865875591157,0.5478652696418763,0.5235444426726205,0.5984260633268779,0.48533733640510907,0.4981463712003401,0.43433626477108234,0.6096970960601987,0.5134487540518486,0.5715009316775016,0.6447113820297435,0.5386566361390317,0.6065536130670358,0.5595663970749288,0.5746852039259523,0.5422302033293067,0.4744075207977673,0.5475364023645591,0.44224973490446723,0.4658337716791271,0.6168797711230037,0.6348149446124735,0.5297620718106228,0.4021602484961191,0.5845057301993157,0.5233599448132452,0.4734293341170478,0.5212716116854461,0.6660674436829521,0.5724443586478729,0.5905671903458912,0.6227690858967369,0.5588881797164053,0.5688406027844475
0.5983328521522131,0.5387917805687346,0.47051209892228196,0.5541653793668619,0.0,0.5225284458328902,0.6042763129339456,0.5607998812703514,0.5371948237636479,0.4335104952993185,0.5526451545701285,0.4893374687114923,0.5623768780269819,0.5785759678057261,0.6413633314623037,0.5719921986852037,0.5983174341191383,0.6471707442050678,0.565365146877026,0.5921897173220745,0.6281819682469735,0.5821997276008769,0.5812826891745366,0.5705259488921848,0.5486826051847946,0.535152452330556,0.5897989156231948,0.5373005178961582,0.4044567824953799,0.5213166285734288,0.5962092199377228,0.5639302257158443,0.5919465154090726,0.5275684833852788,0.6400846021723077,0.5646885989142911,0.571732384781087,0.6085959693677933,0.5410051741302698,0.6237378230293892,0.598206517362761,0.5715795976650221,0.6127275949303392,0.5622063423383239,0.5825992776990038,0.5724757537952775,0.5846314007184994,0.49087541467172313,0.6189220484936325,0.612661095114926,0.5996308025886878,0.5697215029282919,0.55607447200722,0.5443805936020666,0.47681193817305145,0.48386945851295093,0.5840351908583211,0.6388834863284578,0.5772822871345414,0.6156280653187637,0.5140519732497176,0.5183468981922776,0.5541110383658127,0.536675151445866,0.5390539831342359,0.4969264362894711,0.5354232875689385,0.5751148498029739,0.5840117367823773,0.6282876506035577,0.5894885708948644,0.5491345172095043,0.49869630250819136,0.6162655288102766,0.5846478456619971,0.5290067606063743,0.5437654398413344,0.6593407878041531,0.5358811773036075,0.4581577276624094,0.5262733681334266,0.6114661987089476,0.5362328975650797,0.5292797321642561,0.5175046490858672,0.6138655074493066,0.5544889277922682,0.5842922737535302,0.5707434045518779,0.4541460101526138,0.6578062544463967,0.6214101233962714,0.5786051535800342,0.504737244425332,0.5342666849903244,0.49451402447446696,0.5065326577562613,0.5556302991691763,0.5317688807711342,0.5558762832352667,0.5262018164715612,0.5227685374868356,0.5177272934223114,0.4706942742183898,0.5659254649902656,0.5731341739351203,0.5188203313174582,0.5532288750449296,0.6216366649753844,0.496877462051353,0.5699428510150166,0.5380559995906395,0.5094769026218012,0.5777532139688042,0.5330832358702707,0.5506328994405769,0.5794640270154671,0.47808393538801813,0.4775480431477161,0.5640036583495694,0.5917942792223562,0.5439164978262362,0.5202338569750323,0.6037402503510707,0.5086869956342759,0.479690587013015,0.5208772371055103,0.55544498465727,0.48480887789720806,0.5989759700866767,0.49650592212237277,0.5758050313553082,0.4839723685730123,0.5693919472352623,0.5133649877399601,0.5140121957632339,0.511859716325494,0.6486088577086885,0.5839645822302907,0.6414780665056765,0.514722019501931,0.5705460931665941,0.6344283543969041,0.5544491491480644,0.5737188101980791,0.5895719325941483,0.6022156758580609,0.5595383273197206,0.4928407522393308,0.4817077536956517,0.5631208690594469,0.562173515079275,0.6364385935730507,0.4821669201869797,0.5805944826585379,0.5663509230836715,0.497890396930724,0.5435137351030356,0.5207949162759524,0.4859040791039711,0.5302418467565159,0.5639330268149019,0.5339948058426859,0.5988368518283237
0.5222093341019871,0.6967877937114726,0.5832384020937363,0.5196259209516395,0.5225284458328902,0.0,0.5520800946008882,0.660718662030924,0.4791344665134286,0.5622271222869896,0.5850467314105605,0.5887448820058565,0.6407208656879759,0.49610957989197385,0.5578079507365724,0.6186496515773816,0.5575625905264908,0.5074627816240257,0.5825803238743275,0.5479807214325191,0.5942908251766078,0.6382343620695375,0.509541212378616,0.5890820042983156,0.7233246332778677,0.47129590734151444,0.5198561666101487,0.5261756994738898,0.4703714314473164,0.4848234231115006,0.5958222988981774,0.6131576489728692,0.5787997676481005,0.532950250281219,0.5288247150240835,0.5072842828089589,0.628507462019854,0.5045577230845925,0.5216585455223819,0.536809912108125,0.5202383067104737,0.5809204174547162,0.5169604833697636,0.5410509933043615,0.6166116661036402,0.5017505522513503,0.5322811905586935,0.5512669604501479,0.5506229999577196,0.47059420964606385,0.4970079326260346,0.5059462285906939,0.4532096657162221,0.5707392124199634,0.4886080614224339,0.5255073748787209,0.47741744148781085,0.6441225302198494,0.5100383041436439,0.49621936023860846,0.6068077476939184,0.4357359605128584,0.4882273656938813,0.4607140776993221,0.43322709067479753,0.45011686897041153,0.518288983253688,0.5740361259172354,0.5090699512018836,0.6497796456178705,0.5037342001860007,0.4487070148015969,0.4458619472383585,0.5694706776724224,0.5834263544691801,0.4966175474057278,0.5134307547255337,0.6184113178410615,0.46833311124579236,0.4495255757705051,0.5557705611898949,0.48791085099161474,0.5796525889874256,0.5447089242043653,0.4393680716232961,0.5822303223783051,0.5991720640330718,0.4637038025416438,0.5559198678657865,0.4711100654777931,0.4817469546089803,0.5471275693982384,0.5012699668008673,0.4493647177140571,0.443718529109522,0.6576631327203419,0.4772864826592724,0.63153813879235,0.42203942915155734,0.5267246462450262,0.48739209419090007,0.5251825316819191,0.444421489461216,0.5604990609881522,0.4623647544302825,0.525640090276279,0.4946324331901263,0.6562407334699963,0.5346591099789073,0.6581166489177832,0.5781196542849324,0.42777627096149456,0.5183115470888705,0.5081827610120743,0.4521443672209985,0.5096101601476571,0.5596707111869396,0.4918005935076194,0.5416759427697887,0.48585891531688524,0.442764758494343,0.4742581597600227,0.49904400853837066,0.5716507571399297,0.4419271789894083,0.5969217238957516,0.43879719228939845,0.5814007489624052,0.5571490840618614,0.49672155967803144,0.5304026209954716,0.5532011009659947,0.452558637471515,0.470594708860861,0.5498278004961007,0.4432449373816085,0.5571814149932658,0.4999287939362688,0.5807011682630067,0.5296061991783809,0.5463924576236197,0.5525572024331983,0.5205430854089816,0.47904046074589063,0.5612513141935116,0.5105495283348638,0.5523570378846585,0.5911561829611838,0.6103044280472838,0.4698405165076554,0.49033568218278595,0.5298442248077243,0.5067924104978274,0.5141868107775045,0.6739298861349529,0.5744091897224832,0.5316039251797878,0.6509758660272187,0.47459019167832955,0.4323720664051215,0.5451654054024409,0.5022121888136082,0.4684666899544036,0.4875710046809361
0.5917092010699083,0.5638229037895859,0.44496276496142184,0.5748824972260327,0.6042763129339456,0.5520800946008882,0.0,0.5774636100021436,0.5196500549033116,0.44968516536961867,0.5184811345967758,0.5355966050616242,0.5792766548516636,0.5104653234153547,0.6927259224748045,0.5352926986762431,0.5391792628624947,0.5730254094953301,0.5924772097261862,0.5493448455332263,0.5782349117270351,0.5297601127079264,0.6672546506541921,0.6517303408934185,0.6006492403677605,0.5175170985479108,0.5793833104684855,0.5449898898176562,0.39726467078574407,0.5300846829452587,0.6649461183070278,0.5755836672965351,0.6267285496834473,0.637181973096286,0.5796589966609944,0.5000073835395383,0.6301521354672499,0.5062344545447308,0.530134163705071,0.6369434896878716,0.5403170732892056,0.5615179864939989,0.5548909041574069,0.5513837252308481,0.6223607776950961,0.594827557364973,0.5799298137012239,0.47870481370671225,0.6723368197499968,0.5109361373306132,0.5801651043177406,0.5417109380893055,0.4967984764694293,0.5346673307846229,0.4675207699463445,0.5224394865290773,0.5427375311144255,0.5855479515593284,0.5378837251084847,0.579358226243801,0.5200000656221677,0.4694321834801852,0.4909991675402266,0.45158901105333055,0.4903432711665856,0.48199470966953106,0.5613309505228737,0.5901693982675877,0.4795260056757382,0.5998253511099276,0.5532109972068395,0.4953552964271668,0.4578630700096454,0.6015355748085112,0.5156295400592603,0.5886947632538799,0.5563677220547706,0.6841704983812025,0.5142583680785944,0.47004981382093924,0.5012608303869355,0.5772002917280737,0.5828789604109631,0.4857134876815116,0.47907586752615305,0.5792940388609762,0.5578214300646327,0.5456925095974011,0.6410350521095308,0.49516899183101115,0.5551786520613659,0.6920277377892738,0.5231899829680831,0.5103768366427263,0.48275218155192134,0.5313571720733943,0.46377031138446,0.5908089127984485,0.46362807371044934,0.6183844409282909,0.513665992640271,0.5194728773497796,0.5073306463526124,0.483341244006042,0.4981454765195533,0.5641102408722266,0.49591685233693744,0.5596843561674935,0.6215215389272024,0.5485592862193415,0.6358857291907507,0.4757963405594444,0.5108947795625878,0.5144006236733568,0.5016398211444815,0.5586769275089678,0.6017168396832928,0.4688682250667727,0.4594223037497247,0.51334024076008,0.4988690521429397,0.5107708896689066,0.5026478917393735,0.7025460639833884,0.46514535694837755,0.5061209489366131,0.4778703548121817,0.5974994580687355,0.46896897830243095,0.5284650411035929,0.49219892619485306,0.5004668590062246,0.47604029966925154,0.5140215924013212,0.49052354642513135,0.4601731454156926,0.5493587241033763,0.6033773031866809,0.5443895681462869,0.6160770684409147,0.5193824888301972,0.5078335060402417,0.6375960030668257,0.4732306967823053,0.5426611148849415,0.6172251769200923,0.5730757553304359,0.5806357022405441,0.4849838702302344,0.4161741788908053,0.5733213255012264,0.5359554474912256,0.5324806494812436,0.49520348204768694,0.6172908637054153,0.5980757621793927,0.5535958975806898,0.6328342363284865,0.5334569507134564,0.4916092161682033,0.5132625256321248,0.5486132250864584,0.5003829217061693,0.5554739327659479
0.5496402749614628,0.6863091224274916,0.5574051985521504,0.5043187795162863,0.5607998812703514,0.660718662030924,0.5774636100021436,0.0,0.5461907462504271,0.5325569552673308,0.5330082124337269,0.5970036154599845,0.6528260936258647,0.4998706461148492,0.6104758658933409,0.6264653507517853,0.5663361013871105,0.54982217429002,0.56995709158833,0.5859185692085315,0.602219188499936,0.6363198398709307,0.5748460689793082,0.6255973525178404,0.6909008104789723,0.48811097231231365,0.6084139983539981,0.5327666543357256,0.425793842575006,0.5580003561906258,0.6594649314058663,0.6068137343092103,0.5656210108791766,0.5658307868143363,0.5293662643580468,0.5085796700404562,0.6339762774936151,0.5235944445567335,0.528041194288339,0.5722576891101073,0.5265110361656803,0.6374046956767884,0.5446805849791235,0.5025141014029888,0.7300805553918616,0.5715070116017962,0.627221224539862,0.4900936387313378,0.5737278241997352,0.498821446895815,0.5108708135799547,0.5113774622469586,0.4663902017846875,0.5284944682669137,0.4604059737532988,0.574269781684747,0.5021926414098367,0.672018127183294,0.5156873221723912,0.5456339244964408,0.5618725307647374,0.45735394576931093,0.4839086075879065,0.47010462508303597,0.45096240535447973,0.46308474916913905,0.5364210021783699,0.6130271057525579,0.5270149463273229,0.7017488434862991,0.5343763332880161,0.46253829707315985,0.44115829825058145,0.5931808259639756,0.5858627414375551,0.5093880066213812,0.5274853367429181,0.6527468544748616,0.5024675974574118,0.43326326159420936,0.5227873911026207,0.529463298444016,0.6615894071786352,0.5271939297849443,0.4519493159979853,0.6820767079307903,0.5872175628616078,0.4906045126434897,0.6279521143081945,0.5292297013667793,0.5084148246934076,0.5936664818070718,0.5002301353289113,0.45587610564059483,0.4521332781371263,0.6035260466022238,0.4826508769722177,0.6595888341873495,0.43391244976580295,0.5661475221619499,0.4787415127339803,0.5491475262531532,0.4530832562932981,0.5359484778382784,0.4777707692629527,0.6129095865942505,0.5122086378013808,0.7032280655302208,0.5925208463712214,0.6214403485898505,0.5469362956040231,0.44603131468287927,0.493170045032343,0.5361756246049455,0.4655572653288757,0.5648707463579467,0.5647414563778256,0.4888049303653523,0.47482865367050137,0.5030144260363911,0.46644119379857907,0.49692044805929586,0.49231513440187624,0.5994942863546193,0.4354751890978555,0.5429632220924145,0.4621462587434754,0.7182725909714053,0.5124325691172467,0.5270993797294862,0.6098105925648388,0.565771686449569,0.45679408709415337,0.478070128311678,0.5273018152369839,0.4413545285836752,0.6206633155936739,0.5286119794340715,0.6253632859027924,0.5939525966924784,0.493475967396247,0.539544678646748,0.5686518457750556,0.48241950330721217,0.5490773872176481,0.5674448339694372,0.6435244428807182,0.6302556404483001,0.5984265700252336,0.46607896614384076,0.5018220911259546,0.507178498103308,0.54045314012201,0.607132632634244,0.6827098654230455,0.6228864538852956,0.5319501712102007,0.6982371079441518,0.45109280465027335,0.43211617557029774,0.5342356816376413,0.4965512116244378,0.49810789374799475,0.501362770065454
0.6046215837630744,0.4943759045934993,0.40733763690608876,0.4412766856415667,0.5371948237636479,0.4791344665134286,0.5196500549033116,0.5461907462504271,0.0,0.39001448782308573,0.4304488215989236,0.43718708468419115,0.5327642484474148,0.47104827143673317,0.5344490295406432,0.4645989804523762,0.46830084618221995,0.554111951436318,0.4384414865210248,0.5254969732806778,0.4740451707970063,0.49714496043879947,0.5220493448843929,0.533193099292083,0.48673847503820344,0.46138542620375256,0.5657892537218118,0.46699851316331087,0.3337644708571575,0.5879745445834006,0.5363221936935788,0.4562766643821483,0.4678465139383741,0.4722957760723204,0.5044104644329197,0.40974479975297895,0.5428898981930625,0.4665914915770309,0.4158414170003366,0.5193611769635054,0.4372194058828345,0.6707399610387188,0.4525287117296057,0.42734441266967393,0.529280241982747,0.5250160415967393,0.5933332580616849,0.393028866847186,0.4908998597647672,0.45267657247766746,0.4563316736261838,0.4834239968616774,0.4399758835189141,0.4100238421317622,0.36380104864946067,0.6414522087291439,0.47611680350973723,0.49372014256182073,0.44068569739130664,0.48971875555892525,0.4351470153557245,0.43018714913589706,0.43130541760126223,0.40645180104356454,0.44507591915306427,0.4313402967817379,0.5073943108325818,0.5989205339158779,0.4486048697130299,0.5545600928718285,0.5417225328951855,0.43817406282189353,0.43281890792136213,0.49069707488442116,0.4723560257237979,0.4829617092601026,0.44165260292687647,0.5105988049566269,0.45912233572292915,0.4140190267384369,0.4390640548007828,0.5640888797478079,0.621203953036746,0.44067813665099154,0.42968372601377414,0.621309077489774,0.5018378176656987,0.4609681942918795,0.5390323951441036,0.6226268216011513,0.5065886705452632,0.5502152190542147,0.4116885575749125,0.4385658820488746,0.44434314674635045,0.4558304097942754,0.4122111526865115,0.514618192800156,0.43403903477886935,0.5219558602124452,0.4227634206879254,0.4196108620021932,0.41710978045241587,0.39891928455766523,0.4473250720352132,0.5517205753723462,0.4126249686584884,0.5336727340310894,0.5006088429113769,0.4829238124676055,0.4426487887402744,0.4335641311625998,0.46078941396872974,0.4767859248225583,0.44279451885101295,0.6414742084891896,0.4862911184510011,0.3851120829229132,0.37710180986131075,0.5140099201947885,0.47032191157780506,0.4535866917759035,0.4740420959143587,0.5317654172794035,0.44464166355925183,0.3948852962895631,0.44933697018703245,0.5311263475585476,0.38227164981624995,0.4720125814048194,0.6268290994370921,0.4711300442785716,0.4455927842746499,0.49798878405734726,0.4211592530455599,0.41603378971514293,0.5421006827950703,0.4994895004717801,0.4665722495114547,0.4966056364606099,0.41038035141123685,0.4413737186022763,0.5577622608773247,0.416047555484581,0.4492167052062463,0.5780093713199643,0.6516966016360186,0.47106860739760614,0.4270897966820635,0.38412816702490593,0.48301629189629847,0.42277409082995604,0.4719198150748261,0.49432787710642984,0.48238847996950346,0.5656402951366898,0.5047964858294264,0.554255017278173,0.43019496340312285,0.4104881893229581,0.4353125190320914,0.48818720006829197,0.4615301172683192,0.5466024580223786
0.39826440223850773,0.6244448044262382,0.6884742983989273,0.4046250065783626,0.4335104952993185,0.5622271222869896,0.44968516536961867,0.5325569552673308,0.39001448782308573,0.0,0.49497571357715736,0.6351802882299592,0.47874460717437184,0.39961384642955916,0.46189748207302117,0.5327065163931125,0.45410525235493043,0.4034077194665968,0.5071298992852248,0.4451802424481155,0.47051561513046,0.5705506179233558,0.43663335602142556,0.4739834886785772,0.5881556832738362,0.36999798496339237,0.44885380370362365,0.4294013855686387,0.5661401414681112,0.4341393288798229,0.49250656754043237,0.5249706032159096,0.449440654837868,0.43655217176780714,0.414564287536816,0.4539706671222667,0.46426728155023794,0.41314347115904815,0.49232927447961733,0.42189682583981264,0.4331117868898096,0.45055280173600876,0.4360260579601699,0.43129454330115996,0.4996329644719191,0.40706530012991426,0.44308528351681203,0.48187389912771894,0.4565000266181537,0.3994526390813937,0.40141053981706504,0.3840369801030732,0.3769787334516557,0.489674625946934,0.4770116439282709,0.4164171066463408,0.38644465060283734,0.5221603011561768,0.43408205511073045,0.41371437362901736,0.4785027892708863,0.3630241964627985,0.3880384519539677,0.4175434316792409,0.35821049823414414,0.3657747226173708,0.3997054640883298,0.4325353186429464,0.44582382729509074,0.47941846789958065,0.3892040265758616,0.37455820451383187,0.35442624079176366,0.4471441140539838,0.47058485775318093,0.39429180484885523,0.43049175919237054,0.4929703086736007,0.37790669487800116,0.35463932233423723,0.42781198676065396,0.3812112640346345,0.4778952433755757,0.4268816847795955,0.35767192390432084,0.4463827770572885,0.43696780628362336,0.38571721656467417,0.4394090589109266,0.38965230509595317,0.38400076985199094,0.43042642393470704,0.4570338383059002,0.3641661204694974,0.3586128593217701,0.5957969985081404,0.40555563533414557,0.47930695706628984,0.3492970720290438,0.40663669872211233,0.40756783605363056,0.4701993714344162,0.36338454863130176,0.5888095864442034,0.37639608696922927,0.4202246027929586,0.42862308832366597,0.5151083378501756,0.4384597676985713,0.5438363941404404,0.46079247059740547,0.3535601904310016,0.387610335191906,0.41696894118587824,0.362446830040091,0.3950109593308877,0.4311360061525816,0.5523827334855048,0.4605230026106156,0.37613770970596605,0.3663796516817675,0.3782758992206695,0.38277916852572463,0.4358564949644117,0.35351583166119543,0.6219612249829277,0.35936701485273526,0.5168951721078485,0.5336217965282856,0.4124710697231067,0.4562139690008702,0.44342747498667673,0.36167091011588337,0.3649188428119902,0.4875240825167705,0.37380980888220805,0.4834366756519538,0.4032821075279929,0.5246977135650163,0.44802987132488914,0.4362387428275075,0.47079750777673357,0.40947579999088757,0.4143511723340547,0.45588768689168074,0.4034989554095468,0.4489313546669002,0.49680458121366905,0.6916499313106821,0.439168035181966,0.3830804825703,0.4431984232665824,0.44488779645173415,0.5252673072430477,0.5231801798003805,0.43970315583765684,0.4266553409911321,0.4812305059293302,0.3733572153069947,0.35462235538575165,0.44106130433821306,0.38480638280532753,0.38391934586611143,0.37508659198775435
0.5185626936197308,0.5571426269117985,0.5314476252092434,0.5363663526215486,0.5526451545701285,0.5850467314105605,0.5184811345967758,0.5330082124337269,0.4304488215989236,0.49497571357715736,0.0,0.507567825646098,0.5979731239596676,0.5650110530172289,0.5267401693777276,0.6875612403981327,0.6454725285263774,0.542106279554298,0.6579069029047538,0.5905012975379538,0.6257188238768359,0.6065823623751875,0.5080606206915176,0.5332698753991925,0.6055270804670823,0.477608000569451,0.5194985383248508,0.5981100017085889,0.5138842199282174,0.4471648046162961,0.5346820512101508,0.6779048759378339,0.5414193110954801,0.5203755566978262,0.5893560574140038,0.5840724190924689,0.5739047695941362,0.5813268014114547,0.5902271239053313,0.5512293511634593,0.5483569190275128,0.49116368163933627,0.586273940413194,0.593796313731017,0.5530083597062849,0.48800567243658305,0.4550663529912085,0.6503217748934437,0.6156377873847583,0.5429836326900496,0.5478047099925483,0.49702819490296596,0.5084618214232499,0.642549623069949,0.6101590116196659,0.42064812807296825,0.5355296013315148,0.6243069326086967,0.6020929595492429,0.5409167229059909,0.6548696922093433,0.4628778580840869,0.5446276599100307,0.5525854150416656,0.4743111463069759,0.482553137348994,0.5077223101836431,0.49749549249042363,0.6073229448783836,0.6145874014345659,0.49314734224339185,0.5160239104741546,0.49245103715969274,0.6058054172267386,0.6562712711380143,0.5096793630564668,0.5833572238012572,0.5874271602465699,0.48015241295675054,0.47119400947906365,0.5531408577894225,0.47424349854099374,0.46753598665445134,0.5932085011700037,0.4800852506803106,0.5136862255593528,0.5919349457237867,0.5185657630511594,0.5221750902154298,0.3932978352820046,0.5143968943706283,0.4918315107118963,0.6430068497536752,0.4987721682877519,0.4844686919279379,0.5083948409418514,0.5193656488778139,0.5066503145380181,0.4643771085822985,0.49632203924733653,0.5733567381468991,0.5830858753276948,0.463681034535642,0.4898398428130214,0.5171067428986357,0.48630865659408395,0.5426876079121953,0.5503173412918942,0.5294474958853431,0.5323606088369242,0.6245566192215166,0.47302383977420676,0.523739847027527,0.5640663879421721,0.489359506207773,0.4617463187520393,0.5713828171532129,0.5852056005519265,0.5960052787408315,0.4835952127020739,0.4985596503971132,0.47914350650617804,0.5149847020281152,0.5388308759186924,0.4877390454655171,0.5802744804847788,0.45605646468579275,0.5027750988561316,0.6036136824061938,0.5363716191874159,0.44023460564579453,0.5816847225279909,0.5010833512473314,0.4931775524203966,0.6169847957485282,0.5024550422915249,0.4828311224088132,0.5301190469842415,0.6312441501279105,0.5563222378675343,0.573330388569836,0.6650982372289495,0.5113400391205649,0.5506457188439814,0.6209136831917987,0.46951053048483704,0.47124763907916306,0.5496476449398783,0.5575695573987524,0.5501877799959031,0.5255611779688089,0.6160225895247602,0.6307326324546247,0.43164433109916095,0.568803310417722,0.525410710084539,0.5375515188232837,0.4997001715149267,0.5237317165740828,0.4895228150883873,0.5405761040997831,0.5324007776757048,0.47048056494153,0.5133941367757896
0.4449691556630676,0.6820448412013274,0.5738675545571542,0.4436678379468384,0.4893374687114923,0.5887448820058565,0.5355966050616242,0.5970036154599845,0.43718708468419115,0.6351802882299592,0.507567825646098,0.0,0.5072524458697332,0.41219316008298035,0.5500194070263491,0.5416473167389996,0.47320014837520474,0.43943510846308986,0.5760031515762151,0.48136385026226325,0.5046342120305797,0.586864847318846,0.5112781590401722,0.5627968700770674,0.6687211901505276,0.40070238852397677,0.4951910630364532,0.46182795677664834,0.48468327064967914,0.49981060770350877,0.5944029768389252,0.5425147418915423,0.507924814298849,0.5046690459231591,0.4562773626820278,0.46721804727043775,0.5176360503723044,0.43152043692955677,0.5301538230850551,0.46469746994797884,0.467893937115182,0.4957554410252276,0.47214333640296063,0.46837010079464036,0.5656129873631417,0.4522279289619298,0.5006633680181912,0.48532644019862964,0.5132515959080051,0.4231803317842304,0.4368608640319837,0.42040130992171093,0.39586658880258047,0.509583983462406,0.4743635882873355,0.460385895049952,0.41901417283938847,0.5809106428285439,0.447957544043621,0.4491497640516212,0.48198138041589234,0.3781058723395011,0.408293474417858,0.41730582021797274,0.3827938520117466,0.38532235652745384,0.4280974651499504,0.47339729037413947,0.4455069352554307,0.5244240968879528,0.4239690161763275,0.3952331761089338,0.36842231931629316,0.4789141318542551,0.4775499939097224,0.4318078451082065,0.4535807650371725,0.5519530431916978,0.4119418617664467,0.37292647580656346,0.4363686194187497,0.4244761073588694,0.5516169366350695,0.4335743625367089,0.37895385138628546,0.49716587247812916,0.4669021443360456,0.4137411454681944,0.48893380576252665,0.4364658304217542,0.4206386451073593,0.49594882883366304,0.4766847455549842,0.3916594246885039,0.3772283389448586,0.6665048619549013,0.41303323757915017,0.5407124166620232,0.3682095268217806,0.44831932919216794,0.426601275187545,0.4844801600150228,0.3941801623482434,0.6296290133425966,0.3987931432476441,0.46178535091026,0.43900681500516786,0.5623132324441668,0.4815618200608562,0.5928954293946933,0.5154503842038066,0.37698426956585046,0.40592146775087157,0.43183750755165273,0.3897895781581252,0.4418066277599925,0.4703514044584806,0.5425244071945237,0.4522323893154923,0.4008572190517777,0.3934347836888123,0.40598887204123363,0.4079743341522751,0.4957061061256806,0.37274764961689166,0.6240934969023033,0.3765722379771961,0.6005793934682389,0.511560423749499,0.43495747357536296,0.4918238932766217,0.44965696354902013,0.37998315772603747,0.3954962425550474,0.4962322491911775,0.38869287604921504,0.5638715967952644,0.45003645181109647,0.5542955670809665,0.5010847916035197,0.45867306240251043,0.4678091281578261,0.45374001923457424,0.42008535129045743,0.4769180888209256,0.4613092598836793,0.5183577321321485,0.5208049305442946,0.6440805210573971,0.41761452489997236,0.4269916849287063,0.4621284121996527,0.47376664982618205,0.5608408184090021,0.5981008685617016,0.485942853920125,0.46643506702228854,0.5545682118823658,0.4050163184859265,0.37627669337517716,0.44625760183532714,0.4167776129502368,0.4040555081024394,0.41505125164566553
