0,1,2,3,4,5,6,7,8,9,10,11,12,13,14,15,16,17,18,19,20,21,22,23,24,25,26,27,28,29,30,31,32,33,34,35,36,37,38,39,40,41,42,43,44,45,46,47,48,49,50,51,52,53,54,55,56,57,58,59,60,61,62,63,64,65,66,67,68,69,70,71,72,73,74,75,76,77,78,79,80,81,82,83,84,85,86,87,88,89,90,91,92,93,94,95,96,97,98,99,100,101,102,103,104,105,106,107,108,109,110,111,112,113,114,115,116,117,118,119,120,121,122,123,124,125,126,127,128,129,130,131,132,133,134,135,136,137,138,139,140,141,142,143,144,145,146,147,148,149,150,151,152,153,154,155,156,157,158,159,160,161,162,163
0.0,0.2928917206502909,0.26747178092238205,0.24436431687811427,0.27521795163095436,0.27853086878754363,0.26081860937502965,0.32019111236961634,0.35995874383471677,0.2630340955021424,0.3017329661992951,0.23293628430710464,0.4151062449960481,0.30233050959639607,0.2910969688811831,0.30894570472059285,0.31947525588486225,0.43977747554676794,0.26064150665206043,0.38217476076864004,0.2891666456356056,0.2841965483072712,0.29674437018509076,0.258758416301797,0.3255515676030833,0.2549177932667419,0.2377928182172137,0.30701641890799153,0.22797879442052263,0.2507550774193474,0.2944057134713251,0.3413219391580065,0.2507723264073689,0.2655582756143719,0.4038899118173882,0.2816397235425473,0.3306847889379618,0.344898633532777,0.21925190464052868,0.3463844735160523,0.2630422590745931,0.32192587703804804,0.31214269316096416,0.2855816076928141,0.3075091649049909,0.33494658294891944,0.2724331744031749,0.2705125751634958,0.35345038465779727,0.3497429850857239,0.3292426930274578,0.3100859699533416,0.2679039494815788,0.23063888033212768,0.2679402410095551,0.33113932989211153,0.3876091125949774,0.2901109725979277,0.309017933415607,0.3280545777416491,0.27210094675225166,0.2697528756316104,0.336237370282048,0.2637774684464495,0.2872017602381468,0.30245703584692646,0.29710857586172207,0.29972465732018083,0.2582376250893633,0.3584321050150459,0.40997272208063856,0.3033795313213667,0.3397738352190293,0.31994413981031944,0.31484228761192,0.29781148501013766,0.25388585718938333,0.2394714880776036,0.3073415591153866,0.23736532732458965,0.3030675300048849,0.3231657011692967,0.2925791114611309,0.33109442511746384,0.34213323641168536,0.3879711612177369,0.32248880097724003,0.31389857193645504,0.33059459708909295,0.2813927531534074,0.3527725414810722,0.28513244723505893,0.33871442146006386,0.3193604617421983,0.3513867600696672,0.2319203422112499,0.2104631215392401,0.2755848744344387,0.2725250277265633,0.33804025488396844,0.2510403771221749,0.2656164066264655,0.24434839865822033,0.21515312828816766,0.4118339685048604,0.3270425149632164,0.2665699909785116,0.32925047461221535,0.31140112407935333,0.26623853373692324,0.25255203131647963,0.3508665223229191,0.34862347447237746,0.2600497479621504,0.35115102217091626,0.35574113677946806,0.34692603515154313,0.2763597095248102,0.24747109566551428,0.27565440735549285,0.3200092991709048,0.25538952620454003,0.34776877776546694,0.34212591113029067,0.31679119099563885,0.23995054678499053,0.265162432080131,0.24519213059713205,0.26118534339547583,0.29831080442344077,0.2753795531543429,0.2849804166505009,0.2724105273399133,0.31069485809847996,0.24954749425610845,0.2853974721067345,0.2780723908881645,0.3174067415021293,0.28433708235096294,0.3064462795447832,0.228900194797185,0.29240453624386287,0.33213737311456143,0.2769017589289697,0.28319488337136517,0.29043342712357695,0.292822016296292,0.23812718742623093,0.31036376957803313,0.21192513733580265,0.36714935782882474,0.2743364642711566,0.25811328740741096,0.2295149401396293,0.2846740601290791,0.3372727116013332,0.3061045194963234,0.27988713131842047,0.27865853346556874,0.32868277533539414,0.2490080335226682,0.3653258127298799,0.23221096837358327,0.4094332430219058
0.2928917206502909,0.0,0.32876619017567454,0.29561378138741556,0.2254619596662537,0.4037325689616679,0.26546116268425396,0.41180793018646106,0.2595031075501677,0.3507346666562657,0.3068627121433934,0.336761162488475,0.30795238987563356,0.26402382121868573,0.3211726686729639,0.2770395370975695,0.29530995309402425,0.2578352807134577,0.3449833884272022,0.3112463996861228,0.32198887163775336,0.38140399994743635,0.2633060622413618,0.29581621187275686,0.3487740849204031,0.21740123158043098,0.2118818172610712,0.294631280190123,0.29754981877969194,0.2138392186085637,0.32352443430655303,0.3283325164722865,0.32241828854167587,0.26164229211620055,0.2909743390727731,0.3345757453700548,0.2746202488238294,0.27187000341730877,0.31013934357042605,0.3074991146072205,0.3335802158512873,0.28897686231230785,0.23976791569993824,0.2628642619833492,0.33833044552046315,0.2592945400722964,0.23648237289255844,0.26845045353075186,0.2993601361258761,0.2965101835321281,0.32171616888613913,0.28612510506823197,0.27614359714961423,0.35416217203874417,0.33125737568407787,0.3040227282972594,0.3185695655107922,0.27785967922987753,0.311631903674269,0.33456014695162417,0.37791426785875426,0.21887188883610129,0.28667655416975146,0.22511409655407477,0.2526507623771995,0.2539948476694837,0.2650640283367006,0.2506524715121843,0.21975242198692657,0.30802241751218723,0.29231324831289346,0.2507849231087494,0.24436881553786732,0.35648597492513134,0.32750646610114303,0.2281688993372534,0.26887043251154724,0.26647507412184673,0.24287672168844388,0.20482837418340033,0.27386220704996855,0.3064171987482017,0.3285659411961148,0.28005576095441254,0.27022382579128135,0.386123868173126,0.27204782737640093,0.24153024929781966,0.2630967076726818,0.27703725275259644,0.234977224006161,0.26773855943879044,0.3272326321013545,0.2820164278722947,0.295336499858419,0.3011161502723985,0.25075370285092097,0.2769654328935968,0.21706391361835606,0.31040218559571786,0.25096451965312355,0.2610609940128176,0.19649571757968567,0.24751967212736697,0.28316408269151205,0.2570891972243306,0.27399554825353806,0.3134215257140697,0.2710051196556459,0.344990508448566,0.2846200393959402,0.2462324178001148,0.3006583898169657,0.22241197830759915,0.2833396553663652,0.331743192837383,0.2956369617846213,0.24671550289889732,0.30774784972097635,0.22402034382423708,0.24682268570094754,0.24094051444994705,0.28008384578354095,0.3243390969285442,0.25079350357755503,0.3245824845276052,0.2674957158696414,0.2893443519187548,0.3502669369556942,0.25602498347730684,0.25997427364383285,0.29871893021012913,0.23218015975446005,0.3124031031942414,0.30634966452332135,0.2378535482021756,0.2528588746554562,0.27197323311628396,0.2906702167556337,0.27222729298063686,0.2512108455704682,0.28094840542028626,0.3542379569565948,0.29081612035920784,0.27506140509302973,0.23011630811384948,0.350806447357374,0.2576502987657193,0.34590630833483066,0.21186470957537723,0.2835657465017678,0.29709010912944456,0.24672534563331844,0.2765372309657288,0.2947645804573416,0.29597387961747323,0.317302493819281,0.3019549403211379,0.24993743348810085,0.2549231115901444,0.2515239785182678,0.29349041209486754,0.21264547951818577,0.2768926594056538
0.26747178092238205,0.32876619017567454,0.0,0.23553939490587025,0.2580771995134029,0.30459638187770915,0.22550286500229647,0.3109865658472809,0.23321316555338129,0.32831165108755006,0.3218066507791638,0.2851169021584137,0.30636604291162933,0.23741249336402,0.24504866879911993,0.36102505871446894,0.3586330334171137,0.26222502222049193,0.2466414685119081,0.25432728987983555,0.3170354523704339,0.4078782410568725,0.23077436590035863,0.26350755746544313,0.26589809111013685,0.21975403217975353,0.21253686968294622,0.2815575599919301,0.26348545321960615,0.23719489786402026,0.22629289353494564,0.3000882968636915,0.22440828649020178,0.21925101171786496,0.23526525627551834,0.26098973307315,0.2503873859864524,0.25481910815912173,0.25215209978786357,0.2870881802024698,0.2480724030035641,0.30284198437738447,0.23618326052741356,0.23312486700420698,0.2750520698964774,0.23343514884560043,0.22771482086093925,0.2633428164051689,0.2624684532127334,0.26714517151887246,0.27777019959902904,0.25887793762292816,0.21037485481201576,0.27108649540076907,0.27931396224191796,0.2289427090781075,0.2609191090980723,0.30702106043461513,0.258785951751755,0.2622914710853646,0.27368242729226694,0.19519888753279102,0.28232978745550613,0.2186891299887486,0.21046745033990108,0.21972415220177657,0.22246609542112195,0.24050279398707375,0.23215926270330273,0.28905451175519364,0.2591794892109438,0.20422688782172838,0.25092445970184535,0.3673185404735347,0.3130319501220514,0.18381938817180926,0.27835969045018244,0.2477852131258768,0.2015544096885447,0.18852588706988935,0.23887841811417712,0.24280889479504958,0.27231115676358414,0.24026110277997567,0.23898995085240382,0.29782970140738607,0.2241733928861069,0.20287901843728473,0.22504250136247964,0.2048662872503177,0.2581316765628705,0.20362395066101532,0.29158285753757335,0.2103374793501474,0.2570515566090807,0.22399277985352956,0.19282387218041808,0.22792536875038802,0.1894522041151177,0.25142926883128447,0.1909835365025596,0.25282419697490155,0.1745539965721268,0.22206078343956157,0.2450996444950635,0.261877731867086,0.2517296093603065,0.276292983234503,0.24177950118176827,0.30793008936807886,0.24777624875997434,0.21647588263452786,0.23934045119817424,0.2171783256572501,0.21606316000399853,0.3245449506486667,0.22111494380133567,0.2899573975522821,0.29017803029483397,0.2107478685310317,0.24800661409663474,0.1951065602650078,0.23011730153036292,0.2642550157998104,0.19280827157838928,0.2698010148535425,0.23316773676727173,0.26118609000564474,0.2963021382282749,0.21742400922274238,0.24431809114101266,0.35403933284988925,0.19184687409541376,0.22234149638834935,0.2474881772038818,0.19767747789431145,0.2099745417575084,0.22114858370878024,0.2597677516475703,0.2296875826254741,0.18476921298675153,0.2597492992907221,0.2653038429360631,0.2608727311546392,0.2337418196310518,0.19175897701052053,0.29281625543040807,0.23290080542727107,0.31181380374877216,0.2131640871082491,0.2157308641655119,0.20580669781675828,0.2465703456421855,0.2720151479498918,0.2519554414676731,0.23577373377349714,0.29203130882688494,0.2781915886768263,0.18403910350784478,0.2389691449712644,0.22043469378015723,0.2035878503101303,0.188892232475871,0.2790700030635933
0.24436431687811427,0.29561378138741556,0.23553939490587025,0.0,0.2265974745174884,0.2671103077035928,0.31011061600608275,0.28974450614314756,0.2219493007181573,0.23588791635079265,0.2544173696601714,0.27607558622349176,0.24596272536857083,0.2443341672022431,0.2854634376409256,0.22083886855469104,0.2650959199086961,0.24470702491632026,0.280389970757094,0.24253465681674594,0.31277040963536795,0.25292732462993206,0.27498753526775144,0.25337769070700783,0.2690268392065281,0.24555780826346713,0.2227947154698897,0.2659592956898469,0.21864904113699127,0.1853913408268427,0.2489317235246752,0.24230365451154684,0.3818269410049286,0.2789549477817515,0.27356294268602804,0.3048854038630104,0.24836477858989578,0.2534760505243692,0.2620390272855347,0.3280643030042347,0.3133109538826387,0.26969526490507173,0.22819552894375092,0.2799637327926505,0.2724873271044354,0.2541926176685253,0.19690046309582984,0.22776461908631754,0.2803618997055077,0.2736107800699365,0.3393534503007665,0.3171230236113193,0.25964608592168387,0.3278725103772389,0.28132849540601884,0.2558216175615838,0.3043664429220543,0.26521138616846773,0.2814337106518343,0.3150850766072851,0.3048559385835529,0.2211369588178709,0.28957367958527974,0.21368867150008597,0.2674196617521291,0.2567081193959526,0.29656586275699787,0.21376941292952983,0.20312899098283743,0.2597412896508205,0.2586717482375964,0.23915062529890285,0.26712409164277134,0.36049808478933876,0.26107904477650573,0.20643421269279666,0.30802210615971615,0.25660834869137567,0.2355623190266756,0.1873055936482996,0.24043540373163286,0.3374291265127857,0.23343066778754432,0.23765328901805222,0.32014429585719406,0.2865219186499251,0.2873817688267606,0.25099241549465434,0.25158217303683983,0.24236962489072408,0.2661104735449466,0.29632579659645175,0.25065281006346013,0.2549779059696443,0.3178950857322604,0.23274393677108016,0.21894509565878617,0.29007529077092625,0.23305504750229813,0.29413046303402707,0.23007178238455872,0.2646463110792477,0.27560386753409166,0.23649883383614803,0.27647518856093944,0.24226842740855495,0.26923795162855996,0.24652707723399397,0.2590358905882126,0.250602350357397,0.3244631351542135,0.2790479070629385,0.3175954891075683,0.24654815495623708,0.26426497709166047,0.2615316229851871,0.2746845232986026,0.20315911538551165,0.30770647423702824,0.24991243150378842,0.2515709638224898,0.2884169002192171,0.2754147375227344,0.2744915071256437,0.228996931252947,0.22955469609944965,0.28773704620787677,0.2443406622303583,0.28813693608190133,0.25608305241812507,0.20666188527718166,0.2700146796347345,0.23763832063863302,0.306988966415708,0.255196752775571,0.21033370764365675,0.18008447587003,0.27774973709441053,0.25693720193495184,0.2551493616064813,0.27437816947042043,0.23683392788279722,0.36589091240730276,0.29178907192032283,0.2478200110279009,0.2462315724155828,0.29283850311443055,0.21795669736718723,0.2243724512660219,0.18682244323290007,0.29811834942157645,0.25972453126590467,0.24591440548457857,0.2232228728620368,0.2942522617912639,0.266867323759437,0.2690373338309058,0.2677387612100968,0.32657520261860584,0.25845167547967246,0.2376574789448602,0.25284891731410103,0.24566008061678465,0.2679558759461175
0.27521795163095436,0.2254619596662537,0.2580771995134029,0.2265974745174884,0.0,0.21291222596933412,0.2990571214345866,0.23731559894347493,0.2587048258669877,0.22955005155650818,0.305125556171631,0.22584326073815042,0.25560049973940663,0.24881195041695683,0.26255743084400623,0.2959701166762824,0.27212050915835845,0.28689313162537267,0.203021898064234,0.223892602620694,0.25633871504134886,0.26960616060993164,0.3068759394734103,0.22902352228067183,0.2489682069307982,0.2497937536326635,0.2526441477258955,0.2302129484047067,0.21349653390253961,0.2765178501234774,0.25826157321813875,0.24119401317720893,0.2150751633333878,0.22350031549521512,0.3012582643536914,0.27022364318253217,0.2688751254493153,0.27875814781006164,0.23424608758885054,0.2554670628972041,0.2351101541518074,0.3123086361093677,0.26009795947138786,0.272318737512804,0.22675798705240807,0.21922082155329647,0.254257884576584,0.2776756097913181,0.30058062695549254,0.2562672238133546,0.2698630285537733,0.22048795813653124,0.20237591800441954,0.2124070154207285,0.25616866271005834,0.23788611694692133,0.22549965464464655,0.32901862113016667,0.23729986768122227,0.23324216006693668,0.1952060504446025,0.21089505398997538,0.2429804448758945,0.25521939016832423,0.2059855789040187,0.18130503511611884,0.2216333835569846,0.24309854573160555,0.22713033357291781,0.29889721763910687,0.2547504872925661,0.22663513989125791,0.2304652025278029,0.2620380705114264,0.22594548105497,0.18981311743705848,0.25988594033467816,0.33580362746428793,0.21020702678537467,0.19641072726304976,0.23446907143493423,0.2444825971793781,0.274301944092561,0.21895877923826054,0.2349943067592802,0.2508171660381034,0.2559097277224106,0.23567993747261476,0.22034518418697055,0.2138791557236727,0.39057651542870864,0.25088151750124504,0.3144544781619914,0.18343779496585355,0.25623638097650925,0.2134628858188086,0.1654118845990987,0.22390635907519,0.246703167503151,0.213323956723752,0.21572753414808174,0.22871169842389608,0.22271259674185917,0.19431832380507438,0.24632652955990963,0.2432268672482802,0.20195464276433422,0.2834358077831348,0.255570734718743,0.224142986569359,0.23879449465634622,0.2765556717957096,0.227609762513369,0.27122934814645777,0.22317407854866966,0.25389572341771305,0.22380993839892452,0.24839005412694792,0.21216781196059686,0.2610963264250303,0.3126752534442771,0.23135239042213532,0.2157773047003766,0.28395331129016266,0.2327873315029367,0.21425779487013577,0.21224550769959116,0.2590490215907706,0.21537727405119003,0.23357974755858615,0.2381014894446468,0.24959456272751343,0.2032391377877722,0.24391632759240572,0.2045883292508406,0.2250097592589073,0.20745980154393204,0.2792035571652068,0.2494918574076534,0.276704844197937,0.1877392799478714,0.2642831632276579,0.2494819319658071,0.2662655574491177,0.2643418030755303,0.2390780797406057,0.28922564992254146,0.2234634927539067,0.22838160892407713,0.21049185060791603,0.2347656452338292,0.22624987801887758,0.24443869250506003,0.2423631128447491,0.25247469333879097,0.25200615477523447,0.22344634620805998,0.2830542954899735,0.21776249392655014,0.2449318916370146,0.20653345970264697,0.2319452273895086,0.21865608989293622,0.32251661110226604
0.27853086878754363,0.4037325689616679,0.30459638187770915,0.2671103077035928,0.21291222596933412,0.0,0.24755735299908307,0.3279808203035799,0.23135351986240504,0.26971786578787743,0.2955260321523414,0.32916087432030255,0.31802252817524646,0.2118739267787203,0.28177636928797417,0.2868985918424342,0.29542740026026754,0.2160430475662398,0.3243402934160279,0.2852053131554593,0.3130640017139971,0.30710977026284264,0.21054929552058593,0.25451563497075175,0.3107786888974032,0.2035418123253943,0.18292000824069454,0.25856774821354583,0.2524270691702831,0.21384303860116807,0.272521586569905,0.3463950412000954,0.2942227066187171,0.2379566076500957,0.25572310261752784,0.26727924849054124,0.26401219176798724,0.23170675351529502,0.25911425433932805,0.2534640169028346,0.2987668563727786,0.2830561487455667,0.2403121484076667,0.2903967473764353,0.25711221333042145,0.22928091843064705,0.22586609769874935,0.2613749323791904,0.23641857248096312,0.27360581378883775,0.2947445400627036,0.3280415774276122,0.23416134083887466,0.3111104300396368,0.2653725518712474,0.2873955232714161,0.28768020007291695,0.3295651168779161,0.2415678094269418,0.26369730602413627,0.34812379438018987,0.222073547871463,0.32319138311206336,0.19520837103794206,0.22670509951365492,0.2337199659662859,0.23101763407279546,0.25152145111215946,0.1922355225984062,0.2674863670584675,0.27799039862295977,0.20413219181799036,0.2425282335333617,0.3132757328490047,0.31214555300198427,0.21033073358773757,0.26213150023045856,0.23747905566046787,0.211570813138396,0.23408306005050636,0.31550548671496226,0.26329392129319273,0.2843792618526301,0.2707760572512842,0.2496708546535135,0.294284100722748,0.2757394563932188,0.2148271327987429,0.24809245697899385,0.22932452684310964,0.23886424033879222,0.26287574730676855,0.2975461113923695,0.2478536064029901,0.24650630076379706,0.2766028150490775,0.23205092667750202,0.2850271955424346,0.19905902408672266,0.26495592361852777,0.21092170052840079,0.24470519763082588,0.19619095124631386,0.22082505895695742,0.2640060454123034,0.26483677725227284,0.2751591182102369,0.27265393986827385,0.2344894035475423,0.32296235203511464,0.29686825248524845,0.2160984223573564,0.3077144390504002,0.21371156426424331,0.23536416874048155,0.2974659839094956,0.28320307096475156,0.21885818670422277,0.3675662384318364,0.21449542371368144,0.22929455732719736,0.23592953609200512,0.2706273023265929,0.2978857975975204,0.2409247557964262,0.28602052810044,0.25852531156304803,0.24755329733834108,0.2933269811536935,0.21063708090587174,0.24443125709066518,0.3486228562222263,0.21987930702552128,0.2710589837766081,0.2612635770235361,0.22712233703597046,0.2444615430215837,0.2190398334190213,0.2301693046374619,0.23509104767218442,0.2352711877276393,0.2684701267883899,0.2759589841858091,0.2617178095176899,0.24754265158734312,0.21198658362933243,0.323147531868795,0.25394804332637194,0.27451756348603723,0.20513659367633444,0.2536681286673756,0.26672992241029997,0.20913113722685361,0.2365260505944845,0.30483656660929437,0.25503675684033245,0.2922643836957181,0.31361087146388805,0.22951353292151216,0.25570587083335244,0.22038807697526974,0.2708116748775116,0.20007591430513172,0.2651394704663179
0.26081860937502965,0.26546116268425396,0.22550286500229647,0.31011061600608275,0.2990571214345866,0.24755735299908307,0.0,0.2593280801788935,0.23753482172221818,0.25542309453549505,0.25973026043898934,0.2988104248887939,0.27780855485815564,0.25574368565630623,0.3767570598495771,0.2421595434658635,0.2348771914966962,0.25862488341824397,0.23739127832299148,0.21619650224267048,0.2711150114716668,0.25683510509905544,0.33557943795181094,0.28158022448842684,0.2996913776299592,0.29984165751892944,0.23280205657557324,0.2179872464112705,0.2417660662244899,0.22661772700868255,0.31978175804785614,0.2696765847201097,0.3342785451765368,0.2894785834377523,0.27928847687202385,0.28612880440632865,0.33804141850845015,0.25341189706180495,0.27193063825058333,0.3231515061811538,0.3234212635286651,0.27107401539785003,0.30061208011066587,0.3506892950043734,0.3108180045827237,0.27243495117011096,0.28340731133545055,0.28667250194290994,0.3721347812106222,0.2452790060550157,0.3352539389972911,0.2555699313234724,0.20632219604678384,0.2941619442185049,0.3327759014942238,0.2942994666899107,0.23999764351066016,0.27963999141473267,0.28621614982013877,0.2523831719463161,0.2258119424659565,0.24424190888900138,0.23920779578124857,0.24093754174813412,0.2332675546263219,0.2122976640892004,0.308203856638393,0.3132341737718344,0.21591538965615434,0.26864188098678454,0.3149856814169879,0.24428852325878592,0.22057645198922915,0.30607407984970125,0.20026334896431297,0.2309361213164837,0.3353093564306003,0.33960995438866787,0.24984299270704688,0.21278786422398052,0.27768903095467345,0.2853892979591289,0.30210982181281915,0.22089487222111015,0.25517433295619235,0.2765518227366587,0.2810166599743604,0.27049916782048533,0.2626676826350486,0.2712200105971445,0.3156290107964141,0.39383914745322435,0.2908307954220116,0.21992112795432397,0.2740525497947207,0.31825832485646616,0.19440594605521017,0.3274144806573141,0.249254973507786,0.2889545011067475,0.27019965439555726,0.2869952016043661,0.31029196345823806,0.25779007953809074,0.24555676273287355,0.2857318730766316,0.2329437622480885,0.265234742300388,0.3373615495687889,0.2735296283807623,0.34226146049113215,0.2789855643845924,0.2678796482945518,0.2304028905438978,0.25858331879199475,0.24476229593736976,0.2558837586266849,0.24895039447059047,0.2540780589726705,0.23743111079942023,0.27055634084923513,0.2757670032258933,0.234554510026072,0.3590024083950523,0.23620277064145162,0.3009709248912168,0.22780472696288634,0.33740864624019623,0.2559449105260565,0.28955778531242204,0.21638203190933697,0.22213276990732306,0.2173056998451072,0.24053802279101383,0.22853300049259684,0.2601750461932213,0.23972720016373286,0.3424275889371133,0.27312623387364154,0.3250997728967489,0.27043928845021054,0.2559580984380142,0.2890113439000182,0.2573097354209958,0.31487182494023935,0.3251093921083484,0.30839857390231956,0.2828169377880235,0.24488633986299502,0.18292285109722606,0.2841487772408787,0.27095278911865195,0.21245581349269668,0.31460365872893176,0.36867746867514745,0.3272279951270761,0.2564084692636902,0.3714692046759182,0.30069982758577596,0.28216101717687464,0.25807908600678947,0.25261135918958766,0.2642833509391813,0.27270918249733866
0.32019111236961634,0.41180793018646106,0.3109865658472809,0.28974450614314756,0.23731559894347493,0.3279808203035799,0.2593280801788935,0.0,0.3069664889802424,0.33811148287983067,0.2921329179192375,0.3083169280914322,0.34840768432002855,0.2655117088300593,0.31328715695265763,0.32389497867014777,0.33986251593946215,0.2889103162253959,0.3188854153344369,0.3274292076221256,0.3473475909276519,0.28447524639597965,0.2882544352560396,0.2694440292518334,0.36463195476373433,0.23559552117168409,0.258463569681471,0.3274641667006328,0.23949655041839488,0.24861946842959787,0.37955956688487574,0.36546534172427664,0.29724685462746553,0.29986374022547363,0.3209660293219087,0.37402123281869964,0.3065267824062666,0.3372392822752314,0.2790829079696506,0.3484963116632456,0.31695024421753537,0.30828468132079256,0.28339913016817503,0.2738247340756087,0.40872006440656017,0.3027667097817944,0.25997205936766576,0.2602072184579624,0.33766588883935644,0.3085407064127279,0.324842806885519,0.2772890726981105,0.26192556295956576,0.27854179235684445,0.3047899771955608,0.32331267181419937,0.32341695772512014,0.34674626373554285,0.3585949445137393,0.33425448562598775,0.3792080758290047,0.24040419617348519,0.3025523046507209,0.26938308696646895,0.24746353025401588,0.2584737599708191,0.2921781755468845,0.2556550902838437,0.2611728681832469,0.39396077064749474,0.3015284502359481,0.2834471673987287,0.2789094150538617,0.38560266191197234,0.3671644270198118,0.24760538135106983,0.311881426998468,0.2733291169949882,0.29646876952922263,0.21207481052108576,0.29948544223591467,0.305088759913945,0.33834327422116317,0.3399345366481557,0.3530178247280465,0.4801627077454734,0.3515258074542169,0.28325991959710467,0.352614022954429,0.2891149785736411,0.2625055600790748,0.2922643547764366,0.33459754708361295,0.2635564325186804,0.3440854083673995,0.26638278874358134,0.25227879239924816,0.3412288181908713,0.2423878040217392,0.3625613398678879,0.25828582238311365,0.3326264185975886,0.23244707886541927,0.2684741314280002,0.35958993773328735,0.3191519065415493,0.3071504453710719,0.3700835493080007,0.29658902920096314,0.308562207762319,0.26838659201520176,0.29492363474253197,0.33781821447856664,0.281764956729325,0.30159471914986175,0.3384784470024187,0.35324994992726155,0.2612957957660761,0.2783885550789035,0.2571770273278317,0.27385529205348336,0.30222355282300867,0.29500029297889707,0.3240770955331733,0.2664292908590825,0.27620658505978607,0.2795649311416355,0.31763146185498464,0.34985496747386124,0.273790682973981,0.33052643950051636,0.32280186471901556,0.27045194988656274,0.27994650977807756,0.2823353182844397,0.23550631135129363,0.2694101857938525,0.285612104134073,0.3288658206596411,0.3280271635558945,0.24822841566994053,0.2868073887200202,0.3628748016026168,0.32836469780705635,0.30250717319360565,0.26302329953338827,0.3640391034907476,0.28676913810469,0.3655096581195362,0.23644438644022925,0.33400997763816037,0.32159855191903947,0.2558531276658934,0.28692183052850684,0.369101840268533,0.3293136582774787,0.30373571805548816,0.3385649692916148,0.24435838853494748,0.2882882786084382,0.27455764733974175,0.3133027964830018,0.26035398489958994,0.29123672943798434
0.35995874383471677,0.2595031075501677,0.23321316555338129,0.2219493007181573,0.2587048258669877,0.23135351986240504,0.23753482172221818,0.3069664889802424,0.0,0.232391084783045,0.25075237711488035,0.2183648926749483,0.27219610545144773,0.3241840183580874,0.24212271076626324,0.2755160005789923,0.27529683142241107,0.3405683431218746,0.22127445320497008,0.2862373089379665,0.23805998767618763,0.29069763713473945,0.2473341563112993,0.21039178372961914,0.262102589565312,0.21493678790422682,0.2676184856982417,0.27378472865699943,0.2054743638300331,0.3066989721796919,0.3080755952928966,0.2789226685940229,0.22082024980747786,0.22179472923374874,0.32606484960868654,0.24312954010479193,0.24910552047742637,0.34569325894327774,0.22356650357353927,0.26279017982718395,0.21846960894341605,0.3385412111189135,0.24143229603173602,0.23502701828382103,0.27335245057976043,0.24468101982754975,0.22441749866334348,0.2100389696967587,0.2728512850693031,0.2642770390688073,0.2505065038268619,0.22608676975547148,0.2527244759666911,0.20668586985851137,0.23236058892463507,0.33194337898770887,0.2819984446614771,0.28033012807536856,0.26809335533692374,0.24990763534740232,0.23401749061015842,0.253245114109022,0.24420118923159437,0.26076828982205247,0.25488351982837854,0.228857078732343,0.2751984996854836,0.2504881320923132,0.24154969203472992,0.3332717533908909,0.3147257644866246,0.27837674031927484,0.3153087241914611,0.2585883193384016,0.2970019073290237,0.24531076685472902,0.2323875327095607,0.21564870143288253,0.25610331920811724,0.21827556477871596,0.24683708168936597,0.3182104921051059,0.3002955716768226,0.2548964298447462,0.31187168039500784,0.33988475384662586,0.2922525902536271,0.2954276816624586,0.27310432558169495,0.31820613304745227,0.3186431042885225,0.29977478980375605,0.26964061690774,0.24043155847509998,0.355618511520565,0.22762448608238534,0.22488447723953361,0.25882849286702536,0.3135769003653359,0.25782107477542676,0.2586434888285299,0.2383548097672747,0.23102557493074297,0.20165377591241723,0.33596793896981153,0.2554378324222831,0.20788773220898724,0.29424372929528514,0.2390020930449027,0.2138461023314987,0.20248330383950838,0.31907630815436205,0.2813831567164355,0.33472314497870786,0.2594051992045424,0.30734118577256797,0.27988026363651664,0.23841797064606388,0.19254627911475244,0.30743410478796296,0.30158652985565326,0.26821328349884216,0.2691483398200836,0.2755485688403653,0.37794140852541075,0.20654196658103266,0.27063438933759104,0.24388452665213955,0.21820588511808228,0.24916848469734548,0.3949770822884982,0.27959054048027593,0.2781627901487126,0.3257401798715702,0.2189730724765742,0.24176637378369345,0.23356388403602005,0.254833491614817,0.2665668529549394,0.296537873046004,0.21019535345988669,0.28227197058275283,0.31304250309917014,0.309499695501416,0.2518355630098059,0.25688186980828154,0.3207891849466095,0.22389053447502755,0.2638683643562063,0.23328276465248282,0.31178786022481547,0.25670400090341555,0.24492587138114097,0.2319307539740953,0.24956870168296968,0.3116482338622597,0.2539820703483582,0.2552922268348605,0.2622688043237839,0.2835455015728262,0.2085224967496032,0.32468620067586373,0.28185589078579926,0.32312847222733704
0.2630340955021424,0.3507346666562657,0.32831165108755006,0.23588791635079265,0.22955005155650818,0.26971786578787743,0.25542309453549505,0.33811148287983067,0.232391084783045,0.0,0.24904607454960662,0.25241234942946766,0.29515241277604726,0.2613928193347303,0.25622388930925843,0.2778508305486308,0.2507085051092811,0.2740183424582904,0.24305370672474266,0.23089423507127751,0.24501607576350637,0.2558845571212577,0.30456621867426525,0.21319862433799197,0.3843870840989646,0.22917995386988027,0.23784489018100602,0.24604732818513547,0.3592048744819642,0.2256429236237575,0.30131640524914705,0.31557336689002063,0.22654739196512053,0.23157977319076528,0.2683416571277774,0.2742505435609917,0.3027538586625791,0.27328155339176863,0.2157631272788273,0.26406898054051153,0.22797018989697213,0.25197453462807656,0.25965718501860247,0.2336516364091946,0.2837483315365547,0.23356213616500526,0.24643575920683822,0.26470938482658635,0.3320833435742504,0.2243340041500863,0.25452348344027326,0.21707016899111803,0.20176600289337052,0.24626766860520277,0.321017630894089,0.2928556717348182,0.23172167951025077,0.2446804472890283,0.2815455712949695,0.24546454780806692,0.26924354377569065,0.21939736454878966,0.22809394635743138,0.2288622423802858,0.2030474049357573,0.2049614057751662,0.232142365863063,0.2664406019599269,0.256167726941559,0.345715976596739,0.24518137636550147,0.2706626117452773,0.20806872982155247,0.2857192763839149,0.24566586048370292,0.23806557994778216,0.2428291687024038,0.2856945553566802,0.22645249598864578,0.21143993906247754,0.2597364045286777,0.23616811617157119,0.3164809099196431,0.29498695567523053,0.24278494723317173,0.3003406567014425,0.2835416024933321,0.26983279530238785,0.30312856443196073,0.22222983700964646,0.23768191813027417,0.23792392525593659,0.2933133937416307,0.1997651104416133,0.25728181913105314,0.3029745234409609,0.1829212020555335,0.26269360756730054,0.23227179593382377,0.2680868871326467,0.24740958738488036,0.2604722231633014,0.21788694937418784,0.30694828837126203,0.24987166975135713,0.2494593121239734,0.22654653885431786,0.32902787906179065,0.251076795846717,0.2509939493082056,0.22007440368669862,0.2329525495588343,0.26718757935438153,0.25226444913777124,0.24572154016194905,0.25150355870684116,0.27245459110621656,0.3369649981571269,0.25050276318357817,0.2522511488911626,0.22198531068040944,0.2613915955152239,0.22076856437254172,0.2798411524276556,0.23023122945649951,0.340426512224645,0.22132344625794817,0.25147081364539636,0.3190047405373075,0.2715873189017299,0.28866243736565866,0.23732884374291846,0.24532364887479932,0.21283645490371522,0.22316271476427688,0.20970246850729707,0.24646738994154177,0.2730635015338076,0.2949996219992735,0.270555381483933,0.24956650059573762,0.28202226004897896,0.2598114712435423,0.23518881086259236,0.2736202146296449,0.2541656946297467,0.23876642809383763,0.2795889992821279,0.44478826822323475,0.20493962601119411,0.2307589125449147,0.2980270967964223,0.19613133937662233,0.26884466664608103,0.2778564518369918,0.2715004627615987,0.23187907562511248,0.29992582292140785,0.2387707799895958,0.2885451773046285,0.30359942058279654,0.2924305841831533,0.23845955649713374,0.22349278625158242
0.3017329661992951,0.3068627121433934,0.3218066507791638,0.2544173696601714,0.305125556171631,0.2955260321523414,0.25973026043898934,0.2921329179192375,0.25075237711488035,0.24904607454960662,0.0,0.29633115491232626,0.3072052329075621,0.251753314132565,0.26040063023949606,0.3519361891988791,0.3464869002659012,0.2767201028079034,0.2604945261169596,0.2644790220124116,0.30508298462605515,0.36886205058856375,0.2688706168884666,0.2703863816452393,0.308942791272359,0.2523801725511648,0.25047117791805734,0.3095029762183764,0.2712189174629627,0.25224465053170486,0.24808740247056363,0.2919644700628269,0.24063135259102728,0.24477398405925763,0.2899182797743377,0.3178326466617734,0.2948947017916276,0.2849550090582763,0.2838721258212725,0.29048577879710735,0.26532343763479865,0.3480926922576796,0.24697666153513678,0.300403990459076,0.26884949467792674,0.22716493660394818,0.20150866866552922,0.33649786623468275,0.2990438845131871,0.25094199396714734,0.2869108348850695,0.2422155673118066,0.20763263322706013,0.286744959850807,0.32035378740423004,0.2349562637430532,0.26591286141232406,0.39088991599291273,0.2678189756060009,0.25081890130075063,0.277763046583481,0.18838971903191654,0.2852851872584977,0.2488156511581511,0.19683598121999857,0.20718159793430424,0.2617434212281915,0.23171435493243936,0.25262051318661555,0.30976651348511824,0.26410899515667685,0.2143174009962094,0.2849287318839649,0.30840856974225356,0.3097649876230317,0.20045460637009477,0.3105368075986835,0.27280598221714664,0.21207004272746416,0.19661572814773204,0.2598701444493378,0.2337813369170388,0.2604207719606279,0.26122197166051986,0.2551834059582127,0.2844504223183715,0.2839017249320396,0.21235848547645864,0.2154831056709174,0.23625542390374665,0.34026170819680684,0.2189179513571682,0.33226433316902027,0.2249842541030644,0.2686608561431246,0.24859782996358906,0.1872720126307169,0.23279423832501547,0.21199234160420832,0.2365962792879069,0.2333864366034981,0.2653986340889324,0.20426670250135875,0.20347652210373768,0.2583246425416593,0.23199282215379102,0.22380343780248307,0.3142496058237809,0.237817179679988,0.31663334214585026,0.3050426977005482,0.25508058280879914,0.27278631378502227,0.2602698708587194,0.2416964898510314,0.30074456100265723,0.24406273850238414,0.2634166061690573,0.30222428243366817,0.24457513551802026,0.2791629936318109,0.21310827080191042,0.263707632237889,0.2861742337448242,0.2300133855457873,0.26769875453515146,0.20736025986218526,0.27794267339722123,0.29166978235381247,0.2217841453426857,0.240955851277646,0.29497695508658345,0.2312273758670712,0.2742742816037655,0.2876985046585012,0.22061744086816015,0.22912634428689577,0.24718230053134768,0.2868329119679277,0.2497333781260171,0.2191045017159815,0.2898935322753945,0.24099048276895954,0.2824525414868388,0.3139189432095087,0.21747515478184215,0.27809435369570923,0.22538788823617667,0.26376609899882836,0.25708793105127203,0.2911571150474736,0.23582628555037374,0.3014954719229623,0.24788106077378935,0.2787292163145835,0.2673916211918142,0.28905778209540994,0.2805693399522588,0.23229424830642004,0.24391731761413765,0.2137093560217204,0.25446470555387046,0.19946551372709215,0.3942132201507024
0.23293628430710464,0.336761162488475,0.2851169021584137,0.27607558622349176,0.22584326073815042,0.32916087432030255,0.2988104248887939,0.3083169280914322,0.2183648926749483,0.25241234942946766,0.29633115491232626,0.0,0.22850991342041874,0.18014592444045538,0.27204475107775916,0.25518892017147227,0.2605834695693055,0.2030970107867963,0.32807687373825195,0.24060846641973702,0.3345451801016682,0.275899658703057,0.24383445059835573,0.2811201899616082,0.31514179578192963,0.2294337273219967,0.19753338203216042,0.22466046367009207,0.24075651093857472,0.21971060504164608,0.2835732747412825,0.2599415273459654,0.2782807584523382,0.27986216977317296,0.23386689199438945,0.2988080014683064,0.26408869339695606,0.23255109869735324,0.34734553763760356,0.2657986453095894,0.3235668333745046,0.2674127957432352,0.25285532078139494,0.296595808054006,0.27364170074443467,0.2359507613558279,0.23707467487689116,0.287793175614307,0.26239249867861236,0.24958540403272797,0.3080284304275728,0.2892591243179119,0.20300925839553483,0.3261153957663528,0.3437799158970057,0.245321944294044,0.27296380129399295,0.34282758120836154,0.2252718340647061,0.24896727753927533,0.2497322192106047,0.19277923620940668,0.26972658683730044,0.21245504956911718,0.21342445198722276,0.2187507290887668,0.22283241552676572,0.2127872748070859,0.18391592817073005,0.23703153569417137,0.24661533662279517,0.19602084381370097,0.21437242267142384,0.28103923014016746,0.246114772992732,0.19226645659146407,0.2733062531795268,0.2689187299586353,0.22139285705694445,0.18374769916452457,0.24168377546419162,0.26827204191490706,0.2612071434916745,0.20858518896229666,0.25726686257351,0.28079595904551474,0.24257426731619955,0.2046700387225028,0.2332741312847594,0.24531194117030952,0.24805994808080847,0.2719783821139342,0.26812586638791064,0.23374875086054633,0.23032941430704826,0.3110608128737442,0.20387924350570716,0.29903141642312964,0.19646113601582,0.24015131461688502,0.20306171615449775,0.2648608774241814,0.2346492174518921,0.2863979242738493,0.23080093756104314,0.24813285815923386,0.2619959369085736,0.25533241851481764,0.23919852831431374,0.3410900383478364,0.39237509268989973,0.2548380832367169,0.2341921367758674,0.2141650079924328,0.22713053913171263,0.2601595569265012,0.24530373183522863,0.26113767056652376,0.3151395333038225,0.1989276675760624,0.22830375852289547,0.2343205975508742,0.241435575066195,0.27362572278566766,0.19516134387842524,0.3193917886305519,0.21390055632635335,0.296744983478433,0.33360814482695894,0.20776251835952758,0.2098132077243978,0.2552733732106485,0.18883163538954673,0.26253598132513406,0.27847641341736173,0.1983111655647566,0.24306174188169755,0.24144429023652572,0.24297554022322332,0.26720949092162716,0.20690757849670227,0.2301000108049764,0.26921049848340983,0.26160394875835663,0.2777633705776248,0.2627512112933219,0.35775362707800973,0.2285148721802795,0.29283671426506114,0.21256181776324748,0.2801654996915889,0.24364982001230387,0.23103949863317702,0.2631320827019886,0.3773788965175076,0.24031333078801193,0.24578197817016223,0.302021604770019,0.2078167958434172,0.2183050875493301,0.19290708869183237,0.22351613088540065,0.20711428706805465,0.26770158957949425
