0,1,2,3,4,5,6,7,8,9,10,11,12,13,14,15,16,17,18,19,20,21,22,23,24,25,26,27,28,29,30,31,32,33,34,35,36,37,38,39,40,41,42,43,44,45,46,47,48,49,50,51,52,53,54,55,56,57,58,59,60,61,62,63,64,65,66,67,68,69,70,71,72,73,74,75,76,77,78,79,80,81,82,83,84,85,86,87,88,89,90,91,92,93,94,95,96,97,98,99,100,101,102,103,104,105,106,107,108,109,110,111,112,113,114,115,116,117,118,119,120,121,122,123,124,125,126,127,128,129,130,131,132,133,134,135,136,137,138,139,140,141,142,143,144,145,146,147,148,149,150,151,152,153,154,155,156,157,158,159,160,161,162,163
0.0,0.44298930880032783,0.36122996427270904,0.589459316519486,0.6057422273480634,0.4641997270389586,0.5301815018565782,0.4996738299820068,0.6814580551077233,0.3469815862678837,0.4797397331938837,0.3985886387708617,0.5957515570944758,0.5500392381488718,0.5042412125933364,0.4913122709038011,0.5765016462625832,0.7286860690370771,0.4589524418841445,0.6313361889518407,0.5279290789368289,0.44705879485846417,0.5762402602020761,0.48628453675152894,0.4753648948575329,0.522814228493964,0.5345134036814657,0.5391098796483934,0.31230247996352056,0.5378430332422455,0.48700030934738114,0.489289833870252,0.5023445235683275,0.478113797524337,0.6364866034863194,0.4485005117515908,0.5703584904910116,0.5919097919403015,0.4120048830422512,0.626751813221924,0.4918851277879124,0.5993820757540166,0.5351117983246747,0.5005681100054816,0.5019414346895229,0.5662762085719526,0.5186461742633109,0.4281865112915074,0.5652486815438644,0.6277457813596372,0.6235866569568868,0.5792667871429825,0.6389024949332313,0.44002079574319153,0.4007472755295739,0.5498999404581559,0.7090516816470481,0.5146768381689849,0.5631948467039807,0.5731449235075339,0.47977526099195655,0.4698496909282565,0.6213336707729245,0.4590228004053049,0.5737246300979509,0.5462680978105688,0.5576581544744741,0.541909188122776,0.47930830186941065,0.5703057661787495,0.582696989583058,0.580924055835063,0.6402957329962462,0.6079207570155136,0.5208039502408641,0.5226920218610994,0.5314789546524229,0.5214585183110033,0.5238176263935447,0.4997386088813066,0.4992742040619657,0.5952072804215246,0.5678899682913546,0.5165193785067027,0.6475489666956455,0.5891791100644903,0.5752634879618115,0.6573537325702172,0.5732886439651417,0.5140886670303977,0.7361778703124776,0.5265886501490815,0.5027284207723859,0.5679655664049408,0.6733411729741257,0.40162721702520077,0.44001585428420736,0.4797963340365563,0.48523328446402897,0.5495750550311952,0.4767631313346082,0.4421640309579097,0.5275691386905921,0.36418132743790715,0.6390010595394536,0.5744391949237443,0.4916601248599499,0.5410035985941434,0.538723478146457,0.4469185438523733,0.4927221592000809,0.6427472459766033,0.6189114789284681,0.6064728940250429,0.598781664845412,0.6558993763689018,0.6098480285220915,0.3729583614376834,0.4410245663185498,0.5094761387164393,0.6653037716880645,0.5306741523956428,0.604947674007297,0.5586861720955281,0.6138256449066286,0.36836783561979547,0.5241775891800787,0.4411042538053822,0.38984770610073777,0.5380388922295586,0.5214529572319588,0.5375752888159444,0.5914112912116449,0.5997275908866997,0.42475773246190285,0.5241230900475564,0.5037001076683725,0.5720979319627431,0.48475315320131834,0.5490499093384197,0.4794408773005173,0.47701831575944686,0.6598066222407261,0.5264356259708809,0.4999740276955598,0.5943945040140496,0.5459118873609139,0.46972552403065093,0.3916393558181996,0.35355770811639714,0.6117148267865552,0.5325015843524825,0.5189519675307311,0.4381750565906225,0.4742398135940565,0.5428539924998952,0.5447599347492367,0.5290509803533094,0.6141388723034639,0.5841502344311708,0.4635564242605993,0.6522656519224502,0.4998342369924063,0.7570697734390558
0.44298930880032783,0.0,0.5279057580297314,0.49702076251189387,0.48484184132835495,0.6839649146326239,0.4763398327064401,0.5891001477948403,0.426688190386125,0.5205852878587118,0.5498760325611507,0.6340100134982856,0.5554196222912553,0.4658163504016298,0.5072623039280285,0.5992440796480129,0.5425441399935798,0.43382567123681964,0.5539708704942973,0.5643993604192727,0.5784192196082315,0.5701508628307107,0.4558811158958673,0.5145124781337868,0.6050622683550131,0.4098419225814645,0.4413801455404233,0.44782163327586216,0.4694827572318714,0.43215633416244464,0.5545216271785686,0.6005661932514718,0.5638263643826066,0.46953900697041134,0.5129887942141867,0.6317864105649932,0.5107607051200026,0.5090403532585003,0.5750498910500805,0.4888534791144594,0.5870008212376031,0.47234194267930185,0.5020512244263647,0.5589588516393821,0.5821825579958684,0.4549175263074239,0.490876161064457,0.6043734938555668,0.4981336625990446,0.5288480548574989,0.4871673531632264,0.4501265404174168,0.4899054603523794,0.6560134954407442,0.6042057744648671,0.4741698321599801,0.4649395879717002,0.5810253517967745,0.5417755723909916,0.5031560785912558,0.5978911967537878,0.4116726752325767,0.4853951915951241,0.5380483758961506,0.42079181069027444,0.4282900183436889,0.45084441584772506,0.4459759914563063,0.44751783122416783,0.48681901119853277,0.435993210503909,0.46249285582119615,0.41861959242473556,0.5307346007265741,0.5408371423600437,0.42200734119974975,0.4912891053089274,0.5551013665714924,0.4305455191399368,0.4005002814313209,0.5145890741607386,0.4214585019779374,0.5581546186187739,0.5278273335414086,0.43575974207435575,0.5259468278917813,0.4882891698576975,0.44852860154242136,0.4805588348936526,0.44595435377974846,0.43051479798580095,0.49139295989980075,0.6345358692824022,0.4281503812181714,0.43371227261917733,0.5821693926726861,0.5042107798355127,0.547704256454292,0.39771835801115335,0.4517991909149859,0.4973771058915666,0.49289176678234187,0.41699151315176214,0.516730669008709,0.4680973318038068,0.4774302929246211,0.5560268277933258,0.573129149375487,0.5155012282080843,0.6172237160547479,0.536346917731736,0.43245044727703275,0.46458986334531877,0.47750497793990265,0.43460490965666015,0.4319307639810597,0.5152216631276524,0.47921794632685527,0.6419242229664903,0.3950955787435491,0.4480673373560984,0.4228831025845037,0.4645815659062494,0.4823697032340045,0.43138893403327044,0.562665635358958,0.4128436668346671,0.547804679169069,0.6787439898951476,0.49137337120033087,0.4871534305150303,0.5329642115530849,0.4134064804182188,0.42762911925276853,0.5888381953904023,0.4801306792464349,0.5680167949730359,0.47791092875478003,0.6238394215210787,0.5175996169641981,0.5386166930607671,0.5804611391448413,0.47902955707908595,0.5766344789756638,0.5727162179907586,0.434727663852093,0.5339066632590969,0.544899415981392,0.6176415757488468,0.42589340182167507,0.4394043711298101,0.5908616261558503,0.4970364401889186,0.6115850640724158,0.5765875949384531,0.47581450680318543,0.45360262628387327,0.5305482757115226,0.4601102444130649,0.4031812709136681,0.48867740967328266,0.45042551744221004,0.4231053112131064,0.4153703638511123
0.36122996427270904,0.5279057580297314,0.0,0.3915756733669274,0.4223807303913531,0.5109790714742253,0.3702134369956086,0.4777885173535394,0.36133608654951604,0.5712949030385285,0.5022175067952825,0.4980306167568502,0.436677155933858,0.3715821345752213,0.4025105504601009,0.5044986953941356,0.4466190499415473,0.3743908765916173,0.4401502424755005,0.42508010787067785,0.4617481984146876,0.6005194617016796,0.3655552764131153,0.3991755060304238,0.49176797003733214,0.3367667266151649,0.3793541059124394,0.3777078923608113,0.4832969330463016,0.3779492193755646,0.40403428527549773,0.4529721217577227,0.4121071265510191,0.34674246694646044,0.38627024557639594,0.4553530770532617,0.40143134580527723,0.41390211830951595,0.4345396066655031,0.3784334767115993,0.4279796182072765,0.4213265422595005,0.41889036192708073,0.41540310771102334,0.4221943511926245,0.3544732135429158,0.3888969463633431,0.5028987607341766,0.3901683875816324,0.4098731458545134,0.3797452478740783,0.36118892709574496,0.37552437909548614,0.48772769921517106,0.47366694705374124,0.37176556529532323,0.36509584654909694,0.5023965106753716,0.4331753473284025,0.3682882233994912,0.4634647619845154,0.329149142114931,0.409167337343269,0.4334547207123508,0.3458910556071879,0.3462213266674991,0.3551918633166691,0.3829466189352122,0.4561171088184189,0.44036437359917413,0.35801796524923807,0.35399744632450286,0.3536224666583824,0.42345008931156614,0.47156762482627607,0.32545397365497525,0.392673360714672,0.41797492416266424,0.3437798884022238,0.31638732630219507,0.42114959734527513,0.3487245672437299,0.432766286655457,0.42243144864021404,0.34923358635165913,0.41003909040661723,0.4025442820861783,0.3601839993146717,0.3642943607744415,0.34552498729461356,0.36697542755685486,0.3644364887749082,0.46317571276814024,0.3288177238427863,0.35595884284362184,0.48597634823595925,0.40003704385035593,0.4127481793953155,0.31990913103412816,0.3449588814506026,0.36250736919084886,0.4272120620020567,0.34250328034684235,0.5055007781168084,0.3703240426618205,0.3761840631324508,0.42507138057697846,0.47849604874906615,0.38646863435061646,0.46631363991357627,0.4047379463467448,0.3492577414361961,0.37105973885506816,0.4003113961400259,0.33898070137098496,0.3522738381251585,0.38312434884531954,0.4670433308897743,0.562053175123334,0.3300076822788941,0.3560938361134709,0.3532316085673624,0.3594923381380664,0.3684644957713343,0.34374871913844535,0.4675537989134087,0.33459339298464397,0.4042079838825449,0.5202802134318808,0.39326230439479815,0.42231526220067495,0.46654007953276827,0.3310033989061879,0.3411907403991699,0.4864640661135227,0.3815645155648022,0.413941939983215,0.3636523739229309,0.5151031266762274,0.4003764936827959,0.43310653801385984,0.4443858804906769,0.36685026677481325,0.4692067812800209,0.4287957904501328,0.35307153326904683,0.424968311198658,0.42446649048150065,0.602624393758092,0.3791316792519115,0.34563404369531436,0.4353424230056815,0.4337284617591134,0.5092086558513916,0.45755272421611587,0.38503441580367126,0.3689344831346125,0.4124772203267354,0.35244352209583885,0.32322280493706995,0.41123308971141725,0.34948152915863384,0.3522122637728034,0.347602434793386
0.589459316519486,0.49702076251189387,0.3915756733669274,0.0,0.5300282222746219,0.5272230098587887,0.5851889489427248,0.5667394363219335,0.5115659168549019,0.3784865122652134,0.4897794384543594,0.4545032321278234,0.6013524413425522,0.48569137507010157,0.5789384282775343,0.49676773705103955,0.5547913985414925,0.555731286942784,0.5198846787294699,0.584028103591687,0.6210211676479258,0.4701999450701206,0.5474814550937959,0.577462882771483,0.5241098505450413,0.5384876676604583,0.4721034253950055,0.5039715069132109,0.33319849087200715,0.45175576005295776,0.5328390630974743,0.5114465331284148,0.6414889983407279,0.5291565229968629,0.5599515863375729,0.4863328128715213,0.5914687738993524,0.5298025173543778,0.4698004207923113,0.6765006675918664,0.5802257311130721,0.5348582224111815,0.5622571486632075,0.5733446561651437,0.5747826093778814,0.606202960726268,0.5119020105102086,0.47741264685390716,0.5628204493567153,0.5880068044905481,0.6962753794659523,0.6120491940484553,0.5995720820572036,0.5415282657376367,0.4467982226936658,0.5406040718745584,0.6354841877241838,0.5303014816017317,0.5950712834730997,0.5643173276112686,0.5815706935123451,0.44829598309798735,0.6326535699255991,0.4420462853245986,0.5564417794088076,0.5799744665193484,0.6100723861888969,0.5443544252425675,0.43733603322966447,0.5578024190072416,0.571910255000443,0.5178456032301181,0.5363003100268923,0.7016310804675919,0.5108621230709921,0.5075219696509272,0.589737252121793,0.5523877996734716,0.5525486061743933,0.48740574310246654,0.5531819777972791,0.5900710697164244,0.587120858386198,0.5228478205557513,0.592013678634068,0.5899838394657645,0.5932804227319198,0.5705683714904419,0.5747628951610387,0.5348002356856091,0.5561217686969694,0.5653401475929959,0.5168898644770716,0.5602876885314277,0.5880983140163222,0.4484301490723792,0.4966743568365342,0.5429523360114383,0.4304288836711576,0.5955619442117539,0.4868562964960424,0.5036372898005218,0.5624604439866187,0.41021849975739094,0.5683339907138308,0.587213018763651,0.5838897314675897,0.5486941665797604,0.6017389043497204,0.5238452174813459,0.6015688890806544,0.5604223437925053,0.6346046162547456,0.5280505248337527,0.5650950770389973,0.5581850488093597,0.6198721186181377,0.3862232270914985,0.5145013003608645,0.4470806064061178,0.5376656088776038,0.539302474896706,0.5655205063504204,0.6228519101630815,0.5115106025030289,0.4172551792636472,0.4939883518892185,0.48285629760060794,0.4383782940281811,0.5413629184128765,0.46570523812336884,0.54805199128074,0.5159958932726079,0.5343114348219007,0.4863909382838532,0.5176813330849481,0.5132920657547482,0.5714088484315921,0.5277815522317769,0.5827393618685864,0.5635375116935375,0.4660190667535939,0.6587456624654339,0.5428930301650462,0.5423717273220963,0.5547501213609879,0.5660527734189803,0.5372680537545009,0.42127953542994073,0.3456716592517507,0.6187748318667741,0.5633757660727591,0.49976768979607156,0.4861623623269178,0.5685638338362563,0.5930623169115181,0.5471739014006822,0.6297320264118261,0.6251372100962508,0.5215541806454502,0.5139348662223878,0.5560202102964199,0.5079258852399918,0.5674175522048415
0.6057422273480634,0.48484184132835495,0.4223807303913531,0.5300282222746219,0.0,0.491217482663639,0.5060124494195017,0.5041826850071521,0.57574814841053,0.39043549886669215,0.5516004740144609,0.43251181281152584,0.5713197480993149,0.5088277164431697,0.5159718894338006,0.5415437090279658,0.5925538667932405,0.6325280467709237,0.47152404276653803,0.5975830056822303,0.5547930152139544,0.5431040232712996,0.5253598148222467,0.48941360784683396,0.5191872769106826,0.461930749814451,0.5156659503721834,0.49470018637461693,0.35002581178372644,0.5425743370740331,0.48007467390319564,0.49663462686423676,0.4959903622640586,0.422499615550699,0.5856559376275193,0.47021696821259623,0.5433295327029992,0.589188064594575,0.43069384664839017,0.5513626316095426,0.5075152523095511,0.631747819856339,0.5486523095261732,0.5178773126996016,0.48357525027763776,0.47904283899014777,0.5189181645390072,0.4806738779621509,0.544136943761987,0.5915635762218563,0.5400519576983792,0.5065434156638591,0.5409494504985992,0.46681575519491475,0.4300558406206691,0.49940875688951714,0.5502019754345026,0.5768530547000237,0.5733220039478718,0.48994380738055976,0.4725290701604016,0.4168091155390572,0.5821417744937908,0.4894447158133824,0.49784583400271726,0.46008615916428613,0.47366216886418805,0.5323268745675814,0.5528995067482353,0.5881670830882112,0.5128089067783598,0.5082177622624984,0.5214098246902908,0.5687258546642577,0.5434591403490024,0.4403066920198139,0.4898503106185767,0.5429576734314981,0.4551704535130272,0.4296984065503187,0.50552781481486,0.5041338131251865,0.5950882156032996,0.5062056589467377,0.5112135958336649,0.5580668971290992,0.5234198785515805,0.5376823225774359,0.48185440037930355,0.4502938635319468,0.6299960307530454,0.47660667057650663,0.5479452163455756,0.45343694862417316,0.5466880948642475,0.44432748129992133,0.42504304483584054,0.4738701105944578,0.43513261400237524,0.4533356631853991,0.4478415934718836,0.44164377453894677,0.4673520018602414,0.40923359721765523,0.5322863424507807,0.5069488819799934,0.47143750286831115,0.5912421926017374,0.5051126923200946,0.4745613455347339,0.4821193916789908,0.5297332892417804,0.5137984469125914,0.5633964815892886,0.48253073854293266,0.5283874799598568,0.5279362558607997,0.4178321661475625,0.49510024334234637,0.4521258429086417,0.5767452392996996,0.46906925696007973,0.5102718435383317,0.502136715157059,0.525338586241857,0.39756207160042073,0.4441002244093123,0.43623148194286193,0.42225574983202585,0.5306751378239837,0.5376663400676163,0.5630958133796146,0.4654617248743756,0.4984831492006256,0.45767554649189446,0.5252477164667029,0.5132070796507082,0.5268997316653997,0.5476626149400007,0.5289498595611531,0.5005384275882258,0.4986338210672951,0.5315566497368169,0.562462041071353,0.5157199368958525,0.5166369258724778,0.568493864638709,0.47534204274653025,0.4472586283013708,0.36736888247174665,0.49468385003036214,0.5524282109841036,0.5464269573819053,0.4884396745155564,0.4999613198771474,0.5043814368346755,0.4941428885119022,0.5163496785166246,0.5260787564233829,0.4625766022740691,0.4754114965909412,0.530301016627879,0.46314288474512666,0.5889750618047384
0.4641997270389586,0.6839649146326239,0.5109790714742253,0.5272230098587887,0.491217482663639,0.0,0.4670460980125758,0.6655003699594771,0.45076164163187327,0.4796315750184239,0.5455568265758117,0.5835793149607211,0.5950267963519174,0.478662119163885,0.48856000330336113,0.6304550027564109,0.5744760620649842,0.44692161702107336,0.5436081652076425,0.5685145238386445,0.6032250059381448,0.5429776289317114,0.4530706365578259,0.48941747498855004,0.5917982753144901,0.43417808705434874,0.44770474633866986,0.4621611310588044,0.4245029254848503,0.4488008743006355,0.5478295722381401,0.6223155029889801,0.5730693044354052,0.4795963056378018,0.5165565266626724,0.622170553395626,0.5320045792372682,0.5387603223301243,0.5315901483685324,0.4902702940162555,0.5788128224220013,0.5027166063902623,0.5173923607023349,0.5592967289225058,0.5925177519628728,0.4718680222385923,0.5092087844758781,0.5747791522794637,0.4878848899069561,0.5488409913275918,0.512446621579446,0.4870420484916689,0.5041706639664247,0.6227550358310969,0.5548475643084152,0.5071541764139764,0.48516294738859944,0.6554775777963575,0.5259598744560496,0.5170117909794236,0.6466352706099198,0.4415753482168986,0.5428551945170625,0.5252087472111928,0.4304784730468523,0.45102425606696156,0.4686421016654797,0.4666857156389761,0.4604285290263671,0.5264839762099501,0.46034002008194014,0.466637536651146,0.4508970005115207,0.5618906897998025,0.5901717350677579,0.43050966016577347,0.5133877508296288,0.5592932393820507,0.4542523955192223,0.4210869061008632,0.5526267748692224,0.44365394713648204,0.5723477730552863,0.5808623761397723,0.46744178183548635,0.5592214137882174,0.5463569871739308,0.46717253077843796,0.5086103664539584,0.464583214210609,0.45939539758985204,0.5087283907119573,0.5970167408978924,0.4402727345092021,0.45587308412551153,0.5560882124182233,0.5293437805878192,0.5810268858062804,0.41300663356624356,0.4759082751039623,0.4881963753938668,0.5166073944605224,0.44051130280451334,0.48932939736528247,0.5054151667957846,0.5131963570942131,0.5943252006599,0.5968872617192787,0.51583974893116,0.575262143370753,0.5383035402026602,0.4558076902486695,0.5098468179998762,0.5140311830230787,0.4598252624811715,0.45971048340943754,0.5405653496509298,0.44249129789275626,0.6704748749729974,0.42259983271669116,0.458202585443406,0.4651630104643116,0.4921502311810053,0.4961098460011362,0.4435325257786126,0.5184860534624908,0.44504431866825717,0.554811568491514,0.626553621563402,0.4918879889431808,0.5206212634976398,0.6038367113712542,0.43820894599653704,0.45272729223781066,0.5466072155752555,0.4721716689132331,0.5497469038172103,0.47299303066795734,0.5668375197021227,0.5241456532804235,0.5402967296250416,0.5991674626734667,0.4986094568149273,0.609926289284751,0.5726358111947952,0.4567822793744059,0.5575422139058528,0.5487900776748655,0.5636933700633583,0.4345365227548894,0.45841929023079614,0.5830848313053463,0.49320538472644243,0.5638722089574759,0.5916670608789185,0.4902464157908751,0.4521238856494158,0.5680419167256638,0.46080212581863045,0.42523041764078895,0.49404742358790094,0.4703464577348855,0.44141989415565536,0.4322934837491616
0.5301815018565782,0.4763398327064401,0.3702134369956086,0.5851889489427248,0.5060124494195017,0.4670460980125758,0.0,0.4822462871231367,0.44240784206933603,0.3929804078913394,0.4684744606347769,0.4689256732047363,0.5451722436644193,0.4416951803845348,0.6137439591016582,0.4750503286502074,0.48760606771634096,0.5075134104570137,0.5181554676792466,0.5307712956174667,0.5402737938262552,0.43298672951812733,0.6427077534595452,0.617398056050583,0.5545291268998537,0.49078597599548934,0.45101146807940734,0.4685706268520398,0.3439559846572593,0.44912202481473673,0.55774011115667,0.5293349893866057,0.5466051149385766,0.5768052243279749,0.5171644673770586,0.4509915830491797,0.6241261243418236,0.4631245655091903,0.48856721842140555,0.6358090153424563,0.5071434886889107,0.4634261042710873,0.5809703750796883,0.5808852934212195,0.5465992963518594,0.5862358119988862,0.5031200707653438,0.498050486770221,0.7167522032726654,0.5105321572251076,0.6371158525962641,0.4834614904735063,0.5058845513780091,0.5005838982443299,0.4728401519165495,0.4887931174949082,0.5606986202868416,0.4680000092685672,0.612588168731705,0.5205885164438053,0.50188407145947,0.4108730686104127,0.48782992336220204,0.41681066815778517,0.5139453074454218,0.5238951408384911,0.5596658257337487,0.5342894697447621,0.4045293774526618,0.48777822955765127,0.5029538928425306,0.5113393479120908,0.4445428448566024,0.5928539777799741,0.43129386613583637,0.5832487782394004,0.611545618527494,0.6000185671987918,0.4978655885677116,0.5032564421166813,0.49498830784797937,0.48947472646276324,0.5834851640934285,0.4482722554893751,0.5051606422257819,0.48521784686326463,0.5176801221356847,0.580403773643287,0.5729840778866799,0.4873358249584096,0.480159804993036,0.5405795053140208,0.535331929046132,0.5485979529281989,0.4935157453073793,0.45902375467714757,0.42902225564451946,0.492792903687129,0.40030032266028087,0.5403333726555919,0.5151644666633761,0.5095625331325585,0.5323317231804456,0.41742107512752813,0.4773326903135338,0.5220767753080178,0.5305565794324333,0.49854203784634255,0.6105398780262156,0.5515596867799782,0.6497207378616177,0.49170329221658926,0.5191990678211925,0.46756051997199394,0.49423534998909696,0.4635428693836984,0.5964638660201868,0.43062314340452607,0.4632689016395411,0.3937253877141269,0.49584677655421455,0.45854416874258674,0.49391452379673484,0.6732567354051605,0.471156526808129,0.44303214947862857,0.4239273036157355,0.48087509974612835,0.42364217225219475,0.522837064268991,0.41674778765997356,0.45186157602318555,0.4808607788537948,0.4409596887519437,0.4724896899183652,0.5147023990992413,0.5638016980973957,0.5694758832633507,0.5181115321019755,0.6110414546891322,0.539853613390799,0.44665803218112254,0.5615335655272522,0.4642789047130357,0.5482105845720774,0.5411903447342086,0.48414842712748857,0.5591261358234876,0.4256377443192295,0.32153537170697666,0.5760133360895906,0.572099311794557,0.449140444971417,0.49399793635085565,0.54770184418321,0.5721343394609935,0.5737958333300203,0.5977992577347658,0.6082731804201312,0.5375416464256351,0.502533003610803,0.5248594581751673,0.4784906523093992,0.4959608720264883
0.4996738299820068,0.5891001477948403,0.4777885173535394,0.5667394363219335,0.5041826850071521,0.6655003699594771,0.4822462871231367,0.0,0.48785803189921856,0.4485719576689696,0.5411330833087459,0.5313304126732804,0.6481565877364615,0.4854578377245872,0.5385117802515669,0.6118172059444077,0.5590817176351389,0.48776892543628936,0.5236827471883482,0.6003960648851935,0.6154109129630664,0.5386393556699676,0.47202111267191893,0.5089498947657679,0.5953537824857543,0.4763882073213095,0.4726879469698056,0.46677873549093746,0.3875286028877308,0.4575789053598613,0.5873383601441909,0.5897482495290545,0.6018155568293517,0.4830116308397994,0.5296324955419454,0.5802828729276588,0.6006390990077823,0.5792633938240166,0.5353617868944146,0.5230597672194539,0.5848912508533641,0.5088269677651043,0.589078192952596,0.5668297605382941,0.6562911624181244,0.52029218540685,0.5140015797267223,0.5712385033119333,0.5090088574234299,0.5798756183803697,0.5531699880640596,0.5029381454149188,0.5133699613605398,0.5880697049420364,0.524814706219331,0.5210486228031592,0.5195801200777419,0.6427251836794022,0.5504563396337646,0.5307740540009722,0.7168103441131819,0.452893730770464,0.5967914115604998,0.5032457283989186,0.46401321651113603,0.4946160445028335,0.5202216024235743,0.5236870472811403,0.48264931306013614,0.619234471349069,0.5114706934190202,0.49298261976682545,0.47081446866948906,0.613827925792586,0.5818393063315546,0.4525178743319897,0.5594805521698236,0.5657928449821847,0.5089859501340849,0.43314279999444416,0.5681429399492591,0.4847042935052826,0.6164157635849403,0.6218116035686447,0.4972648814301887,0.6113383647890431,0.6611223187679386,0.5142218559572624,0.5463606433441015,0.5050715110679803,0.4880822757410001,0.5197074296941869,0.5722403241680182,0.4593514335468334,0.486768042605408,0.5440462835390699,0.5522552457088219,0.566758384968405,0.4164151678714093,0.5014660287210548,0.5048602803408565,0.5920930748301583,0.47782120756659774,0.4758659969875853,0.5414348053309478,0.56306771113349,0.6244467458355627,0.5921127556551343,0.5490383255260398,0.5558182379951749,0.5340747452007941,0.4906309515616852,0.5442781922641499,0.5527156441910736,0.4934426700376801,0.4776815967615836,0.545297382146614,0.4351798447987069,0.5737861666705989,0.43329028975512157,0.48530263373084437,0.5315156710952296,0.4996107690620186,0.5302152764466679,0.464295828114325,0.49538281181211025,0.45319579669994176,0.5749060170087231,0.5350806166864107,0.5507433316213066,0.516984245126279,0.6273752825839131,0.48399117992647744,0.47218785564503146,0.5631458397435919,0.5014968253490503,0.5679102905992988,0.5086577198569665,0.6149647655836497,0.5898826018737117,0.5883151599016938,0.5518877226858339,0.5216950048117787,0.6178167323417164,0.6030577696024261,0.48938739045315616,0.598176240693509,0.5789693449080262,0.5244606706132219,0.3961338386516735,0.5092449300961391,0.5783121578153099,0.49547152002164324,0.5651390358413723,0.615227416999907,0.5701633285180113,0.4801190118609216,0.6064557523214739,0.4888997475570637,0.4435786540811363,0.5198996497061606,0.4893585231481912,0.4777942676089213,0.46264411026089286
0.6814580551077233,0.426688190386125,0.36133608654951604,0.5115659168549019,0.57574814841053,0.45076164163187327,0.44240784206933603,0.48785803189921856,0.0,0.33579454918749285,0.45255201932085093,0.3746494649868932,0.535369717071341,0.5562142638073249,0.45135416135389217,0.4691016019196011,0.5394359360694125,0.6402126839074657,0.4150922705492971,0.579375937783747,0.4875622187692922,0.4435227268781741,0.47632178666146396,0.4278397603514426,0.4385196652011711,0.4843726794650577,0.5101840278292256,0.48256532473305425,0.3055144077920789,0.5137036253293865,0.45066383262498144,0.4448264771186409,0.4655004581330927,0.41525489127741155,0.5985805136194781,0.440814935090787,0.5005294871044449,0.6271550706966843,0.38399322893385157,0.519317548792183,0.47198414354992513,0.6105377828458505,0.4811213312506726,0.4573115032310045,0.4620646256050691,0.4892321302578577,0.4983655374354886,0.4019431696961276,0.4702632482726227,0.589324983938064,0.5161750115480499,0.5474780241584316,0.5826080072874037,0.40991733603947744,0.37318724866253167,0.5448623755930281,0.5755239164538941,0.5067513612476604,0.49306441115945804,0.5120079843038209,0.44627248242819506,0.4688172518350953,0.5987528094111415,0.47220981326075595,0.5153318433915762,0.48404801838055195,0.4931930388091769,0.5031623602762524,0.49717799941835455,0.5559157644953256,0.5482773318710414,0.5404175045092215,0.6410622084255098,0.5218806275288521,0.5329707357106244,0.44935751114299355,0.452115195243492,0.4710865549261078,0.4887114406680968,0.4479880648200181,0.48342301037329055,0.5596217654211828,0.5245417649386651,0.5296695720853518,0.5868192357080788,0.6034871999961585,0.5410565083182876,0.5510531889015795,0.5003992384917497,0.49489589470252365,0.700974107723172,0.48820002127282996,0.46009675247395626,0.4774607570404236,0.6316710437336384,0.3895643005369454,0.433085810580837,0.465500704338968,0.5030701032466628,0.4829870823122295,0.44116630429431536,0.4048717510413976,0.47884404564555116,0.3549024147061836,0.6300409979016222,0.5302881469382511,0.44899721769919787,0.5253950771610578,0.47726384804160044,0.4098466686291179,0.427058300321433,0.6116527810456533,0.5622493348700628,0.6175765684617167,0.547976347406102,0.6231528628519917,0.5272991114932195,0.34907996835508875,0.4239062107046971,0.5534843435402464,0.6252581769037181,0.5282511452179963,0.5690244457000726,0.4764223031787582,0.6179194797154955,0.3484082120806084,0.5192669916684738,0.4161685722320093,0.3792359298707038,0.5114071909973048,0.5756607725220436,0.5499330149949043,0.5381334284272934,0.6286037453427255,0.4041818931675885,0.495930352717689,0.46376637896466205,0.5135131780942066,0.45754788458172624,0.49083032156647816,0.44951131676097167,0.473483377415262,0.5669987259304163,0.5385810079723016,0.4688423980900843,0.5342948950546914,0.5544189613209654,0.43200724655653516,0.38386149641386486,0.3714011689527819,0.5204394254220357,0.48970130047337135,0.4934409418081818,0.4188002929111794,0.44356887811167534,0.4920559348461608,0.45764860984555783,0.47737583815967766,0.5204837884846043,0.4831114621658899,0.44116244092429796,0.594485699033859,0.48635671843417777,0.6557207266687242
0.3469815862678837,0.5205852878587118,0.5712949030385285,0.3784865122652134,0.39043549886669215,0.4796315750184239,0.3929804078913394,0.4485719576689696,0.33579454918749285,0.0,0.47466695052559105,0.5513497151507349,0.42477985174584365,0.3566289656697926,0.40508784344230053,0.4880101903313998,0.4139139257042463,0.35687538897362386,0.4484952231532269,0.4036137735564057,0.428538512551378,0.4834521358969752,0.3848082555876959,0.40053545359694054,0.5395296707466506,0.32924731285367187,0.3754895254345637,0.37070839989352705,0.5917688815114928,0.3741088993701746,0.42306843182648574,0.4781776467566527,0.40513477585231633,0.3675543212314239,0.37478689794844616,0.43822409020330705,0.4132740161769318,0.3878962278533696,0.4558726146614171,0.37381470673081535,0.4094710474833609,0.3812630332793059,0.41989052465997956,0.4208661280392046,0.4247805288416173,0.35498056957332264,0.38187432511800196,0.529149366306175,0.4147265639760585,0.3804332395791487,0.37336318690707804,0.33751258205889717,0.35517398750333046,0.46806279776868287,0.5407252063654509,0.3628990011679352,0.35274252553200225,0.4584858204755391,0.4309557371668754,0.3628481328373967,0.44462625468290323,0.3204850069567919,0.3711122746533776,0.4088115355397323,0.33149547164380444,0.3379675181926642,0.35176146386354573,0.3751156294975779,0.40916082198461107,0.4153696597168061,0.34059596895662436,0.3551380496050748,0.32794778338403574,0.4050905734029916,0.41534081771383524,0.34488997562731016,0.3999426015904375,0.4387803876903683,0.3396577085153427,0.3261977615551856,0.4069423168877273,0.3274205556394476,0.433384995583674,0.40069390449864645,0.33661079397272137,0.3815662108338822,0.39268977656331444,0.36205996514484456,0.37763622572476735,0.33982545687101223,0.34389351197756013,0.3663655639692334,0.47723751400505027,0.32921865904615,0.3364268255366123,0.5374232056736679,0.37065568213682715,0.40830924529678725,0.31014959957383703,0.3443631302751161,0.3831507691432399,0.44209857951077114,0.3425494352901353,0.5770344724884916,0.35051741596813496,0.365003796353182,0.41722265113316015,0.45957070742992967,0.39162811424870725,0.4838106617832923,0.41785403719732256,0.33434235324299905,0.35617088032477107,0.3853820110940918,0.3313476093096524,0.3316065838041837,0.3903164110209857,0.5618271481776471,0.5078087832931969,0.31564482444725284,0.33939084732026226,0.34280274014742584,0.3454845519265521,0.3783312698056274,0.33241444349580485,0.5706083178678155,0.3160516366758873,0.41393126718455897,0.5383091554730771,0.38717964863181437,0.3925503655368559,0.40572960353968446,0.33108513764424274,0.3194840396084698,0.4667301656633566,0.37201676050099336,0.4401607910529633,0.3630900665467486,0.509019245412074,0.41218864719064424,0.4478429574689426,0.43604603680381554,0.3547898633894274,0.41986896554545017,0.4396937846881437,0.34941337016741214,0.3864877574818301,0.4524697245567876,0.6741941807546816,0.3577441209621939,0.34337945832897676,0.4578901982992073,0.3901124862372552,0.507027237416234,0.4682124085889627,0.3832433178324626,0.37412860372737694,0.4178403936764702,0.35711568589273074,0.33043122760136706,0.4190799755038882,0.3488022217994087,0.34990633117334463,0.32887732526522734
0.4797397331938837,0.5498760325611507,0.5022175067952825,0.4897794384543594,0.5516004740144609,0.5455568265758117,0.4684744606347769,0.5411330833087459,0.45255201932085093,0.47466695052559105,0.0,0.5274432147052288,0.5775714185228717,0.4511777642559373,0.47038435420012703,0.6779760484153443,0.6175781906239913,0.49616206791747897,0.567246492325739,0.555294495602203,0.521421332758124,0.6286964011643174,0.5090876958713901,0.4665761121346523,0.5835736249390042,0.383570118232373,0.5366380667808562,0.5581166918684082,0.42394454652179825,0.5510184541727963,0.4676644786977124,0.579416250403881,0.4674323305384602,0.42269890287639467,0.49213715029661875,0.4761377394547265,0.5013163303536052,0.5059135125289747,0.4735496494480411,0.47669950551144885,0.4603916477512282,0.5216119019114177,0.4956525103465947,0.47047721471981924,0.48052479624843436,0.421811080775969,0.4232291724190718,0.5220480042381981,0.5354284213429622,0.5013018172636198,0.4753742539419034,0.4154929014518083,0.4636353387170523,0.5123986550330217,0.523735557140993,0.4166109783499815,0.47451290801887275,0.6737262723078699,0.5272952359754528,0.46200148618182313,0.5320885226211169,0.3691099812119869,0.4884858449982849,0.46376354584144835,0.40421400769840693,0.40125593334846416,0.4151816717981003,0.43117242454981936,0.5428934280282485,0.5771388042265079,0.4105180402082558,0.4287597105125059,0.429821097263822,0.5381774538858642,0.6018688332283698,0.3995787059960834,0.5088273391519263,0.5022439217045204,0.39292105939903205,0.37665734441746535,0.44338290571099337,0.40723904132607447,0.5255614649556078,0.4786992799543862,0.4208872975985291,0.4735251138907787,0.4889020677990965,0.4562630545675541,0.4567107617308368,0.38918636311386134,0.47509272489893295,0.41581377429607597,0.6355560495604012,0.41241709024533824,0.4284404696477775,0.46453386092548193,0.410129689703536,0.43167951178127323,0.36652410923212503,0.409520133248628,0.42740367935709156,0.47899869674074846,0.39128276831833886,0.43730861782606756,0.4496949371189636,0.434205493105831,0.47099626583512016,0.5917647753624897,0.4462558115837532,0.4913453105446399,0.49153861415892575,0.41676434910412136,0.43910359658980413,0.5210556623923304,0.4099545667785053,0.4480231921880466,0.4797658577608332,0.5288371985572082,0.5317585828267086,0.3865005772590678,0.4404759404801093,0.4052889895709068,0.4237006080464897,0.4503365957629964,0.41103090049539687,0.45875346507435055,0.38340564686300904,0.44711832868727486,0.47600188699262225,0.44321633738219046,0.5032931593485214,0.5208630002105067,0.4244753579842246,0.40964074031819375,0.4838107814355449,0.4264815765374417,0.49333839444518657,0.43499788466731265,0.5942570346573293,0.4917753691100265,0.4807527101529164,0.5094096208410887,0.4521772266135197,0.512635446411851,0.477850570786969,0.4152724021582061,0.47098374405355875,0.4669287461800879,0.5173899419656544,0.38598893589874356,0.4327051805313098,0.5399284919805092,0.6164935664900686,0.48299673927202436,0.48960610503234886,0.4471341611801261,0.5212090157056419,0.47707056712733376,0.45069547411181443,0.42436476194506967,0.42435339982988995,0.4346531319005923,0.3868578734513304,0.454091810397184
0.3985886387708617,0.6340100134982856,0.4980306167568502,0.4545032321278234,0.43251181281152584,0.5835793149607211,0.4689256732047363,0.5313304126732804,0.3746494649868932,0.5513497151507349,0.5274432147052288,0.0,0.48605453701695295,0.3886608713124619,0.4926909511833334,0.5395207264178797,0.4657539394500564,0.39007605726339695,0.6077453875566774,0.48306269843959354,0.5188268550291246,0.5075205589111931,0.4391364596313476,0.502723815744906,0.6114006126475272,0.3728724748214692,0.39879240575140906,0.4190434663403943,0.48447281568256817,0.40899782558564185,0.5381315721592536,0.5758801941870171,0.4981334608048888,0.46332631958250114,0.43639437963568106,0.514623225750571,0.48379197721795636,0.4279756261672129,0.644404818403433,0.43478254242072467,0.49138444568539785,0.4118934676710726,0.4874596766870887,0.5206989108988639,0.5227350333324445,0.4210977967017725,0.42297937905732996,0.6322546602832979,0.48629277828767453,0.44828796626478556,0.45437066395779996,0.39409485886102064,0.4175675539431221,0.6264914689533462,0.6905042563262536,0.40728098363618004,0.42335167085918335,0.5242376909147415,0.4822141363943363,0.4396761345491694,0.5612984041623597,0.36188040079474776,0.42836972182783206,0.4331043241333445,0.38525962619773185,0.3970180521972362,0.4095192961820708,0.4107850335191587,0.3965806666609517,0.45222876098114834,0.391981286177198,0.4029403760644702,0.3645974040177843,0.48078429258846184,0.4579691582603917,0.4030913800756795,0.48795855804928046,0.5039457176481891,0.39553344761540404,0.3754161023143493,0.45148429097010084,0.38179581695593057,0.5015261910014714,0.44116457541145543,0.3878507517105061,0.43789299818094407,0.4563573420366974,0.4121917033885978,0.4433051161549835,0.3983316633954458,0.38203256640432004,0.4381493870302547,0.5812161645882702,0.4014170162895956,0.37866652678310575,0.5727702561377374,0.4501365773472983,0.4697841730278345,0.34444147310934814,0.40678392357076465,0.45441003350832576,0.5300271598516597,0.38882058421934873,0.5356949417615701,0.4042223152314138,0.42162546660633127,0.5123019004664758,0.4877328161168033,0.45896007023827445,0.6072783336596362,0.5517386142897569,0.3813908400273385,0.4092924754027197,0.4179190865631087,0.3850480760975081,0.37693933050586614,0.4618291488279226,0.5489093564828642,0.5480972058246852,0.34144858294063585,0.39031748615940975,0.38474713309343067,0.4001760499190756,0.46073709103243327,0.3759132773176414,0.6541280888611656,0.3576519950255065,0.5144933244859304,0.5897203906365164,0.4286384578367877,0.4103959719599228,0.45374677667294183,0.379975218750201,0.3713696678496646,0.5810688796335082,0.42606690224711635,0.5299930563631774,0.4223957035975809,0.5468316154718764,0.49989889884542665,0.5022477616010764,0.4801423875305441,0.4218715458262582,0.4702136786144721,0.5122896471863455,0.39353328997366105,0.4573784195031803,0.5158683494977244,0.5929894255598637,0.36729909046724385,0.4178616611051059,0.5286172480843173,0.45109842572289344,0.5271409270251312,0.552755373755966,0.4489726576809853,0.44639787949852117,0.494078573591925,0.41592431303440974,0.3819562266043872,0.4353142790380104,0.39983231583888845,0.3833854228701021,0.37666229251175176
