0,1,2,3,4,5,6,7,8,9,10,11,12,13,14,15,16,17,18,19,20,21,22,23,24,25,26,27,28,29,30,31,32,33,34,35,36,37,38,39,40,41,42,43,44,45,46,47,48,49,50,51,52,53,54,55,56,57,58,59,60,61,62,63,64,65,66,67,68,69,70,71,72,73,74,75,76,77,78,79,80,81,82,83,84,85,86,87,88,89,90,91,92,93,94,95,96,97,98,99,100,101,102,103,104,105,106,107,108,109,110,111,112,113,114,115,116,117,118,119,120,121,122,123,124,125,126,127,128,129,130,131,132,133,134,135,136,137,138,139,140,141,142,143,144,145,146,147,148,149,150,151,152,153,154,155,156,157,158,159,160,161,162,163
0.0,0.9533411256973106,0.7353229099782886,0.9474763446178166,0.9557418688469548,0.9522064892964172,0.8816579308084872,0.9697514818939676,0.871673642486123,0.9691343236628162,0.9560134352833629,0.9563203518361688,0.9964981537905894,0.8758731264751752,0.9272580463379462,0.9861359088795206,0.9801906500437283,0.9956214743744196,0.9639078657462686,0.9487318345405986,0.9550752441163393,0.8869028949382296,0.9730498430282347,0.982047649386719,0.9882317264057018,0.799879203309232,0.9552991473095781,0.9791530738828707,0.9277186393870254,0.9306950530050355,0.9609401719838837,0.969585605472721,0.9217542029019996,0.9673653187175941,0.9816815056495586,0.8737091988762529,0.980581267838027,0.8724500733810447,0.8729734528407033,0.9932005924390561,0.8209487523282384,0.9444115377589843,0.9627508511159925,0.9915591339906126,0.9532674754254832,0.9882817505199727,0.7583451387646104,0.9820442175280633,0.970986475320978,0.947639940177828,0.961235954382954,0.7980332286258452,0.8404160074707625,0.9497046637599915,0.9368610301696565,0.8518767554073131,0.9933496687996315,0.975557651941337,0.9538595134638401,0.9920018932736085,0.9350713351454581,0.729527680518832,0.8504126659823773,0.7128143755991758,0.925837760665855,0.9714646305152966,0.9040784492561816,0.7687271466280471,0.8297321210696634,0.9909489232559897,0.8300589893091074,0.9938802514064087,0.8586308165893075,0.9826990137530739,0.9738586822266396,0.9568303699095438,0.900401602831033,0.933094016394738,0.8170654101366889,0.9071469225850132,0.7009773754749158,0.8666221209292505,0.8698067269111409,0.7691725095163319,0.9488099211855343,0.764783227389949,0.9842763229656775,0.9383201557882492,0.9896292798110954,0.9175869826983449,0.9726550118383295,0.8872965573681217,0.949510573111418,0.9663382546385588,0.8601971952060227,0.9306411927115472,0.6277294444309393,0.733014526638549,0.7184004597962831,0.9887647099160327,0.8998904703665943,0.9643398973529487,0.8813627433421467,0.7998975157598274,0.9401027083262901,0.866293799791194,0.9836386024592508,0.8725951514198765,0.9868420966715964,0.9868382818099863,0.9585960880035027,0.8645302865317864,0.9075162391299336,0.9349383615087178,0.9378533848821651,0.9748682160939492,0.9855438965229478,0.9624016892187042,0.8170462427249428,0.7745209986777151,0.9873438837370219,0.9139713747581885,0.8322581896481597,0.931588281239584,0.9350120268894713,0.9570500742583664,0.7588657900158983,0.9682675882413008,0.8574262797853558,0.8609326504951323,0.9404874761674658,0.8427075248692701,0.911265769581618,0.8979086411406259,0.9625591435036606,0.7879224105346248,0.941207763184877,0.9745303979931161,0.88573979712375,0.9532184872685843,0.8730848360129213,0.9507738838070946,0.9004116356809944,0.6085530804892726,0.9713647355896619,0.8453244057932489,0.7351455414974969,0.8649484890135066,0.8735466984098419,0.6752710079408643,0.9794448270004475,0.8774307185277641,0.9766168424612284,0.8398773805834329,0.9266940400013537,0.9781673534645842,0.9176985710026355,0.9906001273855101,0.90128670361182,0.9155062763328387,0.7334756597864037,0.9870733459737534,0.9165865252017924,0.9682386274644375
0.9533411256973106,0.0,0.6476708049741876,0.9690906474412802,0.9288776690794142,0.9907235370744325,0.9431079832374496,0.8893036051039643,0.957646370651024,0.9859517044647451,0.9555346207983216,0.9344952819243457,0.9612534665926,0.8879111748995866,0.9904961863745474,0.9179565756484345,0.8931227239706881,0.9383718612763322,0.956027190216742,0.844137213156222,0.8492407562709839,0.9393761871947333,0.9292990795195527,0.925310045356019,0.9319274004116376,0.6760873803926598,0.9549902125667278,0.9376691529667043,0.9866338238633604,0.9641379726756252,0.9863304749124547,0.9833537770233742,0.9855723007189536,0.8884009572411705,0.8936636734599356,0.7646314145412242,0.9647549033346939,0.7566577800423591,0.9390001436796656,0.9461809201018961,0.7183101867793319,0.891038431637752,0.8618771152362156,0.9346142024405011,0.845446847390024,0.9165751298014686,0.6630798547611184,0.909378083946767,0.962059520012716,0.855233072952873,0.9804403866969897,0.6825814602803475,0.928543646967113,0.9837932210796523,0.9724827833307571,0.800116187075028,0.95386277890789,0.9147752349290947,0.9370740062868483,0.9775674886201244,0.992226110178987,0.737864972942385,0.7496774869454338,0.6073507785341938,0.9282090923927563,0.9004531098330932,0.9198226686353896,0.7840349027092468,0.7205278433408374,0.9584690826154709,0.7905087539362338,0.9309742125020777,0.7614155215618977,0.9611963249179122,0.9194565200204043,0.9927867875477636,0.9504591959109943,0.958203815569409,0.7038719937362752,0.9676955599295796,0.6587063702636584,0.8875854721876231,0.9668320677861232,0.6674755701323329,0.8362885494554229,0.6551148002214792,0.9414022503479004,0.956537970776206,0.9765821806947806,0.9588564087656977,0.9025478399664449,0.9228843711027217,0.9903879007650859,0.9869766773131013,0.8808315248744203,0.9768801709817218,0.6486162545439628,0.6197115116321978,0.6508761693168832,0.9432853711773319,0.96739816331508,0.970308618396325,0.7675890324593264,0.6872554972945892,0.8470645462278404,0.7449333632608729,0.9037087403813914,0.7524208394607294,0.9262154391104932,0.9248771482926422,0.9530217849140044,0.7391735849189992,0.8838002293611299,0.9522026220611627,0.8383531987312048,0.8886920341765508,0.9253717753346102,0.9713558011770824,0.699446722136312,0.6865931896048276,0.9090726506965282,0.8467418723148938,0.706488802136986,0.9852000278948515,0.9663887147504155,0.9847789998168788,0.7249764547210452,0.9640908974940284,0.736121970203337,0.779624590217589,0.862189609137987,0.7517567289930319,0.9580910360127066,0.9411390858165058,0.8692237679944135,0.8030678207697701,0.8544307238306659,0.8798502742467492,0.7635232996467269,0.9704782791502663,0.9420855776857948,0.9460321053347244,0.9612790145140739,0.5991893769278056,0.8892157423247852,0.7261156595586246,0.6825364653801708,0.9615327408556095,0.7552447277001237,0.5758413866866605,0.9460798316630543,0.9673156259249223,0.9545257543181012,0.7632376671294913,0.8202442506975607,0.984524032228465,0.9640416651905682,0.9603541613058231,0.969833463258364,0.9666239826115346,0.6834171700622237,0.9694765365128692,0.8355236830840026,0.9457338327102436
0.7353229099782886,0.6476708049741876,0.0,0.6336257946436241,0.706789693840825,0.6789389344311187,0.5807240287094482,0.7826398560183361,0.5932420703052886,0.6866672607058548,0.635788770630497,0.6454523223770873,0.7338879657781626,0.7218203804982297,0.6175980248222975,0.737080731340118,0.7739165530823187,0.7668554745700679,0.6405689194811919,0.8004703240110286,0.8265806603864754,0.6717831157502783,0.6759435987412888,0.7035449670323648,0.7188239406229845,0.9042400982415116,0.6340252926843241,0.6793720156608845,0.6072833473646398,0.5941984547936127,0.6330633170086452,0.6640763871506301,0.6426607148261118,0.7197732122022393,0.7934799054472114,0.9233101755274838,0.6800188621169557,0.8606001768899079,0.5494260997065331,0.7233460811423991,0.8690402796515623,0.7628678514864768,0.8295545587433819,0.7500704302807987,0.8249595449603844,0.7714734925057493,0.9797469609759945,0.7620591599255773,0.6557333160798279,0.8700252852652491,0.6637764330131254,0.9290633268648298,0.604749099175528,0.6542045092438215,0.6181552729936096,0.8774793889730987,0.7017749330871113,0.7125398383915532,0.7399262072438555,0.6915299118038963,0.6211878015893261,0.7508760273391594,0.9201610419889692,0.9485628676522823,0.7466831771750595,0.8113198002833203,0.6573834088255174,0.7326886350602546,0.9658000892191057,0.7053811428740903,0.8577305272437526,0.7764477948764579,0.8870816434190383,0.7132651798625088,0.7605528107505025,0.6317948043470822,0.5918904944139045,0.6238051149052076,0.8365016873298889,0.5728721579167185,0.8299567293851233,0.7065414131325468,0.5628640708403457,0.8695441696132892,0.8258878770736816,0.8693324232398167,0.7096210341903543,0.6801069407663752,0.6836011228239997,0.5963549805964938,0.7808595795107082,0.6572296942014724,0.6253339120942811,0.6377106319064885,0.6945795210209363,0.6726519480655183,0.6892409327536138,0.9123192658936391,0.8706185007269586,0.751788098220098,0.5758269341167317,0.6587793462631204,0.8833057308414699,0.8900259457605267,0.8765689531602052,0.8917206936940472,0.8017755711310494,0.8208772077749856,0.7905712582550711,0.7326189899298243,0.6477314368111559,0.8814261019424461,0.7677811089928837,0.6087386033086556,0.8257734499065875,0.7609393480316227,0.7377799010890146,0.6411696794541236,0.9449662988448937,0.9246495423239623,0.7672444974852218,0.8562945367176267,0.8738980963342574,0.6003810305263694,0.679702087746193,0.6307351623191477,0.8068461087408837,0.6663124727613065,0.8834789962421711,0.9273952580855253,0.8181366420495387,0.9467757103568041,0.5751832457266371,0.5818980891835804,0.7881336529448197,0.739201756557251,0.7493776595539826,0.8098890777388924,0.8402559600694868,0.62011514998882,0.6472196234971754,0.7135280597622032,0.6123566065815532,0.7228827756255679,0.7592821808618354,0.903844625006041,0.9075398260190335,0.5746289902649185,0.8730260569969742,0.8200035019996492,0.6707207118091444,0.5731421773896352,0.665745387886899,0.9080231908834137,0.7865177305125076,0.6674651088389791,0.5815203234158501,0.694626628522171,0.5823187002716719,0.5939051693976047,0.8858574068867636,0.6785753253419969,0.8931531940144745,0.6513108298789404
0.9474763446178166,0.9690906474412802,0.6336257946436241,0.0,0.9695715194300194,0.9458201091984181,0.9797502659419064,0.8710233956236422,0.9243723966434431,0.9812587766883915,0.9846866621915644,0.9578547112166207,0.9601046256899466,0.8921387463529625,0.9723495340206852,0.9263979683980088,0.8956939322937594,0.9205323333460379,0.9563684448477132,0.8376195117403357,0.8526814901349291,0.9288839594364178,0.9593018511101508,0.938517793727466,0.9446001251881262,0.6948405971069963,0.9886612962499932,0.9489585644822812,0.9786411423514926,0.9715313639042332,0.9829801016740761,0.9936344659560934,0.9439450853325253,0.9159020030844015,0.9009868547288897,0.775535379920527,0.9882971296295122,0.741901972898291,0.9565062723569571,0.9636897124363761,0.6847908726593693,0.9309516055786702,0.855846571864223,0.946090029602377,0.8555739741230194,0.8989039196987465,0.6455673777985608,0.9279231073748778,0.9900004981509759,0.8445868017375706,0.9905904635087156,0.668371538395558,0.8550854290059314,0.9905681171464326,0.9976943955065662,0.7856553016364124,0.9479555367475937,0.9282626353752917,0.9473773819247571,0.9758033928731552,0.979566347413774,0.7061728207959409,0.715594986642238,0.617364565917927,0.8829752913054835,0.8702497043206099,0.9667186064280442,0.7684141204286362,0.7173140416046413,0.9498563788388364,0.7618127164577054,0.9231960652437031,0.7907827091248371,0.9780512047950755,0.8793802449164813,0.9733961131411498,0.9897836055255996,0.9974660584703585,0.6867335535171584,0.957251638718331,0.5949162580615487,0.8847333913337505,0.9358664340534021,0.6386848771591377,0.8488135761656629,0.6382608336801612,0.9679767837132278,0.9706432984519162,0.9641493916603362,0.9874971842518198,0.9290671868752565,0.9457707272675382,0.990937307028575,0.9718211652846326,0.8939048030340268,0.9612859938207854,0.58346721049461,0.6219337836399984,0.6741511632135028,0.9507280237707105,0.9799527948518606,0.996162944336435,0.7960142416523276,0.673056327295034,0.8281466015746197,0.7365563174820362,0.893853847184345,0.7571863559850467,0.905913236870816,0.9422253741067638,0.9923182414320859,0.7619336382439735,0.8982985737068556,0.981298323374423,0.8111254805052898,0.8828926085460626,0.9033593108168472,0.9932965438880617,0.7076189154021179,0.7035877805513665,0.9206542243612086,0.8189111552006998,0.7129821620375493,0.9811425231979124,0.9405956281178032,0.9713204974967786,0.7399303258500052,0.9925386346011459,0.7355710041483751,0.7471927271895932,0.8219573179613113,0.7179674449842071,0.9711857314952846,0.9625614178110176,0.8767236650398098,0.7217015438841915,0.8359297330474571,0.8855590957994725,0.771628483354669,0.9671760052422868,0.8634815028452308,0.96830835231182,0.9749997782858766,0.6135857151728442,0.9150020207674399,0.7517481975485341,0.6408957312444397,0.9051547999852865,0.7484789065513943,0.575515625664963,0.9615804698994136,0.9143189482263512,0.9741987742756163,0.7727246049772801,0.8215100626777518,0.9867111699927693,0.9771420015139054,0.9637355116659483,0.9809347772622735,0.9916395545202932,0.6285762386177585,0.9538999919428847,0.7994240442479338,0.9692238307407909
0.9557418688469548,0.9288776690794142,0.706789693840825,0.9695715194300194,0.0,0.9153732026985792,0.9304288165643266,0.891124109543312,0.8739927195712874,0.9663512177778315,0.958039968686938,0.9357338935659582,0.9670652899672253,0.9180026334782015,0.9222582761485855,0.9418431489923929,0.9246028611004343,0.9377476875590907,0.9206512072772107,0.8736853050012768,0.9022686641893959,0.9278203549931204,0.9543878639882347,0.9417771303960083,0.9526470954613099,0.7707379209185937,0.9609936136539865,0.9368273394229385,0.9251177298247905,0.9145754571414922,0.940486399199206,0.9706642124385895,0.9016526172769808,0.9329118056682417,0.9436199343704436,0.8583308325454069,0.9798079517200924,0.7925052557139227,0.8833346356687141,0.975646921340304,0.7270025461715434,0.9850174100276642,0.9002982015219679,0.9718903255891377,0.9058589804026767,0.9150209827536475,0.713428639280747,0.9617794842968297,0.9710036081516923,0.9027749449972592,0.9697582563873399,0.7284262250079769,0.8017845589187956,0.9653632556535565,0.9576374989806439,0.849334228944585,0.939624232930133,0.937167024990353,0.9703846713514568,0.9622274570284609,0.9257082305723838,0.7338552516735223,0.7663336808161894,0.6960682160216402,0.8902773897754332,0.8957295852973325,0.9670286209246777,0.7985472625933728,0.795765962661815,0.9413290645057638,0.8134228269691703,0.9499764683499088,0.8776668198993751,0.9843155164572577,0.8854413429812062,0.9233133556581663,0.942524748602016,0.9695316322747064,0.7269983804269875,0.8830283236369472,0.6172667233286048,0.9028407768166022,0.8596169043065143,0.6794265603405701,0.9019014670473139,0.6863741713344954,0.9751261395559886,0.9655462773152116,0.9407918653917258,0.9400991223438103,0.9782205710537851,0.9432353747995957,0.9465269413383339,0.926204124029676,0.9143229987187631,0.9460578145853822,0.5876633474819722,0.6864056639120021,0.761535320589031,0.969401534056924,0.9153391460405349,0.9744588672867599,0.8767899936967486,0.7269443429043972,0.8816939372510794,0.7935924960808377,0.9239926433784635,0.8062983711583092,0.9301624503663404,0.9600762115254116,0.9743841757489883,0.8397439876722882,0.9384707877446979,0.9394031441911632,0.8435801721463323,0.9035476127131912,0.9054151568299065,0.9644006196644823,0.7864051973801006,0.7925418217306912,0.9579525424328739,0.8585716417714958,0.7758702972031525,0.9207194686908671,0.9352194818119136,0.9235620884291218,0.8039226274618461,0.9793064534720736,0.7962793436089335,0.8063502539876534,0.8514591941940877,0.7764904033941922,0.9035961981451832,0.920904183547297,0.9168154515861712,0.7272094537770516,0.8497794031040903,0.9325718248622293,0.8278065834260214,0.9188988116318463,0.8219491261727873,0.9868059473472327,0.9358472880162221,0.6701356926432158,0.9524860833411697,0.8356345591854198,0.7006368543943503,0.8292212079698091,0.8045627770450212,0.6252737587542652,0.9466329708742535,0.8383256612365446,0.9603438689719603,0.8544070922723758,0.8567127541835885,0.9623720832953877,0.9129738065836804,0.9534308728305362,0.9205790757072692,0.9379155435593556,0.663323972171237,0.9324079692249696,0.8502951560373293,0.9518809790080286
0.9522064892964172,0.9907235370744325,0.6789389344311187,0.9458201091984181,0.9153732026985792,0.0,0.9134328699380161,0.8972542905330322,0.9512506655763447,0.9797945031694479,0.9255913815083436,0.9045138231016502,0.9621977065725968,0.9051546255084012,0.9770196046723202,0.9098202835360762,0.8923942541069547,0.9465399188334218,0.9306422733508859,0.8475246210821905,0.8554425564340803,0.9457916076486425,0.9053663465750529,0.9084033764799883,0.9189999096392917,0.6878635107405799,0.9254301776988778,0.9181995657762122,0.959934338590737,0.9310640754202437,0.9637926309873203,0.9700817027072378,0.9896956319024002,0.8724512824616469,0.8947660433717127,0.7824961952613736,0.9482570088778612,0.7699831440521991,0.8972714222621414,0.9374255838409732,0.738596404244097,0.8898643671009847,0.8727600203495269,0.9296679338591731,0.850811774225603,0.9238806110158738,0.6950960917055604,0.9034593863019935,0.9375774608065144,0.8770472774873612,0.9706544480150617,0.7050494421667911,0.944026414655145,0.9715560438263919,0.9449665861971451,0.836235328142652,0.9439410060037071,0.9004783048152109,0.9441255888906686,0.9686649534456895,0.9797505827707805,0.7807104735893389,0.7821473647835211,0.6238219823927168,0.9568147667131641,0.9221669769579467,0.9093623749195912,0.8186380264650633,0.7470260996308153,0.9520626701696163,0.8330461770086025,0.9371347448834748,0.7785411398345304,0.9567856100248745,0.9311234207638714,0.9784654737731839,0.9215195850675121,0.930259363903738,0.7166901947669335,0.938100006748315,0.7006912290386941,0.9069327482683435,0.9470506059889157,0.6888454916040933,0.8414009285907564,0.6709692832873153,0.9299922652075185,0.9553839177609821,0.9681152699382796,0.9272748151236536,0.9049907843302116,0.9197134773233717,0.9689815291781759,0.9701253177093666,0.8935597158619065,0.9744594738221818,0.6931244236658437,0.6341140055007817,0.6705321455364596,0.9476084229268318,0.9350622412320342,0.9528707569231498,0.7794227568909595,0.7020899867561156,0.8730132493391626,0.7621703780822774,0.914843828925223,0.7552027928822617,0.9406262799799223,0.9135323311386366,0.9259669122058466,0.7472996166973236,0.9027885029081619,0.9188609052278779,0.8547635659077831,0.8880916570019771,0.9253895233630168,0.9447557442556039,0.7175166754680565,0.7109516894252089,0.9054528385892696,0.8849062771903174,0.7156908243951986,0.9609095044082183,0.9685090848882087,0.9632112964755328,0.7530961348089383,0.9448429099638513,0.7475537235579703,0.8172002615896532,0.8810581657821168,0.789229490242835,0.9232695871960267,0.9056181432949266,0.8663965213233171,0.8472616439252568,0.8526406186795202,0.8844844285373318,0.767744834152829,0.9434013733225919,0.9644226821803549,0.9435899909320187,0.9467305973009464,0.6194688341894062,0.8797867349581425,0.7384333210293316,0.7196419378159193,0.9551916613989032,0.7665789010149978,0.5833559991332375,0.9245030369193833,0.9533634310024798,0.9308040294570106,0.789268632862627,0.8188956227570278,0.9715456686522328,0.9293565203272091,0.9483576454705754,0.9418952462303417,0.9385940713626502,0.7283789312932067,0.956726744194818,0.8669016826703652,0.9184446330590591
0.8816579308084872,0.9431079832374496,0.5807240287094482,0.9797502659419064,0.9304288165643266,0.9134328699380161,0.0,0.7885709901711033,0.9333941456011281,0.947321662844294,0.9440877950913691,0.9031019581364657,0.9005137953687892,0.8849050608098769,0.9663341148207216,0.8506323739373093,0.8154270684607343,0.8504629432973452,0.9032223758845115,0.7539582325418749,0.770872962260123,0.9296706781374198,0.8986957330415457,0.8687150768757894,0.8745123370201014,0.6267576434966629,0.9510240729024175,0.88345615311374,0.9644150954786348,0.9448774832763007,0.9494798308140444,0.9624493464656038,0.93301309196468,0.8414921640959839,0.8245954627256542,0.7070806881076813,0.9420436485486107,0.6619557973664063,0.9594804475733583,0.9029984505614226,0.6132681761890072,0.8821708042500618,0.7750874658658226,0.8804129728207627,0.7744865165005761,0.822974806190311,0.5911990106004001,0.8556375068870996,0.9482693117344484,0.7726590328331838,0.9667074973751211,0.6000463355983421,0.8603164487118934,0.9726932504276969,0.983363509077566,0.7447539163278627,0.8817856692409201,0.8539575620497758,0.9131384939312517,0.924334058683958,0.9659999882033847,0.7017784904416439,0.6454743999370665,0.563192079089153,0.8498093544164632,0.7986230194801979,0.9648536637564888,0.770593788552872,0.6519749785988411,0.8830372497184038,0.7256228656700775,0.8546298154015304,0.7347940488310385,0.9320370433227538,0.8036340140890886,0.945728632819967,0.9972193523453672,0.9840353340277636,0.6127092654524933,0.9464054468337348,0.552461357796236,0.8819664600674599,0.9481989742629973,0.5716424120643137,0.7677605056022682,0.5704954256507156,0.9065475023165744,0.9561070466853656,0.9091037398102967,0.9777495652916287,0.8665520757360711,0.9543254666084567,0.9712177002295176,0.9341985259732489,0.8973368766474715,0.9450087882017882,0.5742496089465428,0.5600390437011761,0.6450800839022532,0.8936185451992199,0.9858972297462943,0.9627126693357522,0.7286157718453751,0.6017115233379945,0.7551824981657643,0.6593010546375511,0.8174346454397257,0.6765687636065183,0.8377963279812715,0.8728059459943637,0.9567694918652563,0.688085857667854,0.870096418039138,0.9502509147963875,0.7304951423701229,0.8014750989191918,0.8284169993017655,0.9585356790213396,0.6400574224700892,0.6559682547028811,0.8472618855649847,0.7524970312258078,0.6382041063890875,0.968597327913147,0.9224957570554191,0.9340210340699908,0.724970942834911,0.9533304910558131,0.6581400647335486,0.6874311914797535,0.7432021431714457,0.6509440221585333,0.9566052911673943,0.9520732346755154,0.7957836073108189,0.6976033938509415,0.7544694507660105,0.8085912846621426,0.6907697800582822,0.9268861677362541,0.8505741986541837,0.9383997971078322,0.9878246059895888,0.6187141231003211,0.8405855528850027,0.68491120736115,0.5963649838308976,0.909871503119035,0.6692400490674288,0.5179454746169475,0.9012091490123368,0.9129119456810988,0.9198485778149492,0.7251719767183613,0.737826600223111,0.9459960433530342,0.9633122872170091,0.9023587369201266,0.9904671010258783,0.99223993282084,0.5859438675216023,0.895627387331702,0.7299689741105219,0.9162021775161279
0.9697514818939676,0.8893036051039643,0.7826398560183361,0.8710233956236422,0.891124109543312,0.8972542905330322,0.7885709901711033,0.0,0.7925995767059008,0.904913036816319,0.9025424228868288,0.9255575795745967,0.9562345907233888,0.7976410531149704,0.848028097782366,0.9812787064355564,0.98881264039709,0.977650174107905,0.9310806170823922,0.9876609325632738,0.981212499320068,0.8070178813674526,0.9401113392209856,0.9665046593376588,0.9701928050245555,0.8539624573113496,0.8963643361068836,0.9565111366478949,0.8596370995250352,0.872671043749364,0.9023162969886676,0.8991429707386369,0.850072739401186,0.9630268500304758,0.9775225427937352,0.8975751040076003,0.9242821723524615,0.9458304062185082,0.8050182765201013,0.9521791524477884,0.9037350534230753,0.8935135274800291,0.9856471557880315,0.9625602948395544,0.9762233118450291,0.9896206664449619,0.8005092011038029,0.9692987031034108,0.911609466710592,0.9527729269465731,0.8837295309164043,0.8694788163610674,0.7740351079760004,0.8725174021777924,0.8605512161436693,0.8261743634726979,0.9690494357400761,0.9719353394634245,0.8853404468591987,0.9417788929895748,0.8625247767413122,0.6872143718816465,0.9092151382618189,0.7624255747679174,0.8718859092541025,0.9726655763380676,0.8163166685740327,0.7098109404095415,0.8675386437544267,0.970809487524572,0.806643611408965,0.9709930469702871,0.8491375555288047,0.9231366697487,0.9878932843637812,0.8914164929540531,0.8130658354824555,0.8539370463214091,0.9035084987622436,0.8413308568471983,0.7482225576258243,0.7885499606794393,0.7941581571340992,0.8598603720342334,0.971023455932483,0.8544652446760328,0.949533748722068,0.8541797766338611,0.9492092075253497,0.8448792864850435,0.9368105985467039,0.795683005012355,0.8759812681468456,0.9101707668781307,0.7753943848371246,0.8623857606159366,0.6241782572929219,0.8058000482707927,0.7021265077334079,0.9438250331328276,0.8180152891137604,0.8989376477511648,0.8924051531727075,0.8846314759117141,0.9541639178281884,0.9312463139267293,0.9859861297971576,0.9388844545026579,0.9701787897811547,0.966759981004759,0.8949021024081857,0.9028284304400858,0.8431963673390956,0.8774437904989086,0.9817697172882761,0.991888480229191,0.9872938292427205,0.899859273294273,0.8652444903561618,0.7777943884165189,0.9726024017351753,0.9290964939061938,0.8987927475169751,0.858083612217746,0.8572676463926737,0.907631911831071,0.7147026828845451,0.9084913289528663,0.9246019132008342,0.880433048542049,0.9788285684414739,0.893592718504258,0.8464705624874216,0.8284502311814947,0.9834737281677086,0.7685942151061574,0.9838046341518417,0.9763344924906089,0.9444753901005906,0.906918530733243,0.8204917419012951,0.8792580886663307,0.8060740918040807,0.5766656645858491,0.965685781799183,0.870871364216792,0.769065505699566,0.7985478255471599,0.9412954234277636,0.7596263809985805,0.9478009658079711,0.8131141115575339,0.934601590533908,0.827403871646707,0.9765167317957184,0.9200039120502594,0.849500429411899,0.9586717477968502,0.8135389647559979,0.830047928102391,0.7647281203236004,0.9529608342891432,0.9409788895654033,0.9264485624582605
0.871673642486123,0.957646370651024,0.5932420703052886,0.9243723966434431,0.8739927195712874,0.9512506655763447,0.9333941456011281,0.7925995767059008,0.0,0.9267889670191735,0.8891476326983492,0.8486675967711004,0.883713308796999,0.8841076932577765,0.9729065814396317,0.8202851489117786,0.7931801408720344,0.8554389995027786,0.8753868300570226,0.7430231130873892,0.7493326606851851,0.9484481982511954,0.8401399631087216,0.8279511487802069,0.8358724666212674,0.5985865629882305,0.8923611093425574,0.8470545563373273,0.9452384146401476,0.9148467683145683,0.9304211535570243,0.9285164737632694,0.9736489506703826,0.7871621989838606,0.801588330665417,0.686747966880541,0.8942872122793674,0.6683354814798376,0.9133294190682799,0.8616240278677972,0.6357466698246177,0.8306982495134109,0.7648044312677524,0.8463942686465351,0.7462653281709597,0.8207350234758969,0.6048975568868571,0.81430125681755,0.8912889968852502,0.7746470446554389,0.9371116352510753,0.6065037692522911,0.9536476549014277,0.9445652027355776,0.9290154256717292,0.7601389984848773,0.8662629831545494,0.8209408968805078,0.8868410727671513,0.9050059382518498,0.9646614039237537,0.7538879433537424,0.675504474211937,0.5485228848965374,0.8984529582364855,0.8148806603224115,0.8955295460667635,0.8002104225943475,0.6527316928698103,0.8789522403487589,0.7658441194189946,0.8464566983397178,0.7006621002037742,0.8950538430310327,0.833001692351716,0.9442878852873677,0.9288805164890648,0.91344220189497,0.6174594632410902,0.932344545902528,0.6199853439520325,0.8974392679752167,0.9740210661720005,0.5935774545764425,0.7393971571027631,0.5799076616640665,0.8628049798041022,0.9286059097490007,0.8991336810990773,0.9281309572113371,0.8295893968491923,0.9163211913750089,0.9492175511379581,0.927416260892526,0.8877656387095719,0.9460463927194699,0.6688108973596921,0.5487162913706038,0.6245254734154828,0.8662615758104061,0.9487440009730724,0.9117286367572989,0.6878848937984678,0.6024633961309177,0.7687434345839003,0.6552249590256598,0.8074124142322039,0.6558284381252673,0.8397789269651685,0.8270303535611735,0.8854118369254859,0.6556543572844281,0.8494373419366935,0.9002416080578248,0.7435982429647764,0.7899233966513264,0.8278641503078639,0.9073621316396775,0.6212188716058554,0.6478527103977405,0.8212686447376828,0.7927700840656547,0.619251535942985,0.9497187959110069,0.9594429334098512,0.9198792289042869,0.7130867608822191,0.8988627634997962,0.6431032937373032,0.718663985762649,0.77831615436069,0.6861923715535688,0.9215857940893989,0.9364203533397404,0.7679979342117382,0.7990268486137108,0.7511918555296089,0.7857368747522164,0.6670468889253913,0.9057976390386466,0.942763662031408,0.9001618556017297,0.9588669575903683,0.615317160353088,0.7916174088204372,0.648671447126095,0.6585984191483182,0.9626615958299526,0.6602349543004393,0.5111095884281395,0.8617363804036975,0.9613692703961313,0.8774966596792224,0.7066025719054347,0.7153798965430815,0.9250080088889638,0.923455057907637,0.8727664411976166,0.9597986260984455,0.9410571525514937,0.6425530675179006,0.8913018531877493,0.7584512288193237,0.8720526734300614
0.9691343236628162,0.9859517044647451,0.6866672607058548,0.9812587766883915,0.9663512177778315,0.9797945031694479,0.947321662844294,0.904913036816319,0.9267889670191735,0.0,0.9633914787702392,0.941420125326423,0.9824930315066334,0.9220502165884135,0.9739820736864031,0.9400283519684025,0.9193237349723284,0.9550891549809634,0.9487895887670289,0.867160376562378,0.8844879549985074,0.9523801774065218,0.9480784755178812,0.9415414707011552,0.9532533546573705,0.7215709573747374,0.9650414214946684,0.9466226724557123,0.9722432224185608,0.9472845530394479,0.9769455514652068,0.994857622591351,0.9672871505725099,0.9158991534675073,0.9269185352533149,0.817003352758974,0.9841845690638752,0.7797666893253146,0.9168132779906211,0.9733228473373794,0.7316912829710267,0.9432656035837855,0.8928737096610093,0.9642251654136753,0.8841694949511079,0.932772724891547,0.698221179538731,0.9441576896587444,0.9765081973206291,0.8930215780386757,0.9926618916484345,0.7118794607239743,0.8880382068144428,0.9932689631272079,0.9776141664074335,0.8436678880064425,0.9597977827909654,0.9324675145028665,0.9736005838972391,0.9865493535517049,0.979568101610475,0.7575876582667083,0.7718218540845898,0.6502314930977654,0.9348613914768905,0.919288487002142,0.9556670341126192,0.8118457805499417,0.7656619109726415,0.9638326368123922,0.821016004917002,0.9559059116314452,0.8221835019518055,0.9891827457613154,0.9206584610809402,0.9768336598967643,0.9572442224931907,0.9730083629273273,0.7210056643643032,0.9372226706190427,0.6555511643260474,0.9125065896735658,0.9278553328426883,0.6813212102561148,0.8752892661854518,0.6744339633047646,0.9680107017790985,0.9798597362995306,0.9769339690689514,0.9556391860573297,0.9472335281517217,0.9496705926744226,0.9835913504587938,0.972768141453478,0.9135782203045619,0.9838775311981336,0.6367793566665045,0.6540839560185273,0.7040075853849248,0.9749131330651069,0.9523956225521444,0.9870497556960336,0.8246069391663119,0.7133383373156015,0.8798712595753189,0.7767728035739971,0.9317423902311496,0.781957973540275,0.9488605127234444,0.9530295494718111,0.9721760747724078,0.7873169049026556,0.9299784612060187,0.951749939399821,0.8545284689796453,0.9057460174158255,0.9314957253335849,0.9791238619095032,0.7471442246519657,0.7397534475348259,0.9383485581000051,0.8713410629590824,0.7422059749878178,0.9676264891703269,0.9641141034541447,0.9704873391227186,0.7759145071267267,0.9830637382822955,0.7718217530476421,0.8102918079750049,0.8721759957516423,0.7790616591002902,0.9387602999347121,0.9257828586763303,0.8999893151065043,0.7873320593484604,0.8613144273348395,0.9150284367741371,0.7983410126269128,0.955357011999623,0.9085940694429225,0.9817369883012212,0.9651176869496072,0.6381738121390641,0.9258506355505017,0.7807754639412917,0.697608928302105,0.9160870687475279,0.7868559618789639,0.5984748839939948,0.9541719660929363,0.9199201187844287,0.9648771837054612,0.8206153228156022,0.8447472218004003,0.9890569985640564,0.9478240437350446,0.9713811934129408,0.9573129456276591,0.96448668801914,0.6941341056711793,0.9644779464015687,0.8622639218560316,0.9520367101136256
0.9560134352833629,0.9555346207983216,0.635788770630497,0.9846866621915644,0.958039968686938,0.9255913815083436,0.9440877950913691,0.9025424228868288,0.8891476326983492,0.9633914787702392,0.0,0.9912338639176871,0.9583944764438266,0.8356137138343825,0.9445135808094871,0.9565985202772191,0.9256440126171704,0.9284917615323891,0.9851926473014923,0.8758667861991297,0.8806848014039858,0.8795742334264791,0.9862258743988872,0.9703492804395841,0.9703165522558016,0.7182698506403198,0.9988934808556582,0.9803594272328402,0.9731152719168842,0.9855801620733686,0.9848413411261423,0.9777801799711274,0.9095647531512977,0.9520312064008601,0.9194183180589386,0.7818969382965391,0.9878968563488386,0.7805736075617687,0.9590947786142132,0.9696706309959101,0.7177376927580629,0.9172636996888608,0.8779548361142253,0.9548490709585618,0.8810365503034059,0.9172453098338909,0.6461250086022894,0.9470625428242326,0.9951352655295246,0.8463419673441192,0.9643795072323736,0.6915184123221518,0.815869709257584,0.963674212600102,0.9843959688377667,0.7534061074135157,0.9692079725194901,0.9658676147325662,0.9127971317995616,0.9761410912094363,0.9574180339476803,0.6546636523008302,0.7300055293722408,0.6301431222104144,0.8465908919115591,0.8742981102551082,0.9205088823827136,0.7088373234309416,0.7228228398364183,0.9699447598538901,0.7264007995435123,0.9273965719421743,0.7794359804816343,0.9639509366117448,0.9037049265047833,0.964272905933583,0.962056104846946,0.9824470164918583,0.7274540221785002,0.9580551166429111,0.5961137556573821,0.825398775041084,0.9129434907358427,0.6711711389777264,0.87513150568213,0.674159116671609,0.9784630250543724,0.9275270740021799,0.9720466509317774,0.9784854701007057,0.92555561854774,0.8889738170710397,0.9787312549530505,0.9742304957846387,0.8327568738289869,0.929969406668215,0.5559333517279796,0.6482443955684705,0.649445574697102,0.9402148635218724,0.9618482884015076,0.985488408494083,0.8011974562930796,0.7081683921027307,0.8313095526961986,0.7655326486997417,0.9070907035191027,0.8033983015011483,0.9066295648122006,0.9638937221428509,0.993867461171297,0.7856167271150544,0.8526851952484085,0.9955455345161568,0.8392122645199699,0.9186224578380864,0.9305686671191236,0.9963290494727856,0.7235051401402507,0.690984884848451,0.939503170860437,0.8112877602771612,0.7480952152813618,0.9701125535590371,0.9060189362926627,0.9806169555220211,0.6927201601141524,0.989055834180926,0.7698558843163719,0.7391239595546392,0.8494465167836579,0.72559547380103,0.9769929542384952,0.9647921345693604,0.9103746766195164,0.6938117523134378,0.8830585804469541,0.9026716424079345,0.8120010035697603,0.9854376636941552,0.8308990842173177,0.9383109402253396,0.9288408586743736,0.5726956522350081,0.9413831197044021,0.7625227038663367,0.6366879892965958,0.8808977217072831,0.7847641962380532,0.6139623024498396,0.9870142658921448,0.8999986628273771,0.9949210358669156,0.7509241544849632,0.868206181663768,0.981056879698908,0.9801753266317119,0.9805088324482166,0.9539776200669423,0.9691663058578949,0.6195266031074107,0.9716484390188672,0.8019520046638824,0.9945422903765989
0.9563203518361688,0.9344952819243457,0.6454523223770873,0.9578547112166207,0.9357338935659582,0.9045138231016502,0.9031019581364657,0.9255575795745967,0.8486675967711004,0.941420125326423,0.9912338639176871,0.0,0.9512821142202686,0.7957970852659806,0.9139532789226316,0.971653489717446,0.9446721037897049,0.9316165144181167,0.9922236559082508,0.9063112977091886,0.9031032928000824,0.8362600200126005,0.9932786750904894,0.9857837971587672,0.9811389331590419,0.7433688835044369,0.9867189230183339,0.9917595443709063,0.9509730102101023,0.9746261918959614,0.9722578871311228,0.9551607757412395,0.8794277185156999,0.972733704585745,0.9305112998828182,0.7921560895151377,0.9757197963453628,0.8146807638286833,0.9385241785286758,0.9666089709283507,0.7521486279470491,0.8982474057544761,0.897635866586147,0.9561820898786373,0.9023887716151865,0.9317970887714511,0.6576095592404224,0.9559489352164305,0.984334491356335,0.8519848154231361,0.936278222467035,0.7189062042308961,0.7858689357305931,0.933584561986544,0.9581024409174024,0.7379246975596738,0.9768524343819831,0.9823021849988096,0.886325871017575,0.9675783065107245,0.9292300882484031,0.6280102294269797,0.7500693126209486,0.6471931600215001,0.8247904614161851,0.8823755632672692,0.880656022395935,0.6749969523545166,0.7338642802024999,0.973974261317376,0.7104008932916915,0.9290255299694852,0.7746974771849156,0.9462288817068878,0.9186860175829323,0.9474861073599827,0.9253924654711622,0.9544533624557463,0.7678770693179786,0.9418148681662746,0.6074402714423691,0.7852432952263583,0.8815422304334994,0.705236730316645,0.8963574209363268,0.7103290554962006,0.9751988204386303,0.8916585431704792,0.9698600085373179,0.9535052553125114,0.9171663161693318,0.8454625968868918,0.9546686236292744,0.9645367135403133,0.7891180526411435,0.899636638449834,0.5450181244897417,0.6775225906109359,0.6371164326977355,0.9306578601229617,0.9310777014858694,0.9653867681884243,0.8104411483595865,0.7441851941254112,0.8389116461379955,0.7959228875892869,0.9187911352762668,0.8426142319434885,0.9093925464562649,0.9734589696108674,0.9797338211247445,0.8075717438405757,0.8225602719542295,0.9820157363328212,0.8660277762824894,0.9423237820156608,0.9487757949122079,0.9822124063265967,0.7429778411340179,0.6847635199667469,0.9473858345510398,0.8103530238112896,0.7818474641697113,0.9472492137381963,0.8734534834060991,0.9738297136625617,0.6666650587837619,0.973542647643011,0.8029757421039526,0.7430808734912889,0.8688257962212482,0.7379485610422778,0.9601312601275285,0.9378526005851996,0.934079168970913,0.6819332591716211,0.9197939043939557,0.9159376833935544,0.8469693734881887,0.9829394424814837,0.8075509597248942,0.9083290648755105,0.8856366905152424,0.5478357087693476,0.9554596949016088,0.776632471506216,0.6387379791496314,0.8550542174390653,0.8187445524666842,0.6496143687831439,0.9937055181548278,0.8777604276270379,0.9936608059945623,0.7426596500890056,0.905502822965479,0.966223084711145,0.9622998974479535,0.9836020283376836,0.9182834389466737,0.9363674758728175,0.6247732047267306,0.974611303066016,0.811180035829134,0.9951964224372619
