0,1,2,3,4,5,6,7,8,9,10,11,12,13,14,15,16,17,18,19,20,21,22,23,24,25,26,27,28,29,30,31,32,33,34,35,36,37,38,39,40,41,42,43,44,45,46,47,48,49,50,51,52,53,54,55,56,57,58,59,60,61,62,63,64,65,66,67,68,69,70,71,72,73,74,75,76,77,78,79,80,81,82,83,84,85,86,87,88,89,90,91,92,93,94,95,96,97,98,99,100,101,102,103,104,105,106,107,108,109,110,111,112,113,114,115,116,117,118,119,120,121,122,123,124,125,126,127,128,129,130,131,132,133,134,135,136,137,138,139,140,141,142,143,144,145,146,147,148,149,150,151,152,153,154,155,156,157,158,159,160,161,162,163
0.0,0.6003400862650569,0.6680243288995108,0.4577151364169959,0.5537511829522992,0.6063016062566293,0.5467855845482328,0.6122113940045203,0.5013668774663446,0.6428761338775785,0.580336143477473,0.5782741904850154,0.7100314848008772,0.4866419535055681,0.5844133526745896,0.6470844474253026,0.5935910210214644,0.6830024316650796,0.6166280328383038,0.6182463227292465,0.6284628883172442,0.5965271289820844,0.5764172726159625,0.5988728853281307,0.7491632535669911,0.5301928634167064,0.5509061735203696,0.5971007540834616,0.5098420289756509,0.4912161939507841,0.6659957188523964,0.667414881833764,0.4728957264691722,0.5451616667913745,0.6304255008055722,0.49627552965274624,0.7397138631694394,0.5382844140387866,0.5417654331086516,0.5726865013071467,0.5109100846335565,0.5773449575274759,0.5512379543183579,0.5140521818143635,0.6590648067892771,0.6625792383773428,0.5707458982166386,0.5378254845722907,0.6938822647577761,0.5137224007374235,0.5342414780975682,0.5733760604535731,0.4475816316729211,0.5054364011015167,0.4635371649579805,0.489501925908145,0.5675145182182749,0.6356967655643683,0.5074710587055149,0.5752628967238896,0.5340675851541978,0.4404062443991871,0.48014098271244704,0.4489239885136968,0.4828346086941909,0.4960985197326913,0.5776241733871468,0.5949874087733227,0.5518562643942142,0.672891662225165,0.6352626500453362,0.4756574973732513,0.4806837884078512,0.6236651007490458,0.6242239229228909,0.6503524996031184,0.5093640802925596,0.5850716394739679,0.5202108033288309,0.46834500735283974,0.530730405546969,0.6085846882866205,0.4881143613518864,0.5304321570554444,0.47823174827925197,0.7209832360851988,0.5960781423457222,0.5154184757723191,0.7478026500614651,0.4442147863678721,0.5865165153272768,0.5684990466302298,0.5002924841188575,0.5248022765518907,0.46281040670736046,0.5388452213083579,0.43686710799297707,0.600132235699863,0.44179418367236,0.7001678750953065,0.4671197358914029,0.4995938889216469,0.4628899932276048,0.5302890184420589,0.4940000425399903,0.6200050755036969,0.4961780316170427,0.5951518067510895,0.6144400899872743,0.6506928723981233,0.5849422320734702,0.47583501203838857,0.5535809775481844,0.5260738156915843,0.5002711472427688,0.6278806918580545,0.6144367407204071,0.6384845492539352,0.45795692879850436,0.5650768438321535,0.5049328894505081,0.4850628683404421,0.5479016439186114,0.6681611386080012,0.466963982753208,0.6236060567485139,0.4860943886323097,0.5453691810677429,0.5236786261604491,0.5291782010451147,0.48594231145077876,0.5462577198524944,0.48519508209350165,0.5262327559339373,0.5967362224225445,0.44642320036004685,0.5248939349434741,0.5754762976696967,0.5273485950771364,0.6265316288652102,0.43820265248013857,0.5158495215187989,0.6051391725808399,0.44010252814864087,0.574753680560084,0.6171833716068591,0.5507932882088316,0.5655543611450432,0.711340333474736,0.4312892612811627,0.6054857348947078,0.47118922973699257,0.5825823337105003,0.45616088332068216,0.6687240422962375,0.6624017103273905,0.6059274016630494,0.6048890361574658,0.4309084297592371,0.467689379784383,0.5282962740315789,0.5707890150266333,0.5000474057597193,0.6774015844813007
0.6003400862650569,0.0,0.621089434848567,0.4377179667189144,0.5307465169304911,0.6004971089465361,0.6499299981258102,0.5803779315399504,0.5837721659498597,0.7924612411768713,0.4809913365938739,0.5820950460865908,0.5891499470045041,0.45168663053615143,0.6677377907218836,0.49421503310605447,0.46041372393882146,0.5340271863501383,0.47837770242873134,0.46479161099339805,0.4852853904389213,0.6765961983366829,0.5146089753051095,0.5812017209485346,0.5974378312564325,0.4318861778068682,0.5908427559337759,0.4625115236630635,0.4921890610149109,0.5280103846233103,0.6589999967748982,0.5128417868879376,0.49537358926800595,0.4353650377322103,0.5049657016933282,0.4250172537774888,0.6137403299032058,0.4388503076539243,0.48687477798540035,0.5276463022240249,0.4562289513146725,0.639861903907537,0.42089578153824464,0.44249807649878015,0.5428020556049721,0.5206323306203077,0.5626575354633845,0.4351813789099588,0.5395039864562898,0.4211324457171342,0.45376209766978814,0.4600649619350981,0.4119984819111144,0.46004141749279615,0.4059941135856705,0.5938024359024863,0.44453376459193833,0.532595756796175,0.4387141466325061,0.4872992401583143,0.4671748322603196,0.39297387627750424,0.39158899067266606,0.3790714094077443,0.41337318328146044,0.3992125556167378,0.5375278484692187,0.6240140753582136,0.4380131994719567,0.5611574781241883,0.5441482573390345,0.4069515590565849,0.39869302183890326,0.5125110713831239,0.49415195312417753,0.5176119052359371,0.4469964984838651,0.5934535294510876,0.40689849580943127,0.4102493429255771,0.45159497426908407,0.5663774642994737,0.6158621662263782,0.42689069305439836,0.39070230888997426,0.6140298654112446,0.47663313972734694,0.43756949295115133,0.5846267797750504,0.54200411861882,0.4937326698684448,0.601752185300755,0.43643914069165685,0.42808744968251666,0.41761114554180495,0.6514879198397159,0.38642128432430667,0.5161375818547039,0.392280090558934,0.5855283052454816,0.42217541509403106,0.41402983664552473,0.391333687668111,0.495652355302432,0.4085336008954785,0.49391756150130806,0.40297523542566127,0.5098717910274616,0.5402884318560198,0.6274529096236333,0.4826618780528848,0.39296189219082894,0.46889405137852597,0.4581804666854481,0.409390862575044,0.632356570501101,0.47328941511089595,0.48964434484785535,0.3877105629368766,0.5215746740302551,0.4337083529314443,0.4322086453289352,0.4211642048465615,0.6317856753064748,0.4140804649356766,0.5731287541571605,0.4296507125974534,0.5832722231285756,0.42582613372481665,0.4647692142291802,0.5554463879328587,0.45440750362298044,0.4203453710916187,0.48068718995368037,0.47014457803816045,0.3949196114193615,0.4885547102987522,0.5063301066197018,0.44599452769157766,0.520795541570585,0.4179006861040519,0.44486058475332696,0.6003397489146562,0.3956504707715578,0.47178446985267747,0.5025845260973467,0.6530276731171069,0.5664149679147986,0.5410658666694708,0.36580416808822014,0.46700402025141247,0.4308285793361168,0.47687165136144094,0.5355004748615311,0.5519008585084494,0.6054773066843699,0.5900956784999989,0.6690969376711359,0.41928788841572484,0.40251475279756,0.4695930215473401,0.47543030514429163,0.4496072086409271,0.5525923243585857
0.6680243288995108,0.621089434848567,0.0,0.45265578625366004,0.639122064999603,0.5888606111446678,0.5842490322569169,0.6047960666660067,0.4986931826707026,0.6483730320645249,0.5735162552120268,0.5693023026827717,0.7165302691169915,0.47459097453244053,0.6517196736168941,0.6400975787099913,0.5537932092047665,0.6229687612329381,0.527305439070073,0.5263742880785514,0.5932486087210934,0.7057587626015199,0.5411508463035565,0.6428470575171336,0.6143345862402859,0.5265937966016719,0.5809555281251835,0.5179405704972199,0.5143423022393081,0.5083974727783994,0.6126555826220021,0.5996235894231892,0.48669093324944285,0.47529123805995005,0.5348541659345576,0.47242100859441444,0.7259960757550905,0.5038213151758784,0.5568627147857793,0.6006021933122261,0.5026179507029562,0.5749326506262499,0.5138583510025871,0.48977750017166827,0.6114923491696957,0.6307534897110659,0.5868149310068045,0.518545012099548,0.6218190592677922,0.4903836002875661,0.5248261628915472,0.5296986376102166,0.4360720108154036,0.5044081167752709,0.4530085191034167,0.4895729212891032,0.5220381051691433,0.6229079489590642,0.4808466688718126,0.5562649457411629,0.5215132572175273,0.43190536109511674,0.4556277664741753,0.4185494690223116,0.4577710260035568,0.4600638981601044,0.5795630330743811,0.6774838991344945,0.5179466704349953,0.6328963677405309,0.6459965699118069,0.4456798773414751,0.43862389826718423,0.629924815383276,0.5704970260846792,0.5499277178547173,0.5341051954630549,0.6856806612064428,0.47339136971946133,0.4541431337025056,0.5024546118532093,0.5892483033686307,0.5353546627512876,0.48694094472694727,0.4397623229076881,0.6615384557363281,0.5354149089339338,0.48555627103121696,0.6256630979433204,0.46291708699510875,0.5779845887608105,0.5337070135343541,0.49435204447198516,0.4798083426644515,0.4495986889107844,0.5503413863716259,0.4214718232698254,0.5128892953853554,0.4150900311837639,0.6295267632872225,0.4498686820181246,0.49141142043111535,0.42554427568582076,0.48575054502409276,0.45474543001692364,0.6055728175433075,0.4735590832101493,0.5295817507408487,0.6346611791677056,0.6443706142638069,0.5419761721727232,0.44437400455932885,0.5088148039392874,0.5004679978483149,0.4655436979300655,0.6514722261483419,0.5082767610717117,0.592083993267501,0.4294184498064633,0.5245919823790716,0.5080167507089128,0.4728702134913089,0.4691831680540055,0.7138442399474498,0.43131939537745695,0.6316210834080346,0.47001464466022214,0.6269555584173413,0.4757803884788659,0.5319329164390538,0.4788914958716039,0.5436546159570731,0.4647473487804289,0.49708353813414985,0.5489411691796898,0.4343859830201545,0.5038645401627615,0.568749741078118,0.5043513580203125,0.6005228300480709,0.4234276395600726,0.4929478002796724,0.5912481807531483,0.42596558662266926,0.5454883799323939,0.5375469554907707,0.6022721247228983,0.6184714263341214,0.587663965520863,0.40263359405455496,0.5235278439119694,0.4452313917692875,0.5632252903808881,0.5065453652157464,0.5998430035741344,0.6581798606687408,0.6384172628771252,0.6599492491990542,0.419692318286239,0.4496824901239791,0.5098197478389422,0.4945742010624686,0.47854942769071035,0.6454980191881989
0.4577151364169959,0.4377179667189144,0.45265578625366004,0.0,0.4717163577160631,0.4695839482698025,0.5049901141689602,0.41958369141674523,0.3584010455703418,0.4453661608198399,0.5565222523664374,0.4188716269946813,0.4425510291077114,0.4857407151199306,0.4992712879532621,0.435466175250561,0.4625233405240412,0.47712776816815233,0.5082461656446243,0.3926475652470368,0.49506707850171844,0.4514581260403037,0.41917511855725764,0.41597807540041093,0.45216320214623545,0.4962726281130055,0.4247201366886473,0.46137786614912196,0.5877412197611129,0.34041816137051695,0.4540972598052456,0.46113874141456745,0.6837854922820454,0.40521350147908347,0.5408050596908144,0.5471361827487803,0.4591383470153241,0.48191806863420883,0.5032512898911025,0.4925701682193441,0.6168895285090082,0.3882807139806455,0.45353145216694635,0.6122044312844741,0.4256640976331515,0.4322903711990863,0.3749398630909918,0.5127983998690879,0.4919122493498292,0.45571195731260644,0.5529472010409398,0.5298605065454919,0.45946834878647863,0.6703279728504054,0.5714699584871951,0.35002038471459335,0.4598664310172657,0.501050330274273,0.47896042378827414,0.464021991411849,0.5099645659052399,0.42830434526351757,0.5049840113866468,0.4135854453085885,0.44815516900492763,0.4311303034198775,0.4813357605104053,0.42306320242750806,0.4653117960596074,0.4906684973249953,0.4767321760594193,0.45499959876264645,0.4808233806884547,0.5157831178936941,0.49336322842665953,0.4675359031071302,0.46585694565254293,0.4892809701473364,0.4393597468184357,0.4434249121311605,0.49892132363035613,0.5050897174301737,0.3614429156455245,0.49083499562503485,0.4604490264511352,0.4294899825165913,0.47366637880637213,0.48586393906190184,0.45187620342822993,0.3288726278119228,0.5712845607402129,0.4941278549630924,0.5256678264157781,0.45715720555207384,0.4978649638972104,0.4527413262277084,0.4272385007723082,0.43758481750303735,0.44883624221300156,0.5088187781952316,0.4808125568596729,0.4363809678473799,0.5616491998931562,0.4909643288693956,0.4927183002774694,0.3952341726589277,0.44079644292841197,0.39538122267765713,0.48108633690089053,0.39876752591757164,0.5844592839168128,0.4672033372751426,0.5375306113724133,0.46592050487932707,0.5007461334844312,0.4164315457308761,0.4724972585014248,0.44176397982238613,0.5445631684846272,0.5564730626942213,0.44405499586121583,0.5795515154336166,0.41981809068167975,0.5017974258580025,0.45573657778733756,0.5829076849291845,0.46178846672829876,0.38686655285017907,0.5132897640955345,0.4748239922894178,0.33692735177810523,0.43951303663473396,0.4442270538674695,0.543771413303574,0.4668157728911116,0.42815685928625674,0.3392331980969994,0.5403182087325686,0.4167883950094112,0.4739580019423605,0.7067284200389461,0.44722736570855837,0.4938477803533463,0.47448385075843275,0.5021108642996436,0.4205350864048146,0.394300756793507,0.4664550031987992,0.4183858756268858,0.38653390804160204,0.5300938244558345,0.5430753513401008,0.46032123311163575,0.33475554117399636,0.5089719805463614,0.4368379400908454,0.41635932914447843,0.430219206960626,0.6724119260016524,0.49761367201910145,0.5247023540834888,0.5138569547189774,0.45270450356336933,0.5180944505623643
0.5537511829522992,0.5307465169304911,0.639122064999603,0.4717163577160631,0.0,0.5505668804693215,0.5898201992055795,0.4794638021234616,0.43814873715092545,0.540495702277601,0.5684508845984777,0.5128869165526863,0.5390764052078678,0.46951953444333305,0.5798963349498569,0.5638148912338115,0.532700412875758,0.5451644107585957,0.5195549672261802,0.45649593979999525,0.5956141794235683,0.5930930493229056,0.4837736959927565,0.5334624514554172,0.5254743369199291,0.5152008667140344,0.4807702783486588,0.4673791170516231,0.542747285312593,0.4567228555270939,0.5289259904863264,0.5583082505314726,0.4951512245235185,0.4345264316421096,0.5160706419109431,0.4897492717205026,0.5682595343056118,0.4951829380039386,0.5667677681173803,0.5490597012877938,0.5293169449484983,0.5138387209270334,0.49991504889584115,0.5365464372099158,0.4858114931156271,0.5261523232990806,0.5258443366929679,0.5289656258349514,0.5734366271421905,0.4923136496906197,0.557404363539332,0.5405531217412735,0.45419312185627686,0.5334618256110095,0.47775544093252686,0.436008524140473,0.510080765555051,0.6074833614799112,0.47691986764930683,0.5210959428385517,0.4821012795099449,0.4478255518395704,0.47019054886665773,0.41961033316148055,0.4689117318643458,0.44564718143612825,0.5153854293128605,0.5717550536937775,0.4849753916217534,0.5296046750745296,0.5952393537055328,0.4465785655159412,0.44332642810016043,0.5844613130146026,0.529717566260031,0.5146202297322575,0.5255727857883054,0.755938822861552,0.44375784104722626,0.49012120211422444,0.5266055601610401,0.5695686835665816,0.47554481945073707,0.46114035475917325,0.45258298229968474,0.5220819310411335,0.4865449331401443,0.485747977366741,0.5186620743659973,0.40141690570766464,0.6289112304187213,0.5296428088687758,0.5335487850105449,0.4741030064163601,0.47237242550772596,0.5089655754973886,0.4199663434655543,0.47231111766722766,0.4401985301446158,0.5391356255441435,0.454464173400723,0.4649058755781514,0.4461959085172651,0.4684554423185143,0.4587549191350682,0.5052051645027129,0.46636076386311215,0.459273092820284,0.5786114474447307,0.526512974343013,0.5742397506229503,0.46081279426276184,0.5024714200326429,0.4912538822140383,0.4600395156100102,0.5272146352103514,0.4913682249258679,0.5521766580129132,0.45237843186774884,0.5261549932797811,0.5305134097780008,0.48049396688066015,0.4499363030564738,0.673150462720521,0.4459155817224184,0.5997275910625589,0.48484520451265467,0.5080530529124151,0.4726703084614312,0.5064827675399105,0.4175479398641078,0.5401347939658336,0.44180630338562643,0.5171717773653405,0.5044027183393667,0.45133424117271925,0.42848942806851725,0.5478273244644866,0.441406180678571,0.5693853006426388,0.43353413515955835,0.5042673513767695,0.5712442490425055,0.44907473138319315,0.549138137162314,0.48327674162369394,0.5312666186154488,0.5907346500246485,0.5014432613852475,0.408883715535445,0.50087705463794,0.47562629176593063,0.5350271424377787,0.4358093513939326,0.5611804453387751,0.5264826518401953,0.5063439186836832,0.561418351866577,0.4351087363186951,0.47762435457822616,0.5091842841376453,0.5031152748856449,0.491419251284466,0.6330082126314479
0.6063016062566293,0.6004971089465361,0.5888606111446678,0.4695839482698025,0.5505668804693215,0.0,0.5833382617218248,0.5567401345765756,0.5195008463326422,0.6032516585157699,0.5174391710041559,0.5892555182137829,0.548272337286268,0.43878889594306975,0.5821286500529761,0.5058028623394254,0.4689030499651103,0.5051605344372325,0.5381220333101427,0.4504044674913813,0.5223836309118846,0.5840587490637391,0.45869391730990494,0.49873278723259634,0.6024414508393983,0.44848569049217213,0.46690462374290315,0.4574240550565381,0.49145269854424806,0.49085635279683687,0.6626229454616008,0.5545967839738946,0.5111338939961783,0.4379810600423864,0.5208195421556099,0.44827887739795663,0.621257780759844,0.4529573129437323,0.5113158231190591,0.46980016955221987,0.46860055193816763,0.5886216479636991,0.4523712319922388,0.5084151216764683,0.4975594561614714,0.48791642721457257,0.5153507405912044,0.4883879254916607,0.518185510510865,0.43418301229778683,0.4959278145936022,0.5110627578327114,0.41941414344861544,0.5007856805476566,0.43796549598646367,0.5177041556569458,0.46072531161579483,0.634559254331933,0.43094624639797546,0.46782085042448585,0.4969757274159094,0.4178220917767273,0.4413449503330188,0.3792165449143202,0.43119023945726204,0.41806204378738576,0.506477069101343,0.6048018260638545,0.43951990180652345,0.6031606489983548,0.5753698481698385,0.40706998960354657,0.42889337509113534,0.5202154027833245,0.5210035790372299,0.5300849951638535,0.4620432166773053,0.5744369154001274,0.41934656167182993,0.4522757034806798,0.5043817633926704,0.6096696689647705,0.524772943287624,0.4486309416813375,0.4174328511712386,0.5457417528470476,0.5547931908995558,0.45668270118007714,0.5557746754705095,0.4524229264249141,0.5414353899483841,0.6363044128272748,0.4585147968880809,0.44624648393564037,0.4327955900236864,0.6649870506924163,0.4124439374686884,0.5317891757432504,0.4122512160124091,0.5508250422512075,0.4293505043800189,0.44531688226738475,0.43304728068569154,0.5231978042671213,0.439515268547476,0.47145863556152207,0.42083659632116666,0.4765334974045203,0.4927820330832051,0.5563777508917326,0.5510782080898052,0.4141054771308269,0.5281126266492219,0.46794069265221133,0.42631096895949044,0.5350325437786769,0.5002319368608333,0.49083210839950875,0.4289319914584939,0.5478044203123741,0.4353150955004973,0.48533740368063205,0.43998500736586377,0.6509206026667453,0.43898313479093587,0.6105611750363295,0.4481751453766824,0.5154386994730087,0.44720045710822054,0.4449337278587847,0.4807070557523649,0.4930021413313291,0.4319751792226545,0.5257012346160811,0.4836826069139242,0.4079279837014875,0.4454886602228857,0.47812614942089293,0.40793937028725086,0.5304636049741711,0.45298716144234147,0.46870300058417436,0.5714807280000045,0.4207324188899504,0.49490863040782157,0.5056058216928098,0.59804709720694,0.5359794266432893,0.5208324528113292,0.37697436698425263,0.5176041366325295,0.46283303237112855,0.4658202997215625,0.42540044167127045,0.5963894358914295,0.5684546539820781,0.506849815398733,0.6353613076779674,0.4299371459650682,0.4372675624991595,0.4662455310447619,0.519692633177244,0.4592545328516129,0.5811602094546626
0.5467855845482328,0.6499299981258102,0.5842490322569169,0.5049901141689602,0.5898201992055795,0.5833382617218248,0.0,0.5060675032877616,0.4837084781357393,0.654165509067161,0.5061662214111474,0.5502954146355017,0.5266706912321022,0.4563508286067424,0.692342828327666,0.47233302775694697,0.45802162650300504,0.5148399189681085,0.48787259615516243,0.4227278089526706,0.49536943408620354,0.6235778845003483,0.49740850045798535,0.5367575914723527,0.5548323914795621,0.4499678746540845,0.5310444977020741,0.4508871045538781,0.5349008374091868,0.4617886155028373,0.5830714848099287,0.4975016471271509,0.5773178537402335,0.42146055290794515,0.5111954079961918,0.44709977657662003,0.5656306832026585,0.43765802448900826,0.4969313017660208,0.536066084008479,0.4938406414457044,0.5536858534482189,0.4255692363178304,0.48951550080916495,0.4889556358354887,0.48302093152539066,0.507633328907975,0.45553796502539373,0.5421264098711999,0.4243417661931802,0.4874596313323869,0.48422536817951173,0.42107808110174266,0.5103357615878562,0.43744195620964005,0.49224705875959707,0.44060947245349785,0.5486975607858275,0.44953025833921506,0.47266557991825553,0.4646391607564707,0.397741135408223,0.40987668255131826,0.37877824309819347,0.41915802644502553,0.39535169302580386,0.5211598442212856,0.5764484274967557,0.43821503810835455,0.5366702113065479,0.5318080104250916,0.40918639337144697,0.41010941876021256,0.5231515035838088,0.47958831547043107,0.49383569553915424,0.4579582350102091,0.6429266832526088,0.4008995110659736,0.4200799115851094,0.46381283414903546,0.5733948052732823,0.5231513381398825,0.4227317005168845,0.40019656503867906,0.5245733987310269,0.46487417554354005,0.4496500703816542,0.5229379694346978,0.4477003086626524,0.5419808152010441,0.625125122361741,0.4629754492213546,0.4244114497887405,0.4377553177354318,0.6429340320973874,0.3846218807333244,0.49739158934336664,0.40322800250592644,0.5641230733509226,0.42815095797268704,0.41313717856990145,0.4259373526203254,0.522221276243572,0.4173420453106874,0.4528883629729944,0.403586107906642,0.4660784456881883,0.5341097910828603,0.5367316438161053,0.5318738244752359,0.4051945919730465,0.4846317400289615,0.45229892938086125,0.41814979960378695,0.5485880525087385,0.4662860997377167,0.478246012424824,0.4204458824362535,0.5374765347174364,0.43747467360494396,0.4594734680105967,0.4103079948649171,0.6380531428728609,0.41864035754772644,0.6085632999415889,0.43828089662950653,0.5067167669832975,0.4387154758553566,0.4629939608212365,0.45474957088912077,0.44675537275653804,0.41041630450144656,0.4974509253025503,0.45609310416179877,0.39939012168203913,0.4222384596888595,0.5274016361862593,0.42814564261457555,0.5075535214419999,0.46322567316155056,0.4425069957081413,0.5951178670456404,0.41270715491097437,0.47888508132662566,0.49007273827068515,0.5602463700769549,0.5508798106199113,0.49012512320614227,0.35924837732366705,0.4727915581761289,0.4578221422922113,0.46800730843498006,0.4647904444406217,0.5629659910794521,0.5320344344969709,0.5156629543540423,0.6138567953051671,0.4679784828087417,0.4252896966029279,0.48532181040708655,0.48182203066794044,0.450576457406285,0.5624369576460283
0.6122113940045203,0.5803779315399504,0.6047960666660067,0.41958369141674523,0.4794638021234616,0.5567401345765756,0.5060675032877616,0.0,0.5592999702705831,0.6076852026018205,0.48142296578799304,0.5999871639718125,0.6139629601166373,0.41980500640796437,0.5798356302979489,0.5332617572323537,0.46890480053674266,0.5377223683452762,0.5003622654213671,0.5050543917672539,0.49127956649984733,0.5720415267837158,0.5198230825147552,0.5400917262019523,0.6161592416115567,0.4531375996933413,0.5894178142850575,0.4909997965031307,0.43076028085824103,0.5331365949952532,0.6889861818779566,0.5283809639351188,0.45237416330731595,0.47736184417830574,0.4894792464294359,0.4272290343729028,0.6430602486598418,0.45251929259725043,0.4881056722998621,0.48670297807718554,0.4368546610425794,0.5556944865023302,0.4636973938682997,0.4255901175159526,0.6478040849268201,0.5639792745692185,0.5274592930187956,0.4403581214750217,0.5252833907252996,0.43280883169012774,0.451086526609739,0.46107072625114487,0.3864715568930945,0.4401415405901481,0.4047989365716494,0.5096413728209074,0.4582907767578992,0.5799422968309654,0.4204610810107238,0.4905412146172943,0.4855295013937503,0.39233810619424564,0.4103064952014361,0.3806981707969619,0.406457844942904,0.41689678619259585,0.514116994259519,0.5704981397945881,0.46621622224662096,0.6789697889226469,0.5388843821855555,0.40012715282658307,0.39992507888431805,0.5182141643931786,0.5143940085507901,0.4968543968288993,0.4580839409763144,0.5098852657165223,0.4514272217853765,0.38531708015962934,0.4290801224259918,0.5466045963352553,0.5249771234698899,0.44850692108990714,0.39897660168152593,0.6641539801847999,0.54447883021529,0.4447091007220509,0.6363531366563181,0.5040060093497817,0.4884034836917655,0.5258590339284747,0.4235139438377854,0.4253914528848711,0.396687124634494,0.5548776799841494,0.3962259489473693,0.524967075539481,0.3772615008578015,0.5774017420389672,0.40492737411358065,0.4712881746501836,0.40133984951269797,0.4949271395707109,0.4225345875042206,0.5521910485906766,0.4251450111400864,0.5294304874650856,0.5113699220604155,0.5623239059304763,0.47117721741334595,0.4010485409413931,0.4560704213482021,0.46279864629884365,0.4219652882698048,0.598717206597668,0.47011055709518984,0.5099050946687337,0.38194966509225603,0.486090843235797,0.4217689956180395,0.457268426380621,0.4279985668777153,0.558557393921442,0.38965455698101614,0.5443792799946351,0.41991160321021237,0.638000845508995,0.43133177533904193,0.4569529896647523,0.5289108461076764,0.4657890825376894,0.43290644825211394,0.4519583273282629,0.4902149390172189,0.37666698076527366,0.5133021797219114,0.4822612927914359,0.47608768964870585,0.5458275682037451,0.3979594322026242,0.4313766918797508,0.5238193012211565,0.38867923181912845,0.46419723704546245,0.5447199964142967,0.5982145215200034,0.5065399763693553,0.5739104235524929,0.36965877535069636,0.5020630674599816,0.40029260733471983,0.48821973033599364,0.4909526140628385,0.5653107967607489,0.6374082144512614,0.5539410879314954,0.6069720724289513,0.3827042759713984,0.39594202597432754,0.4340525155961156,0.4489129823798783,0.4316310964984594,0.5221010462938059
0.5013668774663446,0.5837721659498597,0.4986931826707026,0.3584010455703418,0.43814873715092545,0.5195008463326422,0.4837084781357393,0.5592999702705831,0.0,0.5771390407445087,0.3952000205829558,0.5215311995770964,0.4829552280602835,0.3794426988511257,0.505624488594461,0.42655863868850563,0.38598400574576697,0.43932710864406904,0.4124259276646281,0.41847732816171995,0.4096886542746522,0.5396721313192877,0.42764817480303513,0.4559073396402437,0.5056868804154296,0.35999614637230204,0.48448117533431173,0.387306744574477,0.3830857011489118,0.6028302182811603,0.5982874821246309,0.4522248111094284,0.3913407917993761,0.38255766194090773,0.4113347001311556,0.36154639703023445,0.512265616675387,0.3796632871531784,0.4233460874256719,0.404523433030826,0.3660859872914358,0.6489216234911791,0.37350482860458334,0.3673876248492995,0.46603641612142654,0.44224427267519617,0.5060378565969562,0.3683832264000858,0.43412004776251734,0.3694836764488503,0.3860275548720542,0.3786189746680398,0.35900290223732356,0.3777121593067912,0.34614222805616707,0.6843482243228384,0.38607729572386457,0.46245259055483595,0.3730565835635956,0.4111672800344125,0.40661475482000037,0.35866190803949133,0.3420850690596393,0.33475832010599743,0.36986075090624093,0.3566248619667946,0.4504489285378342,0.5586785590528699,0.37966182289620454,0.4995545040991219,0.4712586354963181,0.3515921672714347,0.3512713850230015,0.4232113858632485,0.42451216831358674,0.4406871429987566,0.39379433703177663,0.4601074287108541,0.3551623671209894,0.357304071879166,0.38666262050968925,0.5011857371292704,0.641221306825747,0.36399684837789814,0.34560371214296026,0.5109797288245591,0.4452274647222785,0.38950977180770935,0.4984761806832644,0.6524042407500645,0.41007775234282673,0.519801186049655,0.36915244691993027,0.37127236977701744,0.3626783219369972,0.5484753821370311,0.358659925720364,0.4466536729679695,0.34997399695350767,0.4590133617749675,0.36428038137661367,0.38890418982688935,0.34137675628010256,0.41874147782267107,0.36100185701405696,0.43519400109992856,0.3577625827070141,0.4421628587745694,0.42469769361419163,0.5223686995971737,0.39904984813488037,0.34630303382656336,0.4015318721826915,0.4126243040021687,0.34526648637090523,0.4971794349012942,0.40189326224184924,0.4316726683480782,0.3257899263686539,0.43395570718497567,0.3728647136060442,0.3838251522298923,0.3660728267860405,0.4926466273314697,0.36806441796721173,0.44156839075861715,0.38229826674847,0.5509090021723102,0.35401115227625246,0.38971006515745804,0.6856378641681321,0.412377090547309,0.3764954689460828,0.41350153852403365,0.40945604797514207,0.3484239079653064,0.46345806267138057,0.3947680668718138,0.3750733081159028,0.46170895010380747,0.34871822833155136,0.39538128305604864,0.4969167191311105,0.35661051407632444,0.3991113414389248,0.446582478782068,0.6707027478070043,0.46777957078217114,0.47053025691515266,0.32887131165919875,0.4064150689056105,0.36765504970997503,0.4105345282298972,0.519485978674722,0.4538232986912981,0.546939146956545,0.4823166483697693,0.5433290698490113,0.340978034788821,0.35068463475171363,0.3820937450440295,0.4046607463054387,0.40699587355646877,0.4472349493008629
0.6428761338775785,0.7924612411768713,0.6483730320645249,0.4453661608198399,0.540495702277601,0.6032516585157699,0.654165509067161,0.6076852026018205,0.5771390407445087,0.0,0.49530542388280396,0.6044804980415693,0.6126402198687301,0.4552039968979169,0.6642263516205351,0.5171708583328388,0.4821425186106486,0.5685499045114052,0.5058752455830882,0.4879353749698306,0.5096774344748464,0.6647646299221597,0.5516247932437993,0.5928351116157189,0.6578871887897833,0.4484930024209972,0.6071149493625261,0.48885126857506817,0.49220690512571297,0.53588820454181,0.684435897038225,0.5398266702311257,0.49140213708525593,0.4599482071184833,0.5245762260403803,0.4368490593042816,0.6435666741828712,0.45370396810774644,0.4927264242336795,0.5416870986112825,0.4656133745344871,0.6641578943885551,0.4436756928203085,0.45308241211081646,0.573889441716805,0.5507910407315325,0.584650094654077,0.4475536573202722,0.5771969040795192,0.4357888947460951,0.46915592121357674,0.4784775636289201,0.4163788760374744,0.46718343247735783,0.4150969592556093,0.5810680457652374,0.4628125525812802,0.5602639156832172,0.4556196263912645,0.5012219048247948,0.4756266904777048,0.39904968764764287,0.40509711206697074,0.39088795961860784,0.42556633684176387,0.4142267452394722,0.547716309305911,0.6325827320613789,0.4625528097218668,0.5972576213269922,0.5589727990638447,0.41729214480423804,0.4126614605315184,0.5357783871751387,0.5138102250350965,0.540152164332091,0.4586143234039235,0.5983148926780149,0.42570319155211717,0.414789077050411,0.4634907933324622,0.5858804796782002,0.5887648326265776,0.4400591691619947,0.40602341589990254,0.6457321151724317,0.49760041645432757,0.4556772606999391,0.6287762101105195,0.5203315817423998,0.5159052041748058,0.6157527680792149,0.44663899543813085,0.43991259434704016,0.426059574232607,0.6380484049699691,0.39217180684884934,0.5496075160583552,0.3994295963698555,0.618719300659839,0.4253312325864636,0.4315648346133251,0.409650497978653,0.5242895916264299,0.42243239428868357,0.5201490739101745,0.4188782105433245,0.5437730461663149,0.5607945719217486,0.6461133579687496,0.5041306248605404,0.40761396866714716,0.4823477502373075,0.4735821816781701,0.4224213171893121,0.6461329025475725,0.4999550296476941,0.520703603205596,0.40102983894307387,0.532720720827937,0.44173725035821104,0.4448499131681059,0.439182211452194,0.6454972989989505,0.4197793115506631,0.5846130948038353,0.44030799118739555,0.576405776488529,0.44256946401854214,0.4761511291046062,0.5563239448058503,0.4680670359876318,0.4270987385333147,0.48399625132434626,0.4865864226492435,0.39992315386426686,0.5012605968555849,0.5196331093213978,0.46682565383017743,0.5465011973694712,0.4227706912918077,0.4539972368787736,0.614839265281525,0.4043673902499746,0.4868699474837616,0.5443473705041189,0.6343661940833286,0.5714838423799165,0.5859592296548886,0.3740662691272202,0.48877918065975445,0.43893805141730324,0.4958781843413743,0.5325774312652238,0.5924439155635525,0.6273564470742633,0.5903873963323335,0.6828747677200806,0.42020161944186046,0.4132614416854248,0.48484019388564975,0.49076454046925383,0.4642220103577042,0.5711672902706969
0.580336143477473,0.4809913365938739,0.5735162552120268,0.5565222523664374,0.5684508845984777,0.5174391710041559,0.5061662214111474,0.48142296578799304,0.3952000205829558,0.49530542388280396,0.0,0.45752231021980483,0.5834178057101104,0.5639159926566376,0.5363246816108984,0.6187880664700125,0.6322571177305413,0.623291029915581,0.58784949030823,0.5121641605283166,0.6889070504541246,0.5357223455889393,0.47670304794894663,0.5019072174518926,0.5275138361482319,0.6626889105299663,0.48049204073232615,0.5686483836885338,0.6343228267438319,0.3856962411136277,0.5095414889579495,0.6150505644923877,0.5232662440861476,0.4726611555759226,0.6444475182794788,0.6179451208324368,0.5928967225571481,0.640766559599989,0.6503325915255449,0.6076343911593974,0.635968910014196,0.43976733677341806,0.6060994078615296,0.6630378320412976,0.5206394879351743,0.5593299329335539,0.4344774847703969,0.7560042257746659,0.6444187315572356,0.5896793498539348,0.6825634570339677,0.6214731645511576,0.5075879141754602,0.674742440690731,0.6315673412426971,0.3823349223142847,0.6278184641289474,0.5886781506555288,0.5759189935245674,0.5987269652271466,0.6412378652578923,0.4976013333620816,0.6024987413380651,0.49956030319489114,0.5414424573991903,0.5581904526189102,0.6063004957208585,0.5074777962063219,0.6085359829832305,0.5903882472555765,0.6310042578707996,0.5536595810908423,0.5719419338255153,0.7255287112125287,0.6607297594271827,0.5881328299920706,0.6258497754907284,0.5927779931310957,0.545653951277331,0.5584022485438024,0.6155633518211754,0.5715151503987931,0.40004379851052424,0.6398996261376478,0.5585131988158415,0.5225066261584108,0.5977896038467783,0.5781872915385853,0.5487244502510918,0.36189586107022326,0.6939216506518654,0.4929446868252907,0.6383591962560271,0.5960123493162418,0.5607026991131769,0.46050161930352274,0.4964066911681137,0.47209270691714394,0.5009350276549599,0.6059190602031059,0.570910947282375,0.5598983538983349,0.5376673685777619,0.46766672870552317,0.5798752067879019,0.5071849201208517,0.5709581831719843,0.45895410060118613,0.6061170266642857,0.4866949329621968,0.6848566266617847,0.5687634456789944,0.651095256558098,0.5772208053809997,0.6030661820591788,0.48687917453575524,0.5587780343639641,0.6107243753000745,0.5613459574838794,0.5942971490996924,0.6025932003508464,0.5817111672409185,0.5331971603873502,0.6180830216556861,0.5276963254710871,0.6728482474600411,0.5411158016761043,0.4591548604576661,0.5969756868641065,0.613098550992556,0.3728980221859851,0.5957878470314407,0.5745188112677548,0.6052875492644395,0.6704973480393248,0.5223683869976761,0.40214469472737363,0.655464312693054,0.5071605996701654,0.6080720886147041,0.5215701236297687,0.5737607514002832,0.5599109750079756,0.5198307295813407,0.7196510559526369,0.4776050586316433,0.4440947510723413,0.5622543832838885,0.5095875513320204,0.4687288514160036,0.67310177534303,0.5456090176077348,0.6248153598171862,0.37592518666554237,0.5716940595029366,0.5496179849246479,0.5326526581932483,0.48468382938467697,0.5262566665813142,0.5947626211513267,0.606860896322954,0.5996739544027281,0.5319308594154377,0.7272824624348174
0.5782741904850154,0.5820950460865908,0.5693023026827717,0.4188716269946813,0.5128869165526863,0.5892555182137829,0.5502954146355017,0.5999871639718125,0.5215311995770964,0.6044804980415693,0.45752231021980483,0.0,0.522397717890568,0.38172383170240637,0.545866844557713,0.49267046958205957,0.45339100174396857,0.4832436773440865,0.5151937321889151,0.4600862546635977,0.4811741443251287,0.5224198964406099,0.5588918570111172,0.5692720289896582,0.66379977748879,0.43679583205546335,0.509160649998891,0.472469131481726,0.425197933466768,0.5805281831361335,0.6255252482722274,0.48264344151798994,0.45475952854394935,0.4991916305440959,0.4772910234078298,0.4040767713207145,0.5730217570577311,0.4120886397507212,0.44078618974844674,0.4637276820678498,0.4329449899165052,0.6127033180322716,0.43107896937021406,0.4350232162068395,0.5513935542758667,0.49794566938467094,0.5954199032892743,0.4268104799087858,0.5104272576618707,0.397029821100619,0.4263028998445258,0.4827312772092525,0.35992375102832536,0.4241662539895017,0.3824814127393496,0.5451573049309243,0.42454764337044754,0.6057580998257421,0.3881140989115905,0.4372373772341974,0.4159787725518534,0.35817918631215895,0.3913250030374503,0.35697676464688843,0.37471602591799014,0.37670576302799325,0.4424497453333671,0.5187584818960247,0.4167380118650638,0.5496336255259741,0.47718314586240734,0.369021253301062,0.3762360246754389,0.46759101000976466,0.45836016343544883,0.45899325264137264,0.4054896979853443,0.5227039380459318,0.42091543641130685,0.37711000864976013,0.41444052126678943,0.5002919102513825,0.5399688684599542,0.407669800855503,0.3805240553558075,0.6054840785519457,0.4689411430158175,0.39987812597818984,0.548395952710656,0.4853256688618041,0.48372948105215685,0.5452846592762981,0.4021263153918334,0.39379905881162536,0.37102238666158904,0.6147920669622674,0.35170702567702766,0.6167587271811463,0.3602680781706265,0.5239644414059245,0.36964194976828785,0.40115567829385884,0.39934317641359324,0.5845981989218342,0.3893203562404435,0.5137905301411231,0.38727815571325125,0.5827738801752781,0.47695291757744984,0.6003801465901223,0.48928739453179176,0.38059034109311785,0.4259243968084144,0.4121241333675075,0.39776180247188925,0.6353497313783459,0.47322564228778197,0.4676000531341342,0.3927837961400071,0.46270692480287995,0.39571475274197715,0.4157422869219482,0.42843747559231493,0.5460568307378455,0.36909889882752306,0.5314790050347631,0.3879235124362753,0.5451516379096294,0.4302920680868993,0.4048669492529385,0.5387647915646033,0.4238036993265576,0.3762220853180604,0.4296377256641878,0.4358135586892428,0.350822715274523,0.5396651195507542,0.4622569479152458,0.441132971006451,0.4844866092030883,0.38622685642723437,0.4004625913997587,0.4884068933746095,0.3616741359961456,0.43526437775024557,0.6031068286296664,0.6048696244826327,0.4596894108913002,0.5822567404828156,0.3545284751555826,0.4644404355148914,0.38862571921203615,0.44259077391740126,0.4827490604955737,0.6279116301670435,0.5144838467522037,0.4890875836604628,0.7106444689647082,0.3759446254621424,0.3748456609108214,0.4088208215827175,0.4410269597532045,0.40014868663064795,0.5111918107712295
