0,1,2,3,4,5,6,7,8,9,10,11,12,13,14,15,16,17,18,19,20,21,22,23,24,25,26,27,28,29,30,31,32,33,34,35,36,37,38,39,40,41,42,43,44,45,46,47,48,49,50,51,52,53,54,55,56,57,58,59,60,61,62,63,64,65,66,67,68,69,70,71,72,73,74,75,76,77,78,79,80,81,82,83,84,85,86,87,88,89,90,91,92,93,94,95,96,97,98,99,100,101,102,103,104,105,106,107,108,109,110,111,112,113,114,115,116,117,118,119,120,121,122,123,124,125,126,127,128,129,130,131,132,133,134,135,136,137,138,139,140,141,142,143,144,145,146,147,148,149,150,151,152,153,154,155,156,157,158,159,160,161,162,163
0.0,0.5648246299366738,0.515096150643201,0.5142472142645269,0.46258841574733345,0.5515037893450301,0.507142833630668,0.5281868899534835,0.5570380926577928,0.539450502745564,0.5318368285094444,0.5052492793104778,0.6377130406941921,0.5263620071003854,0.5782292119038844,0.5689899433013831,0.6142387212095428,0.7152138996947305,0.5515619650835937,0.6587089814773676,0.5912270475142251,0.5430899525148429,0.5128978985419576,0.5193012666564405,0.6265179648657684,0.4888324503609041,0.48076044079402225,0.5610146630553583,0.47046783653168023,0.5274131040566495,0.6030975631001632,0.6229212240946143,0.5241987207304404,0.4949199403560154,0.6312623024520007,0.54956739191825,0.6064920209411854,0.5934778124199209,0.4825796647279956,0.5481330733674186,0.5498966526453803,0.5335763669834722,0.6177947300460549,0.5796031254655467,0.5897696357796405,0.6620162942868724,0.5256121148416752,0.5356210083157873,0.6032390755130547,0.6657833523733265,0.6479648437784754,0.5936876961358197,0.4993324919354759,0.5438122230104198,0.540316486214099,0.5433990972525631,0.6979307189909854,0.5320718066286197,0.5546642829180127,0.6348057744768344,0.5257927364645286,0.5106202162887422,0.5786870622660751,0.48578283362640456,0.5951093583204071,0.6067230993824605,0.5292129610624923,0.555690961877203,0.5704809232682105,0.556531511098853,0.6431427495933708,0.5917618770544874,0.5289451882070486,0.6163219073003233,0.5990538586952819,0.5809424549715272,0.49422489004321246,0.4831125912016238,0.5526888348295432,0.47712709577995055,0.5370570157757526,0.594452481214805,0.5394466376263914,0.5421198236126936,0.5979490149842819,0.6047146052744957,0.5100525640460436,0.5829874238345762,0.6261536673948214,0.4933077660771609,0.608509908949175,0.5590959821436593,0.6234775755684001,0.608855463288589,0.5706170964153987,0.5262776807258313,0.48370792229501375,0.541067900091135,0.4713174197347847,0.6035362705087256,0.5234406521606719,0.4840872746695744,0.522638056593444,0.5242768753063561,0.639369714959198,0.6043324092515332,0.5941949621662642,0.5367772942155267,0.6148113461147933,0.56230862177298,0.5358845013644294,0.5579843349451622,0.5931129494193255,0.4974090100717715,0.604476445528453,0.5864229142169838,0.5925875108865711,0.559948883486902,0.5130964759677684,0.49531620182545144,0.5573305494479656,0.4916737137069596,0.554595804060908,0.6235684704780384,0.5281408823623169,0.5435532794462242,0.5069536403350248,0.4948009904078482,0.5398125090180053,0.592005833584985,0.5407585749873447,0.5446427686581341,0.5037631737359666,0.4962410282959815,0.5471948347341984,0.5397667072174104,0.5413743324328485,0.578421058179496,0.5096505766327672,0.598549355566954,0.510527121347301,0.5417348431095876,0.6049932249615452,0.5107936324998267,0.5530442658453348,0.496162126793074,0.5325797989456809,0.5205172418187638,0.5889813458159807,0.407199755749927,0.6033415085040063,0.5239942096489077,0.5584290062361548,0.4977976485295612,0.5682420016172992,0.6011534257148196,0.5421277215573399,0.553889183225655,0.5108653292602863,0.5639257940031067,0.509275673894594,0.5911900748456324,0.48765172981812555,0.5716113812179205
0.5648246299366738,0.0,0.5408712034481208,0.5357374562301578,0.44822813332990885,0.5750181488499824,0.5051648404969071,0.504930779455693,0.5403420103793575,0.6040573519509806,0.5215578939997315,0.5324480740586023,0.5545713956497846,0.5306786161153673,0.5753554654644415,0.5172382514038182,0.5553729174257852,0.5443597107869511,0.5226792629091508,0.5381320496284653,0.5538496888869816,0.6006432838727277,0.4739871520753604,0.5377649430422689,0.5634609202929943,0.438288007405294,0.4878729850144509,0.5065777519888672,0.583490526702763,0.4891276584400557,0.5675007124149114,0.5212995237986124,0.5946868231177207,0.44354585767439597,0.5623014735396996,0.5458360311875053,0.5214143912335881,0.5509956118726347,0.5142722443503206,0.551849146780956,0.6201949907963398,0.5299610252863836,0.46271574707308044,0.5444516613810999,0.5256072395832434,0.5353691086810687,0.468884709363743,0.49122913771295595,0.5219998617569669,0.5365006314353732,0.5366918094334866,0.5262224729958004,0.5043013415974477,0.5935281963031181,0.5294833707332364,0.575273019560034,0.5575986154488805,0.5076235111024556,0.5006244981752791,0.5896387087943593,0.5241215638213463,0.4646014547974997,0.4758383366958955,0.4648388590865495,0.49979990180543477,0.4842057068606173,0.5151802694764994,0.4850118432318566,0.4658906804393527,0.49414581467920216,0.5385217873321058,0.5304211956868735,0.4645263952384503,0.5456889804540632,0.5819001703115849,0.49365910730631857,0.4566293882604864,0.49886233753597237,0.47013342931378016,0.46961777643369906,0.5294626718046356,0.5435180261353099,0.5808921017171302,0.5141797203863433,0.5102609278966503,0.6045594156921746,0.4493583227824392,0.46469733610143127,0.5332614045299603,0.5518120851736958,0.5159606188442734,0.5555053614127753,0.5885112263498947,0.5288466652752829,0.5520396403830171,0.5747250854472444,0.4777630051595568,0.5191926388807337,0.45558048484659885,0.5433605012237442,0.5394705463674672,0.42331050194722014,0.4431259134205345,0.5265491662040287,0.5210888931788279,0.5061963644139159,0.518558299198567,0.5212783519327073,0.5776558698943596,0.5916037826841366,0.5062645611628903,0.48797759127068585,0.5230004408991017,0.497214606462485,0.5119109055910591,0.5907285097356489,0.523504419812608,0.48839502332252077,0.4954548593287035,0.5008558893274841,0.5253900159182568,0.45732058025013245,0.4932552459505158,0.6006000680154864,0.5159723143301157,0.5918247817472926,0.47659737268131563,0.4970492844397818,0.5550036696622949,0.5419188820424521,0.5676456382902394,0.5200436946649365,0.47785239498427645,0.5276451290799671,0.5405573208392139,0.5035845007822973,0.4979593210115949,0.5487999214861468,0.4885514388448345,0.5523678569582057,0.5119450548549274,0.5320227544890992,0.6160449365725069,0.5121985645996988,0.5435283080829881,0.4151262006270133,0.5597174368647803,0.5572898725000335,0.5587500688436826,0.4314324233152674,0.5055276490517651,0.5439587661077818,0.5502113800425529,0.5226350263528289,0.5622343255013107,0.5510299629227481,0.5452541833570443,0.5636031904679438,0.5398339020620857,0.480751630493615,0.5060842045465119,0.5507585493163992,0.49626463699165146,0.540638353646468
0.515096150643201,0.5408712034481208,0.0,0.49905247510692474,0.506177215317931,0.5666639964959067,0.4772721320048422,0.5020700261043136,0.4538698629924188,0.5485994313851321,0.5613148749047548,0.5171638624813729,0.5830715668736652,0.45495518035659244,0.5220797399520366,0.6012522291025919,0.5740007761075301,0.5038380139294322,0.46536464771196956,0.4821173990253499,0.6111999660876525,0.6415419164576919,0.44053901432207904,0.5319546468918929,0.5271958811088657,0.5060323508667959,0.44324744836887814,0.4576246751686836,0.4985533227058984,0.4719869962016834,0.47890430758454855,0.5265079682459045,0.5103069059693416,0.42467337505369557,0.4655818765590023,0.5142131414747814,0.5482464359329647,0.5037446895544485,0.48389567544925394,0.5250501604369692,0.5252455852100861,0.5225644567087647,0.5200592408037716,0.542500869669405,0.5207257495851576,0.5127073594820238,0.493374998318017,0.5772937634111271,0.49056107579243147,0.5324581614544944,0.5577751845264267,0.5449784427751297,0.4182297561084918,0.578893558478657,0.5251509914648795,0.49005179718681346,0.5118118369947481,0.5568941115885968,0.4677518372687674,0.5018339276654046,0.5110354523406794,0.4481781535035547,0.5243042233660105,0.43518420191474005,0.4574178983129023,0.4740435382732151,0.49232514263079324,0.5508380041924492,0.507000546739598,0.5010922716496781,0.5611251173595887,0.44603445651958196,0.4567153600774186,0.6031175431403095,0.5307837914863838,0.41590237072239916,0.5138545531839827,0.5244356466020056,0.45408936337574335,0.4380775897022977,0.5014926426492848,0.5024195428649499,0.5362873241133022,0.4800004666684696,0.48448560057545165,0.5272550069758096,0.46192052607420825,0.4494316013507375,0.46238549294809334,0.4684229519817218,0.5528661896912126,0.4610566287800074,0.5411467869368344,0.4476934672127737,0.49149606949237346,0.5294518960011914,0.4425284761473285,0.4747520040793953,0.4038580799550936,0.4904965623357164,0.44081780895199785,0.4759439070366108,0.4445521164562767,0.4838449611566987,0.47837351787034416,0.554808147841483,0.5467684637905905,0.4898962232496234,0.5369342961831771,0.5910540185761548,0.513837930158448,0.47383622940967696,0.5139234348072471,0.4488040221959201,0.46758022493200696,0.5399633749282319,0.44046141732943167,0.499850724829994,0.5564430768153349,0.4362791212021677,0.5102679904155909,0.4531138444018511,0.46214324185828637,0.550491306011975,0.4219223730427411,0.5480452038576156,0.46246323403531353,0.5292012003013757,0.5282440582059931,0.5096741968803578,0.4717336757303184,0.5888327680036611,0.4303415410260784,0.4417907628798483,0.5263929818148506,0.45154870586133355,0.46025239454573136,0.49509126120639024,0.48135246142848337,0.4947689953762926,0.4440417081095672,0.502513692062311,0.4994389213102571,0.4827373519396171,0.5258637988025909,0.43341596862078413,0.5453904120002135,0.5027000214562161,0.5297481163009038,0.3966441102624137,0.46130121391330564,0.4307807231718698,0.5164856661273929,0.5739457122040832,0.5417560304107183,0.5226569182042883,0.49333473913680376,0.5929619235505325,0.43343439195764716,0.4667586017445428,0.46055485013894565,0.43916019561393754,0.4382436075476866,0.5084709343413344
0.5142472142645269,0.5357374562301578,0.49905247510692474,0.0,0.44232079101042165,0.5002912497530487,0.5337056723276634,0.5136014974631637,0.47770725363566907,0.5059366188711879,0.5795361158815655,0.5151725061993826,0.5299220961116052,0.4996428432945529,0.5394425761758462,0.49346458061756526,0.5147767711011022,0.5006430019152547,0.488504519754714,0.46947024383766844,0.539028607678009,0.5492780083767795,0.48976419396730825,0.5065719763609084,0.5363161599066671,0.5024608991573402,0.5222037468139431,0.5095262228964447,0.4811690629756603,0.43194127848543695,0.5181358962198752,0.48614958023778576,0.6149484085677168,0.46612838069643175,0.5269687589999166,0.5537457687255563,0.5439968650585755,0.517819479855516,0.512253179317069,0.5582664753856281,0.5413967815521902,0.5007927760816971,0.46303944193567415,0.5507128185172737,0.5391214386610717,0.48347491443196905,0.4013945297422252,0.5075788872537828,0.5286813053117408,0.5005292345244243,0.5646381968772258,0.5018315497571735,0.4159883081421773,0.6418994044584325,0.5777720660809559,0.47724447997691255,0.5118178989644158,0.524784321950221,0.4874156482028838,0.5220293862674075,0.5543643096989609,0.43143358670711435,0.4693577445571862,0.4448307710576415,0.45171129176535263,0.456714334843137,0.5955576295548988,0.468475362832069,0.47305893418286726,0.529308529368087,0.5166618032085062,0.4799762639169589,0.5127960002430145,0.5923023979495794,0.5108953410115148,0.4242592123201451,0.5287043907099831,0.4903478712304796,0.45400498330591876,0.4215094864970169,0.44698071233790476,0.5605871698931566,0.471710414245362,0.47663159632177243,0.5255087034680086,0.520914242123283,0.501614443272865,0.4777665066284852,0.47857422739659206,0.501672397136355,0.5633698860674867,0.5304891310874996,0.5249847210328731,0.4612927649273292,0.5655024982381551,0.5271988008560493,0.4445295290418424,0.49417324304309224,0.43808621510451956,0.5446382559446965,0.5072121855174931,0.4754997493221598,0.5225028964199543,0.493570749958842,0.5098235431339385,0.4693970988494506,0.50295715372847,0.485347328955939,0.4998172483603977,0.5172861715128375,0.5727405402026495,0.5225367223874561,0.5639348702372664,0.50927333895357,0.4769719455650287,0.5245337382363556,0.44457950055751144,0.4661577886060015,0.5287909158680093,0.5041277239816407,0.48893400710018714,0.5168615897409515,0.4672949548551885,0.535333881301336,0.46459859398662373,0.5272252657623518,0.4798811815674059,0.4931690272116732,0.519924219758345,0.4971430900568795,0.45251448144724504,0.48643321257613004,0.49892756592743887,0.5264880135063568,0.536581212532037,0.41877338914196965,0.406863499835566,0.5362803000030617,0.5002417003078211,0.5163800879364066,0.5018198775408181,0.48348027387934994,0.572362156733527,0.5301322542810849,0.5387809559311002,0.44238262669548595,0.49618214126020155,0.4574081595490285,0.4760207473606958,0.38920872467627937,0.5538864568819243,0.4479639650347127,0.5435017398588162,0.4664859879746163,0.5556928461891937,0.5547389696613746,0.5259222397160022,0.5356641959291849,0.5876058955970297,0.5112346613282653,0.4366300991627792,0.4819714464528926,0.4721576174149298,0.5535129799042021
0.46258841574733345,0.44822813332990885,0.506177215317931,0.44232079101042165,0.0,0.4505511662543065,0.5145026161884161,0.3922709791457068,0.4243654026434951,0.434395045235875,0.532042470485489,0.4855185472927184,0.45120145142510343,0.41355442043252877,0.47424319337959736,0.5074271372572519,0.48008865450612,0.43519240424322697,0.4124746035100515,0.4159798952373436,0.5245811970807049,0.5243876128844353,0.43896392746900537,0.5145077708390291,0.4604527130832274,0.499258564609234,0.40777836470281764,0.39421564893939925,0.4541167063290226,0.48737732298240977,0.43756665403566897,0.4459760070202978,0.436041621199288,0.39903909283266314,0.44527754731056085,0.4553877940716374,0.5052529017481721,0.4515020668206179,0.4707209264907125,0.47753303239678807,0.4606430083552354,0.507902132787316,0.4590738140284889,0.5702129515637947,0.4228656979291525,0.42115778517899494,0.46483969365808564,0.5664558145477354,0.48578615710701817,0.4614166900093402,0.49759156356768897,0.4722371582145724,0.36635183460528326,0.47539977839868014,0.47436014492271983,0.45438156680850733,0.4541885150362333,0.5052039744032689,0.41213416067816117,0.4299189262189113,0.39341638811853147,0.40025544612915886,0.42734349359161333,0.4128830610581035,0.4119666169979297,0.3904088598510274,0.4380036392150586,0.49908961490364484,0.4207098522956097,0.41833775298296805,0.49333126703712343,0.42073739502882895,0.418154741327704,0.4818514862680914,0.41288789708908036,0.37871871477562824,0.47180834574132324,0.6185976549029035,0.3891447616311273,0.458699368050326,0.42734540276637617,0.4568227529435366,0.5068863620761836,0.3913118068438727,0.45009397285803543,0.44117183057918247,0.408101083397356,0.4111840145999139,0.38873105441714284,0.4387258816566819,0.5711961737957535,0.440870126095247,0.5060292899817193,0.39865974331005605,0.46151619100191626,0.4851669573180091,0.3639796286199025,0.4219396253600797,0.41690853624686863,0.4080974313258635,0.4279539181637062,0.4015231898463399,0.4256216424199112,0.41929568349371293,0.41362924424028963,0.4556898100048932,0.42315172440821786,0.4319071531205894,0.4549327620103429,0.5299804631644637,0.5119682002792744,0.4749581461936161,0.4399122514890652,0.4170313749637953,0.40252624997314296,0.47091942279772275,0.38799484464171347,0.4780623830096562,0.47004268761557455,0.4157226384043526,0.5807847840582868,0.4012896153201612,0.4382552929222495,0.5170016414879633,0.42807385020614797,0.4614607848809722,0.4148502835225707,0.47664221637824755,0.4346043922123443,0.443979449198787,0.4141487253179411,0.47753946455058477,0.396895259974828,0.4400587526185831,0.452485342327724,0.4278404828257693,0.42652635166795855,0.4851210811176701,0.4149648091101485,0.45948829440808886,0.3801783651990743,0.47565594587295196,0.45259888148293026,0.4418920945010923,0.5216511740975395,0.4262843900262009,0.5252149860772586,0.42369164023387157,0.43931304481836847,0.3758030345157555,0.4310083515256062,0.39217374719209186,0.4653212589307134,0.48694427379055566,0.47655308635409394,0.4526812505137544,0.44601165687829836,0.524211890328736,0.42104658351981006,0.45865997248841395,0.3857991342296102,0.4264731737729883,0.4205111875827346,0.553549082744623
0.5515037893450301,0.5750181488499824,0.5666639964959067,0.5002912497530487,0.4505511662543065,0.0,0.4510281799027163,0.540146856431612,0.5183966963943977,0.5265731838676242,0.5155084282114845,0.5393658712455278,0.5564663345866027,0.45640878325397904,0.5030915770986997,0.5645830528993576,0.5523975187212626,0.49466989454046456,0.5345504022846346,0.4962612658517983,0.5815150802638352,0.5409284972964691,0.418185222486872,0.4680135270127361,0.5408191955673136,0.4455752672600572,0.42006044980145996,0.47102342657469426,0.48424858317751773,0.5241658109362736,0.5463077337289303,0.5715651852059637,0.5306049647902021,0.4309080422509232,0.4839631094756117,0.5124599325431916,0.5342001777924623,0.5279004313632231,0.5014512925697991,0.461677222186402,0.5329218899166687,0.5255027371765877,0.5010970339223813,0.5521128910740324,0.49506601693943497,0.5215435766561161,0.4791980036580273,0.5196965375577071,0.46696719273596005,0.5280105111354635,0.5693904376563365,0.5697836434032896,0.47080557272607454,0.5692754622134119,0.5179390264210125,0.5515318044439554,0.5528729092428769,0.598829437348099,0.44095742717043196,0.5291071174006022,0.5543273071951205,0.5086289473215009,0.567636262568481,0.41731428167747525,0.4854602296839374,0.5079800440804377,0.4708057356965821,0.5142682126720016,0.4543819034650905,0.5284075516111387,0.5734235599421621,0.46075418023372594,0.4612355028994142,0.5477779728636673,0.6194111458302283,0.47680014288199346,0.47866090222383034,0.4857955743046648,0.4782808411609296,0.507894363294184,0.5861246959213193,0.5423271484093368,0.5761339472049859,0.524159139842062,0.5175577459828035,0.5511176174315131,0.5032771188380487,0.45971990348370007,0.5268904996200442,0.4992928666660583,0.5325076956018278,0.5178047219489663,0.5574945013478247,0.5144174144787712,0.5042737935217914,0.5570656560084615,0.5099021250225716,0.5011529376033643,0.4301106295040546,0.5058231511339084,0.47173144768545017,0.4731407671450733,0.4476771357967622,0.49524869810422123,0.5343419536005335,0.5302597571685685,0.564762135711078,0.48032747999543135,0.5086551118709973,0.5397806514742155,0.5096157487515417,0.47359489618844586,0.5520937976292,0.4831042034844486,0.5033609172063784,0.5466404526853511,0.5089351511654775,0.4676549592230676,0.5082712846741894,0.4763551905058867,0.488315258655646,0.5026313060724614,0.4760288751442497,0.6069915816606142,0.4673452971523906,0.5749121801264362,0.48489339297387896,0.5097183031062464,0.5205067221083485,0.47892387992752256,0.544013980476271,0.6370215090633522,0.4724098009224765,0.49837611655903563,0.5046841064462373,0.4724777196499783,0.4806793768359839,0.4597488012110699,0.4189510280886503,0.5430587265405675,0.4806904749952,0.534206578835966,0.5383459747268912,0.49898723128381267,0.5175468590057982,0.4107248233052111,0.5721691944249242,0.5507704272144729,0.5204876634981797,0.42369327619588937,0.5056544867812831,0.5060759075631219,0.49519942255013105,0.460139358109145,0.5643128880945513,0.534023379774713,0.4844432264250504,0.6054164644016201,0.4433319880341466,0.5044936218879809,0.4671610849720261,0.5133825487751845,0.47311666058790725,0.5127499653648446
0.507142833630668,0.5051648404969071,0.4772721320048422,0.5337056723276634,0.5145026161884161,0.4510281799027163,0.0,0.4133212525561859,0.4446995747291297,0.5246013961670019,0.5223067124007142,0.48116998302382813,0.5042328889558515,0.4972795079561432,0.5225779926030919,0.47603200941357504,0.48982302552360235,0.48951559901934855,0.4318584754676636,0.43802606692328216,0.49848089180467253,0.5251473582622231,0.535901536176303,0.5171842599253509,0.5220424848316961,0.4819874932169072,0.4904251787027041,0.45110055690084244,0.4885192559094247,0.45313268304534776,0.4748117785456123,0.5021666668471938,0.4902350746996233,0.45161924413920135,0.5079082050005947,0.49195460237384364,0.544028901184729,0.450358447765603,0.4540317681368851,0.5781546129477159,0.4615432022079739,0.5264086659656022,0.4513338591497928,0.5438906587398943,0.47875237841561935,0.4583850875692529,0.4554761257251273,0.503980207873334,0.6213848547727205,0.47918059868930685,0.5488924128236558,0.4576153001657174,0.39584993556604176,0.5197404162849585,0.5357126373784485,0.49269974060854865,0.47075064086851326,0.46090714665645216,0.5256584131747603,0.4873418392844573,0.43187102032371266,0.4180989708412294,0.41289126778013374,0.44716186761303883,0.4429230235367026,0.4190933882980461,0.5464339846268226,0.5116649658299343,0.4618416216862658,0.4380454032305537,0.4942354811338203,0.4762648923571111,0.47753075566486686,0.5501714774980649,0.4266081943066158,0.4337792684585895,0.5228333384486982,0.5710654271253187,0.39124091861065236,0.43001194693338674,0.41962178196035393,0.49425317616509246,0.4877668285507458,0.3993001883152193,0.4754786316680031,0.446539542702505,0.4242657257147963,0.49587864879605514,0.44741853952940036,0.46379378215115696,0.5664325462897423,0.5317840817491385,0.5350234224934971,0.4353435297359874,0.5280263713754061,0.5104277270685877,0.37558536627570765,0.46064271697286313,0.44516587388760576,0.5087344314774015,0.48226507671912283,0.4212699390562512,0.492514983173667,0.45094968879391517,0.4467239286775254,0.4508233771879209,0.4468727526946276,0.4570581744932085,0.5121845610103392,0.5504980193410068,0.5767839476074508,0.48882610657581244,0.5130836050895369,0.44401946530382214,0.4243941487002558,0.4834512065009873,0.4262294781332847,0.5235416833008846,0.4964577422923519,0.45785593754528287,0.5060824111625205,0.41538945917992515,0.45113667703753146,0.5382322853883942,0.45140403164044096,0.4836087568423237,0.46700786588159504,0.47273479219830966,0.4638848192517955,0.48295154952225533,0.43409230224576895,0.4357343328901863,0.42510878399911073,0.44496866769326204,0.4606312148663367,0.424497349987115,0.4108019784677528,0.5439895383129607,0.45875843138542444,0.46901805843307487,0.43060225854088907,0.493397477109034,0.5545359796264422,0.47285933513761147,0.5185073199621096,0.4854546093700497,0.4665142292568656,0.4418281901141378,0.46333346332609543,0.36163014827143336,0.46390078232418963,0.4247611127461166,0.48396185404224634,0.5491996558968043,0.4851852279884138,0.48937960151759546,0.5019492436272806,0.5174671579567878,0.5330774579048888,0.5394099075527709,0.42692493166049417,0.4613660963974106,0.4395408244613072,0.5206259189836083
0.5281868899534835,0.504930779455693,0.5020700261043136,0.5136014974631637,0.3922709791457068,0.540146856431612,0.4133212525561859,0.0,0.535946757083224,0.4908364202793029,0.5145892363691142,0.511688477624136,0.5640814241485369,0.4468913720442945,0.5058595515218229,0.5322205237622557,0.4926360690652493,0.5014241545861362,0.49940793370177766,0.5191188191922352,0.5044153400175249,0.505796984031312,0.4296256597807787,0.4467593004024505,0.539608813997664,0.45873029148459854,0.48595173072444514,0.4965994901738316,0.43206149609411876,0.47195227174227744,0.5907091687780675,0.5052828412859517,0.5180615409177673,0.44692298776393935,0.4819042877309984,0.5085851591648892,0.5581179474801712,0.5609179235513415,0.5110990478873542,0.4519081382141389,0.4936779897225981,0.45780356944419254,0.5130768367220058,0.47726548636084287,0.5944900499653433,0.5263620414955863,0.4027636847419659,0.48694165683911145,0.4589276493786644,0.5013079453998025,0.5075792450772857,0.47620725394069985,0.4112480286574265,0.5165718098937373,0.5125820196181478,0.4740672202842731,0.5200801202881821,0.5625491716493656,0.42665028366611896,0.5175497071110191,0.6462527590760975,0.45508873979268655,0.5157683732305357,0.4168769837392891,0.44446619015100397,0.49565746226172586,0.50602774596924,0.4725240493252098,0.48708170249278604,0.7034332132578153,0.5327545355607507,0.4610607569648137,0.45264316138016736,0.5311203827400472,0.5972530531594662,0.44249739360989704,0.48390709050838093,0.4288730394601182,0.5414551876477076,0.4094878940862738,0.4617752968238725,0.527629869125178,0.49037556285040956,0.5731858100390043,0.4944781095068662,0.5928759786722919,0.6180180496382144,0.4663932454691967,0.5451496386049838,0.5239316222360358,0.49092492613954203,0.4742309791573716,0.4886994914915119,0.4664197187223897,0.47052419570088155,0.5237168656418641,0.5124601014208933,0.4799450390267591,0.4025646097810097,0.5055809918240243,0.4805944382929768,0.5676037521910983,0.4580752893218429,0.49665037349112895,0.5420689649392955,0.5203277395316266,0.5418403521964584,0.48261702157400566,0.47309326323809325,0.47369485968087927,0.46071653367737125,0.47509816118566656,0.5109350376156834,0.5201899654424831,0.5036313361296759,0.5074359154241885,0.4556081719349358,0.46294753066724553,0.44222737446366395,0.4701593597551031,0.4492866039019727,0.5994571727376015,0.4442342133234621,0.5095071675019847,0.43552441913917833,0.5439343104018348,0.44007291796622444,0.5411311825637775,0.49418671704053296,0.4963177994688806,0.5108080371738127,0.5316849116868145,0.5541200561470866,0.48040935037912486,0.5461023193320245,0.4189498991599482,0.46112527126649644,0.46578883832792933,0.48401434451214637,0.5734876765808182,0.48995346341447316,0.4704135536117055,0.4890425152895578,0.48245156793752264,0.5035562625577148,0.4140611095240025,0.51787497898551,0.47940666143914473,0.512711620360336,0.398897277097989,0.5753036612752879,0.4430284161529258,0.4997416114748381,0.436592264711634,0.5485879401022467,0.6260463186825048,0.49760420730374527,0.5240396033010426,0.4439088731508249,0.45671116110765164,0.42861952819655985,0.4672609852346792,0.45971726123656015,0.4855700088960517
0.5570380926577928,0.5403420103793575,0.4538698629924188,0.47770725363566907,0.4243654026434951,0.5183966963943977,0.4446995747291297,0.535946757083224,0.0,0.48869612687914527,0.4802998354011704,0.49200956703078813,0.48847732713830105,0.4807298441602258,0.5100157843684504,0.4722822590934627,0.4658392339406648,0.506514046659297,0.4831115993335742,0.5125804657628018,0.49425799935171283,0.5195896467797201,0.4309848954978403,0.43731002408983316,0.537684835258903,0.41795701664222334,0.46452663120638077,0.44866989879613106,0.4370863510472789,0.5153390112098022,0.6392551755699353,0.4863141291262897,0.48174006632436056,0.41558774233901336,0.5363104557367954,0.4992543497197003,0.5251573270820499,0.565194634557703,0.505332884458379,0.43985635386269156,0.4842233558423836,0.5417966416667023,0.46263922516098244,0.4962547335832499,0.4891912612503959,0.4743641524707488,0.42026269214293,0.4576176764288543,0.47210296501560195,0.5004681041923544,0.49517927242764564,0.45720752683368565,0.44053697680523707,0.48398720249978266,0.47261839225525637,0.5850271240618911,0.5170908473074118,0.5155140778321112,0.4455025411705626,0.4989879168801897,0.4983663790519237,0.4659949032566902,0.45571952189424836,0.44502045858543066,0.4891470368004693,0.46204579321312417,0.5036227261030387,0.4839156732302618,0.45645834552302106,0.5600762054936956,0.5511619343664412,0.5028043495094335,0.47630857164259477,0.4835754134107679,0.5367217479965649,0.46620348436860737,0.44026582815778287,0.44638780631587827,0.4587110501433947,0.4417577912516397,0.4799655298057431,0.6123260276731255,0.5400916408476472,0.48639215776114564,0.5176496092848626,0.5683473333965373,0.5368278656475816,0.481398099464594,0.5054996111529791,0.6085056149251484,0.5124336278151675,0.5740481743227152,0.49759540672630054,0.4724361501478234,0.5425116929793781,0.5523581164700448,0.49011199474658257,0.49397880922625187,0.47876310218679297,0.4741682111097744,0.524054613421386,0.45372964640550634,0.46289450765076734,0.48773956867726914,0.539292100441168,0.46156899464442713,0.46869948423340163,0.4752714595587933,0.45910134755976806,0.484286396529495,0.4613632914388313,0.5133573527927741,0.5167849568208784,0.5655197573311376,0.4588567974418321,0.49020460355750456,0.4707513064192487,0.4640895842520014,0.42055201838588174,0.5327027697696823,0.4955976931852071,0.5255022532057131,0.465294135478549,0.5239799620431452,0.5713374211084644,0.48483167311478687,0.46409734109408507,0.47655051341449767,0.4528946019238359,0.4933944482002388,0.6178516928129819,0.5166094364765353,0.5264894252653178,0.5874380623886226,0.5248180757980199,0.4689696403382538,0.4545970191807696,0.4723278926881264,0.4333787309035159,0.5989249389476213,0.46906465100526307,0.5168318277221184,0.5659973281572405,0.5450755958808774,0.5306366728167211,0.4208385112715604,0.5908457397331384,0.4746777164099964,0.5044847267066905,0.41334374758629255,0.5636805698162413,0.4911893808458444,0.5026953702319804,0.4382681166527177,0.5283598369677869,0.6122436727540405,0.4718916719251753,0.5016073214326731,0.4711930026197087,0.4632619950631112,0.43234550331988647,0.5656710965279463,0.5547801582143064,0.5444253759344345
0.539450502745564,0.6040573519509806,0.5485994313851321,0.5059366188711879,0.434395045235875,0.5265731838676242,0.5246013961670019,0.4908364202793029,0.48869612687914527,0.0,0.5092779376627767,0.500931078530969,0.5712958647790215,0.5187667519321276,0.5164868425189496,0.526580832321591,0.5383289352079583,0.5511878553444343,0.4771706425467585,0.4989018388978377,0.5170406522860775,0.5384145461201231,0.5060362307347367,0.48003071103926076,0.6311401470167997,0.4472059496466553,0.5078404127210049,0.5020957351728533,0.5765941344627151,0.4825418602087684,0.5253316046584241,0.5597493398655204,0.5100519413085718,0.4499271107157631,0.5199985447105631,0.5142996286150311,0.5503891751122816,0.5190338978676193,0.45413246422027825,0.5312693790985953,0.5063254825911153,0.5292065822694554,0.4841994195385534,0.5126033439166024,0.5254149392106092,0.5174450551139227,0.4782992429681824,0.4951271815563848,0.5624594647575105,0.5000044489023296,0.5219241482524817,0.47709303643003464,0.44150528996655425,0.517963612975451,0.5350042939716182,0.5527559215439667,0.5023113967947793,0.4937158034651637,0.5371067214491287,0.5212001988098951,0.4920980153360642,0.4509236957747943,0.45573916750278026,0.4679707824465859,0.46440329586561324,0.47000272045289226,0.5178137641159882,0.5154165786984295,0.5296025054247332,0.5095283743316692,0.5061884786246121,0.5143970869134613,0.47193687351731095,0.5481313249572907,0.5256534935336883,0.49690836517268433,0.4720911541177416,0.5061468757920402,0.4500194395696632,0.4487567149050706,0.505201434233961,0.49026152426546654,0.5352322239899909,0.49179779426992554,0.49920315475741,0.5254174131735196,0.4618017215675331,0.5016644533496739,0.5469886966336119,0.48609046216659946,0.5161867957546401,0.5294248793366156,0.5540447447137978,0.46926648501162127,0.5227707534007888,0.5803467579940355,0.42325482533612807,0.5233199083667054,0.4383243580333014,0.5390253836197529,0.5039587378163355,0.4470854239833536,0.47771391311684025,0.5698118478777994,0.49645232029995734,0.5010901335221384,0.5098815262915201,0.542736265446228,0.5576551116233444,0.5608567571954906,0.4976152670659258,0.47790023924880703,0.5322199379093285,0.5014914895179294,0.4753965117857083,0.5139256949436324,0.511017382146948,0.5457710901278768,0.514788948257115,0.49078944038523453,0.47115715007603326,0.4583366978507242,0.47280046130116543,0.5503691485734159,0.47004099771183633,0.5744268163455977,0.4655021499035497,0.471915975052927,0.5487167515683323,0.5353769872029958,0.5484561834218887,0.48845773919486923,0.4612442522435256,0.4470849566526986,0.4912411878589278,0.45750741580204296,0.47358423459917104,0.5135438497634267,0.5023024286957539,0.5246796670881335,0.5045459247746591,0.5299030788084943,0.5481283662083799,0.49408522587305337,0.5374347956370673,0.45095030719117035,0.47705508293783094,0.5386221776277726,0.612522020446237,0.4066858447266399,0.47578294169675,0.5111756420227356,0.4848650480465059,0.5540418423671785,0.5589348788599925,0.5358822430943126,0.5016856210878998,0.5535927281895612,0.5026083027547367,0.5021366958129165,0.533297975157813,0.5156732906172736,0.49575480559438967,0.48396914840149957
0.5318368285094444,0.5215578939997315,0.5613148749047548,0.5795361158815655,0.532042470485489,0.5155084282114845,0.5223067124007142,0.5145892363691142,0.4802998354011704,0.5092779376627767,0.0,0.6158425320392309,0.5550902569792149,0.46425544041047884,0.5360679277332292,0.6310820062640495,0.5702029724554435,0.4994966259974679,0.5158818850135825,0.501507244655879,0.6038161813279807,0.6008016166916866,0.5151777229825488,0.5668935617819163,0.5769687818418843,0.5433566487335149,0.5207768172428517,0.5158426844271552,0.5181572187541021,0.5188445738289788,0.5354407000199581,0.5212084292346217,0.5185182312173741,0.4845288516371534,0.5176924345271838,0.5473818831699392,0.6290867031719635,0.5573262856650106,0.6067947111265465,0.5433134423432572,0.526435732384939,0.5250919739663138,0.5199232520362387,0.611161706892775,0.5425096710976042,0.48664104258057544,0.42010921311956245,0.6618891588309939,0.5731577034161572,0.5185791453980513,0.5713801035386961,0.5012983795261434,0.3936326532901794,0.6007654139294688,0.6424337904063603,0.4705316719435752,0.5436929898142835,0.6426244864464996,0.4562239302855439,0.5157746138562979,0.5250078650567057,0.4250573030121629,0.4816924290904754,0.45251367065526316,0.438386915799358,0.4472746598354035,0.535330802083328,0.4899167497146942,0.4851076204309105,0.5516374966266996,0.5292719794881808,0.47494986200723666,0.4790700389063044,0.5960716729744713,0.5185494197120696,0.4190172588718026,0.588246153885205,0.571229601649676,0.4650221512315208,0.4604408592614915,0.4508309992484845,0.5187055396596422,0.5185828305961488,0.4807341706791422,0.5272626025314092,0.5336656997832991,0.5260357186188546,0.46201548471830334,0.4665136630758845,0.5016179941635405,0.6122329807713794,0.48190291453951734,0.5876212731623401,0.45923730952911057,0.5164264238161597,0.5493460652574728,0.4259230812437885,0.4760697791081423,0.4311179184092879,0.48200396244127347,0.5143560406573058,0.5145824017873961,0.4816400920481214,0.4866709759544171,0.4903317762562026,0.5068913757948427,0.5129850557247501,0.5127254477255826,0.49373027729836294,0.5873049327600306,0.6134265753043723,0.5399689481817034,0.513457610598402,0.5251018217048088,0.46690587188798355,0.5405796928176041,0.43752822675378467,0.5701213714960871,0.5237129414971904,0.4704997319028128,0.5701907969786913,0.492669016191216,0.4848531394744826,0.5758282055438638,0.46120157628280267,0.5798302073621797,0.44626243062773074,0.5675649591934986,0.5307202999285076,0.4953934993537445,0.4631929193046681,0.5400026635560419,0.5185098881455074,0.5103180183638952,0.5928982523891617,0.4304482757517085,0.4599338712655902,0.5376627261660226,0.5218599266875456,0.5736321571483127,0.44606883470248426,0.5259851889098458,0.5153431773119421,0.5101537671914428,0.6231436154551959,0.4433631689218817,0.5445137484046877,0.46528855209977005,0.5175722347137477,0.4170673054216211,0.5649164076659398,0.436097292486429,0.608144172455738,0.4824926997466766,0.5901857719492095,0.5751690729557344,0.5837041342852846,0.5889115734841492,0.4960600647246478,0.527815511275159,0.4123745324935446,0.4784471594309024,0.4647078362387636,0.6417296150385156
0.5052492793104778,0.5324480740586023,0.5171638624813729,0.5151725061993826,0.4855185472927184,0.5393658712455278,0.48116998302382813,0.511688477624136,0.49200956703078813,0.500931078530969,0.6158425320392309,0.0,0.49303408734135895,0.4182385588817768,0.4908315068039329,0.5700017580731936,0.5309759207279705,0.45325076690791744,0.566091580827061,0.5002004831047958,0.5845981215367797,0.5309934868653373,0.49993828232767396,0.5446194678935108,0.5960980394368629,0.47369299890037525,0.4651236703860209,0.4972146293727411,0.4874926019334305,0.5480386029335502,0.5564705789541077,0.49724820200963177,0.48149028980200154,0.5100646752290409,0.49755814570319673,0.5130717449182688,0.5520480931253876,0.5139126133576779,0.5872693567477307,0.47418779676962636,0.507121533979551,0.5380473936466755,0.47773335637235187,0.5694561052089921,0.5161877366514803,0.46303886413375955,0.4179775444955212,0.5628902868919259,0.5197680919338582,0.47538935278599004,0.506239107086056,0.4930025883336661,0.3800400121958685,0.5453242149733084,0.5445058425274587,0.49723295809768103,0.514988554543203,0.6571563705159595,0.41569588892013065,0.4826908745977475,0.4805256514931992,0.40275800264302614,0.450152295483088,0.42952853486697085,0.41567156774192804,0.42292731911306297,0.47118737422818896,0.4429395815571378,0.4266720622734434,0.5101667799388016,0.48191985548186983,0.4389598569477855,0.44286292247867604,0.5121337006954748,0.5005331468025389,0.41083148011396814,0.4877602048253679,0.518444784803997,0.4558377915484691,0.44925850495135705,0.4429752962793737,0.49926853596857657,0.5187844587290426,0.45615186812554104,0.5054197410126723,0.5395839707829149,0.5005541467124073,0.42017610845043624,0.45921744911605356,0.525229918988233,0.5294923314896164,0.4946245836808732,0.5213833327823616,0.44530592083006854,0.465414489688399,0.5583960964449234,0.4169055947404619,0.5190645002042401,0.418371817289003,0.4566239394090893,0.47252000661866383,0.4667293319560013,0.45770271226860326,0.5200100306191303,0.4625871021943668,0.4879185207846157,0.48419235002879535,0.5383786206616729,0.4561799106639762,0.6072275350294869,0.596646941068059,0.5012477465959936,0.471913573030886,0.4965860251127768,0.43898979641718083,0.5268873392589034,0.44891522972475645,0.522858872809333,0.49610875119934783,0.45369294581936626,0.503588859945466,0.4602171139393567,0.4931912456613343,0.5449767857417139,0.44748872082285096,0.5572271426530904,0.42237844191619783,0.5370406528340459,0.5316804567328318,0.4380491215892833,0.4944068548931144,0.5129013865266572,0.46730760311491737,0.5071268231551073,0.562623555411515,0.4046085842959799,0.4846371971757529,0.47850420519659537,0.4754337384977012,0.5603543587433957,0.41688721979727456,0.4971163067844661,0.4962260938799139,0.47780760908556635,0.5683976234912924,0.43347131523783006,0.5635991000489989,0.4451696157666467,0.5420774995323482,0.4314974034183634,0.5470027292997233,0.42989826553333105,0.5570061248991267,0.45638796665589054,0.638679447537954,0.5308183273604145,0.516626635509502,0.5893585264840738,0.4441162878440717,0.4681904117013651,0.39028354699775886,0.48068215442550355,0.45910918202701373,0.5795523563590979
