0,1,2,3,4,5,6,7,8,9,10,11,12,13,14,15,16,17,18,19,20,21,22,23,24,25,26,27,28,29,30,31,32,33,34,35,36,37,38,39,40,41,42,43,44,45,46,47,48,49,50,51,52,53,54,55,56,57,58,59,60,61,62,63,64,65,66,67,68,69,70,71,72,73,74,75,76,77,78,79,80,81,82,83,84,85,86,87,88,89,90,91,92,93,94,95,96,97,98,99,100,101,102,103,104,105,106,107,108,109,110,111,112,113,114,115,116,117,118,119,120,121,122,123,124,125,126,127,128,129,130,131,132,133,134,135,136,137,138,139,140,141,142,143,144,145,146,147,148,149,150,151,152,153,154,155,156,157,158,159,160,161,162,163
0.0,0.3162301137226647,0.25598234261577374,0.2569196708084363,0.2654301901415912,0.2740861843871113,0.2690280513818319,0.29383311033865234,0.3389516718713547,0.27187117999202165,0.3238296944277393,0.2583342792970784,0.4010310838642566,0.3011284461292765,0.31717928670462425,0.3013673409246074,0.31851928760197196,0.4678307408316994,0.29230036977984175,0.40714277144434635,0.32070971017475625,0.3143212851566626,0.27426381679744305,0.3400342085503668,0.3574653437481838,0.27105060352887045,0.26482071968095444,0.2886482471525994,0.2536244112350486,0.2679087062869846,0.3304055831686331,0.327029639430926,0.2674487287422253,0.26562823787833617,0.3864599811015317,0.29119815703087376,0.3917853151956232,0.33571473084807996,0.2484151012509241,0.3815177398568706,0.2807735648608654,0.3068810063308732,0.33773184640416576,0.30617183961394057,0.3314259593192451,0.36047975001971605,0.2733994785074778,0.3003674031523715,0.3645188467197505,0.35117095422256017,0.3532812449149491,0.3047705545971501,0.2751680260850639,0.27441843457635007,0.28033542566459513,0.3038458524466019,0.4194553463580906,0.2775891440762904,0.3181796814753987,0.3516823245791374,0.2871618662244638,0.2548694071687138,0.3095959869789127,0.24656150402984894,0.3080887763010857,0.33222208534593417,0.31813700523537825,0.3238944485604714,0.2780962246452712,0.33959843389838906,0.3914494062720493,0.33379898753890663,0.3284405025140148,0.340431396686736,0.31442625111233596,0.33818145730237714,0.24069955801010484,0.27174035137335606,0.30983231466813793,0.25422423123826116,0.2802152744886377,0.347836311209406,0.308336138694999,0.3099908813979776,0.3301039369774822,0.3667314368032683,0.31842646638685357,0.3426743228849531,0.3408710399978456,0.2909785199143887,0.3429036235070389,0.2939546212898572,0.3349880083617596,0.35500860386976996,0.3148183435594165,0.2620472614593739,0.23118082223673048,0.2581346188378458,0.26703068475016317,0.37385309656712196,0.31013563894779594,0.2559306788769302,0.2610307906082325,0.22901671578595645,0.373970057970853,0.30412964219843674,0.2763797846754233,0.2944017467995164,0.33749383737019695,0.31080377474088183,0.2879009509158024,0.34148680599830183,0.3225989221247563,0.2564480350316621,0.36081668806104067,0.35309818166338164,0.3355337301462195,0.281540160825308,0.2366609526218905,0.2609183140769192,0.30051791343340506,0.23768960574146017,0.32985786710920545,0.36759798322775594,0.2971812545788526,0.28135912617875036,0.247573843989159,0.26482307247475195,0.2580520654345442,0.3312203490289375,0.2659156466955323,0.25766852429572795,0.2755405528986811,0.3204090220393362,0.2939773650859962,0.267857806328181,0.33371186619713733,0.36011011129637677,0.3057059152855314,0.34412164487000474,0.25084767273931474,0.28861533159032843,0.3492170860287708,0.25986934884681395,0.32515799810957857,0.31927273305184123,0.28709708917764726,0.25255248251322576,0.3154155423706274,0.19941609569016666,0.41242311744377996,0.28398812155757963,0.32003394057546203,0.22845713146486682,0.2919233569074512,0.36787246872305923,0.2958964973403019,0.28874690827087013,0.30602624757990265,0.2997196528162098,0.25348256181898887,0.39864568876054013,0.23037780412778466,0.4441071465720715
0.3162301137226647,0.0,0.3089859718108744,0.28068588780756404,0.25204033419352717,0.37077018969845615,0.28160054262422396,0.36450368857193655,0.2917850747995602,0.40254180232954,0.315376803109185,0.31951666084822333,0.30405668617808773,0.3245536201077148,0.3232957393756292,0.28556634799222047,0.294339545835541,0.29719463806996527,0.3253311863780916,0.2950921826239772,0.3370637837836599,0.3926850099886782,0.26456585507435815,0.30845565119617147,0.3851377158074055,0.2393294947737867,0.24528837049897514,0.2666923874778949,0.36251658416518523,0.250722899864105,0.3535982048502516,0.32316660795170654,0.3300510512163333,0.25122174471458913,0.3080974790997849,0.3216465439317565,0.3112400475951704,0.2987381218741902,0.28847856416699924,0.3255254904821726,0.3158750267610491,0.34498409935274604,0.2559472728421676,0.28604235768777475,0.3502623319041324,0.26986098600096997,0.26941865088934736,0.2809513248441232,0.30083297427317396,0.27831884098698567,0.3247569494822407,0.2783966326127342,0.29606200603580723,0.3882220524655218,0.3204455418403272,0.3379332743105633,0.30049634203769426,0.29825348794514567,0.32846600747224036,0.3104615340072512,0.337218327383439,0.2346768460642692,0.277543609720735,0.23288942013726338,0.26412070156666617,0.26896506673669,0.2927048302659831,0.2961600575405546,0.2625479117529641,0.35703574690075235,0.3051137707495348,0.2831469668322193,0.2612735887065246,0.3249396332909865,0.33512202881977604,0.2710181146465899,0.24545283878050267,0.31866934454002627,0.26048097736769,0.2334791569325503,0.2924673423911165,0.31210400285320816,0.3902372397220653,0.27738050074062354,0.2829017142640645,0.3718669626835813,0.2930497479478355,0.26560360841118996,0.2719774605740239,0.30748242213977633,0.27478490611686673,0.3120482142021208,0.3179973752288927,0.28099483568021094,0.3160979808354302,0.35999422067181297,0.26468246301702547,0.2912581348505944,0.24073154127033347,0.3130685506344685,0.2846112994421139,0.25577843304148346,0.22683900924374684,0.27705064777227356,0.29343900657012395,0.25830714196436233,0.26466404211003025,0.3494576784361911,0.31164083525481745,0.3623863570290251,0.2950912272529242,0.2563581791122441,0.30548540944524577,0.25783015265104675,0.3053899297043224,0.34241567432092285,0.31050156540556206,0.24366616009848102,0.27774101969604126,0.2640487828746272,0.25072718034498026,0.2507189778942414,0.2817858762121005,0.3673458523685919,0.2611051514968777,0.36965080942511797,0.25778103254315404,0.3094918304947206,0.34113685213905387,0.2797415449000777,0.3112336742781471,0.27953239070224123,0.23829325409513455,0.3170191962967386,0.3001184142196233,0.24531201857719043,0.2773168894810051,0.30288631786897735,0.3081901534409665,0.29350478425198867,0.28242713499824645,0.3408277095424516,0.3729515856587706,0.28557139669789844,0.32545804051501864,0.2689332730420189,0.31641079908413,0.28813724100118215,0.39227867790657417,0.22560825268041396,0.2815543118584872,0.3469052358063707,0.265511120840385,0.2958507486314385,0.3239200269837121,0.3374729004535752,0.2727175355682065,0.330918587720719,0.26599684765639725,0.25418102314860225,0.2835774248467264,0.3493891990671565,0.24461735407360596,0.2975557144387559
0.25598234261577374,0.3089859718108744,0.0,0.23709206606891647,0.24269391559912945,0.31328109167380624,0.2165011602158104,0.3265202631134176,0.2454815910919607,0.3501540334193394,0.2872006877426445,0.2699842652760047,0.31328142925964686,0.24978158259407207,0.24210288524019824,0.36251455862562143,0.32705955531301445,0.26174586487913043,0.23632543493549893,0.230457885697261,0.3415319790144787,0.37254193725742457,0.2128250406428949,0.25966749089192354,0.27967937587235436,0.2707847916282119,0.23970108035624987,0.24257385111358826,0.26695719329954615,0.2528732905103004,0.241889302340741,0.31562598740617814,0.2353759399960575,0.21839694835222875,0.2233989346475993,0.27259152615268517,0.2766775411610042,0.2816842570219574,0.24068331908440269,0.2918413281435832,0.2571292927745255,0.3184649179661481,0.2503584420108021,0.24343246548356018,0.2916356691358855,0.2520927137874738,0.27288277618537565,0.2678697084163289,0.24768818799619144,0.2538648347146307,0.27446511640497845,0.28406582719383555,0.20833098947728523,0.28666934875812705,0.2662682326154272,0.27227433966630804,0.2490145901041595,0.31148173673793256,0.2516190806297157,0.24836458382458995,0.27357123784884446,0.23467665146903122,0.2916683163427309,0.22502807243051537,0.21488741943446624,0.24069030877202643,0.24751079162531686,0.29372655134738435,0.2754698514572199,0.30395051214433355,0.28890865004045657,0.21873330064837557,0.2629481495796251,0.3624149906969231,0.3347906746263852,0.20524311795748243,0.2651590890429571,0.2803700153308609,0.2322319259245621,0.21414090944188213,0.2898086245804356,0.2592298719532956,0.29760198379919517,0.28274789171096826,0.259691251964747,0.3327097714102256,0.248158635166418,0.2190182096058441,0.253904588543584,0.23505820762233773,0.26887965177337564,0.21994002484759,0.2642700455145499,0.20904760942768563,0.26242264139146954,0.26060663090098113,0.2288542265545628,0.2672622841230144,0.21116976346518115,0.2720366162765131,0.20548534854516484,0.25850894305454114,0.20282180704388608,0.2536316918939777,0.2626812502847322,0.3044316924257298,0.26897531715608697,0.27509072265628876,0.26819546330567856,0.3012598015080118,0.24564923572291916,0.23378323163912104,0.26163197195893795,0.2432734649819549,0.23577033537498265,0.31469225413157886,0.2327680355373281,0.2595001912007907,0.28458756338897234,0.254772547113488,0.24313168973687216,0.23255324891094148,0.23439213639363873,0.28248172100968744,0.19880912672158196,0.3008562534804517,0.2514797378461636,0.27978184345726725,0.3125932211376047,0.25520858207987324,0.29255604943631913,0.3862493132581424,0.20289210721586493,0.22675760961387334,0.25380013605914037,0.2041337177343214,0.22153893820580384,0.23549249350367737,0.26594327287178726,0.24649389756773668,0.2048378471025423,0.28174567526862426,0.26141418826582596,0.26845661427485756,0.27292180671687005,0.21829780151520045,0.30305702435245063,0.2666551477665578,0.3422033845114076,0.23997908895294337,0.2143558755825802,0.21529634935261957,0.23967929100338073,0.3073265967338384,0.2877575218028504,0.25737783140227904,0.2467331926766276,0.3178776819454608,0.18289698193860873,0.24658488283237953,0.27815714015815823,0.21917826096951648,0.23601145303571433,0.2573355469713931
0.2569196708084363,0.28068588780756404,0.23709206606891647,0.0,0.23261645637075473,0.2754253641841325,0.30086477098181114,0.2856822146354611,0.23507137893743082,0.2666360584537217,0.26957055881456654,0.2773719400912939,0.2646654799583456,0.26680599061718613,0.28637211533030177,0.25065069176424026,0.28110331491949414,0.2742395734990698,0.281542696777965,0.2315425591536402,0.3049093063787789,0.2446971356802336,0.2601681445571706,0.23634924523255058,0.2936560280440438,0.2647808558351109,0.27167003421398295,0.25559678165184807,0.25027280546971065,0.21578734270979139,0.27670399533496925,0.2683383259342097,0.4024389675796842,0.27338552196567434,0.26758604442142037,0.2903475139953492,0.2725111115160622,0.2783374346194119,0.25569177255477954,0.32090525167438533,0.28647406042583706,0.28931326456171236,0.24488709467406364,0.29050595382052996,0.2780032785900825,0.2766406717383443,0.2035490517404994,0.23517196930956966,0.2674239490935929,0.25778326537189294,0.3520329352155927,0.2966887601542122,0.2582374951341045,0.3583664914420001,0.2923814179252565,0.25819595632800185,0.2900163168915651,0.3097888573688227,0.28423134242551884,0.30079953308291124,0.3010399697179138,0.24596376751927523,0.2850819443768528,0.21001309796146062,0.25557630918753393,0.2711318821653448,0.31721273916445203,0.23138120416730062,0.24492927307960166,0.3011134729011125,0.2543325856165814,0.24876038310812362,0.27946143680147495,0.36726673164097695,0.2901580657840659,0.23172021011867813,0.29409462240264933,0.29958387120613295,0.2548981712037434,0.21356108651948685,0.24862556544690015,0.31406500407842464,0.24945034964465312,0.25222145503416105,0.326288943413715,0.27296485479752935,0.30394281081856506,0.2870863739312868,0.28052196098210574,0.2490129602253286,0.30379400357391245,0.314981346407553,0.25860318373441116,0.2447314068489396,0.3081037589384701,0.2631158721890316,0.22763300354532354,0.2943551147551498,0.23924557530690316,0.3151884037052507,0.25446648942357675,0.28427816236223513,0.3235299562560931,0.2642281519556864,0.2896771718607029,0.2503839960613869,0.2763677996399624,0.25607909663896977,0.274547316967289,0.244276377333651,0.3198897057499905,0.27170668240350937,0.3232227689339118,0.3056225663782533,0.2814697573500124,0.27058275204586174,0.29173445461847763,0.20693804261834906,0.2842679371076609,0.2968849045631896,0.24133618327874595,0.31975141376973226,0.2505045262407982,0.300208239774189,0.2195748187284689,0.2722793689515041,0.2782577727309613,0.2614509686154787,0.29070356778959777,0.2635312579626687,0.23788628580603088,0.2689229806588209,0.26361796068323545,0.28745835292002253,0.24194037344196198,0.19877135370367316,0.18989262972289092,0.2782333793954104,0.25617981501551657,0.2821952837813742,0.3145834826141253,0.26929337364390904,0.34648694721158696,0.2766457569246382,0.2691330588611994,0.26573207829947465,0.2566239084618827,0.24967241669130058,0.23569549637665319,0.20120350388869448,0.2939085997299076,0.2965629142061643,0.263463154544717,0.2225304183429887,0.3299552576499117,0.28011209929524666,0.2348316423110717,0.2930714483862167,0.32973386268121485,0.2754715025655731,0.25678550292569846,0.2775719496964108,0.27187397134573915,0.27368716971113694
0.2654301901415912,0.25204033419352717,0.24269391559912945,0.23261645637075473,0.0,0.21788349990843447,0.2883840686989336,0.22698340026841884,0.2539361816469814,0.23077963573572402,0.2748609191372751,0.23570987545387015,0.2273605701355074,0.24607439027410177,0.306830475952323,0.24847970377081877,0.25187200310096863,0.2704533288148626,0.21657484594665805,0.22921003252119296,0.28679531452042173,0.28502971248201525,0.26175099564953547,0.2687667965223899,0.23986425770743533,0.25105705216828156,0.24438711126613602,0.2023507807252529,0.22341086531020513,0.26628823630646486,0.2879294624851327,0.22438887682894026,0.24070915662938738,0.2129760348003664,0.3128545681881743,0.2897329233320728,0.26349833457926475,0.2630389599643948,0.2713383007627977,0.2666255646468304,0.26961307873906376,0.30001971420639795,0.2710248332466462,0.3032853392240787,0.2321846849449166,0.22726216654000533,0.26750254399263634,0.2813979150993447,0.2765080554820876,0.28147737079679463,0.28767268175618377,0.23214457066959918,0.22662829658447642,0.24996213929108324,0.25250538649370674,0.2289952609741873,0.23488660892903443,0.30048125740982934,0.24554295364197892,0.24343750687235038,0.1972987508011178,0.21442602411071554,0.24019500713601863,0.24201734744228492,0.25159747522237075,0.19631713939142242,0.2298836624950588,0.25070211283566873,0.22832760864218243,0.26841880630636333,0.26429882479820027,0.2526664659836992,0.22430852987350905,0.26047317662935354,0.2281146513970377,0.20159028434446558,0.23180300720388483,0.36668798111319456,0.21291515165529762,0.20262881700809518,0.23083981806265044,0.2827280413416481,0.27747149303701557,0.2015401331647651,0.24402880662105594,0.2435395826948752,0.2420126821272993,0.24870942725291978,0.21218285934137748,0.2198665492233805,0.36729841800317864,0.2890808444634845,0.30732402247971535,0.19563818326781046,0.2585435616956274,0.23035306380591458,0.18764119178874825,0.22110179080618036,0.26004536651070836,0.22347705047607036,0.23756475087711462,0.2157564436890333,0.2386324300888423,0.20738020791731757,0.25058616427274805,0.23353583889505555,0.21334499274858035,0.24664788758142084,0.2808490499500443,0.23865234404347652,0.25344667591559805,0.28088303950397864,0.2259947132819114,0.252210243147309,0.22984911927740936,0.24728549345922757,0.21933750662457918,0.2379842140591945,0.2069088828152952,0.248051899356828,0.3356727093189671,0.22739722556562278,0.21615624873790415,0.28933630883556877,0.24250762160200678,0.22774804482102132,0.22124481952668895,0.2651537673750826,0.2187358085966296,0.2572918414675079,0.2308646339516203,0.23881046774465958,0.19013192104729373,0.2657083307607433,0.2369709924074367,0.23793372676360514,0.21812191934524822,0.3371525817076958,0.24806493479051328,0.290937047013735,0.2002211418447578,0.26408841156998,0.27717404399310014,0.2654869580326987,0.28362999430547603,0.2572329609945969,0.3118784802249635,0.2341269112783124,0.2317781928619121,0.19563665807556807,0.2466649869250445,0.23513171550878187,0.2677449961040866,0.25112714382620877,0.2589458201143416,0.25635377336635073,0.20324653194360212,0.26955310025730594,0.2267967082296114,0.21941742116790938,0.21381223419708972,0.24717258321286564,0.22845290699858703,0.3242120195825773
0.2740861843871113,0.37077018969845615,0.31328109167380624,0.2754253641841325,0.21788349990843447,0.0,0.24700950402129362,0.31902049211140643,0.23715711274211135,0.30695359992245397,0.2995609906743185,0.2942568015645806,0.345511483983172,0.2374697454036033,0.2817271237544518,0.30015225534678247,0.29035887186636183,0.2292802009951535,0.278365576164497,0.24810728130656015,0.3102444324507107,0.31632593373802154,0.20062927824846366,0.25127801983233017,0.3183492011644913,0.23299401757145055,0.21280180335323223,0.24736829293875265,0.2762450338048338,0.22443601510616595,0.27443641859861984,0.3203569298165436,0.31184087067893634,0.22495663440753347,0.24531317056780425,0.253281904630939,0.2945411741852408,0.24242394647092266,0.23886717858597614,0.25460029063407946,0.27895759721058244,0.30217585663366464,0.23854713556728735,0.30016121240000165,0.2647457266265851,0.239083801563863,0.22923382917750665,0.26996393209118785,0.22217486911502748,0.2432166383532101,0.2811480310598284,0.31312193798280924,0.22250241869409426,0.3411990866820112,0.25588215946528176,0.30547302950156585,0.24912780844167604,0.34128864275909204,0.23226609472841114,0.23942425974852818,0.35624799941704177,0.23452548256418415,0.29580119742268074,0.18603538748475448,0.2173478360545743,0.2405510772786831,0.26729699239514826,0.29540367667133255,0.22355798045719782,0.29751903654686285,0.2799178569620224,0.20970866576360506,0.25062414014166906,0.30422223973905016,0.3360611565721618,0.22215761048032692,0.25243434781514273,0.2679545608767597,0.225177352849388,0.26551841091727124,0.3351715944096767,0.25741988069186683,0.30495147552621843,0.2927470855948131,0.24711721475390422,0.2805933339478772,0.292577574578774,0.2209840191392668,0.2656976124476185,0.2530517119082013,0.26297151324843593,0.2753127537426487,0.26534391391402734,0.2273383998321909,0.24105877294230924,0.3292880798812703,0.23129596691054996,0.28534370049335117,0.19522260283789822,0.28432215319004356,0.22789379184211436,0.2368237774498066,0.21824726017232557,0.23523920997993839,0.25412282084159854,0.28317822682055477,0.2789454860438661,0.2979831238177881,0.25147484118326185,0.3133560704054766,0.28369568045187,0.20989485281017561,0.33873131199731077,0.24865125380766903,0.24727573456658702,0.312144014674422,0.2691964159133463,0.20222262960957055,0.3454924359685587,0.2503190745219325,0.2186171989085812,0.25879065155173225,0.25074803826394165,0.3117801391650305,0.22600296145639923,0.3278122756244427,0.2509583426872996,0.25833223417458684,0.29605497328373603,0.22608776886760035,0.27675258826195337,0.33064588436645187,0.23221963265792778,0.2538369376156048,0.261679643537192,0.21660337941150165,0.245692008763834,0.2296723551743495,0.2338204853750202,0.23737851212027694,0.2738377163225511,0.2863308316130487,0.2624124470548948,0.23626766904799493,0.27441562683076826,0.22992374475340108,0.2809668959552413,0.2999602023714374,0.27880068092781696,0.21264040321939467,0.2388386080711529,0.26765616992316116,0.21178741813867066,0.2483302078738786,0.34045287481183206,0.28141347214356505,0.256580669156859,0.37689276145091377,0.23749125131768356,0.252776952005679,0.25789631080706454,0.2736207198065015,0.21821610675703318,0.2614586310317045
0.2690280513818319,0.28160054262422396,0.2165011602158104,0.30086477098181114,0.2883840686989336,0.24700950402129362,0.0,0.23147764141302835,0.24216293602426994,0.25113204305834713,0.2803790379791081,0.32863990120582115,0.24851907754332442,0.2543058561155695,0.3413023140903324,0.2311453534883133,0.24446716010555894,0.26532212482674844,0.2952051458212904,0.22018586791222866,0.2714772216038979,0.27594067326074107,0.3334023258745036,0.29898278158147207,0.29000413215134946,0.24442951106253447,0.26416973119438025,0.23269377019320384,0.26531752202488695,0.27729542291825166,0.29660473199765475,0.26934620649227903,0.31765344399056433,0.28306098702730426,0.2630646457548797,0.26604387627796033,0.310136229279027,0.24468970380595725,0.2831485621239003,0.31867058862400066,0.2992963716941364,0.284643855517881,0.26780225385948997,0.30911322136435554,0.2664085884296984,0.25190801087280973,0.2570080596089812,0.2465578713364031,0.3842358460473488,0.24246979798823537,0.33528045277196866,0.2477834571937725,0.23210475242756545,0.3156791508907496,0.33012478487392016,0.2563986018385468,0.2595249852287578,0.282391009188848,0.283009011022416,0.259908253880994,0.21599860430693493,0.219298942210238,0.22991564065384706,0.2241961257766688,0.23441307339627163,0.2056400549354642,0.2642996396708747,0.27663123185238564,0.22074316729986268,0.255099819796664,0.27430419338689993,0.24052389664258605,0.21831889751008474,0.29212672170584775,0.21022183142661122,0.2549457109461976,0.3089215817211828,0.3378581176678063,0.2187190734946452,0.21585383379845144,0.2349027551913299,0.2901237299452247,0.29016266565141435,0.1958232451319272,0.2422768191758607,0.24997037520489174,0.2424189326743086,0.27756675783350493,0.25292742345223845,0.24301282985069964,0.31461049783630174,0.3904194408063279,0.30572903576047566,0.24262152858101377,0.26785393820032216,0.30562825077239986,0.20022350031028907,0.2766194231852903,0.24649698792521785,0.26378731797698635,0.26791839182183336,0.25058913635918506,0.276995390557147,0.242784947106417,0.23989212997905504,0.2364858175317205,0.21797066032794013,0.24368204465506707,0.29822292125590577,0.26702009672496907,0.38115807194999385,0.2571823523667797,0.23826828665387118,0.2326029053238628,0.23605066683277587,0.2488646690918287,0.2516497814764115,0.2629107598478048,0.23448418689333936,0.2398833945203279,0.25089574025923495,0.23903857320235802,0.2197225111640165,0.3464773732088723,0.22239466693376078,0.2960798030090662,0.22039387415053743,0.29464080299004874,0.23359530121148714,0.257425119003032,0.2209200448437909,0.21393169304811024,0.21224205553431721,0.2544547408964443,0.2178945353737877,0.22312247326149132,0.23530125027646087,0.2991555041013423,0.24995155239910558,0.30516867886938814,0.2502964033919856,0.2546853418873943,0.31220462771939894,0.25129126799275664,0.28395775864867784,0.30410279401249335,0.2870392842330581,0.2617020342758984,0.23475862733770736,0.18041190441023533,0.2703822031229731,0.29109340563751096,0.26168249759431006,0.26075598771923064,0.3148227355702199,0.2809586784692526,0.25950361288576923,0.29904475055699087,0.300256344131383,0.2816104945247164,0.22821185825845516,0.2645253712971333,0.24138523942175608,0.2888536294384948
0.29383311033865234,0.36450368857193655,0.3265202631134176,0.2856822146354611,0.22698340026841884,0.31902049211140643,0.23147764141302835,0.0,0.30160876791544344,0.3410405251714751,0.2739635185908274,0.2832128693252544,0.3459094313680777,0.2772776582137857,0.28044206892372014,0.3259704364227025,0.3279029656734933,0.2954855812161843,0.28765652366063954,0.27984891621695684,0.3587977058205817,0.2892958566386399,0.2536637606527285,0.26142513076922264,0.3402901763560446,0.2614471139905912,0.3029769200043835,0.29238700618890795,0.2371372207832895,0.26056738864174717,0.35404144106538915,0.33696946725105914,0.2893257475623034,0.26743436442390933,0.27756468408470564,0.32391875643323526,0.31252994538103,0.340961458662352,0.25871986078938053,0.3200233899158359,0.2879300200506212,0.3287096172641028,0.2855984114921754,0.25306839650527757,0.4013713219407069,0.2987557279049964,0.26162747304018086,0.24776709401609576,0.2833930454575233,0.28589611107444235,0.29931730235088466,0.2696377542751115,0.24914573081949784,0.2891365665208985,0.2732937305049869,0.31461827964072164,0.28912851098248843,0.36086033788372496,0.3069344501553122,0.2990694207943676,0.384693889316094,0.2500387176346919,0.3052154727673324,0.24466471184184482,0.24354011232012943,0.2751295750027653,0.29743995281139407,0.2703108219845206,0.30904889258127244,0.45677196182870416,0.2804355867179646,0.2747003013045521,0.2908373871938835,0.37374387667319503,0.4159101749875833,0.24913766932719014,0.2842438641355431,0.28337760528485045,0.31183669510170875,0.215747674315619,0.2868539040929397,0.3001615804611605,0.3208198639929576,0.3464391215756669,0.3382550141037432,0.40488759511306555,0.3870000090379849,0.27584513611277306,0.35481511506401486,0.2863237226734141,0.27353345576591714,0.28435402299483886,0.2789445913992137,0.2439088913121722,0.30493559935501924,0.2732673840797641,0.2747244472082952,0.32416063545090135,0.2322816280936849,0.3644604791218222,0.25022827935812975,0.33844729032485377,0.2523079767627875,0.2698353530510171,0.3469762806445548,0.3268463709744815,0.31859546792933713,0.3566872068644772,0.30322023728842223,0.2937937589441501,0.25619365404400857,0.27513318618425275,0.3196265921260352,0.311494366987606,0.3010445746150185,0.3480630634767204,0.3188145105502503,0.2331501292483121,0.2570541981241054,0.28519428897710586,0.24707190909274246,0.3358825929728147,0.26473325333970726,0.30104458712413795,0.23204257387844393,0.2827705126912775,0.27377801725885587,0.3331887331375942,0.3238946868105685,0.2797002617991817,0.3729881315907262,0.3230678680665123,0.26721024191827486,0.2615378382083552,0.2815544785521135,0.20746042682595656,0.2512945614972955,0.28164097661215826,0.31405699361229283,0.3094682157363314,0.25435101417045636,0.2935894255812238,0.3308160357650503,0.28962564021263404,0.3098937572697884,0.27785663949721107,0.3090551115234902,0.2975486606660903,0.3554095573318239,0.24203105191763183,0.2950267451645255,0.2917162030606588,0.26442276835084577,0.2858996464259941,0.3771832409685692,0.32845906857270013,0.2539784677627377,0.3407188934709053,0.2192459526772012,0.2640304686079309,0.2933896854683135,0.29191432258249816,0.27511226974692066,0.2643383477540109
0.3389516718713547,0.2917850747995602,0.2454815910919607,0.23507137893743082,0.2539361816469814,0.23715711274211135,0.24216293602426994,0.30160876791544344,0.0,0.2411767596307462,0.23873683093209164,0.2292460499261161,0.2557758618106344,0.3448717186906328,0.27638100387672365,0.24958584071206535,0.25132772261510766,0.33347277830690414,0.22643405380367085,0.2915396740532681,0.2675821219004733,0.3562378443566714,0.2203333336779193,0.24703823967695365,0.2581908888583813,0.23999240870443203,0.2719284828750119,0.23186024655574938,0.2161927844739489,0.2841357235416409,0.34031939155422297,0.258417033443012,0.25764091910399606,0.21299102819508478,0.3093995236819909,0.27406502839314245,0.2668359686562294,0.3594936811171968,0.25683516734880574,0.2715444584074472,0.2464717453876348,0.32557204218437713,0.26253118076248416,0.2520946510308984,0.2979685390212318,0.2581258610743011,0.2433360687603543,0.22586118485363912,0.26318155603029547,0.2946629053549115,0.26743726842279747,0.24180021652313619,0.2799193821921979,0.25209511031729254,0.23757601352260518,0.32886329312580537,0.2888910007622715,0.2523448373651353,0.2801080809882055,0.2603819934676681,0.24689592717553585,0.27025694230302116,0.2507236248011445,0.26196115695996225,0.30257360676471,0.25397483276881716,0.30790641860410084,0.3088982679248136,0.268779558232303,0.31231726838014023,0.36495969565480024,0.31734376437910755,0.3075843860115369,0.2722096669810853,0.2978480109560996,0.25676575901009197,0.2247982039778694,0.23646135906784627,0.2753964267386471,0.2170743752392173,0.24180561102488624,0.41043805323823457,0.3352289891490742,0.25356304813778524,0.3039588664204334,0.3549561501937237,0.2800988434760786,0.3192273721060925,0.27013640916956005,0.38288546272109464,0.3022941537441531,0.3330208323703131,0.2633698685542131,0.24952351879151222,0.37815428152522884,0.28120720893645795,0.2808373923231636,0.2543904594057236,0.3384432080479068,0.27198473259330314,0.3085102188319481,0.22737893327884018,0.253331151881138,0.22240734352211983,0.3475939186099604,0.2612767627195414,0.22060746707219736,0.25920026623996245,0.25831299043221223,0.2328416250938089,0.21593667704771632,0.33010367510409017,0.28421595346054146,0.3120662654026554,0.2710286586132793,0.2899773333743566,0.2499185933300105,0.23402632856782346,0.19354660372422164,0.3038447102124571,0.3012582458138332,0.2718996563103968,0.26255496584682037,0.283466670999595,0.37544259312292444,0.2279169140241673,0.27957559302077045,0.2655968761062233,0.22678100075974494,0.31044246802994324,0.37497511340989387,0.2771257169192241,0.26448899683649996,0.3757903318635976,0.26549541444963026,0.2555971446029074,0.25472451858312,0.28769245719250447,0.28740890776469463,0.3155565568964927,0.24622299168536765,0.28750862906865665,0.3410911443225434,0.326728005164957,0.2916093526120113,0.2850918132765509,0.37452084059711316,0.24376379146576804,0.276242461823172,0.20993139082678744,0.3182503193033386,0.2611569481948713,0.2687118404648984,0.2540247720709673,0.2562452822658909,0.34567202325002505,0.2375831958402685,0.25924214593301,0.2751804815493528,0.25276315245835285,0.23061886853578112,0.3190515679874805,0.29846488823862055,0.32361055067318967
0.27187117999202165,0.40254180232954,0.3501540334193394,0.2666360584537217,0.23077963573572402,0.30695359992245397,0.25113204305834713,0.3410405251714751,0.2411767596307462,0.0,0.2603142368124704,0.26974148595131237,0.3067936652688631,0.2699636677934563,0.26454924111376565,0.2910408794656526,0.2993299485910274,0.2869480431259882,0.26118912295339275,0.23992624458003678,0.2796960518314103,0.27777415942580347,0.26878733459768456,0.24451755510401763,0.37430355962332396,0.22989935845655962,0.2620508554166195,0.2709021092200695,0.35331157222596815,0.23566187821945725,0.308546450008015,0.3209436943040361,0.24171952005957317,0.2487993341157843,0.2608373608536725,0.26802886720788793,0.288644030374524,0.25912079839169383,0.22688242506679676,0.29825661379329127,0.23779390910295417,0.3103111679593683,0.24278794666320486,0.23673366165220744,0.3001047617061644,0.25473151379349707,0.2381210650461237,0.24929091954890764,0.29074636959754957,0.22617494150382678,0.27713181539117987,0.23744792929225633,0.22707191809406024,0.2906676142137209,0.30015404131783086,0.30494203859206764,0.24614748772784442,0.27107949704025486,0.2953791762406277,0.2582527602331904,0.305967779658268,0.22071399458958682,0.23699402513060774,0.21284827787302635,0.22187845528426817,0.2353721033986315,0.2594112595546088,0.2553113744282602,0.2587197380007575,0.3440223438221104,0.24242639842002678,0.2588124083957102,0.23625770613644528,0.31797000582211443,0.3036660927764498,0.24982362040776585,0.24599343425983522,0.30699291550654223,0.2278160122591574,0.2344472073722431,0.28319861076974806,0.2532229512066022,0.3130507025201377,0.27407223596997216,0.2651944806611619,0.2931841336664493,0.2768803829112225,0.25778418252507335,0.3097585991547602,0.23859142702863795,0.2480439303584576,0.2592247810359343,0.276828937931701,0.220494896920165,0.26872935500679135,0.28880708319391374,0.20475795988853188,0.28143670199537024,0.21895126240625726,0.32794364392007097,0.2451274390500269,0.2640768774337071,0.22041328070948008,0.281281816653727,0.25131810111925046,0.25547964592986794,0.26515837837354,0.359901575548668,0.2767226167017763,0.2910447146055679,0.24729935970218725,0.22836513669844896,0.29210377520143577,0.27751521454236433,0.2522747603745017,0.31372718557400286,0.3004158506268182,0.2696106607185926,0.2679367680672327,0.2721765415647361,0.2152331851155038,0.24881745004082423,0.22942284927184184,0.30537286952316056,0.21338129215625284,0.3414405825417375,0.2495908265177075,0.2656716793319259,0.3353947782503873,0.25272708381375525,0.330464892485447,0.2652069463408826,0.23278885040625039,0.22956285011622637,0.23439538449774056,0.19980399683485278,0.2387556846581236,0.2664239904402896,0.280260744133912,0.26728463452881557,0.23677209249524886,0.2926016931865074,0.3047930230386918,0.23595994318483518,0.2707428120289979,0.2512810840977187,0.2359450970845605,0.30939567088645664,0.39839375410285766,0.22511357411909544,0.23750625158344116,0.29861229762064295,0.2270543927778811,0.276633544919147,0.3004366568134771,0.276638499778265,0.2280381585405285,0.3408241798087875,0.23203110565835908,0.2766871083861146,0.3212502447884399,0.2923636857263282,0.2482122184947141,0.2453143006540047
0.3238296944277393,0.315376803109185,0.2872006877426445,0.26957055881456654,0.2748609191372751,0.2995609906743185,0.2803790379791081,0.2739635185908274,0.23873683093209164,0.2603142368124704,0.0,0.3494226250412785,0.32307763883308166,0.2555076908853068,0.2724309623912166,0.35136805611642136,0.31672506641865183,0.28743730771103787,0.3116221175295751,0.2703137597278524,0.33711638505020713,0.34081901738075066,0.26478571501715975,0.3285207861405369,0.3535575668356394,0.2843129157535804,0.2779462608410283,0.2791600853731095,0.3081783136976561,0.27903696380897786,0.2866584697925105,0.33081596640780486,0.2588667129660012,0.2594224356240329,0.28675044132073446,0.3144762035527812,0.3793216356294193,0.29427305666013653,0.32803879033854644,0.3135241008471185,0.27079889965513015,0.30109719996312323,0.281227529220093,0.3274041384310513,0.28915156349894444,0.24824011237227572,0.21465804986056636,0.38713416167556397,0.32619979969238583,0.2545105088247955,0.3389489542527835,0.2516818037287668,0.22038213689738284,0.348165144136247,0.37816462262418205,0.23534518884745498,0.30582908659081165,0.36368196828693955,0.2788332743677574,0.27783437080739726,0.29983504468637334,0.20092986855119663,0.2900622785694316,0.2296379486110238,0.21211793592599004,0.2382757440286105,0.2856634570513857,0.2697066192053104,0.26564338492168454,0.31747096352517673,0.2784454416115086,0.2358518639709005,0.2803405599072468,0.33339453145774106,0.30045516426679436,0.25383252923982874,0.3134622215258845,0.31150595589971103,0.23414458791799406,0.23315990347845764,0.26214349222675165,0.2529768364969021,0.28165584726366155,0.26630965664529044,0.2575057012024061,0.27282812513412125,0.3096418939052657,0.2522186318890686,0.24984978133217717,0.24746141016861423,0.34404338091425746,0.2342280435255485,0.3530008463478508,0.27342697411191247,0.25629379504103106,0.2832623452328294,0.21527995054999283,0.2282649170976734,0.21565772629920382,0.2576216093083794,0.28055285471012625,0.2864698135520154,0.23157194178991927,0.21899788659761138,0.2730310253858679,0.23517054994161463,0.24452831467020192,0.27983732747204804,0.26352529619460646,0.3507838512547,0.3867574419153893,0.26037579338872496,0.27732304299866906,0.2596480134713605,0.2641156934794151,0.2828717506989069,0.2640283996281081,0.2812393129865278,0.2794279562413522,0.2404263517461659,0.2656329424174301,0.22131656015788506,0.2622880176455177,0.34309458009180005,0.2286614515364887,0.3409535675338061,0.20523139528664455,0.3083797895678576,0.27878467256105305,0.24435318834284558,0.22957661804586316,0.27929471097215963,0.2671028423684059,0.2787676819923807,0.32779909027271187,0.217337562648724,0.2657143081557321,0.27160759062826567,0.2949794111706173,0.2943720548026393,0.24964620011856103,0.3019534904796687,0.2591598858015624,0.26593285758261026,0.371250312174441,0.24393391832794295,0.26701429717446473,0.24230806886244183,0.27421613510105125,0.22381554693763991,0.34118257434953514,0.2626175662814197,0.333660676629356,0.2437017873192054,0.2912696346377451,0.30692947204871684,0.292812779445614,0.2973730769224798,0.2599591914903917,0.2643751615602212,0.22422404415874803,0.2997882961066251,0.2087058162938241,0.3910629142267375
0.2583342792970784,0.31951666084822333,0.2699842652760047,0.2773719400912939,0.23570987545387015,0.2942568015645806,0.32863990120582115,0.2832128693252544,0.2292460499261161,0.26974148595131237,0.3494226250412785,0.0,0.24574210799823254,0.19894957635962365,0.2794448916531387,0.28006806448434773,0.2690805136651284,0.2409701397596812,0.3706512502078986,0.23394698754721738,0.3220592518857494,0.28086968935135764,0.26843194925684766,0.30293192616776693,0.35014589320936274,0.2426735967565517,0.25874391548412173,0.23134391735064877,0.2787359305808242,0.2802274315424235,0.29360101943442857,0.28482096519620737,0.2831179889024341,0.27410536403944,0.23984018195323598,0.2835796871892551,0.29558915177581196,0.25689852387127415,0.3250016986272621,0.2886236690112801,0.29938236900152776,0.2684794718698229,0.26390102658248094,0.2905138735635769,0.2828208731414117,0.2564070551234883,0.245318548191249,0.28240417235197596,0.29181179527716244,0.24149668462730378,0.31606811429525555,0.2715484431159315,0.2063490907924431,0.34751999910767395,0.3634619214870428,0.22736017062668054,0.28701471332186523,0.3668429410329543,0.23518478997802325,0.2636037894788002,0.22965348803515725,0.1922353193973654,0.26019544269248235,0.2108647469724684,0.20325325210483053,0.21848302930637933,0.2249335848788103,0.22704146850743126,0.22141677407582266,0.25794792125964233,0.2338828916620105,0.20892215987069968,0.21276588425499987,0.28283850620400824,0.24938158416999195,0.21940895535478208,0.2579108922110583,0.30109553495394215,0.23058250978725095,0.1943636694362521,0.2197590651648684,0.2528099950612038,0.2789634071307094,0.21161665167897925,0.25256731684073636,0.2793514481505958,0.23769967441815584,0.22959152651535,0.2627852929547841,0.2412440395472745,0.2881085236997898,0.27668095350412397,0.29661244931296105,0.23972660253774256,0.2240557021730698,0.3330382851737416,0.20101994104840956,0.2763977369467109,0.19830219107040195,0.24918335893041402,0.22168694625767585,0.2596529520923634,0.26031947807603756,0.3018962038673487,0.24043574002777576,0.24518529746716317,0.24766389395847188,0.2580446692091184,0.26094273822885633,0.3226551735581037,0.41677059614958223,0.25261380548377704,0.21965421430959362,0.23245012029121562,0.2453953425875425,0.27647953775238393,0.2518914324808908,0.2837651329417901,0.2703585342263028,0.21441945659324768,0.22573371801018582,0.22559972422861954,0.2209195997961955,0.30498000796672475,0.1848509109338183,0.38341124231757734,0.1977881106861801,0.31953241081472283,0.300616629963431,0.21961741549161398,0.2254104679128813,0.23262145492536263,0.2043314431248251,0.24258614328446756,0.2555868387572256,0.18180869279314874,0.26195750031951365,0.2579911800475887,0.263920228358141,0.285053054567921,0.22176465038407825,0.24281194962046815,0.26408420135982963,0.2414206547853678,0.2870672345521956,0.2843993310448954,0.29668283187667166,0.23949362934104335,0.2981239142667003,0.2106330804550128,0.2798325299419854,0.2621246019359068,0.27883670873792343,0.2576642541351787,0.37793311526528056,0.24623999427866236,0.24393643316971492,0.3082044126417053,0.22328049380614232,0.22902786823233662,0.1964304837639257,0.23944366610577203,0.20325442590726497,0.2785941111327436
