0,1,2,3,4,5,6,7,8,9,10,11,12,13,14,15,16,17,18,19,20,21,22,23,24,25,26,27,28,29,30,31,32,33,34,35,36,37,38,39,40,41,42,43,44,45,46,47,48,49,50,51,52,53,54,55,56,57,58,59,60,61,62,63,64,65,66,67,68,69,70,71,72,73,74,75,76,77,78,79,80,81,82,83,84,85,86,87,88,89,90,91,92,93,94,95,96,97,98,99,100,101,102,103,104,105,106,107,108,109,110,111,112,113,114,115,116,117,118,119,120,121,122,123,124,125,126,127,128,129,130,131,132,133,134,135,136,137,138,139,140,141,142,143,144,145,146,147,148,149,150,151,152,153,154,155,156,157,158,159,160,161,162,163
0.0,0.5844248432193423,0.47803401945962604,0.5679362043477109,0.43437410522895964,0.5540504187989694,0.5650972580156369,0.5820897547936178,0.6054274967233102,0.503495260219389,0.5600951119503008,0.5088374026918853,0.6681108587824831,0.5668705889068305,0.5942818825281568,0.550963529917328,0.5918956848443676,0.709442285459773,0.5435181592373067,0.693112954911183,0.5565987667190063,0.5515880112343021,0.5430049552784667,0.5326327523415432,0.6178429428613256,0.5150998566874364,0.50470328993269,0.5713964857455478,0.47032207822095606,0.5069616852897934,0.6072207644165711,0.6147508656401773,0.5909156840254044,0.5345246855043638,0.6480452456867634,0.5250650084831533,0.6241468853081646,0.6079982080087789,0.5067154918425184,0.6256838894266032,0.5521134214491856,0.5851659228446999,0.5918672743266984,0.5779497637526052,0.6155789923840139,0.6284308621093405,0.5012099501799703,0.5099825844786297,0.6306317745743502,0.6029705076572903,0.6045156655612618,0.5685696049974119,0.5274655159398564,0.5244868403662339,0.5289982909420917,0.5799320094081803,0.6641437786360664,0.5418485674979161,0.5938186800131902,0.5942816828748342,0.5570514299280613,0.5088918016228907,0.5782701888153851,0.503935157063913,0.584382928601664,0.6030813807842589,0.5886248536466293,0.5619819789107792,0.5550761845315266,0.6341027438732973,0.6543760082868729,0.5770414576163626,0.5654933072358262,0.6175561079397978,0.5949308254438836,0.5867941910237828,0.5375645532703549,0.47711515312611347,0.5858575925483747,0.4816063455034683,0.557847979257602,0.5921862348611893,0.5528896551872694,0.5757338509791433,0.5927830789664724,0.6506173920078654,0.6025115059542393,0.5793521203020373,0.5901236598455452,0.5474090712677088,0.5838032870044605,0.5675154204389549,0.5633869917563596,0.6114002659287808,0.5958276947953851,0.5368189849887022,0.48587349377432354,0.5646522824898703,0.5000907582696823,0.6016444927722745,0.5418556559432999,0.5498082904516602,0.5249566335095549,0.5068504954737473,0.6017347412323318,0.5841034201449967,0.5424401465188462,0.5863146541564626,0.5962445442337607,0.5496152307994336,0.5509813329650529,0.5662214228530396,0.6150243706756711,0.5256268023967745,0.6152811583934636,0.6084794769127972,0.6359665058486118,0.5250116853349287,0.5245854754277585,0.5112453838031441,0.5651943382394243,0.5199326932617557,0.6148424293753876,0.6110315580332986,0.5784198672192353,0.5312512806386583,0.5166417392067275,0.5167954392911343,0.528440211212005,0.5958016690900205,0.553381862902382,0.5444267330429144,0.5656136691122713,0.5647959020254453,0.5448368099790211,0.5710700475478112,0.5701490852808828,0.6142028854832187,0.5656027230348952,0.5933654432688188,0.5545941807692144,0.5659272606025972,0.6028941157401031,0.5161102767706164,0.5771243155743088,0.576059949033946,0.5474215418805185,0.5281841934767145,0.558901602942815,0.4381303854791399,0.6479702804217111,0.5692380623019827,0.5291397230581893,0.5016004164453418,0.5836390583983481,0.6592968291050082,0.5867967510425286,0.5464055441564214,0.59195085210953,0.5668293236328544,0.5246086032019597,0.6497036741791734,0.5077706676169479,0.6383213418985129
0.5844248432193423,0.0,0.5524752289071646,0.5877330669570361,0.4173130922319867,0.628699927719043,0.544457192291924,0.6527896498456056,0.5583576151210262,0.5866392801278799,0.5550894366304423,0.6004902152540506,0.6124511479060706,0.5348072661676714,0.591148372463016,0.5456068516987422,0.5772806071041593,0.5506995531946055,0.5825944100099865,0.6158310861124721,0.5774415513733533,0.6303714351007667,0.4995750464808031,0.5454384548785971,0.6090279953574632,0.464475322230156,0.4908928276901235,0.5354424514141354,0.5422686587688272,0.47414570579316523,0.612273259929765,0.6075648119523437,0.6654623289202396,0.5189205305974459,0.5662464412479361,0.5744820583069072,0.5447075899324252,0.5566249037881793,0.5721814474824057,0.5908441599310538,0.5967185026902295,0.5787418706232902,0.5137024699501872,0.5475915754128158,0.6389343231861072,0.5684309325383713,0.4765504881614789,0.4962027274102045,0.5522739165297869,0.5714658821591246,0.5621684120047191,0.534129969374066,0.5251257687856746,0.6196700163917825,0.5696524507823842,0.5769749763715194,0.5786646526647764,0.5598777897559089,0.564033612268448,0.5983397196525021,0.6219018399131122,0.4881321193825279,0.5250450488956098,0.5040088599622154,0.5227768095249021,0.5336271660975922,0.5636589200273198,0.4986739737474957,0.4991827979916447,0.5731180537896193,0.5662613984842837,0.5069225119782483,0.5068038533320154,0.6086997730770773,0.6287666263157101,0.4959033189062771,0.5288289113074827,0.47121903191224196,0.5165794209105086,0.43431978989480147,0.5385332183035015,0.5673440372817624,0.5515296519438662,0.5441320502461218,0.5293418485556222,0.6489560335989657,0.5418005901977844,0.5000569933939821,0.5439398621136953,0.5723949027604234,0.5116684999446743,0.5802082581720465,0.5632303197012031,0.5424286015150143,0.546247316465294,0.5796134214812868,0.5343682741216668,0.5872517547525421,0.4671729545413752,0.5816267938588063,0.5173579408520578,0.5517578243139328,0.4747467775899947,0.5465748369956492,0.5447350800152332,0.5412258684046628,0.5680095981537563,0.5756544265569935,0.5768817910555983,0.5936479497895089,0.562708671058972,0.5057255810201953,0.5548104352252797,0.5075774824584001,0.5270615367819363,0.5715501401475233,0.567293774719745,0.5195483192492423,0.5537382674543765,0.4816486789494304,0.5056074794444744,0.48991874686477577,0.5375670033852737,0.5697447632137267,0.5015728774372163,0.5944873694061762,0.5143185383578329,0.5636364900063406,0.6079985613965294,0.5398005033432557,0.5636957344446346,0.5592818195300568,0.49401408708342676,0.548315239288308,0.5967872684295015,0.5096497228861362,0.5253421333903628,0.5472585073591548,0.5666586902406185,0.5674320814712329,0.5321689760068125,0.5723114632055496,0.6143677611326516,0.5452117516841183,0.5569043433397547,0.4960857602494967,0.58068732235528,0.5456912860257381,0.6065357601107764,0.4706104511045478,0.5505069812518981,0.5515825590719151,0.5577616412859495,0.5619614380612136,0.6112505236380783,0.6011928174366353,0.5468101814726967,0.5485704271808575,0.5281312242307372,0.4862049755697955,0.5048799752828147,0.5371130128639435,0.4893496355297339,0.5367484614888729
0.47803401945962604,0.5524752289071646,0.0,0.4879965543978103,0.4881164868099884,0.6054258302515728,0.48941833230590925,0.5073524136076325,0.4354570008957451,0.5220755058321186,0.565735812610516,0.5644614790355557,0.5415045103279679,0.4288626058170928,0.5019421740338568,0.6084472128883616,0.5783378244130017,0.46906891236123993,0.48620361327943573,0.47138731998063216,0.6050698645964544,0.6420857639184354,0.43710031743760164,0.5345572974129811,0.5080286485414367,0.4831269299607577,0.4160447987279068,0.44394677773579594,0.5225649740560838,0.47527547674090664,0.45726299700133016,0.5316172075038522,0.5242280698312455,0.43194445565548284,0.4362132840255612,0.4856417359599105,0.4978056029599918,0.47928917054592285,0.5073591888341962,0.5236690259346672,0.5305874134664715,0.5466335116703259,0.5108322170168293,0.5309937972840985,0.49106652846645665,0.4859836376540592,0.5050410042337594,0.5369715666556787,0.47482877575295845,0.5026697567090677,0.522049564338685,0.5353941193961789,0.4328642827923055,0.554505824725979,0.5099324245420996,0.4787770823261389,0.49230530760482594,0.6069385914753519,0.4577236767461487,0.4701828544664601,0.4920146079758007,0.43677687266266274,0.5355418465214411,0.4297548890014116,0.44137325904354785,0.4549280496323184,0.4504656393325436,0.5096856572202919,0.47125805778789814,0.4921677416308885,0.5171124777647361,0.4117131235569286,0.4311720831755686,0.564039448033287,0.5263437642987795,0.40151889667962004,0.5218957606447997,0.5131385493131431,0.44963768911500823,0.43286341528845296,0.528058924516695,0.4643919011776792,0.5443527062471615,0.46799274690043124,0.45925156171907866,0.513262786990631,0.4584705575850966,0.4199680152539162,0.432392182558471,0.4508091463746579,0.5114989468207926,0.44182161660236835,0.523152116700482,0.4360881714340834,0.45841095173536983,0.5181989093564943,0.435311042687898,0.4762196761332805,0.39565098152393635,0.45129986610006334,0.4123471367192334,0.5090057277000856,0.418355102846577,0.48251506096239927,0.4434367990984963,0.5359149513592708,0.521250561163588,0.5073530252831614,0.515122893290838,0.5716986181913516,0.5219513028503452,0.4472413219892728,0.46707277434926336,0.4323436708541937,0.4496467319475204,0.5243643244563494,0.4519022043101746,0.4922448344254416,0.6000481829762877,0.40749963905362446,0.4930241153615674,0.43372715645282856,0.4611768626600394,0.5283157244376621,0.4052490325189917,0.549337399108843,0.44693773271594683,0.5352524601523491,0.5356411423958678,0.4684995657254962,0.46533741952556734,0.6176583509778117,0.40613472109011134,0.4393565688146422,0.49700722308246936,0.45594395033283086,0.48424494804789087,0.4677115594061887,0.4813830511746447,0.47940710060398845,0.4344385940864986,0.5080493631779932,0.4680018967092022,0.4656655246627187,0.5072054067727058,0.44355574982063095,0.5546752503202215,0.5183341046294593,0.5279428990687928,0.4357961043505005,0.4346911447820982,0.4498384875811359,0.4918800969367894,0.5845191838967378,0.5539247560228583,0.4810358633348412,0.4700322224566092,0.571707888364195,0.41477450835526425,0.44218867716376065,0.4573076084531741,0.4271880078977654,0.42502632927795875,0.49503575803270444
0.5679362043477109,0.5877330669570361,0.4879965543978103,0.0,0.41691456069710403,0.5254084696242527,0.5703731062713244,0.6116383851689882,0.5305755100553752,0.5026613868320899,0.556772834193322,0.5336666763259625,0.568792405160379,0.5532661412348965,0.5589829328670247,0.5193629312970419,0.5941697113320781,0.5738471770635845,0.5803080408647096,0.5765589606429996,0.6019421320891559,0.5547197000470491,0.5434700639852695,0.520719372228712,0.5641588368925379,0.5101749227864596,0.5220983089224779,0.578808261418184,0.46791406925374895,0.4468755457826736,0.5538382706125082,0.5721083876139761,0.6533926412119176,0.5566393313848317,0.5611278702104007,0.5955215120627908,0.526779656556346,0.582357024264759,0.5669666181790564,0.6638556232512618,0.6017173961745963,0.5702406132547044,0.5242208786743049,0.540296367702642,0.618366392449628,0.5842051995718122,0.43793019330618166,0.4701208997679114,0.5854898082414352,0.6070143420639914,0.6403902576193713,0.54926837794147,0.5315785760658978,0.6346906728054413,0.5770185268308148,0.5191578927539884,0.6425306461619903,0.554392131208047,0.6274721954167138,0.6350736150385496,0.6331700146931262,0.5053423311453198,0.5436101321932361,0.5222768532126004,0.5636603780637109,0.5806026976798638,0.6624386943231769,0.47709849035983054,0.5150495117490586,0.5877022568210319,0.5733027695296437,0.5318025471818324,0.6031898502828943,0.70091895808192,0.6115994458706531,0.48442090087137907,0.6152467516803523,0.468568294595939,0.5480914207218067,0.4370241110376337,0.5163888882058406,0.6478859760107858,0.4850633312244691,0.5309296051029424,0.6607306712599118,0.6033593478258668,0.5723483144778502,0.5539623648033362,0.5408719005195365,0.5340300234998846,0.5688954680620197,0.594333282745125,0.5574322162726978,0.5672168708280215,0.6889592249869066,0.49447157567752315,0.5423610576185364,0.5696637050299979,0.5015292900259388,0.6358393272774888,0.5239897394673193,0.6304690852250248,0.5710233713195971,0.4995897310115101,0.6010274797556141,0.5363185227534706,0.6298171301426583,0.5547691159444459,0.5757683008695118,0.5220201289294774,0.620340957021942,0.6120452219365974,0.6022819648337299,0.5766316700380268,0.5538323247568359,0.5639963935639142,0.5588580353627283,0.4938840934501677,0.5672152436967279,0.514615017785738,0.5317176915097296,0.5574243612847408,0.5541937971537213,0.5608444363033744,0.5170318826495999,0.5144200890654258,0.6013301805448652,0.5176654638548261,0.5687928182799208,0.54590772873055,0.4979082044728689,0.5670422874285428,0.5403041643297566,0.6125245865879632,0.5765188248514549,0.4863920677992667,0.4496159786030879,0.5638053785799967,0.5760421620081274,0.5979351210159731,0.5188864146693323,0.5532079692531687,0.7147263313767471,0.6264694001801278,0.5681532369254463,0.5236663977817523,0.5252310193086122,0.5174958883947869,0.5191508864377281,0.4618026176405472,0.6251451705849973,0.5365023117168107,0.6133643952608209,0.5043249639354866,0.6104137352526945,0.6052182269880121,0.5357982746954815,0.5213532256431995,0.5740202907563251,0.5558108738061087,0.4977249897975256,0.5472919817657997,0.5543414693782985,0.582660391572489
0.43437410522895964,0.4173130922319867,0.4881164868099884,0.41691456069710403,0.0,0.4391883638598291,0.4945478619336269,0.395844788285853,0.39792266110108704,0.393801985535991,0.4952146181555875,0.4696429044630341,0.4365699570938791,0.38274054543567265,0.46951295852637126,0.5172252924850964,0.47272433037746864,0.4231464634315263,0.4031766626145143,0.3969704086494492,0.4956405795613705,0.489380886829045,0.42087167111092855,0.4880313694179787,0.4181662762078083,0.5028884252426755,0.38382182700120676,0.3743601646028285,0.42507232014610424,0.5106358297447571,0.41071467100693787,0.43947079720795795,0.44232099228570726,0.3860010515590188,0.3987247691941941,0.4215261297805587,0.46127139044389787,0.4334172763258615,0.46794807873729205,0.4702330656027735,0.4605459725942691,0.4665971264930115,0.4899357900789063,0.5182561081834453,0.40512182399989455,0.42779664129878425,0.5085068563985833,0.5001414059267277,0.4501566168951901,0.4546103434971386,0.48563321068813287,0.47238751528401113,0.3769847171352679,0.4371427455917676,0.44480955685359375,0.41491305749235696,0.44393035420107646,0.5318724632692013,0.3900889545934498,0.4159527955912483,0.3767212411475773,0.4088571808291247,0.4600574138873197,0.3863393930041618,0.40260103304592787,0.38790825774244236,0.39243384602893816,0.4925389079504453,0.41005980769773037,0.4163355946706227,0.48094435282179354,0.38830387588728754,0.3774735001271166,0.46378878019073005,0.40510938820274556,0.3684330185596152,0.48160519527237394,0.5875618446672606,0.4042921485961433,0.44339381303367037,0.43321819154313534,0.4197182474668897,0.5148815770697495,0.3869404364017222,0.4184927605539998,0.4277933380979591,0.3960414026259605,0.395491248960004,0.3756473064470953,0.40274293867314787,0.5451793422543332,0.4004894276109845,0.49543995436246124,0.3885436898273269,0.41656985773661576,0.4443175455170328,0.3565169490657134,0.3928952199831447,0.38853265526159625,0.38309353252571443,0.38613899817816205,0.4292260433956374,0.39513047901253256,0.39609455753401474,0.39438232475245943,0.47627047871964306,0.41782637829070873,0.411938091092894,0.45997901394508445,0.454905681828321,0.4659555265999181,0.43696904926063695,0.39310931115019065,0.3888195464990817,0.4089254427764864,0.4641966455791435,0.384230044359936,0.4515831772575105,0.4424126649214628,0.37725491973279535,0.5682865056096008,0.40072494928031704,0.40429370262592595,0.5033065081543534,0.3820439748292424,0.4500809496670949,0.39725608883182595,0.49889345613288943,0.40895954722129413,0.4321016549355142,0.39248593196203957,0.4866427854794054,0.37425882149071404,0.4073604274472338,0.40403267244554675,0.4340220534114405,0.44965998268178486,0.46399668696230517,0.40449237653430015,0.45074796399122863,0.37075724860977155,0.44822307407684786,0.4105015932554546,0.40412333260826716,0.4688043168461974,0.42623018090206505,0.5218452438140321,0.44354048881326447,0.410429210030285,0.3797120749139019,0.39963996280181785,0.3940925472159128,0.42839857581897056,0.4872580562018205,0.45528232284960757,0.4183820847591315,0.41366197419164474,0.5026041618764683,0.3849626156794715,0.4359423479556227,0.38376660682140995,0.3938844220661619,0.3914902246057216,0.5039940191144927
0.5540504187989694,0.628699927719043,0.6054258302515728,0.5254084696242527,0.4391883638598291,0.0,0.5036893554862713,0.5653510488929007,0.487392240422192,0.5255150155235404,0.5689697809027363,0.5628932727247354,0.6435778426517208,0.4787109156733189,0.5123748364943153,0.6139361459712598,0.6108024483105822,0.5016245216570104,0.5290206596329231,0.5362227769269042,0.6078127392780165,0.5924325178481176,0.4486176916587836,0.5382396051325655,0.551091598798596,0.4911520536689608,0.4305540344255298,0.49457171278282236,0.5130794756139895,0.4856169232422317,0.5106512328624475,0.6176826799263969,0.5684141946191759,0.4818512237167531,0.48451816653893626,0.5028651987699225,0.5559921419515735,0.515672446905662,0.5214635228286588,0.5498141319072284,0.540370816445431,0.5812484096271475,0.5129054693773386,0.5613990200676082,0.5416822111734664,0.5405017259274704,0.5032170096273108,0.5395178015086682,0.5023964510548664,0.5274246114847082,0.5619605241286838,0.5872192323409894,0.4850052230803662,0.5775138494873433,0.5264828092780875,0.5668186514967286,0.5562347962774217,0.5921740770833444,0.4858282168714487,0.5285379771738111,0.5920204874888435,0.4919502038217986,0.5769206655068029,0.44419989416001565,0.4829845495196297,0.5277825560179161,0.5143797508520591,0.5358078422372299,0.4657908143499979,0.5345076707034074,0.5792360553925275,0.45269361386853585,0.48493930976658317,0.6069795035260815,0.6033092807613828,0.4713063744039264,0.5537851326496873,0.4994220435735438,0.49360481256141614,0.5031548855368737,0.613047905834631,0.5093268622134097,0.5793391526108758,0.538372042328096,0.5106058662315545,0.5745590922233763,0.533128565075351,0.4541131683623934,0.5000131373132651,0.522159311812098,0.5136077335440432,0.4931082312218172,0.5333629147211719,0.5246856372400629,0.5044341328293878,0.5447388683939411,0.4933699234659874,0.5272380279055947,0.43249769626878193,0.5261013043726985,0.46621519357874497,0.5372320954122112,0.43955152563493305,0.47572066114511935,0.49639670791478285,0.5746616814150858,0.5691092887895688,0.5389898481217094,0.5433417304992718,0.6280631404724468,0.558585483313268,0.47283109673466744,0.5679928021446131,0.4692880550902186,0.5092491535860094,0.590923141274907,0.5312855601159503,0.4801877573397768,0.6013325471149668,0.45212213462695466,0.5062547411435073,0.46849404283321555,0.5405343051119339,0.5991922948927865,0.4627176812047653,0.576289144969745,0.4986201414829206,0.5609712608102851,0.563500532793927,0.49099744433838616,0.5196588802766979,0.663102886464283,0.47690157294425545,0.50166137640584,0.5300053342491721,0.4953270854970353,0.5281795520048863,0.4878251649036274,0.4777012929919563,0.5092958732976541,0.47733769889044764,0.5689130976156653,0.5283489836408528,0.486160855265932,0.5432109445443621,0.4640542017132815,0.566932870219639,0.5600941560256619,0.5387379403730733,0.463324860832024,0.4951976412797273,0.5020948071955358,0.4971267273003207,0.527873361651452,0.5775493610756561,0.5476099561260124,0.5426691973123379,0.6177329015251944,0.462511161756386,0.5041051541313195,0.49013546557963433,0.5002080065097994,0.4571616728216212,0.5369046515209981
0.5650972580156369,0.544457192291924,0.48941833230590925,0.5703731062713244,0.4945478619336269,0.5036893554862713,0.0,0.5186979387539602,0.5049383983223082,0.5181240386178246,0.5667665420954582,0.5700505727713617,0.5661789935523207,0.49515918827400135,0.6209825743644508,0.5562470286090794,0.544788839750177,0.5514836955857905,0.50771481546245,0.5076827436615664,0.5529164836422994,0.5471540098661899,0.6017641892756959,0.5616865415874729,0.5802705574928838,0.5392705415178901,0.5149115703074199,0.49040531440450663,0.4946303100393144,0.5369621129100518,0.5678165751740439,0.5884086614090777,0.5806461952414674,0.5269043811462067,0.5198528466898438,0.5169231183499158,0.6085723588196914,0.5244874508747306,0.5649203123964602,0.652937488453598,0.5331169379089651,0.5613092156324667,0.5705588559254066,0.5874145798556366,0.5597370917395297,0.5628727070621861,0.5070856311049473,0.5186152058247343,0.6891615289572571,0.5402133124918501,0.6209535927187727,0.5037650284692552,0.453743622596385,0.5312303975634083,0.5799035897309389,0.5292160636551283,0.5582379741302517,0.5646818038458397,0.5441832706947999,0.5482237755309706,0.4885790916367818,0.4761359901646488,0.4913757554021127,0.4683466468074747,0.49682905808959105,0.489276057688579,0.5579353752490827,0.5598021483755462,0.49242571191400414,0.5444869815580554,0.5730326083454123,0.5044036833306085,0.47469194994440306,0.6116651087736785,0.4889967053104627,0.49596075379041027,0.6422340195955484,0.5836510522216134,0.49443814059767555,0.4721650800318024,0.48926336975857143,0.5353884125340184,0.5825065957325413,0.46516502764262924,0.5291250362800131,0.5321046216997508,0.5178436407146574,0.5431045822688426,0.5151479461394392,0.5269101440887389,0.599876230486226,0.5561392256912912,0.596595014616554,0.4989866975620499,0.5388320056474657,0.5555948212820438,0.4266551434835107,0.5080121887349622,0.4664864307406631,0.5344676138344358,0.5135371217705564,0.5815285476825229,0.5204291867961022,0.49927790746031026,0.49609804935731233,0.547249480125658,0.5167589285438331,0.5219348835015118,0.5971663984868013,0.5511306372418491,0.6093968328801675,0.5367418607632285,0.5099131299654142,0.5005297281342863,0.49966888227987544,0.5417576661409009,0.504779706651089,0.580849232408471,0.5014819901609225,0.4651371053732449,0.5705005557341754,0.4981805843665861,0.4905270393763936,0.6494237547173182,0.4741536790961076,0.5629164399076092,0.48757874907626314,0.5910534452541224,0.4998957924600665,0.5468960187646318,0.48381682473119725,0.5089170601120158,0.49069986376410724,0.49519539077616925,0.49878308479534933,0.49021269514804056,0.5149433188286686,0.6026560683214569,0.532025181563863,0.6108100973389409,0.4813582930039222,0.5437319252420433,0.56833118561661,0.49698309788466377,0.588066479423257,0.5605427165952567,0.5477250263334422,0.5442679453195517,0.5161506752625096,0.4121554095466088,0.5422774225036158,0.5066017805123372,0.5085937640618313,0.5849321256376223,0.5895925600640413,0.5820829351524395,0.5440503575292394,0.5873436342808441,0.531397356796865,0.5771315130407841,0.47570724735221176,0.5140482938047403,0.4995843110504484,0.5832728252932925
0.5820897547936178,0.6527896498456056,0.5073524136076325,0.6116383851689882,0.395844788285853,0.5653510488929007,0.5186979387539602,0.0,0.5961220935113086,0.5852326846794795,0.5172934523158514,0.5576876288606871,0.6044658273407422,0.5440876728620149,0.5508766975696119,0.5319244822557766,0.5627210683882153,0.582864682595997,0.5590326542908494,0.6106096862480317,0.5455983946830003,0.5438309619230213,0.533330229119387,0.48705178571735636,0.6398864472585333,0.4774342059243707,0.5441104057997012,0.56519626771021,0.4875901533041397,0.4768229824396009,0.6263480518160847,0.5969902423409758,0.626145744170813,0.5473643752020501,0.5616482646474947,0.5745422968281373,0.5462203401621029,0.5998628688897482,0.5234618117868272,0.5709303834441446,0.5687322895073283,0.5739505993928771,0.5298178718962586,0.5068742041916291,0.7034172236931308,0.5996306143882696,0.4651947334066386,0.4592743588220393,0.5548299262101501,0.5618496275355258,0.55051140184717,0.5170916276851758,0.5046164321937745,0.5475563086946019,0.5407104315960022,0.5893259880111246,0.5728767378843794,0.5657704719523926,0.5718259045276459,0.5990530658411785,0.6158992467609277,0.5057976439129596,0.525035548181895,0.5187545627753367,0.514128468113882,0.5512305835335471,0.5888918211295681,0.4917941802609215,0.5454162860903237,0.6765778211979512,0.5554409543003122,0.5270018704625263,0.5334631033143813,0.601718661994382,0.6485127626563089,0.5100693159783467,0.5240124678821804,0.4555492688462565,0.5779166270372165,0.4217764551062964,0.527884825876821,0.5798179044949839,0.5222004271607622,0.5876025267304772,0.5740727879329968,0.700722670807159,0.6087163299296295,0.5424251475328283,0.6162634051229448,0.5842614982684642,0.5241321329630217,0.6068533399990621,0.5289363574626419,0.5215266659464114,0.5649377603261361,0.5595988756042108,0.5267871346494544,0.6524939576362523,0.4817249351781339,0.6263704458668921,0.5152216090519158,0.6150275172906297,0.5332362570827949,0.5887221261481648,0.5908405969586014,0.5633452979201862,0.5873339950491503,0.6315869359719442,0.5715379616930176,0.521925424760321,0.5265481197118423,0.540028728790453,0.5660424525052263,0.5794563307816764,0.5513875555445908,0.5652966142029365,0.598430989694412,0.5027790589652378,0.5258066813755808,0.5286884029315716,0.4823972635193916,0.574295234688169,0.5355176951445371,0.5419969865148376,0.4978274254127942,0.553855618967548,0.5375922452713584,0.5426698817787995,0.5957013238258834,0.5556764821272742,0.619291150177915,0.5471282329128283,0.5313918090903995,0.5453808211705473,0.5483792501515258,0.4740316947832626,0.5064816775461005,0.5393001618177016,0.604133184632367,0.6086373026474131,0.5489839556588456,0.5564162743137657,0.6171924952681356,0.5651497309494834,0.5527399132630983,0.5382235879236428,0.538945767924963,0.5443348607237716,0.6230743705032356,0.4773928707437155,0.5817043076921916,0.5552859740497531,0.5306210498922608,0.5399450887743933,0.6523212313780701,0.6325391290267511,0.5067524777563219,0.5393852580309992,0.5227358186916462,0.49709470154547974,0.5266014231557161,0.5557843519932593,0.5472676939637744,0.5174785136271512
0.6054274967233102,0.5583576151210262,0.4354570008957451,0.5305755100553752,0.39792266110108704,0.487392240422192,0.5049383983223082,0.5961220935113086,0.0,0.48746247703365553,0.47573113930860206,0.4797027246055426,0.5238435075805042,0.5504392296718121,0.534821459665884,0.46431315460134104,0.48507873282781466,0.5802618201866492,0.48208074386030425,0.5686736294472967,0.4778249631021735,0.5106668676782492,0.5011229381869816,0.44901246631309705,0.5560977882144259,0.44512416845544756,0.5298981324384993,0.49379674388697464,0.4322182609257514,0.4807832713070931,0.6156085711944246,0.5087750679550109,0.5419071333243962,0.47293966264949633,0.5969385221157678,0.5094710763262758,0.5216073773992452,0.5736666533449206,0.4753425583924441,0.5113448256187755,0.49980446031816506,0.5796224403201209,0.4836146766449328,0.48139959990264425,0.5590702311720598,0.515458422316586,0.4459578239441003,0.42668059395704416,0.5241899135586428,0.5228846414071512,0.4996868492632043,0.46935905163927666,0.4805392354358729,0.46930000762176044,0.4685749719520669,0.6035472411587864,0.5263328342115376,0.5009966721623853,0.5286241862147985,0.5282330275145046,0.49956637164359097,0.47950463525237136,0.4703586748769628,0.5033681884691995,0.5123028045618485,0.48961768007290535,0.5536890618522537,0.4877687381790014,0.5160933407408951,0.6124055908129146,0.5488377082757825,0.5352252127580954,0.5287135374389152,0.5116027825618877,0.539431345704644,0.496579675904225,0.46162524049331405,0.4325501198695891,0.5047547007131694,0.4072965077082208,0.4749675831870669,0.5993320710451341,0.5096958513204854,0.5107737586864717,0.5335414739575208,0.6211820206089592,0.5698203319223522,0.5410983108466481,0.5394578931176566,0.6052753325971739,0.5229464268317457,0.6193281124255384,0.48500382433680894,0.4855903674250195,0.568795240790141,0.5263300010960725,0.47259314073099834,0.560707558123928,0.5178893460204498,0.5369885701438504,0.5114601450651011,0.4966527485861464,0.5105628030310159,0.5081347347255633,0.563038365983881,0.48921623003925147,0.46956651340092914,0.5440507589032867,0.5011755604283241,0.4683711273069563,0.47084530370446365,0.5381475988827382,0.530932676276534,0.56101989705637,0.5030058798953,0.5236055550012538,0.5311815877093851,0.46363877436811807,0.44598924305933635,0.5543896885957637,0.48983390861537546,0.5375139369039952,0.5101913651510487,0.5019303884947168,0.5649040732282063,0.46753311854821583,0.5034236321547145,0.4832084940164692,0.4743037226360411,0.5339269875849928,0.6344257909775054,0.4840732680573953,0.5249760163686533,0.5888666415892185,0.4955034614352043,0.4805695712362187,0.47842720969063784,0.5327598091739223,0.5190888653801286,0.5646689570887542,0.5126982785570476,0.5214245617997346,0.595206922770387,0.5399651292700319,0.5166792677613102,0.5391923138988333,0.5427792848091706,0.47255932126454386,0.5230079024412716,0.4363575949301469,0.5749153410051986,0.5222873157174779,0.49352144255940494,0.48148733170974856,0.5371182404755974,0.6051999326901528,0.47639442571420637,0.480963319231877,0.5381928004397325,0.4715207840271183,0.47151640714364146,0.5882783695421068,0.5390314840340615,0.5410609421032867
0.503495260219389,0.5866392801278799,0.5220755058321186,0.5026613868320899,0.393801985535991,0.5255150155235404,0.5181240386178246,0.5852326846794795,0.48746247703365553,0.0,0.5101958701194407,0.5309080461661626,0.5665317761453399,0.5000125864128324,0.5050528375196772,0.5324301900285162,0.5107620928880148,0.522854915620001,0.4864386289708067,0.5052150759923943,0.48472276126280867,0.5146436894297655,0.5154088576872726,0.45228653115453105,0.6606936394568503,0.4444167622189748,0.5187859113555229,0.4952541297685677,0.5957766010744243,0.47419756613988273,0.547597789260239,0.5901715045661231,0.5292160548661327,0.47931122205825166,0.49289795128019837,0.5057030890460636,0.5422616745985034,0.525678799301967,0.4789565839106299,0.5150408149246904,0.491964143753089,0.5165059306520363,0.5074013956566532,0.48739605092631094,0.5619734712443519,0.5071157270058981,0.4603478003670883,0.4744369958503434,0.5512567721888894,0.4772966646564856,0.4871232606965179,0.4434550045594114,0.4378026181632679,0.48588431426432943,0.5498458790096061,0.5292009736943118,0.47688330374325805,0.521505844649006,0.5367571941850868,0.49196388831247817,0.5149249156896669,0.4514349989839385,0.45959858662518593,0.4824725652609309,0.44177084938516964,0.464185849352891,0.5047653025456379,0.49495325534888346,0.5459673863059947,0.5892964756065464,0.482267103441534,0.48560437230759607,0.45453918680156574,0.5239699209063113,0.5305260593804279,0.49077587372272746,0.49422462963243335,0.4737196246957507,0.47975354062799697,0.4197382908534969,0.5055097786492712,0.45938577658919794,0.520861954016976,0.5244830562359951,0.4771123690500063,0.5337510287308229,0.5294237141063596,0.5020208404615129,0.5457882851853828,0.4866402540275585,0.47677362056729095,0.5108582683010039,0.5207004351142471,0.4469491547608153,0.48034990473860956,0.6115853658600982,0.4305474320067344,0.545166404145907,0.43361877602835436,0.5079744152902909,0.49390400770567083,0.555248596095834,0.47687845139628915,0.640324292372811,0.4823752385782017,0.4968187935896271,0.5010166437987956,0.5877243508950698,0.5275357563487394,0.5092166066802993,0.48346676214743994,0.46248505958687747,0.49493918451947777,0.5224277654064542,0.47047664200077755,0.4774079383919566,0.5289878355105112,0.5701765631568071,0.5094257252316073,0.4706129374166419,0.4413887881806104,0.4928567620973178,0.4636064467373022,0.5089271604334924,0.4496511075315521,0.6115959529995827,0.4480127347754932,0.5027918946472972,0.5690884597896634,0.524273224583127,0.5581984704873405,0.48478387307015125,0.4762905420799736,0.4420597762435052,0.48601217308037303,0.45033454636480075,0.5040714222211171,0.49409995993163514,0.5667429907211363,0.5423545373381894,0.5390145422397372,0.5436206928390316,0.49554107401901887,0.4895220174113379,0.5384340316033899,0.4925545049607529,0.4682699815629816,0.5545425413605227,0.6843860186966008,0.4466149555898504,0.47656209287081036,0.5462532966399457,0.4529770550352134,0.5531951002536761,0.5909284211850483,0.5446649593860327,0.47596122399057056,0.5220180296685405,0.48598058615266193,0.47404666358313174,0.5404590998810043,0.5011867920850397,0.4975659649027963,0.4560556626900523
0.5600951119503008,0.5550894366304423,0.565735812610516,0.556772834193322,0.4952146181555875,0.5689697809027363,0.5667665420954582,0.5172934523158514,0.47573113930860206,0.5101958701194407,0.0,0.5904697002352226,0.6008281896963409,0.4848535160004096,0.5336056575246615,0.6590962656624766,0.6236466902550968,0.5226560685903244,0.5381643697174451,0.5392653777158636,0.6046951724129846,0.62626238568786,0.5131636878745269,0.5747769561846787,0.5774455289537485,0.5273792770199107,0.4763707478333757,0.5250977934464194,0.5529042633776984,0.5104866790255457,0.5113169252560019,0.5904605474387602,0.5422779874674031,0.5013425051275353,0.5183660768773236,0.5169832777646576,0.598611507795792,0.5441206685681933,0.5802293433678242,0.593937450844475,0.5294585406229988,0.5745619348353823,0.5472410038303589,0.620551910325042,0.5324863567750937,0.5009234979154249,0.45651540647073935,0.6273598089344004,0.5945702913845478,0.5328015401972289,0.5740323061320215,0.5254783815375524,0.4409856623952753,0.5743633150721479,0.6107155725005806,0.48813398392413515,0.5629276474451541,0.6329437081930147,0.5048103332397745,0.5117432960609397,0.5362147112118104,0.44558913758524865,0.5316304688018416,0.47214619947487424,0.46787889406136635,0.4800156083868984,0.5205130074407219,0.5144309043331735,0.5019174565788703,0.556965235168312,0.5450622630926819,0.47160892163010965,0.4966212727604659,0.6134844179011295,0.5469622227709257,0.4485613664156644,0.6264374040236413,0.542346298438278,0.47711267232678745,0.4844422100179359,0.5107934129186895,0.4965805962307665,0.5376858693651152,0.5025206968424232,0.5201954615913409,0.5349958000613037,0.5446745089769633,0.4716300122828338,0.4666728118938055,0.4803216985215189,0.5740795212598505,0.47519207196498475,0.5916450324289164,0.4946905916712171,0.5174407645895098,0.5372246707206619,0.43754066454712753,0.4898571451004133,0.44327250410870306,0.4840728765776885,0.4942402874562223,0.5642595004957431,0.46245674355540284,0.4783538017113457,0.4864793077678899,0.5227431368755356,0.5181255315679895,0.5484656252762796,0.5175839170162316,0.6024311393065611,0.6284378375063961,0.5140155497208666,0.5280661786869718,0.49729845070103423,0.4877563409154171,0.5497934001735892,0.4902230481364526,0.582823502789857,0.5999385459382938,0.4501054204065007,0.5703728579852746,0.46536207302529126,0.5333644100297914,0.5806965650430062,0.47881242847827893,0.5766824962501886,0.4622034528483952,0.5482407475010097,0.5496498848348998,0.5007938265883252,0.4732236537190784,0.5792553962848346,0.501173006245741,0.511194691346969,0.56153672201239,0.4866690858386932,0.5087029726817563,0.5345661170389271,0.5393483586520686,0.5386106292459477,0.4695886177505447,0.5778647446918255,0.50949583196985,0.5001379378651446,0.6034512899957081,0.4867247197319726,0.5369091365983942,0.4985600605881231,0.536849174358129,0.45670091438627985,0.5312487979417218,0.4880456503866848,0.557439512620563,0.5033665804082915,0.5789433911461935,0.550279578608981,0.5952030423833213,0.5663244461708007,0.5061984495187449,0.5397866010144566,0.44970002074753673,0.5031117492112825,0.4548290406103746,0.6346179733371315
0.5088374026918853,0.6004902152540506,0.5644614790355557,0.5336666763259625,0.4696429044630341,0.5628932727247354,0.5700505727713617,0.5576876288606871,0.4797027246055426,0.5309080461661626,0.5904697002352226,0.0,0.5345550851453262,0.4414221591963443,0.5484806448759179,0.590278321717824,0.5665047687645013,0.4789614934787385,0.5825677111548094,0.5228963506486604,0.6043272197071318,0.5888149781338264,0.5259578673428462,0.5908990057030582,0.5782044447928192,0.4835457071797223,0.4651716736316106,0.4934626612208378,0.517848372938021,0.5221762225423969,0.5489454566014402,0.5710377105023812,0.5481859591394947,0.5410394685556692,0.48446288742884447,0.5278932762043093,0.5338407648140026,0.4999731315671298,0.6376242373998234,0.5530545607213874,0.542392280603675,0.5634511392289314,0.522294224241453,0.556133156459707,0.5642569180594792,0.5156588264865329,0.47405315502244094,0.524916521694605,0.5568162644121742,0.5199643306135594,0.5491021673603605,0.5080408068348763,0.4325608942980341,0.5789868124230595,0.5759375371747886,0.5045730961990786,0.5360750518939341,0.640944695588413,0.47795774867303875,0.5238805700509481,0.5083318322596039,0.43746790236241595,0.48632437938273454,0.45662083725112057,0.4536797342775256,0.46076983887157985,0.4902157837479268,0.4751339893058171,0.45210312645502493,0.5169599243240456,0.5104665483088683,0.44257122327271337,0.4451196414802866,0.5751893852997217,0.5184571948296197,0.43260518494064415,0.5701525504214677,0.5227218640141568,0.47603620548776926,0.4312789309414076,0.4751102078532697,0.502637472271782,0.549038430543503,0.46000102210710075,0.49471177067548266,0.5468164021046046,0.4976171616216236,0.4510660950923613,0.47326504060148267,0.5156945414729504,0.5201292580580162,0.5090950623963323,0.5585769384192995,0.47219658302458917,0.47491426670221465,0.5482541684638196,0.4459714061272275,0.527633726925594,0.4251644872279515,0.48952936086025367,0.4601944154682965,0.5677415200323881,0.4558493327146635,0.516369732272835,0.46688434510091903,0.5330959588217922,0.5324884081823726,0.5460580580364409,0.5244720325108239,0.6104556059891277,0.6274865747924283,0.48800905952114104,0.4707871231958829,0.47071358518605017,0.46109497338051264,0.5364480283180696,0.48428536852386506,0.5632246211631463,0.5354954454548425,0.4277182552038134,0.5121992626312206,0.4541092372565068,0.490295345413241,0.5663843146678704,0.4316388991763103,0.5859814397717037,0.45851127615661535,0.6212010080012995,0.5580932728967808,0.4710600404486314,0.48879006250983054,0.5421692868057585,0.4436701630169945,0.48444003863255,0.5484229494091821,0.4452587034125546,0.5219955012620078,0.508037614726392,0.5276714953372547,0.5612297312935777,0.43745105612453583,0.528627266179401,0.5227631390995319,0.48877794476744996,0.5502267177298183,0.48939487117726715,0.5824929336584842,0.503108105789006,0.5603630993608865,0.4511505299815606,0.5075552393519241,0.4673180471714271,0.5524451404636828,0.56949721008691,0.624586338261331,0.5300556996941369,0.5192062814689365,0.5772835687905562,0.4493987942730739,0.4756924819481551,0.42975435850081956,0.46410348544602814,0.45263470154331703,0.535254718010055
