0,1,2,3,4,5,6,7,8,9,10,11,12,13,14,15,16,17,18,19,20,21,22,23,24,25,26,27,28,29,30,31,32,33,34,35,36,37,38,39,40,41,42,43,44,45,46,47,48,49,50,51,52,53,54,55,56,57,58,59,60,61,62,63,64,65,66,67,68,69,70,71,72,73,74,75,76,77,78,79,80,81,82,83,84,85,86,87,88,89,90,91,92,93,94,95,96,97,98,99,100,101,102,103,104,105,106,107,108,109,110,111,112,113,114,115,116,117,118,119,120,121,122,123,124,125,126,127,128,129,130,131,132,133,134,135,136,137,138,139,140,141,142,143,144,145,146,147,148,149,150,151,152,153,154,155,156,157,158,159,160,161,162,163
0.0,0.3610099612347227,0.2854449658787143,0.30285867486713147,0.2983383439971986,0.315874866373034,0.29456207455954997,0.3198653819394053,0.3682036517607563,0.3425321885358748,0.3435792339351831,0.29139707372958223,0.44844685271462575,0.31093439925015404,0.3651574727986816,0.3489539682337153,0.37940306218575454,0.4834539947688576,0.32013289791983746,0.4632123562679089,0.3435002406954046,0.358348544713453,0.3194298817768682,0.3318912609493052,0.4129194415979121,0.2763594210324328,0.29124697884280204,0.32349401544076845,0.296691444136704,0.28336645888640116,0.36976650004541467,0.363052522951078,0.2947900312942607,0.3115102519472683,0.3894827354537924,0.304191526443936,0.4351023548153306,0.34549321939943944,0.2907555225731752,0.397226421706719,0.2800098338093904,0.34376711684462213,0.3567685559967709,0.3136508072349663,0.3573483196189365,0.412563700468966,0.27074346622423645,0.3140873205814188,0.3764778590426154,0.37017538643243114,0.3981686258360762,0.3114475350970178,0.3295322726719837,0.31785439728082737,0.30808401744984787,0.32127268780331303,0.4500846815720092,0.3205758128971115,0.335483147226281,0.37720879899468873,0.33144426771641333,0.2719170050506206,0.31478336937944534,0.25180889813362306,0.33065515002507856,0.33964964630122824,0.34741656052622355,0.3315481019546028,0.29242648664329607,0.3799573979431756,0.3897886930499228,0.32597449667647893,0.3323037933170185,0.39387714125611345,0.3525122577558069,0.3353095898504859,0.26914140680045184,0.3147863173025436,0.33770937914363297,0.26775221580012243,0.29110446931506156,0.3920644832523086,0.34929370777050067,0.30897326606096853,0.35289924068553635,0.3750012037261234,0.34611990120064423,0.3836782451876064,0.37093869377339644,0.30299201976205287,0.38327023766488066,0.3254704477602734,0.3777751237903931,0.3476730305222809,0.3580877790373584,0.29452289541505,0.24101154318043613,0.27726748082490243,0.2676016745212289,0.39231320708274575,0.32410730767822493,0.2861046279417746,0.2724448136410338,0.2534588685414651,0.36728170779799696,0.3381408788681587,0.3124337965854871,0.3726989991930351,0.3534352021287663,0.3324445608247868,0.30766087322415,0.35200020355054873,0.36285904009944986,0.31026015745571467,0.3766448327418293,0.381299153421611,0.37060488233695915,0.3092366527730475,0.2607502896158344,0.284440196208444,0.31132850024886416,0.2632762803762441,0.362754911066812,0.40001642838917645,0.3100376785115564,0.3106732830023037,0.2789091036377691,0.2798470011436262,0.2928715249444125,0.33540431294142925,0.28500120368885173,0.2859298592666727,0.2966570247541187,0.34662510274474434,0.31116724985636407,0.2863120848437189,0.357781702901303,0.3630434913872318,0.36292605972430864,0.40011405018222895,0.2673171087498604,0.32436440435573244,0.4304400192916949,0.2994522854300153,0.3414865518219394,0.3606920420862518,0.31277603171367946,0.3105540892402346,0.37831776160980946,0.209314837195559,0.3988384150998954,0.33886690626220095,0.3625858456961505,0.2476360486004379,0.3297195299583254,0.3833893868200606,0.30617144137147484,0.3179883391899041,0.3186996864951966,0.32221294757471314,0.2715284224445009,0.3883197731439041,0.25389938199034007,0.4746522951829272
0.3610099612347227,0.0,0.3040081408672316,0.2991988986950789,0.269613488156273,0.3859570351923028,0.28695162643192546,0.4041720180713905,0.30746235690988777,0.4562545353201919,0.30797820524480984,0.3421758077314449,0.34482772225953934,0.31743134426969105,0.34119312938902435,0.3062116810047679,0.33234942243812604,0.3314939361549347,0.33125944935736534,0.35888265324390345,0.35696076930980253,0.372227519636856,0.3175269663869333,0.33333408843798035,0.4210970266882523,0.2697618346783966,0.26686594457402313,0.29027822877528325,0.3666387212670733,0.2462996414416975,0.37460774905239935,0.32454938635364783,0.3440367803453542,0.29778726579413795,0.3681618047037097,0.3449933743131631,0.3352051471751903,0.326839803334795,0.29009397001620363,0.35670307413431973,0.3448819590320741,0.3486752750320764,0.28429213953790866,0.3032845836259087,0.412554897256808,0.31962343866036463,0.29999257099262383,0.3027965875219622,0.32419830048777,0.3195797120923495,0.3206520441519048,0.31271791261541465,0.34341163145308695,0.3747277726656437,0.3163560309254258,0.363379846008302,0.3301785888009466,0.32010719706612967,0.3334741984127493,0.3447042090408086,0.34164398224377174,0.24352023663331973,0.288268602103007,0.25348184574958704,0.281980309385786,0.2923633364711787,0.3148105510542706,0.2943484270396654,0.27254346837180693,0.36143422950451065,0.298405453213137,0.3232030010775672,0.2780401168509068,0.3435582935478629,0.35750215684891407,0.28352656308157737,0.239919438865668,0.3365234829035203,0.3173068758119296,0.2431044218700586,0.29321601021658017,0.33137898339524063,0.3933793341551048,0.31246920352363344,0.33173027571181696,0.43271908725822283,0.3163670962406728,0.2781958473819175,0.3120102693076111,0.3306669949003823,0.3006874682172274,0.3401697808450421,0.32522532925959174,0.2964273715831845,0.33177832360819337,0.3707770475406174,0.25762772966604597,0.3412938050529694,0.24848359188058528,0.35661093254443055,0.2931881166742492,0.2517253390668558,0.24893998717043636,0.30694720733073055,0.3129496657519026,0.3161429764151787,0.2988408878199253,0.47333518649414313,0.3583618584088013,0.3990573307539522,0.2899777968647959,0.3014546058636105,0.3350853752794697,0.28061992481221115,0.37734405257885106,0.4234003672660054,0.3635003400976942,0.25293384832763055,0.3057493055771514,0.2736442433151418,0.2893499315027877,0.26611181705415254,0.36472756215598534,0.3473258390028127,0.2919564440077956,0.3602595773221576,0.277089591848908,0.3142977672353245,0.4066102580480945,0.30227632256496395,0.32526072562025615,0.27357208531377186,0.25486039864233806,0.3383536494824324,0.32676826643895135,0.262592802771213,0.3371673188434375,0.3706582436553127,0.3790100482815194,0.31383693863641277,0.2863493410506072,0.3324884410247112,0.4108902188862832,0.2904452022057764,0.34774405973632017,0.33990442857484765,0.32638128988391846,0.317101026781085,0.4714623876539755,0.23635994168840724,0.30246297524962495,0.35736382191724514,0.2871712544938297,0.3090523553534302,0.3644101680826458,0.35049418956796385,0.27411592521057937,0.3573479767078667,0.28415390019786346,0.25623537397548957,0.301188684642893,0.3892000522728059,0.25694978171285365,0.3253069019802028
0.2854449658787143,0.3040081408672316,0.0,0.24188610592396312,0.2858084058637959,0.3305369696116492,0.22778878227560842,0.3048254800800819,0.2722907188176593,0.328531536814664,0.2969122881494346,0.2648912329903297,0.324308612288448,0.25580153736771155,0.2691452505827084,0.3700561453573098,0.33600317076032576,0.286148977697979,0.23281545879906662,0.25780233462159446,0.3571684319872115,0.44265005657220213,0.23037434096018425,0.2787696475469531,0.28243121828668727,0.31125182205779595,0.23392663220966617,0.2428784503236535,0.26138577274364,0.24722620393898578,0.24111552725689353,0.2813357005326042,0.24877315772152336,0.22196739864556278,0.23902870290742817,0.27638431689958004,0.2915359036347915,0.29863901029489404,0.2473679240501736,0.2879392713710526,0.27267978160070244,0.33198406391651086,0.27838138783070615,0.2551146101721006,0.29538755803523464,0.27171829803763714,0.30792980768968364,0.2956890230127974,0.24882851790344704,0.27617701084438473,0.2799319841313019,0.3193975420565515,0.2288695040120898,0.29032281537988797,0.249935951647949,0.28165157498121474,0.2576883953666768,0.32364125085824563,0.2455522224736819,0.2466126976351905,0.26957063285784877,0.2483565549804923,0.3179387743613151,0.24066667963077376,0.2336294605660225,0.24780610079095652,0.26012607896065504,0.3555201760376495,0.2992088623167278,0.3019745964322736,0.3318608468563807,0.22111818803842925,0.26904607864863883,0.3465089061499502,0.3174206079183533,0.1996270765233317,0.25703521481993413,0.293848062152421,0.26255257913486385,0.21872398722914208,0.3098907030185127,0.2985691995513007,0.3245172881066499,0.3002941384098003,0.26440276028571924,0.36116877079809784,0.25057821774123756,0.22614534400926653,0.24817809837132315,0.25100316345902407,0.3001387028553804,0.2314337251696491,0.26860558310646065,0.20636104592097185,0.2840322376261047,0.2823721464527794,0.23702248273960652,0.2778222622104034,0.22298729748941828,0.2601176722506798,0.20878866111582836,0.23809531832125722,0.21617113505827085,0.26888404206847677,0.2675215916364187,0.35156130101511734,0.27011125205066644,0.3121696865523155,0.27826448702846274,0.3146533325548618,0.24079238467441139,0.2570953423915203,0.27566249271205434,0.25072814628344947,0.2548377323566652,0.331399566330881,0.231381907720858,0.2545026147226632,0.30391716170077687,0.267044612688168,0.26937879790616004,0.24511784131004755,0.26597538579440894,0.2863834562693334,0.2214929139383606,0.28063829781574356,0.26092975237482346,0.2736745949885742,0.30468802635534303,0.2740530273586611,0.2780294997686748,0.40199112070896936,0.20540646435783197,0.2516338025316737,0.2713758314037591,0.235837952884716,0.24834828441668244,0.25224241149573157,0.29921200211041665,0.2526012053076051,0.2216492737429234,0.27818378752855094,0.27334812730295277,0.2970449318802102,0.2786944912574815,0.24840688544758696,0.35975264342408003,0.2873709529845254,0.3553373562190711,0.23544352222613438,0.22026447495264284,0.2201181484858011,0.2522195665421619,0.311852659656184,0.2974146158060946,0.27423942957664493,0.24668575473428528,0.32057979159673144,0.1922527896059554,0.23200767254012228,0.28851388666207667,0.2203583256107367,0.25132380194278475,0.2892351123487736
0.30285867486713147,0.2991988986950789,0.24188610592396312,0.0,0.23537625098769852,0.28806099644476063,0.2959970813990729,0.29402430110916294,0.24123101314924603,0.3032912705803244,0.2982304259615544,0.29510540175173305,0.3011749780262682,0.2697177396175046,0.3248425245983059,0.27416906950388364,0.311418948805279,0.3154247392888646,0.31075219439772767,0.28685767013139196,0.3241986042159298,0.26145148209578023,0.2892503860961125,0.26282250248485106,0.3448300992818981,0.2901355098584174,0.2702103126211641,0.2821257603883907,0.28196810275357753,0.20697820861824773,0.29896030915916594,0.2795769275050831,0.42116680350270713,0.3008225069392362,0.3075526266296804,0.3116806202065708,0.30614451525047875,0.29351269978729216,0.27499746433971917,0.3487770990857526,0.3097418915303618,0.26545780564212074,0.2889901066608884,0.3189938457834295,0.31852850581648445,0.3211747733371319,0.20709983250477257,0.28183645112811356,0.29266021101167894,0.2875423893108754,0.36815291821882323,0.3184062191543118,0.28923694947329126,0.3951110367418282,0.31036970940201264,0.249345292141809,0.3313268183844153,0.3089900643965973,0.31193907583461544,0.3288333920050606,0.3449463680004188,0.2455760003655806,0.2997135868704845,0.21968538610921898,0.276559282111396,0.3122261039799803,0.3403953823461998,0.2422339455654867,0.2688066377972361,0.3108881579743058,0.267333710107343,0.27568005201875895,0.28214682501498756,0.3944725823703075,0.3058527476245802,0.24927652241106887,0.28764235771981994,0.2955181948242934,0.3035355671197481,0.22107008799546227,0.2548255651209838,0.3352072170417515,0.26303088603875097,0.2833511281895309,0.3490965632422814,0.29007258146959236,0.32301493029392986,0.3156695813032514,0.30187478748406116,0.25003481029821295,0.31459519215068554,0.3083229153119689,0.27910018146120613,0.26982417645360574,0.3190262091841306,0.28346210635960545,0.23279909555581582,0.3006249292989488,0.23088833550625654,0.3416571494368474,0.27889362130769607,0.287620795327378,0.3492009729375214,0.2976902123585242,0.3031864108739852,0.2756071099262825,0.3116192518719456,0.3013691391549942,0.30291680915903496,0.27305570940453605,0.3346820006784971,0.3001552462741697,0.35165892257853776,0.3031833264674945,0.3343811233746432,0.2880937199402327,0.33248764643677653,0.23032737630390412,0.31809045648296347,0.2729836163627311,0.2565536132010629,0.31596924702227175,0.296871360048139,0.2994527766583837,0.24150816912734566,0.30147256269325706,0.27429490535407086,0.25625022011565873,0.3370146735571341,0.2910649019612094,0.22560229598864665,0.2616371696042997,0.2782708849246008,0.3010346930611745,0.28899196301521046,0.22229481859053538,0.2252700490495619,0.3187138555754153,0.3266379108074454,0.3140452610912384,0.37308154098290713,0.2674946031339378,0.36634428131715646,0.28022601364858846,0.29312246834963956,0.3018233362757869,0.2535682958284841,0.2754238244418893,0.28025459315482226,0.19857148010134862,0.34192947895779763,0.3318503161007324,0.2909742654229361,0.22643697025507112,0.3481289015069591,0.2987504740456219,0.24639680566351474,0.3022503620256662,0.38351170254393796,0.26783679976828634,0.27509975618880766,0.30709628995573207,0.2660812475115946,0.30270324122982456
0.2983383439971986,0.269613488156273,0.2858084058637959,0.23537625098769852,0.0,0.2506890611033535,0.27227864071958435,0.23837734393165447,0.25651094491163423,0.26090346726656616,0.29748863125645486,0.2438405689127263,0.25765313826952185,0.2514708828745052,0.29454825808748925,0.2948845082284092,0.30389507945099886,0.3036256038289032,0.2284940760450827,0.2631696860177187,0.3280573250405929,0.3208184712337488,0.2701464548237463,0.29022505060434667,0.26761242218768505,0.2784361041474038,0.23140693013101796,0.22643922019191182,0.24281658653181476,0.2552442822900586,0.2607928882576095,0.23460565275455766,0.24318025116009326,0.22895163276609443,0.3207518799158353,0.2708883608383769,0.28106470678362977,0.26863912506457377,0.2549363853427835,0.284515374549047,0.2651060322452693,0.3185953042545427,0.2924690825362247,0.31110118413844284,0.24716685636051125,0.25129686427586545,0.28169514606553414,0.3200560093363988,0.2808342646297347,0.28498639373539825,0.28460440103104706,0.2712657867362606,0.24401151161217513,0.2613689951554058,0.24072923891612136,0.23597223411887921,0.25314759254349034,0.32870160335632276,0.24903031743251933,0.24204020507377833,0.2139348259599906,0.21133411931524015,0.2667747912030685,0.2346484422606162,0.2541966865669877,0.2183318218582286,0.24068018685622136,0.2782422064775338,0.2470840214828963,0.2874660148534513,0.2749933395048328,0.25191454520763507,0.2407254083341576,0.2795782882503774,0.25410199915479226,0.207556466840343,0.23109615268884842,0.3784237311026349,0.23927988929267813,0.2237100136506933,0.2486350716014583,0.2885140184713555,0.30711874673953465,0.2212502055808549,0.2623098720551976,0.25881925138867173,0.2509437248435044,0.23688706270505655,0.22316654205339553,0.2212053720067536,0.39034782029163123,0.2742251077451494,0.29326406129127025,0.20485876718605522,0.2727153916363809,0.24474368866487312,0.18619333284277298,0.23535212146711976,0.23205570639892503,0.23723648591968746,0.22601900389129131,0.21374174403138665,0.2373964134799133,0.2249056948627884,0.24948404808140096,0.2755767700925679,0.2319884315560391,0.31314765070264194,0.2953287381546312,0.2780360206718179,0.2592699675108676,0.278508236727733,0.24742220138281731,0.25734926621119725,0.254687420923895,0.29334922082681725,0.24210408932965774,0.24439097280592112,0.24653397892622553,0.24999270208993563,0.3401810330308449,0.22123263028974263,0.25571559964827895,0.29876428506150277,0.2427369961986518,0.23888848105337543,0.22311779805060225,0.2506587991437262,0.25164658694187464,0.25106178478382674,0.23448683635303075,0.2562228957422416,0.19531994381029213,0.2665240410447356,0.25353112807367756,0.24771474256471013,0.2511080334573625,0.3311526071520193,0.28678945732539785,0.27313802155340217,0.21208620756141372,0.2721016301816563,0.28941532336651254,0.25387116240939045,0.2914583844806289,0.27957208395314753,0.2958232214564511,0.26252225823995023,0.27464925318479994,0.1990791378102942,0.24611040320267613,0.2437508262752022,0.27436297046243663,0.25330381885253844,0.2886641342228625,0.26305891334888576,0.2128461772081465,0.2981563416174504,0.22637598529896674,0.21901369945840438,0.22775061844936675,0.25539852682099,0.22698239443286092,0.36007584942485976
0.315874866373034,0.3859570351923028,0.3305369696116492,0.28806099644476063,0.2506890611033535,0.0,0.2592446887033483,0.3499955856978765,0.2701831830177505,0.3193182726840241,0.31017005265786673,0.35398217431681955,0.36278231999978,0.2428157983750002,0.3110923193443166,0.3416904191486343,0.3306145697575682,0.25717729343297197,0.30538836606643976,0.300849456710022,0.37241019642537015,0.34446813339031873,0.23094150765034283,0.27676973734988214,0.3520898318153655,0.2796916973184618,0.22755424194844398,0.2558425261615847,0.2952080754245286,0.24239739370835656,0.3101615671590119,0.34113326910664105,0.3432199676619355,0.26427098144900085,0.2903373678095314,0.2886702787956649,0.32620967050246213,0.2834444683393397,0.26404569633100144,0.27990124772517183,0.3180072228078166,0.3194890836583036,0.29187876799671336,0.3461272575336412,0.31313018515313346,0.28276914774521555,0.2720581369542196,0.3102163726498195,0.243034770239469,0.3006396760194063,0.3095367812414797,0.383668262337115,0.256432406191781,0.3584691503574863,0.2748562771756761,0.31411593070069715,0.290124089277735,0.41387277625432023,0.239279959352811,0.26741911963157794,0.3236598908011801,0.2571612187186215,0.34962231310332675,0.2090207272164552,0.2444622036721862,0.2681956967958119,0.27372733041194547,0.3149603986136867,0.2432425218251627,0.3135811964655098,0.306987939916666,0.23809498934297166,0.2687174920295624,0.3285056944100058,0.3586327846928639,0.2342403375585575,0.2522279178792101,0.29287756915277513,0.28073604711892963,0.2652452715474297,0.33052322748816565,0.29814309573087056,0.33246528468061204,0.3148577455795774,0.2977946175740342,0.3366382142928872,0.31435932770229436,0.24411811549170384,0.2951319434896199,0.2714482316319313,0.32368378142541004,0.32053475880599525,0.2945120795948848,0.243723504822543,0.2636764286354692,0.36379213961268864,0.24480420698621663,0.33732852212751185,0.21394544557093323,0.3029808679219313,0.23547730618518609,0.24112610190098266,0.2559616222538641,0.2752297540890749,0.29604107470281743,0.37088771140577853,0.3122584291829303,0.3583245918473539,0.28909233032856196,0.3378719032810356,0.30448390544362997,0.25802755856773646,0.3527609246882393,0.2682400807528563,0.30535290253013586,0.3701323113329754,0.3067530871364635,0.22726436022757482,0.3768641898646555,0.25995494842666417,0.27123755869129507,0.27853615700637396,0.31632799628189795,0.3246296702227016,0.25364757352540707,0.35223240283413065,0.2692060041260524,0.2826589824031159,0.3502527234686791,0.25050152138276677,0.28735725234313775,0.34993831756136407,0.23951175005964784,0.2912017276695162,0.2921907478892661,0.23890796018768448,0.30258901121228055,0.2791900190158916,0.2855971419977738,0.269902690183704,0.28033563080748447,0.3085412378099604,0.2920804025223972,0.2613689385239096,0.31518406253260844,0.3031898650067951,0.3282537068321184,0.31755763778618956,0.3501541876548357,0.22248576507745402,0.26889062431507516,0.2828029740396516,0.23752568078415917,0.26825267379253603,0.4050880129792483,0.296155179238546,0.2567244583015156,0.39902436830454996,0.24339764688755272,0.25962404106237846,0.25503602576467616,0.3053149357725652,0.23042064220144395,0.30181124273260973
0.29456207455954997,0.28695162643192546,0.22778878227560842,0.2959970813990729,0.27227864071958435,0.2592446887033483,0.0,0.23326205655855517,0.2196390460689331,0.2830696609317208,0.2995802545457858,0.3659264443742782,0.28184097476133946,0.23156012616893257,0.35092535661680296,0.2513763051048359,0.2731353550039937,0.27704357079999,0.3366871596857146,0.24565163713818594,0.2870276786060345,0.2717511419248151,0.41673551132078823,0.35334415666399915,0.3333623064138467,0.2641189712228761,0.2668120299007441,0.27126314994604406,0.281162879433801,0.2754620461410039,0.2905908220393346,0.29315033734243684,0.29247791428058967,0.3527370387512037,0.2691096397667882,0.24926834299152367,0.34304935947579324,0.22965525355499303,0.2837913327881407,0.3544880132254685,0.2994157911089322,0.27682156885215004,0.29055548854448815,0.31317816736623894,0.29103084448034744,0.29067299430097027,0.263499847070268,0.27055814486547464,0.43763468185061,0.2440688918503647,0.340222872045148,0.2683116645967855,0.23121296825010054,0.3165598733657549,0.33022721009377465,0.24860375537332843,0.28102516350748363,0.27790688727531376,0.28578023282059223,0.2707124713408079,0.22736501268350742,0.2062982894468895,0.23426468585199361,0.2117816938150112,0.23831849764556773,0.22582020842447487,0.2691253481221411,0.27748380777140313,0.22092175697353544,0.2513990773202708,0.26948622271675676,0.23947446316135007,0.2160127259279162,0.3137104337072885,0.21327706859198062,0.28738301625462,0.326057855742531,0.32966286972450404,0.23957042938353068,0.23357249794178894,0.24415617719050942,0.2702796515075168,0.28487756827830535,0.20359022150250414,0.2469283040858468,0.2538808491818857,0.24035363175222949,0.2675666381066385,0.27991541148422233,0.2312446113432598,0.30034374283615073,0.32961996483445455,0.31115856349020027,0.2767325876041174,0.24895804744821784,0.29733690956980646,0.1860937201542038,0.2898212044398942,0.2136228689969119,0.29049059256013043,0.2553785504372255,0.2562299170434308,0.2757571078354531,0.2618470531432371,0.22491800135452233,0.2681178190925751,0.2393161768454876,0.28394727745413173,0.3262034065011812,0.31932615001231995,0.4368233509934841,0.2499285506608793,0.245761034741265,0.21878483394390646,0.2540574138847505,0.27837970653614624,0.2843435345451999,0.2996008759117646,0.26448187156090436,0.21660508207515988,0.24837155443767292,0.2232250637394954,0.24884363828133463,0.36305519553840554,0.21421404006692488,0.32663038616216034,0.2117889975404837,0.2794085222015416,0.2583718532308247,0.25275831150784556,0.2086765931030133,0.20942630684008706,0.21853487649956246,0.23149957296317167,0.23703027587831788,0.23160107265443303,0.28258475110793196,0.3155172925325456,0.27766077806218736,0.30737505903557083,0.24770608854459258,0.23856346773389925,0.2996866256611375,0.22086846581800768,0.2856795367990551,0.32580067689039727,0.2571543670395448,0.28185757768564373,0.26493272996071293,0.17415405108967064,0.2871978011897642,0.27996697361724365,0.26990995442660587,0.271627581488104,0.3412162028767092,0.2809975167529738,0.297993789273672,0.3220644575076341,0.294456500790553,0.29628576937285866,0.24231007459009488,0.2639512430414997,0.22765241715889584,0.3038876735591561
0.3198653819394053,0.4041720180713905,0.3048254800800819,0.29402430110916294,0.23837734393165447,0.3499955856978765,0.23326205655855517,0.0,0.35318018206448565,0.364915562128939,0.26707190586622886,0.2909499358003026,0.34619821315355165,0.2872338320673188,0.3019953033154868,0.3132424189678776,0.3144271227389271,0.3011636346101757,0.27937813208120754,0.3321685820241196,0.3458600250665831,0.3153411050821916,0.2644165251620987,0.2632890499861787,0.35234328584598135,0.275989526571216,0.2865821192518592,0.2898823779563846,0.24954015653887535,0.24078056507054005,0.3878843067472868,0.30775463814507936,0.31140254193915956,0.2807795382448287,0.30762354445891715,0.32558576895307867,0.33396673565336576,0.34143047058690923,0.28186590516504,0.300283113845263,0.2849684187089712,0.32553843055771814,0.30135567543811836,0.264597649816025,0.43055229445381954,0.31320866256801755,0.2635411708996735,0.2680363786110993,0.2761406085342576,0.30694200790388204,0.29739203460100155,0.2815798883789607,0.2888025923330675,0.3025660236969839,0.27273552232682036,0.3298003042189868,0.2953120146549547,0.34553891024990535,0.2984372872504563,0.2946136323744316,0.4301359929441025,0.25809693688993324,0.3074627408972707,0.2469645775500033,0.26855675599788986,0.28660242489835336,0.33408158773487173,0.2992157715907629,0.3039251064589217,0.46613325853675147,0.3067835620757585,0.2846866748144929,0.2965615384533234,0.3480631983799679,0.39382511032342377,0.2551684506048233,0.2722618069286615,0.2809259679967165,0.3677304069468925,0.21827589828240482,0.28462638952794334,0.3456995067802825,0.3432064934633243,0.360401291292869,0.34795202377991513,0.4274305962926687,0.4464291053970456,0.29880775573287305,0.35046948326119254,0.324635807402185,0.28412023084837756,0.31736871370721864,0.27913862798952493,0.246844025917265,0.3340766558868749,0.321299562368213,0.2945554871015054,0.33360380888911234,0.24239716923854576,0.35004793015255475,0.26972739070424673,0.31347369913742523,0.2674329167546687,0.2929884518147356,0.35244054225387145,0.3524839812068244,0.3178554849244696,0.40962734537811807,0.3010154383025118,0.301942952489367,0.2443163379686015,0.3003712999948431,0.36059307037850524,0.3286004026605909,0.32619290956652175,0.34600912913403864,0.3295215675838141,0.2317733128880077,0.26609593043755514,0.2874173043928955,0.2620558675990742,0.3756092038129738,0.3088185687116196,0.2981057124594182,0.27400911527133615,0.2860073220157137,0.28493388525239405,0.32421789539049944,0.3385337022343533,0.2918477732243303,0.35253986711509044,0.30666368129733335,0.294221447290436,0.30373320625519196,0.31771999473442825,0.23420735361548314,0.28406148166709866,0.29552108841385205,0.3620125658894983,0.3200502967486416,0.28727707468526725,0.29391356703390126,0.37218271271641246,0.31327857054944036,0.3271433843185605,0.3275852726469342,0.340391757320178,0.30904750839460043,0.41196506105875536,0.22498154118563268,0.31862509708046677,0.3104036675417657,0.2638380813392741,0.2783189334086215,0.37025055236039545,0.37247194082563345,0.24922414086903866,0.3342186945054164,0.24323438839729977,0.2517293419846337,0.28779271664956885,0.3157503973297401,0.28418976963628373,0.28245477241114575
0.3682036517607563,0.30746235690988777,0.2722907188176593,0.24123101314924603,0.25651094491163423,0.2701831830177505,0.2196390460689331,0.35318018206448565,0.0,0.271384780533223,0.2521933096324615,0.256472970078294,0.2871266735661478,0.33226472440649235,0.2670594711095547,0.2785261687809857,0.2891669196410046,0.355169047632346,0.24524881942976035,0.3548082624917028,0.28830764919568475,0.3564235225900663,0.24320474264576675,0.24648552411053895,0.2933408015879299,0.2568524848202932,0.298902707329709,0.26769128366382355,0.22252643272365252,0.2947388656404702,0.340857114449774,0.2715916170721214,0.25539954062493836,0.23868781086159788,0.3369003197816422,0.29155416910276916,0.2801617667836041,0.3982073574576536,0.24926282682227224,0.2688418576533524,0.2594194648319436,0.3648562315186869,0.27875943151736354,0.2541495378643566,0.3289176269477663,0.2858920347288131,0.2647631203860393,0.240503622185756,0.25859197374813725,0.3205899768115561,0.2616436499090046,0.2659367639158599,0.2864118063457995,0.25233564712181544,0.23045909536845494,0.34586180681162604,0.301744921297972,0.2908204995484199,0.27936783049204333,0.26867666254006006,0.26538814870832567,0.26517730447566834,0.276303526716025,0.2827676652439014,0.30006215163903077,0.2758056008055801,0.3125664134224056,0.2983385733919161,0.31264990032152745,0.3387346112637615,0.34156309672935414,0.31258080432531643,0.35829518562643226,0.27953667699074713,0.35273366080556645,0.2605033506288058,0.2146360229153139,0.23395408918363284,0.3287267055833698,0.21512254267154957,0.2572063253935986,0.3908075952904815,0.32327138841366915,0.29782555736470234,0.3393879085393525,0.4048337615246118,0.31260144788101957,0.3205321012823069,0.3009828592975554,0.38366891065825914,0.322485428570288,0.32676169753722756,0.25875258191025424,0.2517190665017811,0.3643918428620367,0.3004573165162254,0.2776693246126141,0.2995339609090765,0.3130414817714508,0.28577323793091086,0.2800858180673331,0.2290849916214242,0.28302250357107855,0.26280040553298034,0.37869398153187717,0.30777086290409233,0.2510363070121628,0.3418645331666867,0.2717745277294269,0.25645928955672626,0.2189809296836191,0.3619520686258519,0.31323006919044993,0.35867482150675717,0.29599860073565515,0.3257935010305631,0.2854714671058252,0.23990186894107193,0.22539444790456323,0.317489664170666,0.294824736896271,0.28298445005704076,0.32143524006037094,0.26544772248571735,0.3773599605794653,0.23476398196665313,0.2902908047112464,0.25737940493731587,0.2639477449210299,0.31256358071434565,0.4507117755635156,0.29935252901155374,0.26851265719281975,0.3654032351394904,0.2959456829113364,0.2587639401701765,0.2954824944413034,0.28986166749763365,0.3438779529738743,0.31784840577600887,0.2553829873959617,0.2931774793594449,0.3333895435945567,0.33617122848247527,0.30641541905948483,0.33722125774121303,0.3665522451467999,0.2505701330503841,0.35167779945062183,0.2362413699002847,0.3210076484987729,0.26586835895451527,0.2879355022954681,0.2733695822498724,0.289883751152078,0.34130265853703656,0.23891968019965254,0.27408507802763005,0.25580047004463546,0.2368833891044379,0.24384238442396078,0.3326842758934743,0.30461117435308965,0.32383165043795725
0.3425321885358748,0.4562545353201919,0.328531536814664,0.3032912705803244,0.26090346726656616,0.3193182726840241,0.2830696609317208,0.364915562128939,0.271384780533223,0.0,0.28259183015429234,0.29917300931700375,0.34724536598278793,0.28223967895231517,0.3150111342312703,0.3075387346509005,0.3360603437604254,0.35517478129273483,0.29463332941384646,0.3136495316973279,0.31420789433383073,0.3078739695996838,0.3432080654664861,0.29131373119589454,0.4602651427459136,0.2534084363697581,0.2798198849634106,0.2997578560834523,0.35335817679644893,0.2391962129518823,0.34073293058903065,0.320006609759384,0.26436742025189536,0.29489334689978425,0.31939393136731586,0.29298278238456066,0.33641671554614033,0.2808361924944982,0.24929892884446125,0.34316078227621705,0.26153850545806256,0.32962209789663527,0.28685084916277537,0.26164395040864064,0.35508037572937184,0.31168478761674423,0.2610912838290268,0.28525755100040534,0.34005344051607084,0.2635245738837946,0.30152358958057207,0.2665147915734717,0.27799129735449546,0.31589459332158454,0.30051217782124157,0.32039629341696313,0.2915414156719121,0.2907796939811007,0.3353318077543693,0.2979692821602426,0.3339957955628619,0.22890024358926725,0.25695611137859425,0.2326794070220125,0.2597115691927396,0.27279473418739736,0.29654025505344067,0.2828219422716348,0.283132677955346,0.3654851064493141,0.2651729457725949,0.2951052618665464,0.2567875241811584,0.35430950235002884,0.31183490149534515,0.274093898340236,0.2506919800507981,0.33063657822630066,0.2744584385739679,0.23946485315676258,0.28393481433052703,0.30291819399392106,0.35047756103781613,0.2948326265598161,0.3081377789955052,0.3375503840811486,0.3052931937881921,0.2879624985256826,0.338898668644999,0.2665438725768304,0.28027834222486303,0.2966649093499459,0.2954612920317567,0.2482964854354533,0.31089821402113926,0.31562004613004974,0.21276914280127013,0.3153712021632462,0.23228207432756476,0.36123493552063113,0.27106667490124065,0.2690168369263614,0.2515289411645444,0.3169004389089966,0.27464520590634584,0.29744788400318783,0.29270567120459245,0.47537979271856157,0.32075946020105156,0.35706837344715325,0.27099644663331035,0.27111391643713384,0.3238364447010197,0.2917356345476806,0.3003144180433662,0.3590205890675814,0.3531846650292321,0.2887517361903111,0.29427271533291577,0.2743158914743303,0.24661140763774883,0.2601564216096224,0.2893986155935297,0.32260167407371537,0.24855145628959954,0.3331077475678177,0.2653385088633901,0.27528357158423195,0.3671855915515457,0.27596805589459755,0.31582089482332315,0.25539596807183695,0.2526716695894989,0.26342447082401943,0.2768869163300652,0.2300910408406021,0.29645462621162433,0.3168997671403165,0.36424863571903915,0.30521117011412335,0.26333785029675144,0.29600316723195325,0.37967251914728034,0.25929778252144864,0.2961123814946376,0.3202610790290987,0.26102451330769105,0.3440103373816239,0.48602562152970563,0.2201725356379352,0.2793928946671339,0.3416843627022561,0.2657900207145778,0.28967193765584054,0.3408800243047517,0.31825966043466897,0.24949166315228408,0.36102826542031813,0.26950414301651543,0.27066322075125987,0.32531847305961054,0.3339368813426224,0.26606310952851736,0.296518289419911
0.3435792339351831,0.30797820524480984,0.2969122881494346,0.2982304259615544,0.29748863125645486,0.31017005265786673,0.2995802545457858,0.26707190586622886,0.2521933096324615,0.28259183015429234,0.0,0.35818848002896814,0.3439698765864187,0.2575084011738598,0.3049476407863509,0.3942032779943541,0.3856028326401839,0.3180691906474253,0.3258232226685988,0.2929584975171129,0.34833313893992685,0.36513637129590953,0.29676176823400763,0.3336090005955532,0.34802721872024894,0.30016211697064055,0.29303756050671576,0.32772332558937894,0.33222575474342075,0.29400197300727954,0.2878609487391791,0.34063633214725725,0.27097780286947015,0.28050360869927965,0.2897711591247744,0.28921632336916725,0.3758386357728928,0.29303828724420056,0.3650095869183042,0.3304252200781411,0.27047092893348873,0.302102012072745,0.31739587095051475,0.3185492637782458,0.28993276510220956,0.28314286465437866,0.21528743119092647,0.3841151820303294,0.3375962708608748,0.27243706438383614,0.3802356079744191,0.2725857705667151,0.250648794654972,0.36265036598844586,0.38991717594808073,0.22801262285701154,0.34410289774390507,0.38217078319150993,0.278982128445878,0.29769453429976966,0.3180519546291229,0.21320062934363024,0.3120217415465357,0.22125394929805736,0.22922098037459782,0.2532879759595415,0.2868680173913852,0.27721486541347407,0.28415286177220206,0.3199573458227641,0.2908006910334017,0.2375804124608851,0.2659530190475305,0.3700247510225271,0.31864270557701585,0.2568271722007659,0.3522675489962008,0.3242179561126781,0.2650075448966126,0.252824983001894,0.2678554897135593,0.27174318404412195,0.3016044468516489,0.2704270598795118,0.2667005439003043,0.2704728586534302,0.2965575032790258,0.27643080728219765,0.2751380034293964,0.23673108791697256,0.38109961048345986,0.2340250598895844,0.40482623690236963,0.28052038895958625,0.27069143337619356,0.27667717094792266,0.21430756403603848,0.22258113917200353,0.20942269189152676,0.2680733814143017,0.281648498022535,0.29179037609260494,0.23516692119001106,0.22090073946997557,0.2684369490696771,0.2674984062154936,0.2693688290377277,0.31170020214489563,0.27864610353327873,0.3369726083113957,0.3813257006511038,0.2628865702819438,0.2880202864782865,0.28563650351206427,0.29169250940154134,0.31957232078894643,0.28839447078516256,0.3025537571222895,0.2849942267215842,0.24510267277481554,0.2838677056414356,0.2347047285099632,0.2739946446130436,0.37837389339307764,0.2334565436458282,0.35450647707883437,0.21766528296779522,0.29444548996861947,0.2874362099702524,0.2512181625533424,0.22813297968003815,0.29873815087848826,0.2872163576841716,0.28258168933720007,0.3136896026609412,0.23435226018171793,0.2893920064757539,0.2850428174409092,0.3169277426632785,0.31776740005260545,0.2585806150092952,0.29376026172741704,0.281781661552948,0.2647280222757281,0.3376165758158001,0.25340528595066186,0.2753030369179726,0.2859632391751136,0.28343641523017915,0.21617714247421926,0.34963783092211126,0.2843853231814371,0.38808584551323466,0.24077988599700892,0.2932490264851798,0.29569909584005866,0.29828452136125744,0.3054635097189207,0.27312447070354745,0.2866272047177639,0.23291249360389638,0.28796647794470515,0.21666371413950994,0.41417796833512055
0.29139707372958223,0.3421758077314449,0.2648912329903297,0.29510540175173305,0.2438405689127263,0.35398217431681955,0.3659264443742782,0.2909499358003026,0.256472970078294,0.29917300931700375,0.35818848002896814,0.0,0.27968092282028756,0.20314322466870452,0.3230412319063686,0.2983496044502115,0.29226549730395984,0.24586006274357344,0.36788450583250054,0.2665777645678292,0.32109509884284715,0.29912750826877227,0.28444003525641953,0.32825628154387776,0.3737172468250681,0.25302234300663673,0.2642990576349357,0.25145808586823337,0.3013197652103335,0.29846178590784656,0.33428710034965897,0.31844006946318304,0.3029372732657736,0.31303180661744745,0.2495544389679733,0.2696123630161699,0.34672792802210106,0.24981124522935808,0.36886010872865366,0.29922368586971765,0.2954139336026397,0.28186648874674153,0.2867457349956672,0.3191959055050694,0.2922841312663077,0.2883129430873081,0.2537229474276151,0.3015954281803399,0.296085176204157,0.25201444692805447,0.3573591900285749,0.29227285046239443,0.23259829156724648,0.3718852346058425,0.37611635192425946,0.25766001725623605,0.3109924282211542,0.3677923493494855,0.2369997488691128,0.27753097906652124,0.26470556788225846,0.2101877853361288,0.2639933479453033,0.19611058604064235,0.22377351963603853,0.23437319375916182,0.25221936031556746,0.2602257570184306,0.21076931813716115,0.26684040893562444,0.2656473792442981,0.21722909138150523,0.2170333560943167,0.3062511257598662,0.2594635132339633,0.250061055018015,0.2891409697947156,0.3237467587712944,0.2544534569180064,0.23407322684388798,0.24761803154618212,0.2799255842196999,0.329837727814374,0.22008589601660664,0.25739859292922834,0.28338570056754653,0.25876829874185303,0.2573015305979049,0.3000027203447675,0.26771750816112166,0.3003656530478259,0.29625365738545406,0.33375828714784633,0.27041416250293604,0.23749954450622726,0.3811620910355283,0.20976391587840118,0.28097842830729053,0.1967252621598437,0.2686888378155773,0.2464501972528864,0.26835473869626825,0.25489988717330647,0.28844341432686604,0.23930071100747818,0.2799297914910674,0.2669122397593173,0.2882967010940459,0.27674183093684607,0.34784351780685124,0.434819470825861,0.25136673282745,0.2560775041733823,0.24884284587732156,0.26406940462655715,0.3043620376027893,0.28406247990841255,0.28693305290336535,0.2781020491869885,0.2179623671299236,0.23983810133186906,0.24541397516490684,0.24649660249626218,0.3649158208772849,0.20755573385593723,0.4238088125908495,0.21136071770617731,0.32251589856685314,0.2994923921663029,0.23199282566844437,0.23311806747523356,0.24653795683669374,0.23523864903227587,0.26148624439312385,0.26670701046526396,0.21080065176907797,0.32844802582982474,0.2686417263982,0.27241899186182095,0.32129621257423535,0.24277714172705442,0.24989075980420788,0.29733341293213417,0.24316169781521116,0.301067294128513,0.3108776509415464,0.3349790439853783,0.2879260292398395,0.30972666453148723,0.19174834152850348,0.30695619530639695,0.29254041449553453,0.283039487346554,0.2650930736022696,0.3778399304945066,0.2718294940373506,0.2705258768743059,0.3579438797745444,0.2562845572399369,0.26134039639284373,0.20799415424730835,0.26128415405060423,0.21532121530968398,0.3107283009042741
