0,1,2,3,4,5,6,7,8,9,10,11,12,13,14,15,16,17,18,19,20,21,22,23,24,25,26,27,28,29,30,31,32,33,34,35,36,37,38,39,40,41,42,43,44,45,46,47,48,49,50,51,52,53,54,55,56,57,58,59,60,61,62,63,64,65,66,67,68,69,70,71,72,73,74,75,76,77,78,79,80,81,82,83,84,85,86,87,88,89,90,91,92,93,94,95,96,97,98,99,100,101,102,103,104,105,106,107,108,109,110,111,112,113,114,115,116,117,118,119,120,121,122,123,124,125,126,127,128,129,130,131,132,133,134,135,136,137,138,139,140,141,142,143,144,145,146,147,148,149,150,151,152,153,154,155,156,157,158,159,160,161,162,163
0.0,0.8924674168272908,0.8071780628806567,0.789069843831862,0.8319048620001515,0.8164959548518061,0.8910528074495643,0.8291993619175587,0.8773323844697365,0.7889195913497834,0.9063049695592968,0.9297123330525084,0.8527475170016677,0.7446067422720658,0.925013804673934,0.8143825226481334,0.8306355912840935,0.9362193699382991,0.8858018383080566,0.88807072785744,0.865458304021279,0.8956726450583478,0.8729538762961065,0.8969482492401796,0.911601443339263,0.8227856325600673,0.7599897955380736,0.8037408256096262,0.8051585416205996,0.8541715704956415,0.9322940354077497,0.8628822984649018,0.8439901452165232,0.8542331099794928,0.8938447766884354,0.8582594487769925,0.919110938166242,0.8895126172090865,0.9072249873572835,0.8387137427386825,0.8801619653592115,0.8560494772241783,0.8890608568013016,0.8918173686820823,0.8905883858995047,0.8946214660448107,0.828363637408851,0.8769597806023521,0.9391550694341128,0.891910930358382,0.903987300393933,0.8541982870906288,0.8139127932260025,0.8665014368747744,0.8750076449914747,0.8085563178134504,0.9142731009852779,0.8742882578156045,0.829895490583949,0.8475859485037016,0.7757068824504642,0.7034369143948056,0.8459233999944218,0.7315396493151403,0.8394294760845324,0.8224243620377271,0.8286265640979147,0.8368758683376399,0.8389593105690208,0.859059243827704,0.9166934546289388,0.7829470705015722,0.8046100986331984,0.8646080410703778,0.8362178210757193,0.8785617061087957,0.7838228597374597,0.8016857948593509,0.8817290964497846,0.694028870161518,0.7748806207378809,0.9122975387827131,0.8586944036123183,0.7823746398488212,0.8577379271504949,0.9282936052193905,0.8254214510848514,0.8777556003481055,0.8120655654697231,0.8488165148815088,0.9109890832908109,0.855978798079646,0.8974428166223231,0.8695741897914694,0.8729097986040508,0.8753060373398037,0.7234491968817542,0.8117327715101816,0.7250460443529758,0.8168845322392627,0.7867570826539793,0.7596555499599333,0.7905610637739254,0.7989655343947616,0.8521283831255106,0.8230353729524843,0.7618244385385456,0.8267022058364826,0.8710798158557679,0.886575344984624,0.8949685973938856,0.9041658431889853,0.8373191273854415,0.757950005054706,0.8707992106346083,0.8586902802615275,0.8458985416387274,0.8762535853296234,0.7730430100398271,0.7245816476261019,0.8377207623658721,0.7562303982227243,0.8642334478496989,0.8960376450543807,0.79932886944382,0.8807037788526143,0.720672427324629,0.8553557826015933,0.8162349806430967,0.8314963540791119,0.7750301778520416,0.7510169485248324,0.7358703512075169,0.8798255505890904,0.8821483721482779,0.8074038629246393,0.9021679995404577,0.8962660940149613,0.8280014878735877,0.9557013372357237,0.7634827759958274,0.7889589373649487,0.8960310107382099,0.8158603146061116,0.9101852417920714,0.930939659142752,0.9242631324710626,0.7689388124879905,0.9059181677057767,0.6256675134518919,0.9228732324203839,0.8370114520550385,0.8718412979154109,0.7983732700698515,0.8797543772599514,0.9138892817706586,0.8550143421541544,0.8210086692816069,0.7888988854391865,0.7891758143520123,0.7243202617351302,0.8715249031839886,0.9367115204415083,0.9491796325249646
0.8924674168272908,0.0,0.8317078363928319,0.8347878591450738,0.7638935387167136,0.8496484003409394,0.8927038631313953,0.836011152421829,0.8249373025776102,0.880321454775324,0.8571862992305651,0.9123666204578005,0.8670274460818738,0.810521673824109,0.875518091911297,0.7820070931797146,0.8356302603126098,0.8537843518720567,0.8375778988740623,0.8123436536769019,0.8307593049254923,0.8904320320063338,0.8548140148798782,0.8799623224134028,0.871422009461072,0.7841543983997618,0.80726798785912,0.8259892584465307,0.8729431641147469,0.7810101193808359,0.8609019610940114,0.8337333568761971,0.8940160756897038,0.844111943434526,0.8465368581705086,0.8665924286950663,0.8451046178369057,0.8281904627038444,0.8471675498897363,0.8842593005579633,0.9024975454670149,0.8612227755798615,0.7407918100717822,0.8279719642275214,0.8923484138935616,0.8668431748729948,0.8018723898223297,0.7924481469832018,0.8697623028209648,0.8193067919878556,0.8481889935406937,0.8437011180136766,0.8570738603529438,0.895443506872181,0.8498585578999941,0.8703615548963325,0.8337950519634506,0.8305225826486942,0.8369691112017421,0.8746797850529222,0.815274928359343,0.7059257495910073,0.7772517108977011,0.7237472624033994,0.7464957381599335,0.7586551785471711,0.8827431008089034,0.7755597269706945,0.7630577402238489,0.7919379075330683,0.8346075057940342,0.7463455717297577,0.7980317994208842,0.8676006332030635,0.8672038556565842,0.8203869481782536,0.7626766214804757,0.7970408455768108,0.8004556159552583,0.6752258140169654,0.7782944585391245,0.8579003946779241,0.8473687997741463,0.7971001338895373,0.8009654167765322,0.936410431757459,0.7417702335667522,0.7717551480039198,0.8317535374278211,0.9009479236717184,0.8392419808847732,0.8724795166262468,0.8478990296196908,0.8302699143557483,0.8850841286395417,0.8735114221122432,0.72212588519324,0.8438246969421618,0.710364610141013,0.9011026437440902,0.7747454857920482,0.6844681407166522,0.7330342438631567,0.7889479718065275,0.800195886403288,0.7997798502099388,0.7623666447295891,0.8534517015819391,0.8955292802041573,0.8943079501579979,0.8640702258812291,0.8010276538880714,0.8648072324422363,0.7687044164284442,0.845694537571489,0.9048185026846969,0.8433905496059929,0.7569775294620759,0.8015985972498072,0.7804368868099913,0.7672808236516744,0.7300819572670145,0.8333435623616128,0.8674286151392566,0.7348126376005162,0.8873156093911282,0.7856868697625787,0.8515379251398454,0.8714773175684386,0.7953965588001981,0.8233391523665804,0.7321497656647982,0.7101193782280302,0.8718848393675066,0.8185696449580246,0.7228314691941493,0.8270944846767074,0.8648297216858362,0.8191046384695435,0.834478797173302,0.7708714277949011,0.7864124247799268,0.9540072295754567,0.8101650259823886,0.8490817632272758,0.8417564760049071,0.8782316084974826,0.8126213429021614,0.8797375372955015,0.6656692527306823,0.8099617482516419,0.8378523269949752,0.8387259659309562,0.8519269482468608,0.8632278856769278,0.8430939222798107,0.8510457639486505,0.8350178013193424,0.8116723790439405,0.7555179372391261,0.8021963697998274,0.8205284470479292,0.9274443835714786,0.8605053667336013
0.8071780628806567,0.8317078363928319,0.0,0.7480441640455975,0.87492086952875,0.8781721586399517,0.8225406638244899,0.7821633402271864,0.680388267443778,0.8119715630064006,0.911910138249584,0.8783438442755583,0.9051624797403394,0.6428052733294454,0.8088489726198221,0.9267372094595969,0.9191393825368763,0.7946476600861009,0.7696550644358322,0.7141473354864898,0.9334207056251367,0.9160775152817417,0.7568105763615414,0.9056500129777532,0.794910816905106,0.8899932416470075,0.6881928689715786,0.7347471899829073,0.8105184806860242,0.8432239914340403,0.7101177743272654,0.8458916372732511,0.7873840381063432,0.7330424401110412,0.6614631637737928,0.7396781586929234,0.87122879779733,0.7697544743556253,0.8243054973904753,0.8628040780017978,0.8351208096341455,0.8764776363152592,0.8275723803534074,0.8197656089365056,0.7843410970266359,0.875786524175914,0.8718915018239003,0.8814902747414541,0.7966303652669177,0.7898781444350911,0.8841831915425017,0.8848473070012463,0.7280758345758275,0.8529782438127781,0.7990994636564778,0.7804301291649011,0.8301747337457117,0.9062983966167709,0.6933983170493591,0.7648409276624828,0.7844164027530837,0.6906482751625125,0.8777884645938093,0.5995749867766021,0.6957378821517165,0.7861286277869716,0.7705544922937086,0.897363619658039,0.7666457841687269,0.7830162988876768,0.8812027086285334,0.6077144774000285,0.6807788861117269,0.9343614406551073,0.8455060200722031,0.6690110033648734,0.8881292910942203,0.8950368823978447,0.7865629317610523,0.7943421491634787,0.9137897740380811,0.7623001618646645,0.9087316228872014,0.7613556075222068,0.7651150349415017,0.842213134941932,0.7253377534532861,0.6565558183123897,0.7090123107258806,0.7823886380285957,0.8772263976610346,0.6718744343234949,0.8310458663423882,0.7520772634197374,0.7675439077022344,0.8012105940469538,0.6609893927324034,0.709195920976115,0.5765382441669752,0.7515410524774389,0.6324679025013025,0.7741519307089287,0.647575965359478,0.6952935599849341,0.6806902966728979,0.9098153857644611,0.848488149919138,0.8030730298668125,0.8872986709759142,0.9365321347149339,0.8506200021461917,0.7374413311696328,0.7991107197948811,0.680976823349617,0.7777720987915261,0.9084587992718423,0.7121281592474801,0.7687968738971862,0.8357118002016497,0.6310811101986774,0.803292400989202,0.7013036827147913,0.7601257346871468,0.9175185495758966,0.588235717530007,0.869647793536014,0.7202765054450238,0.8740710943342201,0.7917596239356309,0.7521055157389295,0.7180326628907127,0.9136145545805645,0.6511919652584355,0.7134188884720986,0.7696042622055086,0.7102907466136338,0.8323891327579958,0.7644587129261667,0.7399961523190691,0.803008655356906,0.658550681501303,0.7577914623907667,0.7700433081246779,0.6981782810088679,0.8524882468688166,0.7465825322804048,0.8804239879541551,0.9319734130771766,0.8044509348235095,0.6270145629603188,0.6984056622718288,0.6955991377383217,0.7983964680066391,0.8974855083745152,0.853981706118179,0.8045933660366071,0.8552041308345513,0.9312769950314992,0.6509435523479168,0.7826099353802306,0.8005415911274786,0.652896445117109,0.8002919316854893,0.8670298478341134
0.789069843831862,0.8347878591450738,0.7480441640455975,0.0,0.6893392327052151,0.8181056491064667,0.8578775650064558,0.7985323879185705,0.6784282899808307,0.8077227813802398,0.8298077963676487,0.8362647644942187,0.7664147515478679,0.70921680799381,0.8150947237667718,0.6888301344325818,0.7597643607201174,0.7809503348838187,0.8415733322952608,0.6616121885181474,0.7753096528706076,0.7726360437893044,0.7990857902582048,0.7718228619231643,0.8365949207971339,0.7722931359052214,0.7389507560094449,0.8307796260903348,0.8077665993079202,0.6561126816770835,0.7693203664468992,0.7274617194818651,0.9623934779231686,0.7961942403389728,0.7794345121888867,0.8077521760621483,0.7694818137106061,0.738941264293001,0.7480886382644493,0.8132444114788143,0.8887219281937346,0.7417958548276621,0.7040913166106199,0.8254093005938178,0.7868404720148763,0.7512882484681223,0.6651949205178631,0.7519277747338594,0.7894641169266894,0.7051157276102822,0.8342037550090323,0.8428325502035111,0.7570510201994877,0.91109733084708,0.8450527254824433,0.7087621485808401,0.7409171909142913,0.8125666517836859,0.7684850503977507,0.7318989587975315,0.8253985108292609,0.6201927231346792,0.8113906303753088,0.6051490754011937,0.6724213468217162,0.7094205148775201,0.8049014582902865,0.6948509534002894,0.7258681673563916,0.8250910065277555,0.7372850389098068,0.6506215038697147,0.8162819112406722,0.8264028176878343,0.8082618589767432,0.7226051399612216,0.7164270804795844,0.7197873589333799,0.7868257104425384,0.631780387075023,0.765827652218018,0.8116524937953851,0.7137786072509533,0.7879697979525027,0.7871496978323625,0.7955483251632456,0.7626321796750283,0.7308541877815599,0.7643374599048919,0.7053588430718922,0.8230364724931055,0.8227175813641523,0.7685554435005303,0.7365376259405831,0.8526366352500099,0.835719371041731,0.6647084515702296,0.8263352452704834,0.6221806362566173,0.8600010059338385,0.6852597195486789,0.6785806903010814,0.8788881053332273,0.8590881065386619,0.7743460608006982,0.6864382006421189,0.7130329223153857,0.7909307411011574,0.7811920708517803,0.7504310505721459,0.8746180076547974,0.7472542326997084,0.9046863780379064,0.7142662520983993,0.8318348230808935,0.8010080594980196,0.8197608054946156,0.653028306465416,0.8846719307565196,0.7668983404183222,0.6448674131662284,0.8399593524335269,0.7337704046872725,0.7966451862583983,0.6522267966543801,0.859223169993202,0.7014394078706299,0.7047335755897715,0.8537728650001657,0.6962458439977267,0.6577891280367044,0.6583495406103028,0.6644550385566799,0.8143452771225606,0.723819375004813,0.6201922227612361,0.6638370909657686,0.7886748670530879,0.7500118023601077,0.7401943300730737,0.9182105352201114,0.6443915013501361,0.8376412070505086,0.7664196267426968,0.7508197296131977,0.7877330237725916,0.7360877900987849,0.7314326629320432,0.7527488143142114,0.5678291554442535,0.8165712923966127,0.8714537446393782,0.7271072976186206,0.6729085387190947,0.8885008760079535,0.7452694180507773,0.7464337083382412,0.7919503634526979,0.8940233585113225,0.7606972460321139,0.8326124582887444,0.7816817543004919,0.7947107534616052,0.7916011971653483
0.8319048620001515,0.7638935387167136,0.87492086952875,0.6893392327052151,0.0,0.7923483327472849,0.859871078058279,0.6548280851628778,0.6823790290904984,0.705496187515393,0.8950450447225742,0.8387362057823594,0.7885569357543826,0.6295185870752739,0.8451179155051778,0.8659627105962273,0.8319062892520206,0.7947783133174564,0.7403628193821271,0.6977143159524918,0.8912286351401156,0.8806394705111829,0.7374529305317435,0.8924350875957485,0.7554433792515135,0.8738258084029745,0.6209465901451873,0.636892393180481,0.8099412316960064,0.8737254737943859,0.7330299345959895,0.7944754377377938,0.7556787832666811,0.6759759184034616,0.7048002953803821,0.7328295528679544,0.867171780820504,0.7751908319802663,0.8500312391510972,0.8088845112127994,0.8318430856209165,0.8201103948487943,0.8865685016225067,0.9037125854159826,0.698319625480503,0.7990129229332504,0.9187222603038674,0.9442896267102674,0.8308582953927934,0.814678968306986,0.8898931122264123,0.8558188444347691,0.7220116109165182,0.8017715771977775,0.8043572820668586,0.7289892834152951,0.8264725479995946,0.8637354922742647,0.677840099889688,0.7191787127649732,0.6484031099432537,0.6879558300180978,0.8531585002239113,0.6201513480833328,0.7558428747863462,0.7190558971967708,0.6771749922003074,0.9282016085668602,0.7296928380130292,0.7092313553989563,0.9104573804646372,0.658745303571935,0.6324126303605152,0.8257875489357348,0.7113714870601129,0.7057693782314755,0.8089389096234572,0.9346693846911012,0.7445565615526409,0.852595661471439,0.8808665156233059,0.7590796516573696,0.9109040529522376,0.6765905185955383,0.7444718824169549,0.76727847647834,0.6684600104909273,0.6942173439006538,0.6316183205240248,0.7133690311043562,0.9266707255935922,0.6837786354499997,0.8961649530086191,0.7464933902301362,0.7680289181519477,0.8083438122784088,0.6087484659244852,0.6598626708932794,0.6380493566636125,0.6519785694233432,0.6734085587918539,0.6914287036787687,0.661604834134579,0.686181172068009,0.6744829906000588,0.8279834308841738,0.7227469451971811,0.7060169829932661,0.8560045531630285,0.8814375795331393,0.8432780662198059,0.7932570110843501,0.7158460083136661,0.6013894452744678,0.7612511128945431,0.8131191005304854,0.684537043624141,0.8346719490539637,0.7736642984841018,0.606996477068725,0.9109462856535516,0.6570681216299984,0.7484318295817838,0.9307960910675915,0.6779126983384033,0.845246826498161,0.6491548221379654,0.8237369293910839,0.7209089725490584,0.7813352584143887,0.6465967122985533,0.826234417224041,0.6117984400738631,0.7299292992417223,0.7519246824433484,0.8443808832634143,0.8642674958529899,0.8173094406421338,0.6864341386250439,0.8378029195420993,0.6558573749036569,0.772377397825863,0.7274349275227421,0.6887852940800698,0.901806343816805,0.7660423443264418,0.9008391231137405,0.8510922091975941,0.7576834050720944,0.5949415910067288,0.7123710831315521,0.7410920930363782,0.761401925698249,0.818723341787432,0.8025381130980366,0.7635063506178046,0.786406964151319,0.8595227282693254,0.6725964605802275,0.7929093904621382,0.7313756938615065,0.7122024776531957,0.7800652399536817,0.9279385863390864
0.8164959548518061,0.8496484003409394,0.8781721586399517,0.8181056491064667,0.7923483327472849,0.0,0.8250078176612466,0.8180166809675353,0.7193370149885366,0.818178300289342,0.8574852035700713,0.9348290567533946,0.8451249076392071,0.6562523393700085,0.7575334883876457,0.8500867320533051,0.8701561211820108,0.7198714815400832,0.8416151218238898,0.6845085995395385,0.882681069333402,0.8087342145573936,0.7434888199605065,0.7963508831125145,0.8460467224558536,0.8258872560063082,0.661451660617142,0.7659771306938244,0.8011962605505231,0.8322953007599201,0.7660517059166772,0.8955842122017432,0.8373768727565187,0.8164540362795978,0.7074740367499479,0.7905998670628311,0.8410654751149488,0.7565613379624829,0.7875171853984742,0.766782776147654,0.8319218275197001,0.9000464495249111,0.7625689864756235,0.8489886208775582,0.7771472733949663,0.8004944099450668,0.8354059706645337,0.8277157701861104,0.7632140489272793,0.748324890580448,0.8795709257085806,0.9236631452769215,0.736059596636326,0.8708989201902372,0.8207749495567478,0.8659806321202662,0.7921302974863857,0.959106634428885,0.6453622110476361,0.758085049229267,0.8008752435359676,0.7489806117212775,0.8882028071900213,0.5985853034078685,0.660597290551301,0.744456936615621,0.740919664175956,0.8036291097492771,0.6866061747434616,0.7995031684057881,0.8236987996935679,0.6041436781761349,0.7730492075211973,0.8665871872550464,0.8798911185409326,0.7341447617127889,0.804742802671254,0.838277322323092,0.7752433866334284,0.7994388688760532,0.9302355482000456,0.7955802834409866,0.8529726641524622,0.7918946916858706,0.8356335476280323,0.8325426335976938,0.8041960864219286,0.6831415393117569,0.7837131082180325,0.7870001921860676,0.8822854675761178,0.8015746543376523,0.8079845344378991,0.7617252020490705,0.777431483823356,0.8602361706497438,0.6857965524228743,0.8407392942588054,0.6447669502720795,0.8164446256134394,0.6479517151780048,0.7382049406656727,0.7525289348419646,0.7685674308691559,0.754096045187059,0.8287742259073339,0.813060423144186,0.8242206889217005,0.7990232762334345,0.8654863032294617,0.9034196143933733,0.7514929300542663,0.9260145852518133,0.7332726740670089,0.8001506168442362,0.8865021804099453,0.8316567708749494,0.6938638595042418,0.8966862039159917,0.7528251827145125,0.7145947652720113,0.7977239546981337,0.8125083095541744,0.892348847759027,0.6270420314781449,0.8812445019503244,0.8048204568117914,0.8311176584891132,0.8579189577351783,0.6588325356534708,0.7878948943860089,0.851874790268594,0.6579266177690876,0.7979448224917138,0.7124529884993118,0.640864416524445,0.7779373512843476,0.7230601675073677,0.6546520650896783,0.7749478137544401,0.7171383218381522,0.7905559538946514,0.8225550555627976,0.7502240177439068,0.8157641733072367,0.8079963791485298,0.8538443845805167,0.8409894728262741,0.8098337341957093,0.6774347399900706,0.7494743386400812,0.7845738177261035,0.7322604616128056,0.7610405190427796,0.9101054722064861,0.748928138333443,0.7532307970614669,0.9256710479200811,0.6908295179117043,0.8415506298399194,0.7492590582829071,0.7602028716490706,0.8592245838774557,0.8244496121873712
0.8910528074495643,0.8927038631313953,0.8225406638244899,0.8578775650064558,0.859871078058279,0.8250078176612466,0.0,0.7459280271312385,0.749355383300584,0.8592010848522469,0.9055446363190749,0.9119704827435067,0.8238615563986011,0.709973940788816,0.9287153086707588,0.7824431951208213,0.8090733525601748,0.8746416586443937,0.8287847800277828,0.7157770189206669,0.8382873551067158,0.8813447297680028,0.892145688464382,0.9070185843096416,0.8923005990388546,0.8332021385347664,0.7561557785535431,0.7671197452010745,0.8918022519590785,0.8233656305595797,0.8317305277833882,0.7938122174954887,0.9122194209299826,0.7829012343148725,0.8076575693761184,0.7871804264154364,0.8915165243178031,0.7776106894371481,0.8353269471097895,0.889338913927613,0.9039886067176695,0.8428510779785967,0.8039613231881255,0.9093645193504829,0.7908942132965222,0.8248334788166909,0.8261124210448146,0.8643536401804971,0.9302409704617324,0.7656031479824766,0.8895630830200112,0.855993043492557,0.7650990163946284,0.8794318772814812,0.8655759641010446,0.7974500448998583,0.8051034869002619,0.8573054676918116,0.7906238673879774,0.7612862627910666,0.7253197495324866,0.6369112461494997,0.8034953442639657,0.6271997014092915,0.731155654800352,0.7005611122560738,0.7897379923784815,0.8518346336587591,0.7543163777545957,0.8023874268620687,0.8435552733617872,0.7006628539251256,0.7017630772855505,0.8529297698705474,0.7548963519979432,0.8167718630643431,0.771661985240917,0.8759509338027293,0.777455941491565,0.7387912601015308,0.8160217111278127,0.8224533864172558,0.8910765670250542,0.7263976069188325,0.7550782859794523,0.8353273858858737,0.7183796863887723,0.7652951885575563,0.7547152809391474,0.7884463102231929,0.9130314080654993,0.8227994629936585,0.8803465305824196,0.7722573530200044,0.8390477579057792,0.9188623842842953,0.6106650691655137,0.7807666270695771,0.6470797654256913,0.7933075484632987,0.7324900775396626,0.6734801555805752,0.7815055716616847,0.8359919257531211,0.7230704892845536,0.7690155540563235,0.6937490711470837,0.8143248121095819,0.8915511391523869,0.8846726011737323,0.9079516113030489,0.7798754999116123,0.8097591337900508,0.6761140737492082,0.8179708177220184,0.8644614375970364,0.8059973853755448,0.8052583975789924,0.8236404985234288,0.7093209922730146,0.7829146303620897,0.736157421680538,0.7601566677125169,0.9371493422042031,0.7057935401311974,0.9299085855130877,0.6581250224212831,0.8019662432799064,0.8026111736998045,0.7892938685828809,0.7153406070479927,0.7023058912016278,0.6559234877899703,0.7983914615935559,0.7602081677156599,0.745052414898456,0.8320536924785545,0.8870653094868897,0.7784894517115775,0.8551356033417339,0.8237560516178494,0.7170986275002275,0.8507198041555629,0.7197780041282796,0.8694596846222451,0.8520810812670992,0.8624470217685595,0.8455261508930567,0.8290548265972835,0.5664999483474623,0.8037939518782792,0.8882512554291755,0.7703657172404715,0.8153734294083371,0.9047765973215453,0.8203084608502675,0.846824885117549,0.8834907716870555,0.8530459241304993,0.8055597478562557,0.8445315831688252,0.8187743654412976,0.869443697482825,0.918005218321313
0.8291993619175587,0.836011152421829,0.7821633402271864,0.7985323879185705,0.6548280851628778,0.8180166809675353,0.7459280271312385,0.0,0.8142586704620101,0.8224607900522716,0.7975411497261706,0.84513489994822,0.8746426044230298,0.718957825309333,0.7798210505507466,0.7666360789326405,0.7663008726132176,0.8005831556442274,0.7935566364316112,0.7782995489991932,0.7572170529160108,0.7880354732672796,0.775018494362316,0.7514245869062057,0.8515527334336063,0.7592130395963046,0.8157179641331046,0.8331246903454802,0.7172791582911242,0.7413028633499168,0.8366748215057115,0.8256205989790075,0.8111033591963455,0.8345788852062067,0.7448396038825478,0.7923781187306823,0.8404001672626742,0.8047841211133898,0.7789586586361706,0.7598183834912424,0.7672939776572147,0.7750305603978253,0.7492906072986874,0.7222345168498632,0.9305254324194032,0.8513642322876619,0.6960765136285596,0.7307097179660743,0.7662769608299974,0.7500984070600523,0.7862496546286722,0.7612448596369595,0.705746341818591,0.8041731918513029,0.7923144673635665,0.7892231775827206,0.7723924506228008,0.8257672928781593,0.7247276616116084,0.8036839083467443,0.9113413132734864,0.6964532744977094,0.7796664884103996,0.6469112819271624,0.6682784752173687,0.7934481424694354,0.8850565386581728,0.7422615141784316,0.8118671057176305,0.9342718770232009,0.7889097630184795,0.6656994981448515,0.794634164076921,0.8413757376799835,0.8960149195985666,0.7577241284190706,0.7792917474166962,0.6941440064065728,0.8548268750586924,0.6031415843333868,0.7054469023719344,0.8150463538341461,0.7604420515938743,0.853032740243496,0.7741092913070856,0.8978461465664113,0.9198705416783792,0.7885459834050315,0.8975323900009599,0.8640425752452449,0.7667844021777703,0.7827395944927577,0.7327917129059572,0.7480256654018882,0.7575168926310295,0.8068320369637888,0.7542682998113474,0.8032365628328276,0.6217168008034719,0.884960371962402,0.7012340963218995,0.8433524342570157,0.744610318954781,0.7557205528914451,0.8104564892547542,0.7930692742915022,0.7950370114165878,0.8190788306088742,0.7744377877492383,0.7726771052825439,0.7745351701763877,0.7413867750617982,0.8711940072173815,0.8768441417116629,0.8065443870453567,0.8209335787300619,0.7712892568521124,0.7071180676170523,0.7296749545867548,0.7549554324466263,0.6556580411943007,0.8550476180993786,0.7399229528030274,0.7721716749619902,0.6267314498274742,0.8202764849463307,0.7488548520294962,0.835744334919994,0.7989368239845958,0.7305391099347548,0.813517453348192,0.7301125013849835,0.7980901605316676,0.7740510237519301,0.7799163981831919,0.6100708907210041,0.7531530551506992,0.7405653394914705,0.791896343730394,0.8193616029575714,0.7457527161098325,0.7109159991642904,0.8250024741006182,0.7617861779274808,0.7621986684056444,0.8143191486541346,0.790900841683831,0.7501574688088116,0.8329901053029656,0.6243329934815504,0.8255972345080538,0.7098150419975944,0.7638830693945836,0.7545609300887265,0.8287857025651189,0.8831575289055122,0.79382792418919,0.7890269676664099,0.7102208697744966,0.723135208332594,0.7109984532290673,0.7167824952768336,0.8688743724434839,0.7520844495185842
0.8773323844697365,0.8249373025776102,0.680388267443778,0.6784282899808307,0.6823790290904984,0.7193370149885366,0.749355383300584,0.8142586704620101,0.0,0.7256026537793344,0.722231435676528,0.8011188402521872,0.730403388573195,0.7134181763605031,0.8151211029346609,0.6677518641322676,0.6601854412074954,0.8020068895115421,0.7592646659087313,0.8281002667656807,0.6979076325311736,0.7879774235076075,0.7333539938352783,0.7328509365924909,0.8055604419255531,0.6503313834282859,0.7250440906863249,0.6863799579581108,0.6717756021682247,0.7663807271424065,0.9222541759215388,0.7439496946628099,0.731767879036833,0.73280714950891,0.8297522949019974,0.7611273503262244,0.7849324443635712,0.7754983720613948,0.7896032436694636,0.6813203619533836,0.7201903913606857,0.7884304400692288,0.7255587341364431,0.7228438805415449,0.8179008892843527,0.751107513238963,0.7116850583822559,0.6996531267354995,0.7677239259559604,0.769006911443355,0.7269873651498885,0.6852275039008832,0.7307836948947599,0.7240072837554635,0.7213434857124068,0.8141696956121961,0.7521144579652324,0.7331534559044964,0.7368126422872899,0.7544778801149733,0.7112256254285811,0.6599886601606855,0.6798644532352937,0.7012342085536282,0.7649945865641639,0.6994713893074725,0.7720688924401146,0.7319572548876608,0.7320126714772441,0.7986006548481588,0.7979433830904878,0.728312709093501,0.7293007313142357,0.7073069994267375,0.740718916848815,0.7949472794941342,0.6518861863755621,0.655955886564351,0.729280287433869,0.5658193920827941,0.6293373656254183,0.8714688589421031,0.7661714230356463,0.6806058533747735,0.7048285509998475,0.844451308303662,0.7928226346461179,0.8256205138186807,0.7662845983207698,0.8866385989101936,0.7366856216087119,0.8540465633551043,0.7292852786182181,0.7357361578185495,0.756573425080834,0.8000796388747834,0.7272090484957764,0.7552922814230393,0.7148539063903321,0.7392851363212187,0.7380004330295955,0.6880493057517959,0.6952888428841151,0.7275806880731347,0.7871708474009436,0.6894373719420015,0.6387874635097566,0.719808347905479,0.7112755364506125,0.745194566564154,0.7218692331936146,0.762084076681418,0.7344779400771938,0.7444184198171735,0.711652638000084,0.7250189783666474,0.7287978186700874,0.7524899341842773,0.6179649245365709,0.7116666587607702,0.7008836184867732,0.7021445276773686,0.7256486656610418,0.7321337744275712,0.7896025221767248,0.730553679373014,0.6742377746472439,0.7698956464281597,0.6797825067460525,0.7337670701629496,0.8348040025926802,0.6462625617598615,0.6959071112464049,0.8281486317997444,0.7978906891477057,0.7123125454775,0.7835253356470433,0.7574092776050468,0.7240794821682968,0.8443930428958785,0.6914700999191401,0.7120790956556464,0.8417784604200188,0.7817870932981683,0.7481686360497568,0.8311481120058972,0.8492881986307643,0.648024950601207,0.8122031272747194,0.5873699157068101,0.8350050670843489,0.7264694277981593,0.7626743471742995,0.7247512583951786,0.7380329810683586,0.8675021223248819,0.728037850300132,0.6899223896486295,0.700657870771295,0.6336977378568842,0.601038252529011,0.7945254002782712,0.9032009642939512,0.7775564531152698
0.7889195913497834,0.880321454775324,0.8119715630064006,0.8077227813802398,0.705496187515393,0.818178300289342,0.8592010848522469,0.8224607900522716,0.7256026537793344,0.0,0.8034464180229769,0.8660821298849216,0.8435837037034983,0.6930793158507839,0.7870084745220138,0.7608911319852175,0.7765534037656509,0.7935846989069079,0.7607867497509182,0.6821121014666695,0.7451299788398462,0.7908572689031763,0.8770747212430711,0.7936299228854201,0.9083611488046335,0.754462666316995,0.8283844401125091,0.8128320864823083,0.8478007728216006,0.7807734032183808,0.7686065894906894,0.7828862777751945,0.8333514036070399,0.7978175467280301,0.7176273638207747,0.7245094947452971,0.8317468114401844,0.7225293746296354,0.7135711941059383,0.8190940737798851,0.7864292950536879,0.8253187330305048,0.6978244909780555,0.7480073581160722,0.8172260999926624,0.7916512473296076,0.7589673968577998,0.7371707822699358,0.8261665493548281,0.6616242995989099,0.751019041547192,0.7617273776704692,0.6623595852100913,0.779623578548333,0.7708498612303881,0.8415128142030749,0.6990065511516443,0.8091174007291354,0.7250639216398195,0.7217406796365877,0.7480882567577103,0.6051746195049957,0.7096534457292106,0.5995104930173205,0.5978563977814992,0.6463099618758763,0.7853894740272941,0.7650300167247537,0.7602292378554162,0.8243474954422338,0.7198986961135269,0.6313736815602797,0.6706651269298725,0.8005472998974121,0.7801157452381834,0.7629210455853661,0.7218585615191314,0.7839059989172307,0.7420465561808257,0.6564770179328501,0.7505980742058677,0.7136190869172365,0.8300842344343394,0.7617176847262632,0.6841349822293913,0.8330164303755918,0.7297092870458739,0.6878267528388118,0.8357553571234905,0.8124724735702564,0.7758756743298836,0.7676425776716583,0.7422558451631222,0.6740309480856889,0.7105691138368919,0.8769863953883702,0.5797090483832282,0.8182918314247652,0.5817026334021073,0.8285055585188131,0.663724999476333,0.6705336478637443,0.717776338682361,0.8370326791482262,0.6682519399916057,0.7592718544013973,0.6859251993124512,0.905873987046858,0.8168681093153094,0.8305200703037353,0.7888113602560534,0.6616530254503715,0.7878769140415534,0.7508907422843205,0.7468426695767718,0.8492851844780508,0.7996753740013709,0.7214297962400154,0.7812657030155932,0.7351283298496332,0.6443223688070301,0.7333310327257266,0.7115634842106547,0.8154400314280184,0.5942407767885661,0.8766762245181268,0.6470017694471866,0.7756100993828918,0.8126609001338685,0.7074661468172263,0.8252786075518325,0.6677067644646357,0.6596579539262927,0.6935916391238282,0.6823208748813442,0.5964231854107633,0.7856468247171537,0.7599428141853037,0.7838880970850104,0.7559207884110766,0.7725766726917718,0.6796282583742157,0.7826180081050648,0.6523827500450982,0.7624488071987765,0.8064639678439764,0.7589093872047443,0.8295081738038684,0.8770309759962316,0.5918409449310611,0.7101234090556854,0.7827847174844755,0.6926837015704986,0.8262041048217769,0.8775083268387781,0.7786549645712487,0.7982439448399706,0.8620512516560634,0.7553224631871358,0.7216045632782222,0.8657672408552856,0.7282627770213778,0.8502325840674193,0.7528690898388445
0.9063049695592968,0.8571862992305651,0.911910138249584,0.8298077963676487,0.8950450447225742,0.8574852035700713,0.9055446363190749,0.7975411497261706,0.722231435676528,0.8034464180229769,0.0,0.9169896516792624,0.9046279991019383,0.7165058354577887,0.9042279996870025,0.9031630442359433,0.9121625973741251,0.8940540956209035,0.856041298400766,0.7787515143662871,0.9322465668001116,0.9289597302756926,0.8348694998516841,0.9277897550491839,0.858068382888752,0.9161795845171806,0.7386454033949258,0.7992231048200753,0.8784547682568253,0.8387229239157555,0.810607927690886,0.8850005571103026,0.8714985590490273,0.7995739242488085,0.7827089542489931,0.8374719975492085,0.933338933026833,0.8676124761351893,0.9194024890938307,0.9010883833694525,0.9154494541437835,0.8264522789921782,0.913214823818457,0.9232282941356329,0.837067406101001,0.9004137337868342,0.8325029103584052,0.9568059582298907,0.9173401398895403,0.8726882323367552,0.9730015448347195,0.9041566150623215,0.8029786198302781,0.928063906003799,0.9359488923492988,0.7370996892086995,0.9114084092864984,0.927336398453841,0.796659691875239,0.8285542020960581,0.8216541969651754,0.7147166084450577,0.9287843626400223,0.6663403209252486,0.7833549351548093,0.8355864406378527,0.8228998335658686,0.8831596818486961,0.8458240562696082,0.8481773757676845,0.9232856571155666,0.7148836233364098,0.7638960048879597,0.9543492782395828,0.8626147473302762,0.7846091030465797,0.9035814938982917,0.8927856014955373,0.86631616181182,0.7861811449913488,0.87629943871603,0.8350519604613459,0.8770733470845351,0.8112485645236902,0.8489278328913876,0.8647508084127742,0.7945576566576469,0.7989813432498426,0.7588471321753982,0.7628658599967646,0.9566266319292385,0.7492868551637685,0.9481047400230277,0.8483562586756068,0.8740776001272889,0.8550153676084193,0.6985901176733504,0.7367280024954326,0.6513373477514346,0.7949106853462017,0.7462921332390863,0.8114267368792695,0.7552204279029431,0.7581231727515519,0.7893179230343429,0.8618405065386632,0.8373423983185971,0.7959088047480563,0.9192957553273795,0.9068845178123452,0.9328610709045934,0.8564043270049311,0.8563713474010797,0.7385169089022818,0.8823213546112888,0.8853868431587273,0.783198081727206,0.8658652344818576,0.8596977111709193,0.6819174435536962,0.8603628060688295,0.7731099257258551,0.8060671172447403,0.9555999934568018,0.6925044930967182,0.943725605753233,0.7239139508283547,0.8746907022959167,0.8423491283819113,0.8326297444709441,0.6839486129741665,0.8380313249754814,0.7334676230173448,0.8086863890220906,0.8453756790639843,0.7921184500254496,0.8504701918871176,0.8751800093969097,0.8060814444382242,0.9095798864210278,0.764935121120793,0.7950756402189262,0.8321462657734418,0.7838796896569206,0.9382213108691254,0.8211199031596776,0.8878548485196917,0.881936599424687,0.8359713085122514,0.6239904689055535,0.833454462543926,0.8240911475409967,0.8610021078720442,0.8189231077640654,0.8903134866858404,0.8618579392247676,0.8940720754693054,0.8883973571857019,0.7745685155354756,0.8769330864146128,0.8061274436327184,0.7688272384915099,0.8421448060690186,0.9533537818650033
0.9297123330525084,0.9123666204578005,0.8783438442755583,0.8362647644942187,0.8387362057823594,0.9348290567533946,0.9119704827435067,0.84513489994822,0.8011188402521872,0.8660821298849216,0.9169896516792624,0.0,0.86819431391114,0.6873083820808331,0.8714956987247051,0.8532450365808029,0.8780899797221939,0.8423343089950381,0.9205502887030044,0.7877487166768379,0.9153934318434028,0.8836806568333605,0.8557908052139828,0.8887338678124389,0.9463013273557244,0.8400907621233216,0.7199173643980298,0.8151235913305497,0.8402857914206717,0.8772903330633747,0.8721076732647829,0.9084947134962195,0.8729322283995177,0.874835207742782,0.8059215970461149,0.8350469415091601,0.9097561742180409,0.8182415592908387,0.8697121984212772,0.8298473793785426,0.8884263334679291,0.923351130476754,0.8500719882709211,0.906815551884579,0.8531629619589812,0.8725194729041168,0.8614449224834041,0.8828976398635904,0.8915231026781693,0.8205816523591142,0.9242367523040587,0.9189059911463016,0.7791277150917894,0.9060967016241545,0.877522757442118,0.864078383231209,0.8699586532574862,0.9547807783790871,0.7528242382175235,0.8053467072021739,0.7984947040737255,0.7048234660545588,0.8852348225331671,0.6534370497653709,0.7511278530869899,0.7894378976518993,0.7902961687989815,0.8436689372209071,0.7669676159760989,0.8554200915530668,0.8807828277560452,0.6787176898738689,0.7845777649101349,0.8963403809771731,0.8711875991361099,0.8245486977674426,0.8090428137315033,0.8488946741147232,0.8433655786683041,0.7519913985897182,0.8762446838247673,0.8730943579421412,0.8932724532595057,0.7859168519987408,0.859417731882724,0.9015390038853037,0.8240614862700987,0.7761954579912632,0.8192242743052719,0.8322624037686505,0.9240150169074185,0.8577360347797006,0.8775115304945416,0.8257017395508232,0.8288564828998246,0.915125599246441,0.6966131020502561,0.8680299802694228,0.6696807596320656,0.8360302131899706,0.708643961491801,0.762330528841019,0.8017040553142794,0.8402727618346535,0.797195604216251,0.843806930768257,0.8018649488135666,0.8763085004482984,0.8641271534933925,0.9298692709845229,0.9554844313164151,0.8273976110557502,0.891790480025784,0.7417158480772348,0.8420847101504391,0.8987679062848632,0.883940807929231,0.8157103268967224,0.8713958455968476,0.7321615312790435,0.7746976476890117,0.7802595613474593,0.8555734781511959,0.9368927091353211,0.6996888431165769,0.9299390868186831,0.746919875605685,0.8565241629431454,0.8712089672824047,0.7408572218902865,0.8000836463736464,0.8053937257505955,0.678968774258322,0.839459700516097,0.8114370626076601,0.7197848810398263,0.8711130762155266,0.8208176960382185,0.7571681259380107,0.8921217371169644,0.7656463216230568,0.7869950548162243,0.8849544555806468,0.7851207947125006,0.8858004313668475,0.9054944090693375,0.9155504245120389,0.8362564492542989,0.9149661173065958,0.639621515571214,0.8507434644418034,0.8498103426256968,0.8167968732343819,0.8111544577607347,0.9612798707558387,0.847436442372379,0.8289701226052332,0.9153968114106301,0.7560656531936943,0.8265060185438318,0.7704236893417109,0.8322432888951217,0.9370763475330797,0.9119025868091881
