0,1,2,3,4,5,6,7,8,9,10,11,12,13,14,15,16,17,18,19,20,21,22,23,24,25,26,27,28,29,30,31,32,33,34,35,36,37,38,39,40,41,42,43,44,45,46,47,48,49,50,51,52,53,54,55,56,57,58,59,60,61,62,63,64,65,66,67,68,69,70,71,72,73,74,75,76,77,78,79,80,81,82,83,84,85,86,87,88,89,90,91,92,93,94,95,96,97,98,99,100,101,102,103,104,105,106,107,108,109,110,111,112,113,114,115,116,117,118,119,120,121,122,123,124,125,126,127,128,129,130,131,132,133,134,135,136,137,138,139,140,141,142,143,144,145,146,147,148,149,150,151,152,153,154,155,156,157,158,159,160,161,162,163
0.0,0.8678043650903151,0.7698777801638426,0.7812074955943141,0.7790948620874061,0.8383439320166913,0.8699248566865138,0.8405164087715904,0.8798171386332702,0.7618750635236452,0.821113673440224,0.8341572707809309,0.9043701261364452,0.8019388331764236,0.8977712170643729,0.8260524728364097,0.8259208350654045,0.9483288896755137,0.8416198925551375,0.9474269938580536,0.8434802207490724,0.8624756391658179,0.8332742031504197,0.9135816892371774,0.8871782114218479,0.785073719493291,0.7859075874536059,0.82934650355642,0.7041564359422676,0.8488445213788695,0.9144530981524882,0.8511976719684652,0.837779699344901,0.8478227786270897,0.9023588176414946,0.7237892917686108,0.9354432655810078,0.8531537807207793,0.7886030832119811,0.8531126549557458,0.7828814577321513,0.8534554685835614,0.8447575857467637,0.8345647263723203,0.9011619573939037,0.9085768986231204,0.8505633047199805,0.7993921365406078,0.902886837793926,0.8171585139245898,0.8432555604371935,0.8560665576469686,0.7349042909381468,0.7794984860186928,0.7112250505229527,0.8415660094716029,0.9028180734276603,0.8141028702276082,0.8092799930031118,0.8593227140607158,0.7892829540616921,0.6946095230946906,0.7707832449945242,0.6845374994278373,0.8100264922001273,0.8262894642181116,0.8723400687664515,0.9068369741731076,0.8068753258696892,0.8926098126898635,0.9352828177089318,0.7944717885907709,0.7622814949008306,0.8661140354529753,0.833903173397664,0.9089947689343634,0.7696675863967961,0.793338825840682,0.8468733069070488,0.7240814002398132,0.7724302220029137,0.9094221487697222,0.8778187060888011,0.7852946584228618,0.788318281860283,0.9212335542387609,0.853369507598005,0.8355059610006933,0.8739937442180474,0.8536004945165923,0.8536671434745966,0.8750142493676853,0.765061602622368,0.8589248401409462,0.817080913595554,0.8564280065548054,0.7146128060927075,0.846326338933292,0.6854268934479733,0.8813764370712803,0.783927361564535,0.7505420443899178,0.7519165435323066,0.7860215984901979,0.8066184446033602,0.8723338335417671,0.7317610780377148,0.8417890222642289,0.8618300507267224,0.8936319790324613,0.8466384202722539,0.7603555066591058,0.8394778924292842,0.7851110071166996,0.8170913068640797,0.8830304291595426,0.8771859279869382,0.8014305092647782,0.6989903673391783,0.8100378190254719,0.8074943237241992,0.7288650950564373,0.8641089760444667,0.9201088660065319,0.7801697083165032,0.8153844760865455,0.7203620471233917,0.8547168994101632,0.7293555700606525,0.8406581589684573,0.8170479586998676,0.7769848675402548,0.7952659351428321,0.8531644718468344,0.8349887271570164,0.7763275606256314,0.9409415439104155,0.8660877438336755,0.8200272944366879,0.8788520812592082,0.7801494463387406,0.791792346828567,0.9097143088204431,0.6652258764426355,0.8432566088779502,0.9028076184765109,0.8770637371078939,0.7891894118672828,0.8261751907684987,0.5962026069320082,0.9143854389644548,0.765349491626965,0.8345323106618054,0.8038081278579854,0.8614211029589676,0.9470822057763751,0.909205795514834,0.8531527122008205,0.7866638080365923,0.7337805541340156,0.7403068872282494,0.9226072888506655,0.8953552599628998,0.925877087929519
0.8678043650903151,0.0,0.9031553430876739,0.811269213316323,0.7647047170522393,0.903836252129432,0.8937159033936622,0.9092905305992479,0.8540263174298025,0.936136253083824,0.837431748046709,0.9280606673493655,0.9084342727146639,0.8043424693228323,0.8975106336502526,0.861126757513628,0.8363156136592749,0.8592921142543691,0.8501406318319444,0.8722039678802129,0.8518483407628232,0.9499330442641036,0.8382648069033809,0.909740300949149,0.9401994688918661,0.7153090561908847,0.8535944768207939,0.8120533500907148,0.8410390607279034,0.8554353332908895,0.915063414763714,0.8790682174202418,0.8958796910999114,0.8144234815144077,0.8219876852351535,0.7779717375089796,0.8949547761461699,0.8188720423001308,0.8280756504623149,0.8554631821041213,0.8185705989477063,0.8918520844328878,0.7690730253846945,0.7901892276153971,0.9256047278015738,0.8550555041436054,0.8526159225985908,0.784777762452831,0.8733267488772011,0.7608545020140061,0.7824497005911689,0.7784300132715474,0.7072279121912072,0.8458789282043445,0.7603870803514193,0.8751119920449518,0.7863795890100035,0.864596018088227,0.8175315393948029,0.8455607550474532,0.8270953227454204,0.6567005308070832,0.6954634927820659,0.7057606437707475,0.6944761488169463,0.7079053253837115,0.8518866034302712,0.8713545688246835,0.8210521328596769,0.8944421855024955,0.8341783473202222,0.7149265867908752,0.659228381980795,0.8724149519577631,0.8833122784946181,0.7990271931767504,0.7722961333073141,0.8422786824831594,0.7435570220398466,0.6506984246068446,0.7708725756662269,0.8303889623060521,0.9212224233311911,0.7747102630822659,0.6677322585918106,0.9294097962792951,0.7953117755115562,0.7439890152663201,0.8640671063805994,0.8781502916403725,0.7829625552690213,0.8958155360536192,0.783250646890427,0.7328500821176089,0.7375180191265874,0.9566590165232671,0.7123662715327643,0.8938155949899178,0.6189700452435247,0.8667102754066748,0.7560899919200244,0.7635937689061342,0.6618547387144753,0.904421955033888,0.7140520674857936,0.8426521650656155,0.7492987969032598,0.8979302334152399,0.8762732532040653,0.9381279118103131,0.8369774836345594,0.6522848090911236,0.7710509479022809,0.8504521377857182,0.712823208164321,0.8679811846949024,0.8249636064201394,0.8422400464294815,0.7452363720809279,0.8064244038733603,0.7230365054782099,0.7061718506806279,0.7548802051368257,0.8900158061769704,0.6715015373437548,0.9159044206637849,0.7034408803286912,0.9131463025930824,0.8231662272383301,0.8163331901276337,0.8886110705988824,0.7972640144496395,0.7038040215960587,0.7664627363284015,0.8421463320989501,0.6989764163881682,0.9160048678046913,0.8153846078112099,0.8664359437235055,0.8687769401308626,0.7924589682587627,0.8376901515195564,0.9135500913738103,0.7177117099927487,0.8446981710715881,0.8271001908702938,0.8938147318722245,0.8783257944956154,0.9275540630712256,0.67078687311375,0.7705648799266862,0.7884351122331879,0.8462346231239295,0.9247214693740247,0.9304950820946043,0.9104076748217205,0.8756599019826412,0.8953521098022003,0.7397337006127918,0.6487040688201785,0.793302548272692,0.7917190805130153,0.9578681592451368,0.8054854516375948
0.7698777801638426,0.9031553430876739,0.0,0.7840083291014135,0.8062598388452434,0.9159270660738356,0.8167868973332498,0.8606517109256496,0.7225652983850299,0.9134623005918993,0.8685751222343243,0.9075005825657871,0.8796846387220243,0.7121435190639073,0.8201663474721461,0.933376697239664,0.8835318204435088,0.7757973644054623,0.8152615680050269,0.7832759566541715,0.9157910967484502,0.9306652502672393,0.7598591073462502,0.8691843642514424,0.8791258942715034,0.7710044719734126,0.758473423442614,0.7534394600829302,0.8696154694904158,0.8116589755233048,0.8007358093314143,0.8780352434937602,0.8469235676234099,0.7565672347352705,0.7129177874288355,0.7861508275306425,0.8541676699237062,0.8059372754076402,0.8253409178802762,0.8165925771857883,0.8278032588800621,0.8361018929777162,0.8066002782258558,0.8075000966083368,0.8544419691821666,0.8098203320699647,0.8462832092438645,0.8403962933379435,0.8039772245982524,0.7557436147650713,0.7984399388325188,0.8090600385562979,0.6579764603898487,0.872369563456291,0.7919146057820622,0.7824096878581805,0.7549471192277971,0.9242104877112187,0.7520232286839234,0.7791364036002351,0.8195121316744194,0.6739686856747459,0.7624789258697773,0.6842866993709892,0.6473153216438754,0.6974773988921141,0.7652781523580451,0.8575312244822075,0.838767227046665,0.8530619460923105,0.8062574587882864,0.64250241626503,0.6273176964097114,0.890711736288791,0.8849408721685248,0.6954350352885509,0.8216285772077481,0.8858200388213896,0.7349913446804719,0.681104426949254,0.8328151794986747,0.73932677116511,0.8711431618003791,0.7868155105492985,0.6720336694017757,0.851008696578677,0.7685833262306653,0.6773032630280384,0.7708520173370176,0.7668947431399528,0.7981458040501818,0.7573958006486357,0.7988589938577092,0.6743084081218483,0.686304018853755,0.9068331784801377,0.7019399626900156,0.8261888470212083,0.5644694811907695,0.77343035044687,0.6850987610079672,0.821673229205378,0.6485066675629027,0.8770144697106889,0.6755527023494553,0.8574875094313791,0.8232358584636754,0.8531580625509138,0.8509527371301908,0.9072193544895051,0.840843078976359,0.644148411378308,0.7409941260695031,0.7982663099523849,0.6922658804903333,0.8164055696819339,0.7517485451424046,0.8366466105259068,0.8446720997668979,0.7030028221756208,0.7225814834007969,0.7218251547080214,0.7178212805090828,0.8603459959521264,0.593031300506633,0.9319659563021347,0.6952531798666081,0.8962955888276743,0.8698256422269351,0.7806061952811397,0.792502062989215,0.9089187962386552,0.6490939243326603,0.6763299846728819,0.8180526967900732,0.6773987410460852,0.8531096004378613,0.7534738363377625,0.825369135418348,0.8198697519101188,0.7422373893142888,0.8541046115545647,0.7811775512825231,0.725700713758792,0.8575776552695712,0.7584365712678508,0.846618018980159,0.9001149512234822,0.9041013565109832,0.7239848149225226,0.6912740656183118,0.739210703510862,0.811838495319988,0.8991398975139097,0.9326145701528271,0.8225847990813292,0.8009098595864388,0.8988835395269658,0.6504895905981681,0.6520856950354553,0.8014419564953456,0.6836597139452217,0.8705392318554513,0.7568307226093914
0.7812074955943141,0.811269213316323,0.7840083291014135,0.0,0.7250525692329038,0.7610970643122662,0.8392145707080736,0.7961040937318279,0.6814649753657024,0.7554945047119547,0.8642653282422111,0.7867306838984702,0.8439469078549702,0.8189794513680786,0.8336009030746309,0.8058616003896389,0.8313290890756936,0.8215217456390076,0.7996390365530858,0.7752549934305327,0.8164017370620552,0.8289193243140679,0.7987533434197549,0.8478818680435628,0.7832618969873497,0.802668156949141,0.8250904474950022,0.8416571461931867,0.7770319643346438,0.7047464469574988,0.7693458031297868,0.7909462623835791,0.9226829011526753,0.7927868376686046,0.7756837770659797,0.7935807956874623,0.8168198820049727,0.8138232913945046,0.8147252330193526,0.9028230349246462,0.8423656652425234,0.7098087835608552,0.7657288502251673,0.7904455946185572,0.8481737314209615,0.8185913698714797,0.6950904622377432,0.7770030785387451,0.8454544848455099,0.7769089659308611,0.8518267618693037,0.7838030174683153,0.7134202882301761,0.8919086481536666,0.8175588406438079,0.6741244946328014,0.8141252841394987,0.7899642658645087,0.8263373698279203,0.8602326623303933,0.8588077361482808,0.6638966084175516,0.749820681418969,0.6850518745675127,0.6958293119610988,0.7501936665321834,0.8700630663462803,0.7562256417243723,0.8039747758389987,0.8226485853894066,0.7798124742015298,0.7376059202228468,0.7280178819655867,0.9108654340970828,0.8269165378124087,0.7306353981316166,0.8691212505962506,0.7879531908199359,0.7769228305788946,0.6539380680431532,0.7010893406157352,0.7692957769259389,0.7454238718769098,0.7824913625127832,0.7499983494032074,0.7933498732079061,0.7585305890452032,0.7693808287257324,0.7753748365824813,0.7156812624620912,0.8090406306422694,0.7415993057821426,0.7997233243619658,0.7683116894992419,0.8338261955403338,0.7722799439144061,0.7118997139562208,0.7251303365061946,0.6085505090351437,0.8524008960233861,0.7780968440576603,0.8024967886026441,0.7580747783909965,0.7441851738023071,0.7543419547376351,0.7735361840229078,0.7938631525596085,0.7532486113483372,0.8450720991233304,0.7895925013875025,0.853671104995461,0.7241390371033058,0.7773728417797774,0.8220966661101992,0.7920322433571403,0.7968727580434588,0.7366654118654632,0.7664960085523718,0.7725638011421309,0.7470135611257588,0.7437318079831181,0.7867786840963787,0.7118984786401998,0.827518746915751,0.6372485615134019,0.8402263624589504,0.7381427338578879,0.8142737162980023,0.7911776602349743,0.8139858113317546,0.6690882439679804,0.743964365361303,0.7784246373845553,0.7596040234133525,0.7991185235167746,0.6755713782947452,0.7466849383926061,0.8354387699934228,0.8483907175679647,0.7980895579950692,0.8160189238672751,0.7506870497244073,0.8298990959394615,0.7219657910402056,0.8068638492176732,0.7319036765585271,0.7383688503321942,0.7851066593749649,0.741819725502407,0.6218379572739492,0.7970593490339163,0.738129822205495,0.8584083118196391,0.7571555772267777,0.8093626566522716,0.8104850826544158,0.8550014959943144,0.7812429896768429,0.8368887744482902,0.7577001858996734,0.7421299413748231,0.7184868185876842,0.7514756180497181,0.7993871373442256
0.7790948620874061,0.7647047170522393,0.8062598388452434,0.7250525692329038,0.0,0.7496886610443239,0.8646793990734615,0.6988923679380333,0.7161831262433316,0.6957291480571097,0.8206805028881146,0.8216816009313648,0.7490688589109632,0.6659151434333802,0.8558080149578879,0.8289016464341628,0.792831276647953,0.7674942066543349,0.7488560093152992,0.7328917301553874,0.8729748580329603,0.853709472244572,0.753065496151019,0.8735131755108412,0.7446007783484317,0.8243173276452614,0.6909728246495485,0.6503492657861861,0.7309177391642985,0.826493507971795,0.7761182989831436,0.7567445313301344,0.79734294189107,0.701603648570184,0.7374492189611929,0.7506157090583123,0.8070914094338109,0.7826329208706871,0.8473477055140365,0.8034503555413574,0.8285091225006457,0.7736409869335825,0.8392059819441235,0.8720332606181049,0.7431702758776408,0.7706307797928781,0.8566148540211758,0.8216501022478402,0.8121235094544385,0.8117772138474318,0.8561019478803147,0.8197879304898513,0.6564596040467829,0.7932947161674188,0.7422843008823716,0.7068022341141527,0.7942239283296565,0.8585698919365747,0.6897518483731442,0.7639778400525334,0.646942612695001,0.6865914290495974,0.7495314008310094,0.6662403073353836,0.7187658114119704,0.6556362217181609,0.693166068871815,0.8429982894593225,0.7273433012805326,0.7289472170968336,0.851999278440223,0.6818191266778105,0.5932232745206285,0.8084020135920856,0.7014663341306626,0.6688044864280589,0.7904535631292371,0.9251138739164672,0.7112571950754881,0.7094542037888599,0.7160868580493367,0.7904309088006621,0.8351927534079607,0.6415258017940898,0.7005683648029767,0.7691288518682006,0.670729453388982,0.7082905587811422,0.6646118471596986,0.7190068408848521,0.940704335952611,0.753514482775413,0.8321757134852289,0.6845014029392228,0.7366438591439872,0.7974012096037743,0.6242081161546532,0.6994781401596938,0.6638091069053246,0.6784633392233832,0.689892230501887,0.7143386496426176,0.6902822301261458,0.7281890725212835,0.6744256365910336,0.8041043746209338,0.6992817660287373,0.7075152614077747,0.8234962108212964,0.8050835961512013,0.8368645959958007,0.7691584880904256,0.6469759039808253,0.6630380128644235,0.6979161995971648,0.7781515941697096,0.664929708385995,0.7972575789846287,0.7034444238097262,0.6522586518030321,0.9113494811836169,0.673756545114445,0.6904026869341633,0.8732146024856564,0.646754996053004,0.7958379578899801,0.6699482790955252,0.8513398801917677,0.6963512978757926,0.7840886932949871,0.681185874760137,0.8018546635657973,0.6132629614939528,0.7454490101261815,0.7503685740494577,0.7484239785769271,0.8146620558944685,0.8332142267446123,0.7298489192867946,0.8400535514864363,0.6524301399344177,0.7795029795735765,0.768659307054255,0.6913188287420722,0.837869744340388,0.7753533058747243,0.8742640042676949,0.7709058840595737,0.7329724185345153,0.6161680421005179,0.7225203199854899,0.6815281945883288,0.8159257906749824,0.8062870000287716,0.8049151428078037,0.7608097221971682,0.7483064771022099,0.8125723779275019,0.6683417691243768,0.6889571884878155,0.6480347058501297,0.6935367404776995,0.7777289463494979,0.8682981256408047
0.8383439320166913,0.903836252129432,0.9159270660738356,0.7610970643122662,0.7496886610443239,0.0,0.8051687962052869,0.87917533550758,0.783299863355318,0.8792575060381247,0.8403991654374815,0.8894603685156549,0.9236854262294105,0.7193930852162251,0.7889198274646352,0.9125493889727085,0.8680484340990661,0.7832644180260693,0.8304289994013041,0.8158624094273242,0.8823049090558626,0.8839316184363701,0.7429363662001306,0.8482093963066848,0.9027345808456402,0.7406442032988442,0.7335777178539552,0.7884802717395625,0.792926384229908,0.8444449972762987,0.8259784597264234,0.9208719401551587,0.8097179887863448,0.7900722181040762,0.7303061838105291,0.7135991841104968,0.8985753601152366,0.7766821350601492,0.7752828087314029,0.7799071635306373,0.7466249507643918,0.8897618175426592,0.7723626729998577,0.7927015718165505,0.8504707531471833,0.8210591627537471,0.8435726482256735,0.8166328236962181,0.7967118693431058,0.7203499889100416,0.7918385016998768,0.829507299581201,0.6714953213201992,0.819243861595814,0.7354216696121469,0.8633764675815636,0.7790984337576806,0.902965157041358,0.7213740853953714,0.7741671417505815,0.8589936168802108,0.7014882890851734,0.767188623483771,0.6276514655495576,0.6612657216494374,0.7454238758659605,0.8054734029677504,0.8903763979039767,0.7678414743853366,0.8842032161457546,0.8395624732744258,0.6377718536673724,0.6884756085151928,0.8776151779638884,0.9127039573200181,0.7835211728402895,0.8110687927433813,0.8394343969230587,0.7338601964825262,0.7599702618548076,0.8805132482791643,0.7742319457665555,0.8988570050583639,0.807899564935157,0.7010078969636342,0.8651838346572236,0.8553935937775121,0.6883392029933308,0.8362323482111464,0.822924192636102,0.7741658683121023,0.7963856659397187,0.7447849563068084,0.7389872771583058,0.6970139866815621,0.9056021622909076,0.71910677110449,0.8583630959855109,0.5771646283719912,0.8247105440012938,0.6942549382396984,0.8024176477882071,0.6348140776696513,0.8193250017983225,0.6953229411868097,0.861335274999926,0.7973722486652266,0.8665486834731456,0.8078818050811647,0.9318942562449019,0.8452886428406224,0.6236163292422839,0.8487728232331788,0.8225544459226896,0.7039169807051686,0.8527320450939079,0.8264169845669789,0.7877424027069472,0.805643582744651,0.7680445391094,0.6924816729199873,0.7269176930894059,0.7838591643374174,0.89449541745514,0.6409104613952074,0.8883509041481187,0.7343255808213969,0.8782159954964558,0.809711081474122,0.7293166791239033,0.8517258899898302,0.917945180072157,0.7203993112307644,0.7272268460517118,0.7970715202639231,0.6740354642940254,0.8816711160688452,0.7119964805037788,0.7504838512841719,0.7999417158874315,0.7394942742727043,0.8622844799198347,0.820359192104389,0.6750351123188024,0.830975480039203,0.7770845844415492,0.8490889436717114,0.8846582668969795,0.8745609952484715,0.6940747776940422,0.7385317313345212,0.749933718470911,0.7666041590919498,0.8406232907432047,0.9123080273170476,0.8669846769470584,0.8512756269300235,0.9281561922485659,0.6577556108077962,0.7054682511099505,0.7791642039936708,0.7717167205045259,0.8884298306995364,0.7872292567194359
0.8699248566865138,0.8937159033936622,0.8167868973332498,0.8392145707080736,0.8646793990734615,0.8051687962052869,0.0,0.8128385740160133,0.8216352528478192,0.8185919896842712,0.8471954470806617,0.8968717064265758,0.8588662670447905,0.7661100549358221,0.927321366596925,0.8403851501497512,0.8204719766005553,0.869496058149282,0.8203983619984556,0.8123877625961093,0.839636492775344,0.9044105738922069,0.9076045175957616,0.9390195997175069,0.8695588750151568,0.774191999504272,0.8714112501142441,0.7920811446172142,0.7729059590306366,0.8930449976399422,0.8785471033068107,0.8345707701803471,0.8820550094805156,0.8195144197784893,0.8085422531216254,0.7407288282863406,0.8950301901363859,0.7827281271515261,0.8420257616969374,0.9061225482298214,0.8038422354781134,0.8611257201642634,0.790332822428897,0.8142106394063793,0.8657434052927419,0.8549138911003921,0.8489201969591953,0.7776289512653154,0.9372088563980755,0.7708209210942946,0.8464650323579226,0.7781878318949242,0.6829358485745286,0.8153847262079892,0.7575984961733842,0.811867525108681,0.8157953391139071,0.8553145301970411,0.7934482116134339,0.8521782582951781,0.7370034228483148,0.643773126792069,0.6823206418106154,0.6624246582934243,0.705978046611172,0.6799270189477026,0.8380189304477186,0.8741434674807437,0.7706719402585801,0.8378314138054477,0.8427613353775867,0.7206013988028503,0.635401576249589,0.8806806794013449,0.770328548250877,0.7849509500281731,0.8346720129852333,0.9128775310668702,0.7247146156223676,0.6779911677639114,0.6938415533198029,0.8428568629092802,0.9104043412295082,0.679021979117539,0.6863058320680885,0.8552786802421763,0.7414582921189005,0.7833435171692896,0.8141874993832073,0.840090898792591,0.885127761902064,0.8734676851355218,0.8143756279038719,0.7404839539435957,0.767037756828085,0.8812637731619217,0.6260246223459344,0.791603990081482,0.6329985860638734,0.8339729393942411,0.7509961940873872,0.7482561216475235,0.706754307835511,0.802615745884518,0.6881672112022429,0.8300445100803971,0.7065246752329055,0.8200903981286398,0.8865201541035955,0.8867461758774329,0.8788103767509248,0.7056459848949751,0.7190467803591852,0.7978949598308324,0.7140336035907133,0.8719812080367914,0.761877728509194,0.8443205153083662,0.6903621215550744,0.7600582579196252,0.803598661889157,0.6965425527503557,0.7179770647432239,0.9333892416955266,0.6595956845420466,0.8577920291534663,0.6915529982836264,0.9111077285151045,0.7273426466240916,0.8088922854702019,0.7969203909491106,0.7443344927916891,0.7018597080586595,0.7692523403484441,0.7790749752316659,0.6947994032765843,0.881418762862185,0.8685828916498808,0.8258985503908066,0.8926274962726264,0.7297691103151641,0.7822616880414379,0.9184848679155354,0.6707445986452657,0.8330826784275664,0.8510044450508879,0.8821445189663286,0.8355838925885883,0.8089879475692657,0.5903742105688184,0.7905878924342582,0.7378281186854263,0.864539453605058,0.8924096920516095,0.8736907506427087,0.874012401694542,0.8904601570281598,0.8838932040845239,0.7694072060754191,0.7268091104183428,0.7056299988224041,0.768795910933942,0.8695023794618245,0.8809484745088882
0.8405164087715904,0.9092905305992479,0.8606517109256496,0.7961040937318279,0.6988923679380333,0.87917533550758,0.8128385740160133,0.0,0.8609630045522705,0.8860664988065244,0.7805897773232444,0.9008191877106106,0.9010666221355957,0.7279625057329964,0.8355661303345593,0.8456270948256867,0.8040152480676243,0.8330723483479872,0.8218999063071342,0.8423234855165381,0.8066908840849348,0.8675760843989158,0.8256778727218326,0.8349250785794589,0.9168646111991372,0.7190583779082708,0.8733341765356741,0.8230017098462057,0.7326330180928204,0.85634070016437,0.8940001935686386,0.8577344816109496,0.8423784754735688,0.8355575575962146,0.7539432044193467,0.733101098308363,0.877139499318257,0.795697247566211,0.7702717857106703,0.7946114104891472,0.7472553199269929,0.8667766193067992,0.7672325783849662,0.7108367021932647,0.9511037518369492,0.8702344780860565,0.815988517883381,0.7221679814214846,0.8129173612146785,0.7243913633537238,0.7517444480149669,0.755252764379613,0.6449679524802769,0.7749823833605816,0.7078036761622073,0.8608463094259333,0.7588239256286496,0.8792999164026533,0.7368387671127927,0.8198665147565215,0.8384078241644093,0.659955055906432,0.6990391565171238,0.6481644321894859,0.6469088999760176,0.7135192564430108,0.837737125538361,0.8420448470213252,0.8252345573020928,0.9645070836585092,0.8070672290735773,0.6565080166773313,0.651034986483855,0.8582123338425601,0.8896037463744766,0.7631046172215517,0.7716358750122049,0.7762423112908843,0.7882201689890357,0.603430498735908,0.7183508927204098,0.8209698883968265,0.8797336130613592,0.7848888606726918,0.6709047504810559,0.932254717821573,0.8591320044873171,0.7419535943113316,0.9083622652327591,0.8810218600055495,0.7628005347113939,0.8582440590297463,0.7108180116306916,0.6923168731076177,0.6691498116165283,0.8993184248986085,0.7078301861968526,0.8983923186923817,0.567150266060209,0.884320384013797,0.6832209027776208,0.8342357386842241,0.69297688437002,0.8762935918207245,0.7212054198722111,0.8701238389550833,0.7670300691451317,0.8977468377275996,0.8240948136352605,0.8636251193777544,0.7796647248255787,0.635999247603099,0.7573152093973735,0.9044620124948685,0.7074327545948347,0.8635010573559805,0.797531782958259,0.7816593241783361,0.6943007481073643,0.81578218634587,0.6560015534975592,0.821009855671476,0.7171742315423933,0.8370835199982637,0.6001177132675906,0.8531428893289474,0.7125441056860001,0.9150842730671559,0.776207515854862,0.761967820324857,0.9038489277970407,0.79209629757503,0.7192740214462864,0.7149966491039614,0.7837396347289394,0.6173929884975371,0.878991866421728,0.7475958631265502,0.8413637556122272,0.858381036980585,0.743940917103744,0.7615009358356545,0.8622317098968856,0.6745365256153217,0.7727159615157202,0.8446750350249734,0.859588211909813,0.8363988364623567,0.889414835987477,0.6413897960259989,0.7728912112634263,0.701483316100978,0.7968613773587815,0.887353803522717,0.920972926733776,0.9081576070882722,0.829585869321829,0.885836961339461,0.6637292002369019,0.6329074322954011,0.7363102520701087,0.7256422498722297,0.9341273308916165,0.7508135935886955
0.8798171386332702,0.8540263174298025,0.7225652983850299,0.6814649753657024,0.7161831262433316,0.783299863355318,0.8216352528478192,0.8609630045522705,0.0,0.7552222202347438,0.6868714441442094,0.8239858274398278,0.7900875572853839,0.6943134224872606,0.8469653917237747,0.7119253165170343,0.6766126141409428,0.8131315957603651,0.7374945752287487,0.8208183560986141,0.7181063154917362,0.8209236123901466,0.7819285655603178,0.8099816797506639,0.8364185583175329,0.6520957076625458,0.7941472576194056,0.6986991255813649,0.6261619993518397,0.8703261926216743,0.9193770721845627,0.7406979690369055,0.7629654098968965,0.751461812885888,0.7902077645056708,0.6470565446192651,0.8363406438424714,0.7183962962208078,0.7190704578374635,0.7273421455356368,0.6745677808815501,0.8962674600010078,0.6997375443724425,0.687999804774816,0.844634099180919,0.7937833753468966,0.8217903607053548,0.6585240075915686,0.7741128376781357,0.6877880894283258,0.6918290867044572,0.7030715185716243,0.6274701352431906,0.6697869773020808,0.6047576842806115,0.9180756320041213,0.7213962276826181,0.7669674977906498,0.6776262703271939,0.7454204891350883,0.686258154451433,0.613629973556438,0.6147224332021616,0.6092643008299254,0.6839435160832301,0.6473633754666054,0.7945447530752998,0.848654793772245,0.6939056206914869,0.8509343135599431,0.8304990195263702,0.6576059154859427,0.6232055164740936,0.7323569976925675,0.7266421470576412,0.7628958206399785,0.6556957243049218,0.7258860866514284,0.6973485625787719,0.5830979179350957,0.641100296200313,0.9081440218621896,0.8902655460500016,0.6463798315197168,0.6171529941722003,0.8932460763711175,0.7843247242452082,0.7263009253768077,0.814534860455879,0.949199005553108,0.7470471367288539,0.9394051567066487,0.6452052859712939,0.6716942191277622,0.6720814084824586,0.8610619829925928,0.6435322566292135,0.8460783131317863,0.6299964208050722,0.7961288280958013,0.6660946260338009,0.6721581514858641,0.6494984478927011,0.7790248260510357,0.6770451067648671,0.7811677382187779,0.6073921504447296,0.8035303585549091,0.7476305822644064,0.8188679009332548,0.714644142403471,0.637398789112368,0.70303544571378,0.7528824783116916,0.6427640139392706,0.8263072507663748,0.7365747168595544,0.7116926487307713,0.5725600327919995,0.8135378739157693,0.6796081362826125,0.6960904421034341,0.7062993707197306,0.8077608541596351,0.6824248722896759,0.7244084768168139,0.6558095206378579,0.8436341529007688,0.6264898257852524,0.721830548783416,0.914339703447047,0.6825770051790802,0.6675047326590412,0.7933674582177421,0.730991538350885,0.6434540653247703,0.8683448347685067,0.747631160630286,0.7321656536859715,0.8209968881009162,0.670094103482537,0.6897982845437749,0.88942655924828,0.6239275101843139,0.7154552805904806,0.8767969443889515,0.914270380617669,0.7201482314010026,0.785062353532453,0.5420766261060708,0.7836084500865299,0.650522771737681,0.736606608566514,0.8354638324961732,0.80821530698469,0.8997930085712218,0.7852246292278183,0.8159033908525469,0.662612435106896,0.579478820330173,0.6303708350234528,0.7761696137528725,0.9229038208525693,0.7973395158579275
0.7618750635236452,0.936136253083824,0.9134623005918993,0.7554945047119547,0.6957291480571097,0.8792575060381247,0.8185919896842712,0.8860664988065244,0.7552222202347438,0.0,0.8031683951098152,0.9046474266959036,0.8638025214995078,0.7252198325037016,0.7947699360199652,0.8544921773109507,0.8108452464080337,0.7732250451271628,0.8193593661274966,0.7880667320354441,0.7995673148085488,0.8754677942066132,0.8061742495999794,0.8160788592862346,0.9316836937638694,0.6611723242686771,0.826313420646517,0.7961588280776317,0.8697476188829582,0.8117407840207231,0.8310020000775566,0.8774850619756621,0.8093909324396769,0.7851184303906108,0.7200977789970926,0.738875907912736,0.8321409196693941,0.7511867633127859,0.7694469331794864,0.7790864053889995,0.7444145126919965,0.8337712815095542,0.7293553050188744,0.7200393819374098,0.8688984799838365,0.7854924437369448,0.7907956616088759,0.7506161777679405,0.8198086182949496,0.6831930497346407,0.7144813550970085,0.6985322922704724,0.637504088542553,0.7973502532447353,0.7588437836391788,0.812162260073428,0.70158072916518,0.845582776339678,0.7752003910531295,0.7630147162777626,0.807651311244043,0.6099127346287596,0.6525073796748067,0.6727660451241079,0.607571471370609,0.6535939296163029,0.7698835609138757,0.7967818240622956,0.8189438297689945,0.8636692744218807,0.7232071166237131,0.6421819952189148,0.6037478072173119,0.8223421857253652,0.8599944302865604,0.7397768637430565,0.752863469948968,0.803297589330971,0.6881053511815335,0.6177000555912182,0.7487618827958468,0.705038430920939,0.852622206058735,0.7544376038553915,0.6131456810101278,0.8371590196117424,0.7634697884539505,0.6883878265804877,0.8364551468909963,0.7901470045868196,0.7022609716850462,0.7973090946936591,0.7459028508982727,0.6562392387655787,0.6345876547841944,0.9184618417239939,0.6584940995704843,0.859950507751543,0.5447329514090277,0.800362680286982,0.6918279492469741,0.7812015025992114,0.6272655210572524,0.926183327056369,0.6455607422006359,0.7895347894623479,0.7511574890799445,0.8917886753220912,0.8082391101376744,0.8831030756071645,0.7876328510416918,0.5808100589671887,0.7162571667811028,0.8570360446086752,0.6463788807342667,0.7855326757756581,0.7897916028498337,0.8444736809026488,0.7593631030568009,0.7278842666948439,0.6292494932145252,0.6781865539634104,0.6858082947280549,0.8085405273143853,0.5857622856036143,0.914058273775794,0.6389326563441131,0.851562302871831,0.8454682657787047,0.7377929179983375,0.8557009371423935,0.7686223925197648,0.6547268441411845,0.6381760820791004,0.7800596346578641,0.6220907795658519,0.8476417252278937,0.7150943388332703,0.8359394505425085,0.8067792529207864,0.7566766822903299,0.8095637556225932,0.7956276281361155,0.68134080865052,0.7920229526052707,0.7591235584752409,0.7888022926765457,0.87278508019149,0.9437139168291033,0.6915753844238381,0.6822592275392949,0.7637254927380711,0.7706795842836613,0.8910157368985903,0.9126563549990453,0.8231462730495605,0.8044505139379085,0.8570776031946099,0.6610035797311251,0.6228149485596579,0.7981655481949066,0.7019392353403577,0.8907368682988908,0.6933923351971059
0.821113673440224,0.837431748046709,0.8685751222343243,0.8642653282422111,0.8206805028881146,0.8403991654374815,0.8471954470806617,0.7805897773232444,0.6868714441442094,0.8031683951098152,0.0,0.861815541363466,0.8771264730701233,0.7908592187150234,0.8413451273767739,0.9240791629900688,0.8910194352408384,0.8094374659230896,0.8631319595194009,0.8386063869251884,0.9190259433491381,0.8987175201817348,0.7791422807583968,0.8995039669273385,0.8600863127224455,0.836347128930532,0.7490767508038082,0.8133648327184584,0.8839094651978013,0.7558195310760527,0.814162988568993,0.8870990782849377,0.8534783352512632,0.8076668587308207,0.8181987085196616,0.8327993063251364,0.9054843020338131,0.8827236550649001,0.9178407482812586,0.8579385173192942,0.8410363270175789,0.7548171338725067,0.8663013186980917,0.9323278475265387,0.8439031623409681,0.790766842608853,0.7402055765564894,0.9624820425052238,0.9015581558213213,0.8157317784093876,0.8835364487338359,0.8101317998123183,0.6801375628204618,0.9362649518028531,0.9126130419023063,0.6937954123630854,0.8525598459986384,0.873839929929031,0.8252490590685417,0.8162679144269211,0.8684197824182034,0.671298044616695,0.8015425783014998,0.7451532633054713,0.7168789249945184,0.7606037972332093,0.8359512573328425,0.8233345663767117,0.8390628335207049,0.844812387056253,0.8323171998901794,0.7581644607011876,0.7447732493091253,0.9173011042254519,0.8507408722962527,0.756149764962423,0.9173554582799849,0.8732295427456277,0.768622570784134,0.7630889373863923,0.7951431075792593,0.7542126876708799,0.7926539066848173,0.8154394354399868,0.7811999882432308,0.7972514547625639,0.8357150497913068,0.7627124488948341,0.7434631470206933,0.713225226224218,0.8422413128201703,0.7339675711400899,0.8827869890569607,0.7879665750172516,0.8067241985176207,0.8515476334272131,0.7285970399621836,0.748327244044584,0.6463826032958789,0.7665551180251303,0.8453433689942323,0.8655683359569812,0.7358473950264405,0.7913922186355381,0.7504008519036619,0.7927591042912947,0.816296920852647,0.7863160029326448,0.8247014988848633,0.890279671897253,0.9554290880590398,0.7657385779989316,0.8137038601020345,0.8337909533564555,0.7631851165217008,0.7714152846467188,0.7610808584591287,0.9041931187276765,0.8704476877552191,0.699729031789853,0.8271450972957043,0.7248222888401133,0.7964881382943848,0.881257073178106,0.7118900106396304,0.9340600793926539,0.6749708574417628,0.8529200235541516,0.8657693699520782,0.8257146247259832,0.6812276227200214,0.8487730800015385,0.7972199848455093,0.7815269051245894,0.9168213322286093,0.763666320364927,0.8273776969242351,0.8370046825997959,0.8533335191735852,0.8512810504148715,0.8048471169944066,0.9056073422784802,0.7804747396517533,0.7707683488254844,0.9677836076993777,0.7542897033990602,0.7876511641319458,0.8059411654504465,0.8332033279070695,0.7066569775933554,0.8335427203555961,0.7831651388341502,0.8887495369905658,0.7657289922552353,0.8715836931476089,0.8517944896781553,0.8879802187105363,0.8216093767894697,0.7959103075528522,0.7922735956018211,0.7382942462374522,0.7866842390651535,0.7885842330427887,0.8693594220379275
0.8341572707809309,0.9280606673493655,0.9075005825657871,0.7867306838984702,0.8216816009313648,0.8894603685156549,0.8968717064265758,0.9008191877106106,0.8239858274398278,0.9046474266959036,0.861815541363466,0.0,0.8627504670003866,0.69904337445539,0.8629200775331676,0.9077250534999892,0.855269031010969,0.8060052604418741,0.8967576077690939,0.8439993229864543,0.8946099435540202,0.9193873283432077,0.8745432968146113,0.9023210731487677,0.9485032575225623,0.7388740178914447,0.8331287933681296,0.8051578423596556,0.8121780011081998,0.9172802519620208,0.9066346792176656,0.8988482302972735,0.830636847024452,0.8652248220981898,0.7783773984726081,0.7838551458095226,0.888925473955296,0.8045640886087723,0.8684799000465062,0.812249561179089,0.7908022731293092,0.9042304900438012,0.811711749537848,0.8031117022234596,0.9055502745762479,0.8309855452529914,0.855585302411495,0.8027263837834564,0.8886748877854329,0.7616739783930452,0.8023313264690204,0.776479426996882,0.6366969419780448,0.8333783647438404,0.7807805196181593,0.8366036903719781,0.790018129380827,0.9579270894754865,0.7499153181956861,0.8176436615608663,0.7762000583209963,0.6395598562724377,0.699142859986508,0.6931486036742993,0.6581591971011227,0.6713142280150382,0.7821007282883504,0.8402300056921055,0.7995475094528832,0.8898577514880914,0.803478248977077,0.6639676718620574,0.6305391024270959,0.8687145421411439,0.8486222314632539,0.7401559995715944,0.8145977455223803,0.882678650302202,0.7388149629241223,0.6477247680383403,0.7263626471674407,0.8102488829820598,0.9067558503433876,0.7189082306825214,0.6952368470926698,0.8893982602085891,0.8046539293415548,0.7290744740275128,0.8271487060094705,0.8405212713667047,0.8312058228875142,0.8747225010818799,0.7999354361758947,0.6955820591825848,0.6782183743599812,0.9346972019962898,0.6698213079683063,0.8919253636466412,0.6050547344498226,0.8037314228856823,0.707173244483659,0.8256196727389647,0.7056759352860797,0.9099109982116004,0.6918063916700411,0.853581878828654,0.7671263654492634,0.8998551601740722,0.8323032493048299,0.9259870470074323,0.8945575706581655,0.6852603609699571,0.7150139366496628,0.8691653928763835,0.6757116813152244,0.8451040663275702,0.7894052104946899,0.8905402361211116,0.7511884354100861,0.7463234025693685,0.7335751084803127,0.7192637970810696,0.7403983313831107,0.8852748706511266,0.6218682959530846,0.9074723710322564,0.6838658408602561,0.9398971894579788,0.821119377828781,0.749394227219885,0.8617891251143831,0.8231680191244793,0.6685097156877026,0.7357094858155222,0.8269825158262034,0.6511418578372684,0.910330060523383,0.7791368951173009,0.8416908134713168,0.9102467880773945,0.7038190375815311,0.8407371975498728,0.8638610758637429,0.7187909657570274,0.8547848496696467,0.8588194860931819,0.9012046448330518,0.8364547174245991,0.9284967489427055,0.6964102763283133,0.7746518156292815,0.729980028778481,0.8741991420614518,0.9085126172856988,0.9715717194566081,0.8697475236148822,0.8356036850891855,0.9067909148815415,0.6644455118524926,0.665660966746785,0.6938778928259325,0.741734479722296,0.9283588240380297,0.8114987006286826
