0,1,2,3,4,5,6,7,8,9,10,11,12,13,14,15,16,17,18,19,20,21,22,23,24,25,26,27,28,29,30,31,32,33,34,35,36,37,38,39,40,41,42,43,44,45,46,47,48,49,50,51,52,53,54,55,56,57,58,59,60,61,62,63,64,65,66,67,68,69,70,71,72,73,74,75,76,77,78,79,80,81,82,83,84,85,86,87,88,89,90,91,92,93,94,95,96,97,98,99,100,101,102,103,104,105,106,107,108,109,110,111,112,113,114,115,116,117,118,119,120,121,122,123,124,125,126,127,128,129,130,131,132,133,134,135,136,137,138,139,140,141,142,143,144,145,146,147,148,149,150,151,152,153,154,155,156,157,158,159,160,161,162,163
0.0,0.8711790014207957,0.7379429875806107,0.7941418948241928,0.8618365810250359,0.75870744003158,0.9249813412274025,0.8056974353099408,0.9313301110910653,0.7035663968552642,0.8178578940073779,0.835347123822948,0.8346362095384117,0.8279306918186395,0.954567144206049,0.7728052277010734,0.7719979381828675,0.9732357484603759,0.8513840258092983,0.9575705093039139,0.8376111509792485,0.896286072958072,0.8746206772696322,0.923887059465735,0.8511045848678338,0.7891374071417958,0.7998337304312724,0.756677529150014,0.7012623859934748,0.8642753707722424,0.9413681024081452,0.8099030752980635,0.9124112136027047,0.8241389906674168,0.9055149000695555,0.7877211319608406,0.9204102430138346,0.8745356751388198,0.8373992332708244,0.904786787860891,0.8586970307624727,0.821678132402005,0.8889093298701447,0.8556930398414982,0.9029770837905493,0.920074273558461,0.8884153982204318,0.8063601863446956,0.9278702317218244,0.8787881428131601,0.8832026864401443,0.8472969282667315,0.8009963592935212,0.7987902449563429,0.7426521159034695,0.7959353637989173,0.9166294107641181,0.8136888568343318,0.8395334875175916,0.8969570997081243,0.7273886984518857,0.7258314424875358,0.7845688480559299,0.7488178302477129,0.8580242863350086,0.8037799930506553,0.8783829089154076,0.9133927856877433,0.8280209306930066,0.8757996932584176,0.9652671660197377,0.823420988131697,0.7368437439515101,0.8349457102817864,0.7631884836803137,0.896017296350716,0.7413097560519647,0.8013324022778652,0.9069756347309562,0.6442916818910727,0.713406554370909,0.9497290198352173,0.8776459847665412,0.7214818186853887,0.7991146900900952,0.9242794982689054,0.8601626194614795,0.8816226888892602,0.8027542560290928,0.8377852575391106,0.9160183784773233,0.9378802235246465,0.8320304993380052,0.8562464315059801,0.8482855980178572,0.8589218263102032,0.7621736108012311,0.821762628270403,0.7523563528808362,0.80807411326163,0.8027738952777083,0.7541330792270012,0.8115326733252824,0.8052785100266892,0.8455159906676117,0.8407930616812076,0.6855451097902324,0.7584737177703428,0.915710555225643,0.856882202951441,0.8393022837920647,0.8142806773691947,0.7936334620969878,0.7231172015162416,0.8375606850455641,0.8218611797698919,0.8460310812292126,0.8292084483267348,0.6354113921674506,0.7465969284732714,0.8560529797756765,0.7784301591166605,0.8989991740706527,0.9269353052530319,0.8224119061164745,0.8016436623756141,0.6842576838206404,0.8678375689107845,0.6961627175397519,0.8982167455492008,0.7708485996572797,0.7330246967156198,0.7863828174114434,0.8628948522985627,0.8426886382247587,0.8242589680232938,0.9267857423829714,0.9171748870852445,0.8724261081409753,0.935915752076529,0.8132155629948483,0.7833952591961876,0.9382935763220405,0.7563087115319993,0.8463928146323234,0.9167726288746774,0.9351631233918114,0.7415440125157464,0.8125862034841514,0.5650924322396824,0.91912202822392,0.8000472017661006,0.866951827166477,0.8227046298872964,0.8334467516140637,0.9555987543095407,0.8992794896436206,0.768363056546907,0.8502226493078021,0.6935555446486095,0.6812652552982319,0.9320226479600622,0.9192616825253067,0.928683217442617
0.8711790014207957,0.0,0.8967462631935371,0.8328009184557043,0.7837423826511303,0.9041990538342817,0.8884110069549158,0.9321052244059865,0.8691247506862047,0.8873893293365115,0.8555526056493908,0.9579925919052504,0.9117707159012016,0.789394408938918,0.8681331534602127,0.8793483252904511,0.8604752535562205,0.8504699568041164,0.9021041778067065,0.9052944207146173,0.8808460711740331,0.9407348672891777,0.8881807784903694,0.9115597266454024,0.9574130184678725,0.7276723190628968,0.868877744269575,0.8462592889020574,0.8318683272679632,0.8813585962678397,0.9027544760797304,0.9008941734759117,0.9219929328179821,0.8911257620045523,0.7986518309816646,0.8041500269701202,0.9049042498261813,0.8281235991164205,0.8335660336669769,0.8931178422921747,0.8480509267392452,0.8921764930535604,0.7966840933366628,0.7897659412722811,0.9621254991739597,0.8862992527875871,0.8775233985708126,0.7986085436955589,0.8801331203003868,0.7863318510127238,0.8063680015696009,0.8117839189512571,0.7383741526108206,0.8531675658263064,0.7794078577124635,0.8625293684763436,0.8152194071855446,0.9135327115000661,0.804620629195074,0.8735256660248002,0.8428321655561098,0.6878647305959168,0.7338986625888364,0.7322648825361118,0.7138260806602983,0.7293444898151233,0.8739691287006818,0.8579369342226093,0.8248554410011756,0.9195375849395083,0.8362148663700627,0.7083703790419411,0.6804112237376665,0.8779967742431893,0.8832165006756211,0.8046423006661665,0.7814892374464596,0.8417352476728978,0.8166984077779537,0.6273091529916034,0.7735339229600299,0.8301879205791785,0.9146608018931841,0.7942145831553143,0.7217083886463194,0.9558928748723877,0.8811792757864003,0.7483821899951955,0.8553386683487327,0.8711554917446228,0.8036884990464728,0.9047238354048798,0.8062459874009618,0.7574803282890207,0.734883865735579,0.9420424470093379,0.7608834625669133,0.9445263580590767,0.655201858097266,0.8456859474905519,0.7413135868540333,0.8175740451351732,0.7015892076348009,0.9205052972924573,0.7500143854060048,0.8705334697393216,0.7655323786931172,0.9077839938230429,0.9037483259849068,0.9567843652653409,0.8589970713397038,0.6881916963746967,0.8050878335103832,0.8476885092427896,0.7368649557850562,0.8562555374760508,0.8738976477665146,0.8447800846789164,0.7436354015118573,0.7584393095001608,0.7272276158879509,0.7607984377134384,0.8546957229637453,0.9010539194325632,0.6875756279236501,0.9161682087438643,0.6920944726357132,0.9298998190037446,0.849251992501688,0.7997922380638801,0.8746853460964896,0.8186053306650442,0.7262414442566872,0.7648303483755111,0.841630816209072,0.7029622230644775,0.9248535712959192,0.7953719562861684,0.9191081332023442,0.8851702411053171,0.7901423519731919,0.8425583206692913,0.9093813873453337,0.7608726046236427,0.84435349496787,0.8379852629189914,0.9071690086959199,0.8467050983825338,0.9542011510338931,0.6789277285603834,0.7841273725624367,0.7971942229085124,0.8555085329453841,0.9286221874570879,0.95949015516671,0.9174131032699121,0.908636985372174,0.862524847531972,0.7365494130085622,0.6430114553652437,0.7453005420049805,0.8086343991820866,0.9673769597988827,0.7968260319773341
0.7379429875806107,0.8967462631935371,0.0,0.7969120250400326,0.7563110294154622,0.9365562052621855,0.799605217721888,0.8717645862203269,0.7119279193873334,0.9157620226791615,0.8576323549024825,0.9079339542352433,0.8963842878668207,0.6807554762212434,0.7541824681414122,0.9467362864549269,0.9084884397772592,0.738570153765777,0.8308778631908955,0.7623071723948168,0.8982000550694971,0.8879712215562096,0.7838494000515519,0.8343898788254789,0.8930037090926826,0.7431551484055039,0.7667394763000083,0.7990132088100105,0.8540115041736799,0.8137655157546372,0.7537086197340592,0.9004433918510601,0.8251912435598111,0.79777240625061,0.6625510387119133,0.7413322609778545,0.8362128375498525,0.7385182625548988,0.765833444813037,0.8310242430279954,0.7799556200491595,0.8471353721604286,0.7596537834340501,0.740143935705712,0.8488269339154241,0.8044087847267367,0.8294429801878007,0.8018548692912167,0.7838084615504063,0.7106265012624635,0.7727669530312755,0.7932691828048494,0.662771035876305,0.8391898236453139,0.769993050506793,0.7808655602901904,0.7308170543765484,0.9363306678995202,0.7335807640197256,0.761447389392294,0.8539280534890547,0.6570727576067339,0.7501325671287632,0.6569868120113372,0.630318373182171,0.6909643715313117,0.7756923276422849,0.8221465079236189,0.8051125531467519,0.8569550100019925,0.7521601108289249,0.6039211321259247,0.6310465911162539,0.8932159669379834,0.8800585338823491,0.6846657612240067,0.8448880140196239,0.8620465565604961,0.7261338851157194,0.6670387962085652,0.8432001397937462,0.7067123336656747,0.8518938343594156,0.7839298305014114,0.6739158208321755,0.8264982387563691,0.817786085574788,0.6542737097701744,0.7685951130379678,0.7511502656648061,0.7530993133488402,0.7431079935481514,0.7628346598937029,0.6681481172637963,0.6570160001664845,0.8694976356432973,0.7014668000258713,0.8495430691119221,0.5636041896855951,0.7641618741974345,0.6394347670395879,0.8676416439821317,0.636623936238372,0.8639814646644244,0.6556733755385591,0.8560544177650922,0.8296914796858503,0.8797299254327644,0.8388235717751574,0.9238573524124573,0.8344405730076567,0.6140440707169653,0.7830850480768499,0.7985186836972955,0.6619565050452431,0.7997328711799266,0.7803871865503477,0.8032004931500208,0.8619512953145414,0.6558348084084583,0.6588925822649434,0.7233786770493567,0.7527622731930642,0.842778279118921,0.5787155798638702,0.9091470969471405,0.6716674006914565,0.8677469728452414,0.8790744567532612,0.7112688678482163,0.792258305921569,0.9145581461478,0.6347771786519614,0.640072705232996,0.7676255072468403,0.6334894372646459,0.8176453293482038,0.6841939868425454,0.8271202345530678,0.7758162717904603,0.7159864640497671,0.8158526478947807,0.770673505410535,0.711566014542676,0.796751529470121,0.731036359647389,0.8024893408355361,0.8906593764675966,0.9102425473055303,0.6978271455430923,0.6591502788125932,0.7261990732878882,0.7753733257506352,0.902281175015353,0.9395531119146106,0.797466137404833,0.8281204228104414,0.8835300084750459,0.621998251548323,0.6491260583189395,0.7793540076454211,0.6622384840056567,0.8449046207455357,0.7041081683290569
0.7941418948241928,0.8328009184557043,0.7969120250400326,0.0,0.7448907269455485,0.8033625558225443,0.8262182807283208,0.7982685360062319,0.7232569372991221,0.7251439826950227,0.8597616355559239,0.8264774664330289,0.8205035402276382,0.7669808666809402,0.7935512922893463,0.801700807950136,0.8626353545771476,0.7860227705184704,0.8814209111761591,0.8151305763620337,0.8862714526506035,0.845204744000118,0.7924607536102387,0.8451347145777672,0.7950845289599924,0.7743403781211704,0.7527413237791398,0.8583471910370222,0.7406321098055958,0.7217368622105232,0.7722873613722404,0.8264676549627391,0.8965054635065041,0.8554337072578836,0.7549164781390408,0.8039630218790395,0.7942318636929062,0.7757860985366469,0.8084423587527957,0.8911853010297871,0.8362796156209799,0.7651028945965948,0.7681621372746541,0.7861773716125131,0.848458546258084,0.8173554039246761,0.729375590664353,0.7788316116217567,0.821690523531128,0.8002148345919926,0.8742589218030142,0.8472179843903312,0.7587397610397775,0.909589866378244,0.799603171086049,0.6944058728072706,0.8453150760568992,0.8354490033972699,0.8145126523518398,0.8612036955150022,0.8803425410338275,0.6945832584133501,0.7990738425576323,0.707427810173257,0.7352459676853137,0.787712471513607,0.8791405769244299,0.7453002076865223,0.765669503142589,0.8045955190262114,0.7952895552561114,0.6880104286245611,0.8121664362999929,0.9197890339561953,0.8437066325066714,0.7181907212794226,0.8671796453293057,0.7585657242183238,0.7881181986555953,0.6298393657013077,0.7267561232973897,0.8170621481052402,0.7420008018027224,0.7462030128023457,0.8420290420065328,0.8037339571008333,0.8244840865989249,0.7464280530133318,0.7402021974265206,0.7188248677145637,0.814281437349837,0.7990261092023123,0.7942997568453223,0.8017767054503677,0.8259602090862648,0.7617685600428127,0.7963287266444146,0.7889501029746842,0.6524452832533066,0.8264545920971422,0.7137053739465915,0.8405285824993376,0.7795665123457804,0.7522325890285152,0.7792244518713216,0.7774183390584571,0.8246587881563578,0.7485616281661974,0.8284529141148724,0.8275214357871955,0.9120289924027593,0.739216563435537,0.8701519248283589,0.7745057970780204,0.7642256832738262,0.7781645284669154,0.7875455565292896,0.7616751284324276,0.8107675712366657,0.6943556278816214,0.7257704910793306,0.7741499490647842,0.8387423696343127,0.8260410142619156,0.6690346966302773,0.8015583619849141,0.7673033051488507,0.8045385065260746,0.8089299581937438,0.7417423828766321,0.6808666348232646,0.8097321848965509,0.7435423233838213,0.7788182316962506,0.8162922693438688,0.6824420019815648,0.7385411217810511,0.759676208923444,0.823294407491194,0.790375135533042,0.7580818057482624,0.7762920796022669,0.8759493571178306,0.7952012701056722,0.7858732399834026,0.7546757019422765,0.7833712267940918,0.732678875862719,0.7646843715008118,0.6410405561699194,0.7955495359882222,0.736540180548618,0.8785108312603559,0.7595356245671053,0.829955259336931,0.8035461810688768,0.855392794896547,0.751443379323673,0.7665746059787975,0.7419784305525873,0.672756600867036,0.7400581314200526,0.7811380833400967,0.7913062765205747
0.8618365810250359,0.7837423826511303,0.7563110294154622,0.7448907269455485,0.0,0.7079216519135131,0.9013167816349763,0.6909261942391223,0.7887564232180462,0.6595547517334601,0.8854953251351221,0.8237130289314136,0.7407983390093635,0.7361629836120971,0.9049215385949829,0.7949535654799169,0.7539074024133623,0.8318946079099406,0.7902764798678092,0.8327576689820646,0.8663452798242716,0.8900645980672234,0.7956289082144747,0.9134482469369838,0.777846493082224,0.8724673749397449,0.6995277987858847,0.6386620064269098,0.7417058862933372,0.8157705526359386,0.8478656125918557,0.7514259025608528,0.8437910542039313,0.7299780890713918,0.836420159525051,0.7988518380080679,0.8760147361203822,0.8514801940928678,0.8855871886013615,0.8524926016637372,0.8643602058752579,0.7627013500999992,0.9029467577328175,0.9330234982734903,0.7851220119489756,0.7766258104024193,0.8417445455241702,0.9102038636586607,0.8873959642174819,0.8543119975976748,0.8733863730378905,0.8150897345501827,0.6996303754320008,0.8110254888417151,0.7899143342785708,0.6940146727370261,0.8444300535718525,0.836018127243839,0.7605396822098826,0.7851242346144738,0.6486207015632314,0.6768534900143818,0.7721487267202918,0.7547405971149098,0.7917725052802137,0.6904761652001459,0.7599478278352366,0.874070865868376,0.7789195467112011,0.7679525142766835,0.9100633802683403,0.7700096865263543,0.6663751874238871,0.7900052791506448,0.6752183744960408,0.7238622220635742,0.7697286565792688,0.8911840658188431,0.7865643740133442,0.6863230059567279,0.6907686138536909,0.8476298540907011,0.824958082596022,0.6468821792244479,0.7579483776916921,0.8028062977074979,0.7672629838369639,0.7835599853009076,0.6421388142897487,0.7329356716305572,0.9543469265446217,0.8162545523432339,0.8680779679733361,0.7423283740800009,0.8010334717122466,0.8317216219967165,0.6904297949389397,0.7188183990381266,0.7454518188668405,0.6551020297584477,0.7844607567642911,0.7397230566615391,0.7807840938224299,0.7640905356052812,0.7509633503687323,0.769827968814657,0.650549990550993,0.6838694793788423,0.8366251511611017,0.8308665187500293,0.8694625927662158,0.8425821717605961,0.689061222487383,0.6551866332794466,0.7414194672871717,0.7300582424890566,0.6882305975205857,0.854786233625018,0.6759615114005084,0.6494998256945361,0.9308700724598467,0.7036517584227826,0.822711355679643,0.8850289669015715,0.7886239032741663,0.802879337109983,0.6191307151677842,0.8435478998975202,0.694766108889623,0.8559755665490764,0.6608583091516324,0.7475056021031284,0.682979922627671,0.8214223423801511,0.8412425034814834,0.8273133664690185,0.8503022256560605,0.9012312545682294,0.8224925680726334,0.8914290230810558,0.7320331779374001,0.8019512445614185,0.7973950251953635,0.7686569198578621,0.9148387246342485,0.8341667950827721,0.9056481619323039,0.694152780804129,0.7643833126742919,0.5845995354165359,0.8355989944091394,0.7337923176279799,0.8475174903278692,0.7804960204821113,0.8037914728474304,0.8449929093766987,0.8078252702224614,0.7388126989141927,0.7925916253675295,0.6822153050987554,0.6121469890914557,0.8128654655041747,0.8151582321214217,0.9383867983189191
0.75870744003158,0.9041990538342817,0.9365562052621855,0.8033625558225443,0.7079216519135131,0.0,0.7819745299205622,0.9178373156464615,0.7400918792075145,0.8867527319017916,0.7934239042939204,0.8897461309608198,0.9449880287032316,0.6905533693595918,0.7250899501452036,0.9350369131989502,0.9283108465781881,0.7385549888406392,0.8225884325801687,0.762661509963939,0.8624064699156982,0.8318417920562747,0.7912769536700681,0.8109554762394965,0.8789851485792849,0.7345349653283818,0.7902851483518407,0.8680643578985549,0.7814240300957065,0.8467208450659301,0.7484364336729034,0.9188684696493333,0.8259672185533995,0.8558675693482037,0.6511050255373225,0.7039728443553718,0.8337159606458954,0.719719711483926,0.7161674646058523,0.831736724043159,0.7511892503137862,0.875521235185245,0.7148608823337682,0.6971868393290628,0.8644983787623461,0.8561621364634928,0.8521924653864549,0.7305860415983915,0.7566966133879837,0.688931728715359,0.7622196545670208,0.8351800067425029,0.6833151043647029,0.7935737379671609,0.7098120528284562,0.8528285915626196,0.7413722823340817,0.9287558859883884,0.6931437232164513,0.7976076917603004,0.8786122616243107,0.7039654707942024,0.7514509484819565,0.6177558826132681,0.6175065809439796,0.7198729800249444,0.7994787538126193,0.8158428371296695,0.7460706362661157,0.8632782765536818,0.7516840264707269,0.5936598701485432,0.6478901152586568,0.8948736818531539,0.9278967467091407,0.7355704105123358,0.8294414170436785,0.8360954065193386,0.7587360122762934,0.7189278524525557,0.8681397844862535,0.7113090829407025,0.8739399234166002,0.8281569647296044,0.6974212828823353,0.8634274928256472,0.8389531619330879,0.6460148783871543,0.8644153383329701,0.8029702420094021,0.7404981709458645,0.7646822162528767,0.7201232114167738,0.7043006405582674,0.6507531000287926,0.8425273240817319,0.7026577071282046,0.8964439075471606,0.562829651448332,0.856590272926913,0.6233386541456575,0.823422596879995,0.6174138233149781,0.8119226003199873,0.6674122593548778,0.9170266902831886,0.8449594432135302,0.9152291873951066,0.8481286198540988,0.9107089846323225,0.8039688277985604,0.5943108989021267,0.8492738773435465,0.8338587192954543,0.6979949698289517,0.8864818366832433,0.8568796648764555,0.7295600665283394,0.8126656053379488,0.7293006923144602,0.633933629016999,0.7679055098005859,0.7904418051478449,0.8654127203828974,0.5687046616661758,0.8672982572028973,0.7362126298341002,0.87957728013059,0.8454441982356128,0.6795228001312652,0.8609516344537625,0.9226210247275947,0.6864446801448396,0.6509912338472792,0.711312940428714,0.6043148763134161,0.8325845416631724,0.6613626394067034,0.7677928597718341,0.7535834705785461,0.693449830532551,0.7977542444569368,0.806843400057136,0.6639893295878376,0.743451245611531,0.736027287536429,0.7970077891711654,0.9216755255965161,0.8681491259538459,0.7113229451573826,0.6577309260402253,0.7181060863971844,0.7417387474757744,0.8893270789174101,0.9248350651400392,0.7949839440239219,0.8511952780953396,0.9310744437887197,0.6104175192152752,0.6888774671256015,0.7843810596169534,0.6865182886543123,0.8551983635760444,0.6955669043320508
0.9249813412274025,0.8884110069549158,0.799605217721888,0.8262182807283208,0.9013167816349763,0.7819745299205622,0.0,0.8091987059937871,0.876790126746871,0.768287199078017,0.8769040309265987,0.9057301493953998,0.850480547332639,0.7826962369086098,0.925894024881834,0.8300995109489904,0.8000521063268803,0.8960639127909031,0.8466077929780201,0.8876325260418438,0.8644195301106107,0.9234391663179922,0.9526305713974927,0.9544618489930211,0.9038745400495515,0.8292300420469256,0.8530819369406524,0.76702525426583,0.7572692557038221,0.8973757465542097,0.9107749278408697,0.8383971170247032,0.8944646197582562,0.8721161653568914,0.846620590396196,0.7841523235342119,0.9545045486092489,0.8227172286852679,0.8501427568648345,0.9379672262878553,0.8279338359350454,0.8717493425394967,0.860206069913741,0.8573045059843175,0.908217190111376,0.8663518802369464,0.8895105888086045,0.8406521171615341,0.9711964227458173,0.8167422271352911,0.8649624797085741,0.8083170789652171,0.7026484357556908,0.8159488521601299,0.7771044303520357,0.8104797869533112,0.844019268604032,0.8719755384416169,0.8207528477890792,0.845660242913036,0.7209743270372168,0.6666245259023109,0.7245408606454021,0.7351548971877274,0.7597672811307096,0.710235665377061,0.8928230014720788,0.9180937632834129,0.8207584332414738,0.8736278332423223,0.8973791386142319,0.7526374753630543,0.6993602587031352,0.863779801573727,0.7380308405466702,0.8074261445395062,0.8134342644012297,0.8984538139494646,0.7991397123407359,0.6474166686551266,0.6895695158348214,0.8792445713077078,0.9026529190878456,0.6760541612634574,0.7497716106854225,0.8885647120159708,0.8552142512096333,0.8218285082612568,0.7740792519677634,0.8440837530234322,0.9204145948828681,0.9160596646875081,0.8308916092059427,0.7607756980227826,0.7890609114192599,0.9055450223545856,0.6852623581635058,0.8453396350391889,0.7039928105479225,0.7893217786470905,0.7708295653098403,0.7894909324884586,0.8030376509018331,0.8435079204200294,0.7493593042549664,0.8381162370409733,0.6827596603829891,0.8110404316080682,0.8985116777569414,0.9186618700662825,0.9028481550748709,0.7752010830323517,0.7723593743420536,0.7568675557844793,0.737782938887341,0.8233507926348143,0.7865583811765366,0.8745804863672324,0.6853393992240698,0.7275455123932103,0.8229917548028686,0.7386631909033633,0.8573076433460526,0.9344113676752441,0.7427018705446778,0.8463333920546363,0.6617733505438185,0.9117861659807788,0.7330660130625507,0.8401834608201298,0.7785193826914005,0.7417846856788985,0.7315919651383218,0.7973789545511042,0.83258805221526,0.7476587781314311,0.9127569506591084,0.8824361294519443,0.9014380190420527,0.9144258135941135,0.7607943330251034,0.8053813595397048,0.9058916923445295,0.7452131912307941,0.8808326237448303,0.9339071269751001,0.9242836592476165,0.7562277352015466,0.8513584154113479,0.5807242796529136,0.8501441095863319,0.7484644398561722,0.8609327288915615,0.8894556853401023,0.8917435155506646,0.9333246208440757,0.918137156016446,0.8256118803966288,0.8069768873771125,0.7035611550730806,0.6626806068711167,0.8393164677182344,0.909311983719423,0.9051869889571958
0.8056974353099408,0.9321052244059865,0.8717645862203269,0.7982685360062319,0.6909261942391223,0.9178373156464615,0.8091987059937871,0.0,0.8428961134978639,0.8903360438469237,0.768355562389931,0.9069477863863217,0.9288485416485038,0.7095315981065066,0.775453837390659,0.8550603338349719,0.8229173050526838,0.7859148006027122,0.8210667224530915,0.8138298672390235,0.8023474262359237,0.8505134109961537,0.855226571966632,0.8234923609048708,0.9265700811151684,0.6958103679794925,0.8959999444781824,0.865447762939267,0.7393767179861351,0.8746654915213963,0.8263300350782848,0.8686507857578994,0.840638931444372,0.8805271367236605,0.6969084615282302,0.7041438039240228,0.8681243413321112,0.7368597587423683,0.7295490944327465,0.8242206152751802,0.734368261463943,0.8973505391392999,0.7171769219350668,0.6804257838151834,0.9387788638576068,0.8681232745426033,0.833504653521839,0.7007154810502713,0.7884299823107412,0.6892025582373159,0.7295076154033899,0.7599578325955288,0.6619828141220542,0.7590997581340065,0.6887841345056974,0.8965933236073123,0.732733030895779,0.8901997217865796,0.7106019228166589,0.8017853009906745,0.8542313022688481,0.6556694816567904,0.685713504020403,0.6332687735295238,0.6302057710590893,0.6939231872795965,0.8609394961749526,0.8280312497131785,0.7706556131883442,0.9495335475530278,0.7668854407666933,0.6192233203738416,0.6407143974347739,0.8502237333300848,0.8782899049763323,0.7565804752238712,0.7687132266544212,0.7842310657047008,0.7780761978110609,0.6017796002239354,0.7418740280321089,0.7650403259798925,0.8953371525298586,0.7872624030583172,0.6616690842670239,0.9258633695746282,0.9083272357606624,0.6843007271711264,0.9037520771145053,0.8914749169235995,0.7313972221647675,0.8329654693042963,0.6971417189539375,0.6869859974083717,0.6497189394325448,0.885438876601099,0.6999264149623384,0.9389497114637365,0.5760579518028399,0.8731389924526193,0.6472632396250652,0.8237503847685351,0.6463566664671399,0.8611187763507105,0.6815147412848683,0.884339199315479,0.7537202419831046,0.9403106445857479,0.8323487696791259,0.9002226031865527,0.7718975194875962,0.6062358932735137,0.8035818588571061,0.8824729546738513,0.681610405099471,0.8779476835941837,0.8354433693095832,0.7470258038441504,0.6967969338915502,0.764638333082779,0.6301324002953008,0.8071798287341507,0.7685190543213274,0.8430995311008418,0.5957242833620422,0.8446771808798577,0.6854668306599685,0.9033253820301497,0.7832557152863426,0.708382113690718,0.925683146852363,0.8047616083043951,0.7227243339307654,0.681251625380518,0.7386931754949115,0.605381233725352,0.866818706289891,0.6942198986434532,0.836191043171214,0.8021283887301792,0.7184997195992467,0.7532742878631171,0.8468829195576567,0.6689967706939282,0.7389593323243493,0.7999916079481483,0.8382993332727807,0.8494535213059953,0.8965427607937766,0.6431094882867965,0.7115567727490943,0.7028352255090782,0.7575756304403299,0.9156452957976536,0.9302249037240464,0.8797199063549931,0.8745433316825281,0.8954521582753596,0.6436896581216152,0.6204810810396625,0.7291552834023495,0.7143699302676881,0.9178134406913975,0.7137338588838086
0.9313301110910653,0.8691247506862047,0.7119279193873334,0.7232569372991221,0.7887564232180462,0.7400918792075145,0.876790126746871,0.8428961134978639,0.0,0.7142517798827888,0.7383409453133271,0.8428487880483738,0.7934757897818641,0.7481898656389538,0.8918201928400858,0.7201685056609339,0.6920620629349357,0.8768677652559814,0.7814695154105454,0.8951144616344655,0.7534882162657234,0.8556594589704077,0.8773231321663932,0.8735121188387899,0.8547633805680526,0.7086317597999807,0.8492700918760482,0.7159987587669131,0.6525300949735964,0.8885293777208016,0.9328116898049843,0.7399455400002887,0.8350707517585112,0.8107979524713667,0.8399975017299959,0.7144461873437323,0.8860631944635593,0.7895681106175657,0.7731511929357122,0.8172565279990205,0.759878461698836,0.8673747012299156,0.7686765104616908,0.750618978310424,0.895101281704054,0.8420691104404181,0.8534532452563346,0.7130056616701289,0.8488315102647166,0.7587308347039706,0.7450996881889688,0.7444793278758275,0.6834935898598171,0.7095508912572506,0.6562161549065529,0.8702247833716,0.7864445613419601,0.7882091805702621,0.7305206996731184,0.8022813957432978,0.6741148974060072,0.6370370389740178,0.6555265802049575,0.6896350563790654,0.7389529621390872,0.6758392575493936,0.851220085117719,0.8669525156497557,0.743618030848454,0.8764425540397045,0.870729489220846,0.7289987837960028,0.6549898007294349,0.7473623885749678,0.7103982243133597,0.800429638769448,0.6620994428631712,0.7585953447618319,0.8019611379952322,0.565790099082124,0.6303864706344379,0.9038198627413204,0.8936364524018,0.6580812280744417,0.6793693321156211,0.9408097990121808,0.8486455943533288,0.7708723146077774,0.7908849496211161,0.9339090971221855,0.8161401168252864,0.9401092600738384,0.7172705901564074,0.7233214543194736,0.7285326402538325,0.8718343318228388,0.6821357975379007,0.8630115856220035,0.6954698615722887,0.7764630685462249,0.7268215864269539,0.6900358530082343,0.7219734103950612,0.8095887656109132,0.7367986521237636,0.8035789944995855,0.6046539583162003,0.8002406823108256,0.8157546598569866,0.8433154415056221,0.7552303618996339,0.7230727700240897,0.7140656461669997,0.738738682093139,0.7085223680402205,0.8249829690716018,0.7696273413040777,0.7615489090267109,0.5684201067572894,0.7719523547202362,0.7562868744796667,0.7395631423222938,0.8193297018344897,0.8483196169870032,0.752277023627811,0.7484562663514734,0.6290528314760623,0.8669047938203281,0.6461966149629733,0.7957493462778557,0.8540865002736598,0.6716496916348803,0.7258593618602397,0.8210794602478473,0.7806230628035032,0.7117172774086915,0.914529426066849,0.8307376075939317,0.8389646947935128,0.8777804256625933,0.7219814021817975,0.7148103582133607,0.8954770000167402,0.6888503916285584,0.774243330577559,0.9154997830060858,0.9386936484416124,0.6950729407576192,0.8099278338823556,0.5494286994468108,0.8450575262512741,0.6985190916708132,0.7924232734871096,0.8464908377095074,0.8286959160947109,0.9470856680347979,0.8516724420560999,0.7771618434602316,0.7546285118787374,0.5845799072809291,0.6144274971736744,0.8490022091395095,0.9327114513527891,0.8585891666728291
0.7035663968552642,0.8873893293365115,0.9157620226791615,0.7251439826950227,0.6595547517334601,0.8867527319017916,0.768287199078017,0.8903360438469237,0.7142517798827888,0.0,0.7659933694845668,0.8757917351213259,0.8731048890242128,0.6694833495380479,0.7090819925897905,0.8660785363539116,0.8080562996312765,0.7122534640763879,0.7777016534105584,0.729159525025239,0.7628225541765056,0.8092766507868628,0.8110040766430219,0.755005898583725,0.9263497254561248,0.6385777836885759,0.8339455336601234,0.8128480131729234,0.8437440393166483,0.8061987642239947,0.7481493215903131,0.8772494928105277,0.7645392738929614,0.8013705438304193,0.6389265594789534,0.6853458154580776,0.8078167706974093,0.6865478642256333,0.6942063459345121,0.761002366652591,0.6916566774895927,0.8216566037662001,0.6890914447996678,0.657886416281391,0.8432867935754002,0.7638058112644318,0.7840735812600096,0.7110067014663377,0.7643844383232313,0.6349388572369133,0.6737313068033164,0.6736561124076346,0.6112474992548104,0.7368334509707629,0.7179457879738511,0.8059150628276623,0.6510177869193239,0.8496274571397224,0.7096307700735648,0.7131229455379053,0.8060130490644646,0.6057049006594939,0.6376018597957215,0.6304380783109221,0.5738487596608893,0.6253516960342598,0.7487398569624304,0.7700727729108314,0.7891141560297398,0.8622696305990005,0.6712682210773835,0.5859601555756839,0.5779609233434293,0.7951317452038045,0.8289620706391361,0.7045326312381766,0.7475060047936367,0.7882937627439351,0.6731376925177752,0.5978547547712859,0.7556562623069972,0.6472059556240495,0.8289111753645919,0.7606410815450889,0.591526674789031,0.7982926368518061,0.8011045583161847,0.6403484503155186,0.8270878518434015,0.7592788051806303,0.6634145968461982,0.7383383955741597,0.6964488790763932,0.6139616052040061,0.5860576772483171,0.874756417844049,0.6332645576474724,0.871991937483078,0.5354338043932695,0.7667596014599047,0.6234148241440883,0.8084270621744356,0.6049415762426418,0.9021994306080326,0.6106965256795165,0.7933272213265878,0.7413681500963694,0.9245035423301498,0.7831131737672276,0.8688649032586354,0.7412738348954033,0.5518883488061592,0.7261699156215579,0.844007190241212,0.6103003275161515,0.758581561209982,0.7907964301231927,0.7823344312651446,0.7599708388593384,0.6752960170180271,0.580776916687244,0.6934687815764081,0.6831060751512449,0.7726455958711073,0.5492489307383789,0.8842195075138709,0.6135816475691375,0.8218295080076277,0.8428219420288091,0.6711469350656792,0.8514131437521343,0.7675147095636804,0.6288451100046689,0.5827522596847504,0.7023131996525146,0.5787212444980222,0.805833518906728,0.6405326465978569,0.8185212406122097,0.73982462023746,0.713196218831424,0.7642925539308362,0.7311895261601746,0.647669520492588,0.7304934126892646,0.7217820714004357,0.7367214674631795,0.8712362974430495,0.9390768918609532,0.6735940440214112,0.620497113926014,0.717270160093626,0.6950244743192107,0.892998218875055,0.9069802111784181,0.7739962240431466,0.7907465166710974,0.849387469220541,0.6027369371296402,0.6025385403357078,0.7915149879520196,0.6495210771724512,0.8443953043499265,0.628079232166712
0.8178578940073779,0.8555526056493908,0.8576323549024825,0.8597616355559239,0.8854953251351221,0.7934239042939204,0.8769040309265987,0.768355562389931,0.7383409453133271,0.7659933694845668,0.0,0.8983124251319728,0.8083243875000723,0.7733019766385647,0.868239819477289,0.8884543703536661,0.8539609023656692,0.807664412277599,0.9050778813006687,0.8580133291125559,0.9308009870971161,0.9318813795961556,0.8099086366711086,0.9016885958058285,0.8549286745261299,0.8138267034287342,0.7442962581904089,0.7586677988212795,0.8814166620680921,0.7838939403733239,0.8462721576794368,0.8639851768726056,0.8915749812333701,0.8072862714828483,0.815905405407733,0.8773808562988096,0.8783549532347218,0.8791348309933497,0.9423508317769698,0.870690148147407,0.8939593774830588,0.759800977077179,0.8921804659481278,0.9195891800519922,0.8465904154395582,0.7835238615294118,0.7755692328928274,0.960049398449815,0.909157984568331,0.8538545700664233,0.8941845869765702,0.8019715077390707,0.7254605400599977,0.9373220644454777,0.9259266096391083,0.6773684389543064,0.8548457148183598,0.9078242087993763,0.8297183724644568,0.8328360770115474,0.8085626652652769,0.685236754412354,0.8053279179902422,0.7935534620585731,0.7559340952523368,0.7291812760215393,0.8078583277178053,0.8102407667231413,0.8457046666378815,0.8327822134693434,0.8390431333359025,0.7520395351758232,0.7166904571585014,0.8780492024037515,0.8002014169409752,0.7282490479526984,0.8790577690850528,0.8745129921070526,0.7889712856881781,0.6750111624249291,0.7460699120361861,0.8012265284025124,0.7963686404832011,0.7483181254902632,0.7908723230644721,0.806221817746673,0.8536916500415157,0.7798877616428926,0.6908219687078185,0.7072230484138127,0.8763798424439875,0.801689473227801,0.9231779082534267,0.7694746744821479,0.7980619590672159,0.8628734874210571,0.772603358598379,0.762235009214985,0.6996668988649409,0.7032488798098778,0.8130917372731472,0.8917876305318221,0.7763314661305692,0.8370572784936737,0.7749553088842305,0.7663456822143918,0.7728449679166125,0.7430253696633089,0.8444336344576847,0.8792325232912013,0.954459896978241,0.7932851962975668,0.7640396569129317,0.7834292701630053,0.7442121637798433,0.7221837940840651,0.748521179932736,0.9308228009570853,0.8145274737525597,0.6527335959201424,0.8328779749974686,0.7464572485605592,0.8311282701072112,0.872219872164797,0.7373244683544822,0.9199909456847407,0.65182892661789,0.8640831079944115,0.8526284481589684,0.8293637521581259,0.6732312232450685,0.8249480305887286,0.7469395642355435,0.7893239639982271,0.9151138826852728,0.7780355312369948,0.8237261687673514,0.8389780142496829,0.9018078383321808,0.8979309250945966,0.8005402311797892,0.8897123305995579,0.8115707278612512,0.8505847699778781,0.9508671015907633,0.7743019974927887,0.8475325556627763,0.7552903976202653,0.855932618869397,0.6797590977357172,0.8280434587229755,0.8036237424116031,0.9157975828703253,0.7904361979978616,0.8773187850461726,0.847171908027664,0.8611314292763544,0.7559476480416025,0.7951686856318414,0.7256085557092151,0.6683733013139475,0.7883065478405488,0.8266509906848741,0.854225312044646
0.835347123822948,0.9579925919052504,0.9079339542352433,0.8264774664330289,0.8237130289314136,0.8897461309608198,0.9057301493953998,0.9069477863863217,0.8428487880483738,0.8757917351213259,0.8983124251319728,0.0,0.8784012134520237,0.7247321330837891,0.8532349614219293,0.9044806553140509,0.8476171896217785,0.7985378615872578,0.8964437785226246,0.8599897666311555,0.8951700502440111,0.9427545813440731,0.9031227094880612,0.9227655369194917,0.9612026036844018,0.754942105609997,0.8592777281034107,0.8119482287831741,0.8328463480287962,0.9049032634343074,0.8871303890055151,0.8834923155664448,0.8808169211109823,0.8966331978739112,0.7691608082977853,0.7882826115136976,0.9200027123492399,0.801621274151547,0.8590332180158661,0.8685716165594205,0.8172075214971934,0.9054785936742908,0.7962027085501732,0.8031531734725403,0.9296300896261889,0.8289755388838719,0.8514272534852426,0.8299897936325163,0.8869541361937662,0.7564768321549715,0.7977385162166045,0.7832839738995362,0.6669549729075505,0.8482357646440853,0.7923059059297556,0.8395258283402611,0.7858745785955985,0.9617862408853092,0.7550193115432038,0.816533238992385,0.8069437353504684,0.6418902692907966,0.7066577607388075,0.7093594042764645,0.6754826804043714,0.6716155184838474,0.8472227567199413,0.8511779361458485,0.788991404108577,0.9131888432091011,0.8127601868654716,0.6693629356198776,0.6503708245091929,0.8669464533347665,0.8283031739771478,0.7370165470637283,0.8205405532708444,0.8899568023773714,0.7641828021195486,0.6330525943410463,0.7315404711196373,0.807019644667056,0.9152296491539226,0.7315880019039583,0.7011892259709365,0.9120153057612324,0.8957343267389386,0.7135295179399642,0.7914408202637296,0.8612333081579947,0.8181308865061587,0.872281870049195,0.8004520517965099,0.706037361420217,0.6999251118862185,0.95036970887533,0.7096329051841469,0.913560827963701,0.6348959176198413,0.779989316550061,0.7216764498931122,0.8466663514020176,0.69982096335669,0.9126191635717239,0.7001420889961748,0.8454208406156737,0.7372520950736136,0.9010452186711665,0.8500397781758215,0.9711503084540137,0.8973015715942851,0.687970699231173,0.7608713649423621,0.851736448520746,0.6787223138223877,0.8314963430835007,0.7939644604425714,0.8672231114772747,0.7487521818002758,0.7180741189147175,0.7307221290322111,0.7461778697481474,0.8224980518377772,0.8976292468160776,0.663323214493065,0.9184686074463075,0.6511394240464811,0.9470679740674044,0.831068430114029,0.7578870511642011,0.8439803359188172,0.8205194173816923,0.7051089098651399,0.7512685332104757,0.8418358350782891,0.6740819664151101,0.9068142406449782,0.7761881585514625,0.9022849041027219,0.8870124674917166,0.7357942950164365,0.8353748056984392,0.8623361252321196,0.7497026630429691,0.8678025814386385,0.8358134172999842,0.911514310256059,0.8124048598315413,0.9397275539851664,0.6710793291689575,0.7759611930604059,0.7422863061962662,0.8548849497227167,0.922288285952915,0.9811600401443574,0.9048012743616944,0.9042370511452381,0.8801681118540198,0.7058752536524132,0.6432356919450656,0.6740781782359591,0.7634804220363108,0.9329231623678321,0.8123684748466521
