0,1,2,3,4,5,6,7,8,9,10,11,12,13,14,15,16,17,18,19,20,21,22,23,24,25,26,27,28,29,30,31,32,33,34,35,36,37,38,39,40,41,42,43,44,45,46,47,48,49,50,51,52,53,54,55,56,57,58,59,60,61,62,63,64,65,66,67,68,69,70,71,72,73,74,75,76,77,78,79,80,81,82,83,84,85,86,87,88,89,90,91,92,93,94,95,96,97,98,99,100,101,102,103,104,105,106,107,108,109,110,111,112,113,114,115,116,117,118,119,120,121,122,123,124,125,126,127,128,129,130,131,132,133,134,135,136,137,138,139,140,141,142,143,144,145,146,147,148,149,150,151,152,153,154,155,156,157,158,159,160,161,162,163
0.0,0.8110974330628696,0.743332046849068,0.7917859612376215,0.8529706627344902,0.7637825948031451,0.874145759698474,0.7754488197749635,0.8928300245374642,0.6893038497887753,0.8341124205400651,0.7764914540457496,0.8453544537710137,0.8194734998917379,0.891309412684685,0.7813366956607692,0.8187649668912991,0.9410877217348433,0.7887974448064436,0.9096281639690332,0.8420707237908283,0.8485260188145557,0.8470356320004551,0.8531811567327284,0.8198118583827451,0.8216124348230552,0.7583932516924093,0.801250061662601,0.6928439369754514,0.7954518025448186,0.8750804224820427,0.8175919937124685,0.8276496271121051,0.8300225935938229,0.9211101572030493,0.8302634854512589,0.8968784384719807,0.8543571557972366,0.7844467296603732,0.8419040409940045,0.8176425508693255,0.8385066054525993,0.8876135594357302,0.88007410200098,0.8703130305473828,0.8912941522669365,0.8535068774802178,0.8357912749639239,0.905448831339005,0.9122849813475384,0.9157416691118139,0.8662904328156187,0.8391269334425993,0.8270574245222424,0.8056504600160301,0.8132296545898963,0.9248414523150282,0.7902011916823525,0.8358507129777243,0.8595095210536141,0.765817128694567,0.7544166179284403,0.8723457201496079,0.7877679263652716,0.8876577634756952,0.8547943487897385,0.8428293982680215,0.8770704989978125,0.8205777183408758,0.8163792884440897,0.9539808528213856,0.8516377373217945,0.825649664946032,0.8546097231267765,0.7773813540933868,0.8793144323455193,0.7925577048785137,0.7892792001226097,0.842036363590705,0.6626757903069519,0.7530265628490306,0.924774845537772,0.8240019474118545,0.7435565274273518,0.8738848709563471,0.8705845686346579,0.8163309388677061,0.872314286028208,0.8142747913068475,0.8065664155745731,0.9194556512198861,0.881041101368872,0.8624948620386541,0.8830737128435246,0.9060356252040047,0.7897388116429271,0.7723322083467238,0.803804457674098,0.7788922021432325,0.8245688375662341,0.8017008357511151,0.7503830252858817,0.8141684984054154,0.7230562187397207,0.8981795590470635,0.8395108518350509,0.7612188643490685,0.7639669729519376,0.8666075544046135,0.8244791877914767,0.8569815279173053,0.9015905160311258,0.8416841506602597,0.7234632843198066,0.8699261279066794,0.8192158205801103,0.8384751371284896,0.7868104658240379,0.7562068695414156,0.7428342170589388,0.8681314008640004,0.7458152951755288,0.8770005692849578,0.8958903387832428,0.8483747753591458,0.7515290542375657,0.7504527201045882,0.8139088350297328,0.7450143831712429,0.8655904885081643,0.7428070813571537,0.7577961468008177,0.7374322676880445,0.832709062453003,0.8186288981266335,0.8510917419132007,0.8215349566688502,0.8924917529007832,0.8090933770179058,0.8471812287656348,0.788461742673551,0.7830989289231586,0.9094788929905031,0.83086217407381,0.8463082312733314,0.864372323142577,0.8811043024739975,0.7062843097473811,0.7619275205217906,0.6009897673811787,0.9156777265149357,0.7739688696317467,0.841929282519104,0.7819720650387467,0.7786891363883693,0.8975169070348217,0.8312989838723139,0.7742253940494879,0.8366486477410047,0.8133182028138708,0.7220811496120335,0.8769883769303553,0.8808355563806046,0.9095769548677587
0.8110974330628696,0.0,0.8881703447364332,0.8139227088939744,0.7742948310653236,0.8837237345972957,0.8197422905808291,0.8669613516905537,0.7784125587708257,0.8677881993810139,0.8965566688137744,0.9265225277099851,0.8565092175425387,0.7917997595479305,0.848442060031494,0.8655282073760076,0.8782824614055951,0.7922250407269082,0.872786721172279,0.8672823861007705,0.8761647611833003,0.9150126375903544,0.826336722037875,0.8775958559064316,0.8980577915135475,0.7259757753981292,0.8004238612313469,0.8562105912373149,0.8994277222389954,0.7843201196594174,0.8684038370809504,0.8427297073907941,0.8878375894279387,0.8381370656517643,0.832832919472587,0.8853780773763693,0.833667695892061,0.858481112222939,0.8702620952244531,0.8321585384718884,0.9110488960071185,0.8206115374783903,0.7745259195621126,0.8501399596861243,0.8928977464901757,0.8248154877830787,0.7878443112315622,0.8551615578718007,0.8429254990043482,0.8183335734438092,0.8135703842835432,0.8087410321635788,0.8201563014656384,0.9216111550653846,0.893554539587546,0.826993729970326,0.8235347818996116,0.8650682238159947,0.7836760187165537,0.8541716754969995,0.8618242774639683,0.6968714682880361,0.793178871343362,0.7912386466505649,0.7209679071536275,0.7371056182401179,0.7816345083550036,0.7503557965927614,0.76536814687353,0.8086193874726229,0.784934744385786,0.7640284207443964,0.7038267440812193,0.8343990982876647,0.8911277489234687,0.7714631769904482,0.7715473705927242,0.8324954338319296,0.7867696103202211,0.6550851201489607,0.8324480377789236,0.7716639006881408,0.8753396054432827,0.8326000707210605,0.754623007710374,0.9227541702239667,0.7600735225530719,0.7107032076675593,0.8199720733774464,0.8306375945760094,0.7725447310771818,0.8295191380278754,0.8964718564319817,0.7948041677537392,0.7782882088280662,0.8949028211653018,0.8031546798531708,0.8665909958328575,0.6898948584372164,0.7915499771870129,0.8140361377506302,0.7467667618151579,0.6869003587592608,0.8433724113155717,0.7892242051323284,0.8063480777247174,0.8128086821385019,0.8965855992615317,0.8659405961864616,0.9236733679776402,0.8573965999582985,0.7413343252077212,0.7627328119040543,0.8036370170851954,0.7920533743280791,0.8240010493299871,0.8581789027503894,0.8195017589939811,0.8362649159459827,0.7204108494576877,0.7584259897582561,0.707646114406155,0.8036739556439555,0.876201741006102,0.7237268273673622,0.9182935722706806,0.6928377300201886,0.8700484482711676,0.9205815585570437,0.8052550896181296,0.8391177851262092,0.8080554131709977,0.7006292441126867,0.7802018784129561,0.8694848175193138,0.7562515426185219,0.8577885069269756,0.8165266281380709,0.8781004417349549,0.8478678278156493,0.8226506388029815,0.8321861674692917,0.8512918503454464,0.8439033684928862,0.8859114490684908,0.7112404489735732,0.8665279853551395,0.8529786509559193,0.9091533488060692,0.7333677211558923,0.7780385259482907,0.8692422377340508,0.8626210584167878,0.8512759008696067,0.8963126199523979,0.8361875337239084,0.8489588737206565,0.847576542793084,0.7939319970998062,0.7039826449331468,0.7959406696284372,0.7904364913347874,0.9346626127901773,0.7764300734448978
0.743332046849068,0.8881703447364332,0.0,0.7722347035814257,0.781709991670829,0.8790126291200301,0.7928014391465393,0.8519183394784027,0.6711844825859373,0.9182401583367711,0.911231987868398,0.8872373573152358,0.8796384340901664,0.7143577790644379,0.7813812983058632,0.9327251451774711,0.9057369992784212,0.7643010377540507,0.8174151847045005,0.7793845758512375,0.9084795265218831,0.9198776789703644,0.7869887802861291,0.8335185757317721,0.8966699203087517,0.7448966537265346,0.7546478969251963,0.8168551766172738,0.8677821705588404,0.7664826473103313,0.7557215712220788,0.8757552405771192,0.7914913153243116,0.7754354125068686,0.7083780782610292,0.8124644007108853,0.8345975264657906,0.7746496450719069,0.8056136362488201,0.8033844284965516,0.8002142824966908,0.8407754862276932,0.811330794317672,0.7956079929469319,0.8463719876604562,0.7966918517804324,0.7856810525962618,0.8768464439707483,0.8194393215879734,0.7782390132658857,0.8162905239665889,0.7713129400926133,0.7197975855252069,0.8907667512214724,0.8773537300099479,0.7538715802377772,0.7668597266526296,0.8839659604503264,0.7881095521153887,0.765808881586781,0.866703629757612,0.6655490872971016,0.8118937590740091,0.7317835133004983,0.6800093035145538,0.7389881613178036,0.7620003892632494,0.8007312178598123,0.8248744906876178,0.8275141112365687,0.7629439165227416,0.664622868214496,0.6928647255330372,0.8830214681922038,0.8692743042871256,0.6807344525436193,0.8553473662323693,0.8471820746417652,0.7149556057966228,0.6365529633445209,0.855125963191808,0.7131462758548521,0.8413238239081188,0.7758294195997854,0.7211648807074318,0.8052237214483398,0.7705038019203194,0.6999570923262851,0.7603529041690225,0.7137898761593653,0.7648648142980375,0.7213356332532943,0.8517938687961667,0.7031649523265086,0.7291249598340515,0.8447011378180563,0.7467398762432307,0.7928141918487085,0.6025359106407948,0.7456006235982875,0.6944531671630728,0.8466032762660003,0.677816851470788,0.8138726308406925,0.7167078542789015,0.8229326641978155,0.8693478786947902,0.8824055639958615,0.8305497618426624,0.9253555643826156,0.8506852777378501,0.6890920758790747,0.7610196232708321,0.7737272850277945,0.7025477561614821,0.7605989842835331,0.7628092638467012,0.8559871603601467,0.8876329574968786,0.6346175907971622,0.6972018974788681,0.6865139961888485,0.725848307512659,0.8340644315430515,0.6068703700288895,0.8878025952920071,0.6791373444511543,0.8377560633669257,0.886962709740882,0.7602831677363433,0.7661620840877892,0.8885134965730552,0.6359796450455001,0.6455950700159329,0.8321027848183725,0.6912074158376474,0.7752378224804978,0.7239004854482523,0.8512601583049856,0.7862402226063334,0.7519357220952683,0.8047243024353882,0.7673100636632043,0.8122023389860734,0.8468527436607293,0.7021980059251929,0.7917184182434224,0.8789799554100391,0.9084270368978722,0.6777132262510802,0.6905855576364134,0.7607374348475884,0.8225382770945002,0.895008069327411,0.8833863191861284,0.8044024583768048,0.8149599121188498,0.8709900921134633,0.6798815513714483,0.7107382869528632,0.8172719315998583,0.6519411603060468,0.8481045116975227,0.7109249982315708
0.7917859612376215,0.8139227088939744,0.7722347035814257,0.0,0.7377872200168036,0.806533228845585,0.8565651872412732,0.8062014506747439,0.6939368993703154,0.732729106488222,0.8381216577468545,0.8005576512524121,0.8072769757571862,0.7455498093693007,0.8111014247805376,0.7454080801160115,0.8169907713073238,0.7869207377949234,0.8004482530876997,0.7222868897594299,0.8287890800434914,0.8023890249040594,0.8320760148652769,0.814250485199074,0.8051271808197973,0.8149830396440412,0.7766430583631475,0.8637740591366587,0.7303137211094238,0.6650200007497676,0.7561761762311477,0.7480437710852106,0.9403692224083545,0.8317606410244339,0.7802152471540588,0.8045147844606662,0.796775730274174,0.7494465827223927,0.7375777611781194,0.8567747638692769,0.8600214717063508,0.7792373854099092,0.7400240128242757,0.8284935741956885,0.8269002213646727,0.7937727649791008,0.7099298148915536,0.773240217661125,0.8065205969149263,0.7550232500039922,0.8584920847285911,0.8745663114905322,0.74857934317119,0.8983582033755932,0.8141293841041789,0.7355091211591244,0.781633166153829,0.8173262376864249,0.763098419091244,0.7774124761408439,0.8315967857187055,0.6605578873549021,0.8365176756766729,0.6788145040292348,0.702072077054933,0.7420315550253057,0.8224288639552003,0.7402434944745425,0.7378845825478008,0.8120865185880125,0.7757700915751601,0.6907098527119677,0.774502348494829,0.86206818368041,0.7910324320342221,0.7034904119961696,0.7886920486476702,0.7732771622441557,0.7825814168200754,0.6187109653893568,0.756088562815093,0.8125406679660682,0.7404928733951537,0.7592816375265768,0.8028803601801963,0.8090019594174468,0.7705449524834438,0.7252146558621627,0.7711079894995224,0.7295697421273414,0.8404596680529376,0.8144876004692871,0.7830234593700328,0.7501955835005756,0.8333094015152535,0.7898413672294066,0.7159645957658742,0.8328254356352487,0.6485744364282506,0.8409331123762472,0.7035856523238366,0.7298472494944904,0.8243922589638448,0.7814607941637761,0.7822504725722466,0.7577264260952906,0.7669897160506206,0.8052231602097676,0.8144012938745746,0.7885743444820033,0.8842566549075951,0.7613334295036198,0.8370239965904396,0.7248467291577368,0.8110977285275625,0.8260763223926932,0.7911336123753696,0.68299338572849,0.866140156575592,0.7424376529829174,0.6892166361689778,0.8116982637885061,0.7626029897808165,0.8394646211988829,0.6570589550728825,0.7895061080921246,0.7169468172378108,0.754853375316745,0.8095235422747789,0.737477744107755,0.673814380295006,0.7256181611778849,0.6766836724108723,0.7685961863377134,0.7460235801369398,0.652798053755825,0.6701826156129315,0.7951937887409672,0.7936698040152135,0.7321732693755445,0.861324992113934,0.6907497456432816,0.8474803726311879,0.7834837356141264,0.7669227226083031,0.75432423134745,0.7591416094842988,0.7292500559948583,0.7235880241572437,0.5918519895415508,0.8048024340582594,0.7583780808380282,0.7754319287405046,0.7395447481483907,0.8582137933107049,0.7784126383144659,0.7906855971993498,0.8322295739462684,0.8713741289292797,0.7703002750095979,0.760359079182865,0.7380630591323704,0.7911669237457516,0.7902698998286016
0.8529706627344902,0.7742948310653236,0.781709991670829,0.7377872200168036,0.0,0.7263765048768399,0.8764643840553384,0.6897179273248244,0.7649922132837192,0.691939370586642,0.8625496425243138,0.7998525620872748,0.7614606841984526,0.7189829564712747,0.8791331924136462,0.7984443042870726,0.7887651615578287,0.8295598762945369,0.7505898013097781,0.7861638623256186,0.8524295535677421,0.8677537929349332,0.8131240793453703,0.8759990329126098,0.7853571463263532,0.8166217999917214,0.7022401375565107,0.689565890185659,0.737103849129224,0.823909037457902,0.8048855445561344,0.7560687783155363,0.7872311544038358,0.7285935786186497,0.8173355506304099,0.7901522057929858,0.8526000413435769,0.8001754537715513,0.8152957523493338,0.8086769113593326,0.8199389995236109,0.8086015631500159,0.8753439186133063,0.9059469779049557,0.7673628040517594,0.7773807197319594,0.8500486959946125,0.887406077990275,0.8719455452708196,0.8391757017316334,0.8615028615869292,0.8080806068862549,0.7274091301849334,0.8091336005293099,0.8079339794693557,0.7269513499666852,0.824708420798098,0.8124627500571174,0.758370794212593,0.7539664059103311,0.6767999972798496,0.6718836312093533,0.8063733242210183,0.7413202259596746,0.7872765802049444,0.708523696249932,0.7289983409466898,0.86112627428037,0.7674893843310825,0.7435788719260946,0.8743185821174578,0.758021405234241,0.6941540142976822,0.7968899610898403,0.6970579669842257,0.719307537131075,0.7723956598474004,0.8865503906678108,0.7348656411159844,0.6822669716009628,0.7373314387880012,0.8114144444171041,0.8555748349689346,0.6632380992420454,0.7567438412420439,0.7821041800179787,0.7098402717485024,0.7578092041129181,0.669836760745483,0.7227132581926287,0.9066190045414881,0.7792145394475208,0.8770751246760843,0.7378815679755316,0.7993820605621651,0.8037028578191956,0.67291315154287,0.7230695551365999,0.7091008258214537,0.6882357915752862,0.7449213262720644,0.7108146593727834,0.7393693887114859,0.7322150508344633,0.7505380746758211,0.7805393034886902,0.7007354075169109,0.7254690543898684,0.8239434577092813,0.8305500010385666,0.8444948999019706,0.8325172769537628,0.7109279855970312,0.6569361748605075,0.7474717091637859,0.752402829026817,0.7073836783854878,0.8206036162058324,0.7516171844709504,0.6502829659342058,0.8979062672707923,0.6724129749575088,0.7611205668904524,0.8860322053591742,0.7578247037683274,0.7727861153109082,0.6557656568639562,0.8006229709916206,0.7250449172499457,0.8206298933622564,0.6679089702675131,0.7515078022717915,0.6293522642272487,0.7498786685211735,0.7931588700822182,0.833386329844229,0.8118086534884432,0.8614898396074805,0.7816487838494632,0.836425769887036,0.729198449112145,0.7568472422720194,0.7850531256426501,0.7808202897004041,0.8705714103925289,0.7823047372950378,0.8878583540438105,0.7178642500592357,0.75360341268347,0.5919485500976618,0.7895183239178523,0.7377651214547638,0.809693377799164,0.7985756796089947,0.7864731000549083,0.8071396451407172,0.7749165945431424,0.7873690200499274,0.7660111834781718,0.7378587668225087,0.6843771627536461,0.7576588755914643,0.8158189587688667,0.8964665065398265
0.7637825948031451,0.8837237345972957,0.8790126291200301,0.806533228845585,0.7263765048768399,0.0,0.7513792708827934,0.880187548064437,0.7153260452400773,0.8274033317102323,0.8508155309162598,0.9056942345061673,0.8488906248942047,0.7090259764475053,0.730255328647521,0.8881479621266459,0.8877470713097414,0.7067011695152434,0.8610156110251181,0.7638102999004541,0.8762678536264906,0.8147319285176216,0.7353297821707472,0.7676749276411496,0.8709996003724342,0.7307906054196516,0.7025355815584369,0.8416054774659469,0.8102905860296091,0.7941396328093625,0.7852475344806518,0.8742857428649349,0.8271139646418486,0.840059862284635,0.7293036326791783,0.8159635625699627,0.8113830421388819,0.7822117912221275,0.7778886528867378,0.737336779958428,0.8121048757092425,0.843724131200953,0.7508686157883846,0.8127809413632424,0.8234771581061403,0.7806005830043482,0.7777063859408342,0.8220068415949623,0.7516805472667005,0.7507799257960653,0.8095065457911593,0.8533505526938371,0.7471595299960504,0.8752495489100321,0.8370153476194161,0.8475583091886267,0.7779664571868705,0.9356695217745669,0.6968099450959657,0.7796158276340968,0.8763391935071753,0.7260182170729405,0.8573974690791077,0.6940170212123417,0.6583954883510571,0.7411490123754975,0.7294112711628918,0.7417763004624697,0.7192689197772316,0.8212427443955994,0.7560620161408717,0.6563810523827653,0.7190826231740434,0.8270912583921389,0.9154390404015774,0.7353503883887034,0.7866797327645102,0.8068511407552801,0.7636184349022951,0.7366856665695667,0.9233817577549707,0.7344975803969888,0.8344566313147364,0.8410787888590603,0.7825734809275124,0.8425341952004222,0.8278422782849204,0.675303561969599,0.8283394843821551,0.7642757547230925,0.7694616901845506,0.7906570486711831,0.8137747257717851,0.7554306834760148,0.724665887048487,0.8510765233320153,0.7831453795154074,0.8859551359365453,0.6473307059301071,0.7833995454856347,0.7039623731760778,0.7810887080140592,0.7014725032276735,0.8040265932014071,0.7703748952496197,0.8199828824183228,0.8491982041853695,0.8816541298871958,0.7775130374669228,0.8682600185594617,0.8585542069042883,0.69682967707463,0.8190938418554581,0.8025029905121315,0.7623776572274307,0.8156032831270167,0.8730629014216357,0.7363932213429657,0.885206237812723,0.7295891570161194,0.670944275184408,0.7710580942461375,0.7975613715521123,0.8558739943189184,0.6422947784862366,0.8702647168455745,0.7216539350287274,0.8290869451571244,0.8968845001511416,0.6862939986554315,0.8421430055015523,0.8926878410588607,0.6834726968330479,0.7329744555790761,0.7670375068293273,0.6560899231076442,0.7781623019426916,0.6935246551085272,0.730030637207332,0.7654966739220668,0.7695958366166116,0.8152984440794643,0.7908578803047595,0.7947358078419186,0.811318147724181,0.6995506596277743,0.8053384704271911,0.8402227286094613,0.8458724551327906,0.7387976598681284,0.7354739478111734,0.8068529083332696,0.7627202174704608,0.7650413127555327,0.9069767541040732,0.7635312869041849,0.7639956574590949,0.9058548964964147,0.6953741669937304,0.7546782544345302,0.7583641881397787,0.7492333018946838,0.874490107414263,0.7203767831408925
0.874145759698474,0.8197422905808291,0.7928014391465393,0.8565651872412732,0.8764643840553384,0.7513792708827934,0.0,0.7309414595086559,0.7396414135455869,0.7733062027564432,0.8473827157880186,0.7992601839166199,0.8349155363715488,0.8015021749415504,0.883796982938686,0.7774761099572296,0.8142455844530497,0.8774743451494615,0.7502625356512436,0.7759535250921382,0.838028652894533,0.8531326607558882,0.9414186607061054,0.8717684702004554,0.8576510452035512,0.8588339859643837,0.7949239096028358,0.7810852721883322,0.7569639778286131,0.7399931754319744,0.8061056830747687,0.810915258062556,0.8616586745129122,0.8372013091895311,0.8498613066152609,0.8258247693615854,0.8903808676779855,0.761969955180534,0.7514081186352732,0.9072955904332519,0.8179637906713143,0.8451700461957424,0.8422240972022262,0.8879204240996301,0.8524660052624936,0.8330252054541044,0.8636846577662043,0.8480594116855402,0.957770477108434,0.8265504424898452,0.9039979357417657,0.8305491907690511,0.7410237213988236,0.8534385056127914,0.8434924727870259,0.7948048691500057,0.800208918363313,0.781868748794819,0.8756718206723971,0.7965823787748318,0.732693396311701,0.6899807173380913,0.7911901255626663,0.7678983302040941,0.7773595652963579,0.7475619580475986,0.8554097222337907,0.8855855497142643,0.8278889587052293,0.7702263406216886,0.8568415986648836,0.7835858795482682,0.7842762601803139,0.8770125711976998,0.7094315745071345,0.7897656656511636,0.8247419639489059,0.8831016840466477,0.7314925323522578,0.6334491566899598,0.7306851404523453,0.8308642683171723,0.814542661138214,0.6832168942474752,0.7967956801839722,0.7851633368607872,0.7385791067380653,0.8412304026963389,0.7683897651270242,0.7452334022686827,0.9134640914855278,0.8721344683660397,0.8570767498915887,0.7503901402727273,0.8693008357047469,0.8344621487426618,0.6660648423110912,0.8259510615657002,0.7189062525290822,0.8293980226276785,0.7573815037998402,0.7361256615428439,0.8610389468207892,0.7867718409264532,0.7829309884849315,0.8000672602432242,0.7410781150068658,0.7985525007245757,0.8970761640028926,0.8584592815863921,0.9069644891569079,0.8304878094982506,0.823196742134135,0.6807708292262176,0.7806635944866676,0.7859027649816197,0.7802567362051537,0.8084625334146361,0.836144586607447,0.7181143831162702,0.791265065852176,0.7112451761523442,0.7948125638939795,0.8892008008602135,0.7245400476240649,0.7921225906467474,0.7264855233420635,0.7991923282679932,0.7846716272403754,0.8416281935293811,0.6896803262217995,0.7021974948744107,0.6382815305913923,0.7221998069341818,0.7703309118471505,0.7553379953619553,0.7527811533637135,0.8917471668824658,0.8437860224689022,0.7783019881619425,0.8105365952257815,0.7590457030600473,0.8773380826615763,0.8038950858279605,0.8497187636269448,0.8895715260684027,0.8060914397859897,0.7345265197447358,0.7831824264359462,0.5731766586019342,0.796784451616989,0.7533586876902963,0.7840699837414153,0.8684936536731375,0.8232520734641845,0.8263192170367966,0.8001723875969874,0.8251207287208064,0.8649495701181177,0.8138061160601563,0.7886442281929229,0.7712434320569901,0.8476512889677564,0.8266722435038122
0.7754488197749635,0.8669613516905537,0.8519183394784027,0.8062014506747439,0.6897179273248244,0.880187548064437,0.7309414595086559,0.0,0.7737918225380416,0.8102490809338027,0.853169026663483,0.8724624105961507,0.8734626468622688,0.7243976755378448,0.7817742673915288,0.8647600748084815,0.8276409405300088,0.7574390343969939,0.8259933053941032,0.8054815674725787,0.8200330327355131,0.836249483712326,0.7579621422284315,0.774348865008733,0.8591804011788865,0.7361062350807821,0.8050686734020759,0.8549309117461371,0.7746336531354595,0.7768162140441902,0.8349327959821099,0.8304999622377648,0.8377404330201761,0.8185405258719337,0.7395598032127702,0.8150909514698756,0.84274787172679,0.8308637332764993,0.8144164892936431,0.7544011151650382,0.801888485310519,0.7717686846381945,0.7801460588125642,0.7617941812672104,0.9020123190757674,0.8268133073680871,0.7153257568908377,0.7983692627561151,0.7612349501253478,0.7645180535014243,0.7899259894223868,0.7685470535818838,0.7254682018898417,0.8525282689489397,0.837822867568481,0.7791192628063441,0.7830608323368414,0.8921127254012499,0.7087335407102483,0.8048691808858666,0.9339203510795651,0.7017832600339385,0.822698878405053,0.7000464874616773,0.6668796509284336,0.7569929926828227,0.7848485775142688,0.7482879004929509,0.7679683637771496,0.9314699534524884,0.7738918183551392,0.6853738621462956,0.6960601497065522,0.8333931395943917,0.9127027320887668,0.724684312084916,0.8086360158797928,0.755111248653358,0.8391873920853341,0.6159968319464886,0.7838514771158227,0.7571074444171156,0.8218610065784722,0.872583913521023,0.7412148305279889,0.8956462943654558,0.8967605406107994,0.7072478926014732,0.8628456393175924,0.8239174559415857,0.747728165358078,0.7625026702636685,0.7983447047024969,0.7409813309416949,0.7167337495651172,0.8384131645672265,0.8163707424108295,0.8143012973330417,0.6238750210411599,0.7883807840965866,0.7378452349556637,0.8651297370127656,0.6912984468420836,0.789635679536966,0.7880073961711233,0.825347928502254,0.8385142810808577,0.8489138837200626,0.7862818135200434,0.8177954220840432,0.7938274134103157,0.7020067702421813,0.7744738024685002,0.8744253540268985,0.7769722197094092,0.7980918986550685,0.7858188184786917,0.7557342305959457,0.7768695044852061,0.7120724029906041,0.6737985478002022,0.8412834226466271,0.7246362533355057,0.8212924166912307,0.6328592502580216,0.863169803103742,0.6848670109712997,0.8773422288217317,0.840173490716986,0.7497808516030734,0.8284348551593447,0.8354742495421388,0.7748032957434235,0.7272285091812478,0.8114835393528618,0.6571101673536928,0.7848395110391605,0.7269056581036653,0.8205972793528237,0.8348087302223247,0.7935241888745158,0.7661140389552882,0.7813950325512984,0.792221095884366,0.8064378133965618,0.6937621858024134,0.8134937970042104,0.8245422542722671,0.8349423209716419,0.6835439089449761,0.7867754543914249,0.7583123936077018,0.7959083095500004,0.7808380395978728,0.8696060005986249,0.8660274158622042,0.8162469917384928,0.8469527093989061,0.7117634194022836,0.7063313269625188,0.7330421332290299,0.7045180977117784,0.879321602398396,0.7192523319050984
0.8928300245374642,0.7784125587708257,0.6711844825859373,0.6939368993703154,0.7649922132837192,0.7153260452400773,0.7396414135455869,0.7737918225380416,0.0,0.6364816459739767,0.7526366701832055,0.7630792856772743,0.7290132743069326,0.7260476965943337,0.8265679538741437,0.7040226220896313,0.7012905877017793,0.807827494181907,0.759954702060734,0.8671677773015011,0.7387468924103344,0.7879558687368579,0.7365475302722648,0.766336782790911,0.7538953830101534,0.6816701577322912,0.7167862716901804,0.7107407673801105,0.6486411860178726,0.8182059506339718,0.8918953529804846,0.7146705737440933,0.7533118274339248,0.7342442882553597,0.8590685389736331,0.7609831442151431,0.7942301896687298,0.8242907876857888,0.7849349818744674,0.7014864626622015,0.7555527129863531,0.7751187554572089,0.769960435885165,0.7792364711839743,0.7898220700800591,0.7645107736773471,0.7377766267410932,0.7396915445171782,0.7665122499816918,0.8058140673747347,0.7601404045412603,0.7385229539331382,0.7570837247159588,0.7357288677829792,0.7199820513994962,0.7886067214794354,0.8216743463472105,0.7566433949893847,0.692286967009143,0.7750870853163712,0.7042680177440882,0.6838021066945016,0.7463872920386927,0.7242623366152692,0.7853482333049269,0.7175597530734498,0.724358450147263,0.7471661434357052,0.703954869667409,0.788518740351633,0.8386883440451279,0.7734864117952271,0.700989298800747,0.7122340231435172,0.7374585031070663,0.7715451749261887,0.6700058776844563,0.6924581612563031,0.7800030570811982,0.5946062100645649,0.6597605885689581,0.8651130049213722,0.803243782481343,0.6999738691019554,0.74455642510317,0.8632534957348937,0.7837693285115436,0.7447320417380336,0.740662153471008,0.8594505740373299,0.786491248972679,0.8270763277628473,0.7695690227082527,0.7808167843099416,0.7645915386433897,0.7631677804971632,0.7566750886352703,0.7435393466098885,0.7399663046506022,0.7030672423074679,0.7674935372895816,0.6814412836487699,0.6901429355230094,0.6931565228543639,0.8135056929929747,0.7292368296685685,0.6580442877310027,0.7088454143586242,0.727210305173374,0.7399219634466473,0.7358440521771606,0.7979352884777995,0.7040032558645274,0.7292126985653482,0.7592638068604374,0.7496304238806372,0.7441604629084689,0.7220727295140988,0.6341218846204115,0.7117649131981906,0.7977314500429338,0.7151702935977693,0.7678743806467493,0.7876309768407629,0.8377737092516642,0.7034441873015711,0.656362509902582,0.7781898915484041,0.6723624881640324,0.7626563639561484,0.7911413725477049,0.697323672037271,0.7267868439992986,0.8563943384433469,0.7847892264354355,0.7815633098175835,0.8151390965793925,0.7920869737426011,0.7318579714771364,0.8484648923649556,0.7161309237275352,0.7219081286857701,0.8114703015119832,0.7693018039648786,0.7708376792840433,0.7422368186555949,0.8974583600876033,0.6427241189640466,0.7222277685010177,0.6096139435063117,0.8763764821515285,0.729133702441622,0.7950683430805396,0.6951317589211429,0.7280404185608611,0.8530918650488052,0.7554799575089172,0.6994658923436619,0.7439984633920529,0.6627695900374254,0.6029790151855304,0.8390183473731484,0.8555940711338698,0.8493064245247174
0.6893038497887753,0.8677881993810139,0.9182401583367711,0.732729106488222,0.691939370586642,0.8274033317102323,0.7733062027564432,0.8102490809338027,0.6364816459739767,0.0,0.8295913322807072,0.849683702392015,0.8247389639739032,0.70988074973576,0.7300642893736736,0.8500318026778996,0.8097935895628986,0.7191881427011424,0.7625543317367055,0.7203024528242126,0.7806971896551904,0.8260649030618396,0.7956840051877003,0.7418755342865634,0.9229191833333522,0.6730744447430776,0.7715248764395823,0.7861407981734453,0.909671163720677,0.7244549491886749,0.743801451605251,0.8477197134123429,0.7595077644855868,0.7584298058099429,0.6931965355935303,0.7796125713755012,0.7951940697438052,0.7282155298049487,0.7321293194577221,0.7441164040356907,0.7415402211111033,0.7743890490836084,0.7429445421915198,0.7432115394212473,0.8106189245846691,0.7243183201862445,0.7458313305953006,0.8102819641689772,0.8025041139609237,0.6959014061447517,0.7254376816911807,0.6793866842370193,0.6580485483358396,0.8085626713974841,0.8533987950327914,0.7490482917951611,0.6668067498045719,0.8072088621732835,0.7713950946225994,0.7079050888723115,0.7947776175252369,0.6289178223294047,0.7040281677800584,0.724691844473178,0.6110090517101002,0.6543106009181269,0.7157233641798161,0.7424021494256573,0.8117023124039873,0.7935678471697444,0.670704686415451,0.6580628077193524,0.6483926693155777,0.7862757836316546,0.7956012064069221,0.6971391893928434,0.758701192432927,0.800911232099977,0.6574903247614997,0.5927471509175575,0.7900347977417254,0.63561174547882,0.7885150944992422,0.7558157149225326,0.6494081374347054,0.7450629381016254,0.7308934226457129,0.6866662121404981,0.776275881776113,0.6732923355167237,0.6926050748942305,0.7192292248389395,0.8011526160082619,0.632780667072461,0.6629483108266208,0.8701646366948093,0.665366475549068,0.8087131065643927,0.5914177599844276,0.7215681683524195,0.695159131039231,0.7760674114929416,0.6731440248701314,0.876303153111495,0.671040654778947,0.7346637384465671,0.7728422446816872,0.897424782539279,0.7804695093317203,0.8536461065856079,0.7799997476555697,0.6281765062567013,0.7172836204559994,0.7688065598547889,0.6559748572417631,0.6872508232179795,0.76826576819113,0.8474749668505798,0.846797278848402,0.6453199772939573,0.6157885098225472,0.663368934641258,0.6728879923321742,0.7569054245373851,0.5858315022666463,0.8924783977468832,0.6310215385961712,0.7727874546113424,0.8883872318460284,0.7267496424296029,0.7867448792182651,0.7429381841946423,0.6083535274857904,0.5893121135628824,0.7553614503253571,0.6375756212598952,0.7508516699245736,0.6918396742478863,0.8354492222419313,0.7357902134115694,0.778444579884511,0.7803392162848019,0.7096805679931564,0.7556959032007595,0.8028929143889548,0.6925083899115763,0.7008090950704491,0.849576866858538,0.9446490621700041,0.6719719661681444,0.6400892087873534,0.7870578796595717,0.7184307834604193,0.8599957726064675,0.8598768835957539,0.7427587055256323,0.7373058153505897,0.813204747942338,0.6827650256026436,0.6723370499880459,0.8530006128023908,0.6531367347511371,0.8368065333358996,0.6245188540787038
0.8341124205400651,0.8965566688137744,0.911231987868398,0.8381216577468545,0.8625496425243138,0.8508155309162598,0.8473827157880186,0.853169026663483,0.7526366701832055,0.8295913322807072,0.0,0.914723530556764,0.8699169387168205,0.7581293444375204,0.8769602475047604,0.9133565385473048,0.8887147279316387,0.82927888160621,0.8667744229946985,0.8455059913949825,0.9176157402654269,0.9512673435406127,0.8391361522818631,0.8966773959628963,0.905916354688809,0.7995750110748026,0.7964102641679963,0.8439565445618308,0.8688176634604342,0.8063561033951241,0.850400895442886,0.8458778139682057,0.8697395963349185,0.8087178014349826,0.8199365977385207,0.8660991738136531,0.902616464178522,0.8748243156420763,0.8986237125566164,0.8401980646597023,0.8800484730761677,0.8234167113602211,0.8686841391604484,0.9031004166396552,0.873870252564505,0.8098015539007379,0.7661414944439467,0.9514638879616332,0.8876811362331523,0.83559785884569,0.8699947874197068,0.8119426957683612,0.7536335200093864,0.9327275179630585,0.9342408236627937,0.7382785954852275,0.84516819874141,0.9185956274700158,0.7913339569289696,0.8060259242955978,0.8663598458706061,0.6733900253085272,0.8563426396323126,0.7670594157116186,0.7367449134208012,0.7492103480059968,0.7943213861310808,0.8145619139220035,0.8260893760307624,0.8846427908673465,0.8310098050600077,0.7472261851187137,0.7247490167028405,0.879136551564981,0.8609248137951754,0.728315526252642,0.8542060679495768,0.8745997261611256,0.7931427695751098,0.6675893708670914,0.8156278115818341,0.790149354564363,0.8651605841579869,0.8079808789118292,0.7747390853577498,0.8650248538196129,0.8329155491652314,0.7436424959690402,0.7602902650240099,0.7574592870529805,0.8488400817247106,0.7772059804302985,0.9242676138051878,0.7686541421682097,0.7968686548490438,0.8866421868703213,0.7695732404493527,0.7928871221316551,0.6653010839328343,0.7476932664321618,0.7953249256399383,0.8339106830911124,0.7301882002157112,0.826829452570077,0.787095754365206,0.8050749564262484,0.8129177913449901,0.8541537186428996,0.8413730128903926,0.912141947517803,0.903486496161033,0.7855731337457009,0.7765067545213177,0.8129122867472883,0.7790739024838103,0.7901989057283976,0.778343912224574,0.8802259254196004,0.8585614732692138,0.6818011731519074,0.8002414720495667,0.7501624637296002,0.7786401598770445,0.8982755594630778,0.7160841589123745,0.9126913347134473,0.6677969625040087,0.8663238307870123,0.8713113197282962,0.8234627523335293,0.739664429072944,0.8441263337344838,0.7258324996055878,0.7629985472272975,0.8988116792262756,0.7709440988513829,0.8246457304650706,0.8286106380855249,0.8955135496063671,0.8828952622844772,0.829083438177622,0.8161743892949349,0.8074535491853557,0.854480098963677,0.9310094169995922,0.7343487994150021,0.8674081038290413,0.8172100176346159,0.8757070445420104,0.6691206411596445,0.8237658472617491,0.8188981592197835,0.8874737819947811,0.8249943358945363,0.9030853601030111,0.8802361407033372,0.8819962549856465,0.8563943289483622,0.7994695456609886,0.7518052470211628,0.7579290809420447,0.7571101185598489,0.8775957912808743,0.8461497988552329
0.7764914540457496,0.9265225277099851,0.8872373573152358,0.8005576512524121,0.7998525620872748,0.9056942345061673,0.7992601839166199,0.8724624105961507,0.7630792856772743,0.849683702392015,0.914723530556764,0.0,0.795459720517836,0.6874676456687343,0.8279690666038406,0.8695714835600387,0.8360930561362682,0.7310313892028494,0.9240915446120955,0.8114298052716903,0.8949639040469511,0.8928460348084609,0.7951571066040486,0.8503439428189777,0.9266821403642456,0.7116574500905085,0.7296770666142238,0.8022433035412306,0.867724360180161,0.8338809788776458,0.8792330654900684,0.8270308757151292,0.8501082039146417,0.8249959858513171,0.7826630510038471,0.8471420616706177,0.8334295426093149,0.8166370414042885,0.8999347948349384,0.7478721904580822,0.868824797363676,0.8289567724609078,0.7995644188310403,0.8735926535440593,0.8399454103230893,0.759085929199834,0.7553611029717796,0.8876654568373079,0.8132876450041346,0.7720195468271852,0.8025107675901296,0.791703394068565,0.7222033142766053,0.9080951448940648,0.8924906934710901,0.7867720827305671,0.7886622005506233,0.9466404018971255,0.7135512147488801,0.765119267260593,0.8296494161713401,0.6503284119465133,0.8003686536120836,0.7250419380703401,0.683807834669985,0.6896592859594537,0.7130378796714569,0.7385342414579131,0.7253909808710903,0.8422167866236204,0.7606197705079427,0.6847269987292608,0.6639184712086326,0.7986067961107727,0.8509438217355799,0.7066270665560457,0.763443251420619,0.8310628378139872,0.7640274672682923,0.6536813957323553,0.820948341514041,0.7628167228337288,0.8761253132389555,0.7768672263247981,0.7335045514197199,0.8656687330199799,0.8059229655450311,0.6764135994256405,0.7586057977291226,0.7855799878680494,0.7736192186453466,0.8079041009966327,0.871712542110971,0.7301569073970997,0.712302495362408,0.9232017547030404,0.7696195837977237,0.8607643320297315,0.6456749436208529,0.7153728970614334,0.7510162039363262,0.786029099609519,0.7009502892886948,0.8901088391209258,0.7462679340701042,0.7655924640692008,0.7848567541710442,0.8793639670765576,0.7789314638906136,0.9104515422529211,0.8885308873565176,0.7231947307981855,0.7249146908156263,0.7838172302848968,0.7242781146188377,0.7633451002884499,0.8102578819582037,0.8380154020434722,0.8363173591504327,0.6704739574657221,0.7223159439748486,0.7312758713720573,0.7580527984715142,0.8685157255514689,0.6830659848153785,0.9275755574081173,0.6405401702506271,0.8517301310754012,0.8895701437051798,0.7282014053686328,0.8043989159327072,0.8206897713478756,0.6586065973516356,0.7583338533621296,0.8662597296705122,0.7104815473148861,0.8441967226167257,0.7545509506014416,0.8150962749451816,0.8792985844256838,0.797518031193582,0.7944403526700015,0.784039673516359,0.8229572531026859,0.8819751522199494,0.7024966178284867,0.8832916423621398,0.8113183409504731,0.9105824865264697,0.7014566193158149,0.792269922119853,0.8377157765845845,0.8332171999457674,0.7917246997157783,0.9617634869182129,0.8228247149983974,0.7950768566180986,0.8695665595892577,0.733665999988412,0.6816089260085705,0.7124887441988231,0.7574155816395607,0.918026275600061,0.7771667368857827
