0,1,2,3,4,5,6,7,8,9,10,11,12,13,14,15,16,17,18,19,20,21,22,23,24,25,26,27,28,29,30,31,32,33,34,35,36,37,38,39,40,41,42,43,44,45,46,47,48,49,50,51,52,53,54,55,56,57,58,59,60,61,62,63,64,65,66,67,68,69,70,71,72,73,74,75,76,77,78,79,80,81,82,83,84,85,86,87,88,89,90,91,92,93,94,95,96,97,98,99,100,101,102,103,104,105,106,107,108,109,110,111,112,113,114,115,116,117,118,119,120,121,122,123,124,125,126,127,128,129,130,131,132,133,134,135,136,137,138,139,140,141,142,143,144,145,146,147,148,149,150,151,152,153,154,155,156,157,158,159,160,161,162,163
0.0,0.6151006556862159,0.5823602198704232,0.5231616837341825,0.5393298189302694,0.5950675730862187,0.5323860395344785,0.588146905973081,0.6116823724756973,0.5828384865903831,0.5910684290286583,0.5488707807759677,0.6514689636743528,0.5418173480909281,0.545936512798373,0.6284566738821189,0.6238940136133923,0.6801710981993041,0.6150121647021559,0.728573670491904,0.6242832791719434,0.6046070003309356,0.5299427313393651,0.5468877213121327,0.660188173516201,0.5154348014437667,0.48314009970460214,0.5847384521625562,0.5312280044843588,0.5499934806538319,0.5972163633846237,0.6354918311979929,0.5153491933573627,0.5041981653044194,0.6535433491621503,0.5174337215763184,0.6462790354673357,0.6157481340294073,0.5173051816242017,0.545385305996357,0.5363140870442488,0.5700524339814541,0.604276330788443,0.5847395220852929,0.583226136935225,0.5804537426703299,0.5594464433381896,0.58211015065192,0.6316988057559074,0.608761317065061,0.6133638862884594,0.6246732552608548,0.5307062934614615,0.5752857671416065,0.5473624859381527,0.5585289383416544,0.6859808855238428,0.5747483919509874,0.6060610454050948,0.5623355896105436,0.5801420917527745,0.46925179734684513,0.6088310371750507,0.5030467170186973,0.574097831321404,0.5738544271286694,0.5443030427985381,0.6135286178908593,0.5794202444664386,0.6380937854178282,0.6509873180311204,0.583316098992261,0.5799216409073845,0.6271224502155187,0.6201509447245634,0.5848282737694466,0.5336830533472887,0.5390008056363627,0.5510371516239291,0.5208573617686609,0.5634527477337643,0.6094149777097365,0.6092480529861841,0.5765030120430333,0.5732618931099983,0.6463662346731923,0.5765661270359934,0.6068019030107082,0.5998657574033753,0.5081912581758443,0.6003653565016919,0.5389729270292918,0.5944472185069,0.6122518172930796,0.5891596505565856,0.5689762754893486,0.5185596616095851,0.5459583465461961,0.4734460338836661,0.5723217970379884,0.522600630466088,0.5158469899494242,0.5078883061463565,0.5387066612383473,0.6015358916579691,0.5866692141226071,0.5435118501894358,0.5893488586006359,0.5518769103696138,0.5814997794592462,0.5627608280871034,0.5483668984094617,0.601477761143392,0.5371355948178814,0.573499722322559,0.6048207099000966,0.6186066832549773,0.6026731677954065,0.5540655236478099,0.5132034662376922,0.5834843857340141,0.5159386214340067,0.5821526699198738,0.6226146420186978,0.5770137345154255,0.5676234952124715,0.5027989257701962,0.49870834232755734,0.5442737684043735,0.5720919356795546,0.5568147659365194,0.5908590420883963,0.5591569895312212,0.5604652623412901,0.5828796392680785,0.5484452702160411,0.6125023911275624,0.5500536331644724,0.5356887669500727,0.5830595894593111,0.5412879488395107,0.5499764172367805,0.615689221414926,0.5263238614885983,0.5746806908585488,0.5686373569599482,0.5858500361945632,0.527072725123535,0.6507804204494501,0.40240652295505097,0.6289658698181423,0.5805971839036826,0.5872296480631873,0.4988074978836169,0.5724968083197912,0.6086324973021299,0.566893084446805,0.5757043677657396,0.5305168599645796,0.5704934814840433,0.5174531421005558,0.6556625109264375,0.5021854983186976,0.6502694620641617
0.6151006556862159,0.0,0.6105634610877493,0.5633662966537963,0.5235064822533957,0.6073922942593335,0.579730669484453,0.6087169777802557,0.5719957853722344,0.6706551744459914,0.552002917490643,0.584034437402731,0.6417371551207766,0.5876077459669686,0.572073570800344,0.5971080295185854,0.5810635354612994,0.5729059345200614,0.5441783604755466,0.5854457444715784,0.5850493584020803,0.6110494312778257,0.5318869398388633,0.5729206121587035,0.6101951729898879,0.5288771646896142,0.5215576723495203,0.533492168601534,0.6485330676127249,0.5137526633635046,0.611103571124871,0.5909466500701761,0.6119773139776181,0.5053385862070415,0.6086681671111841,0.5573584281888813,0.617609710010523,0.5917768333715647,0.5473785357978433,0.6026575311280972,0.6029028246134827,0.5398891999995332,0.5170343875200188,0.5734915490448662,0.6253922788081311,0.5794389059240456,0.5768314398472397,0.5438463393719806,0.5943809572067292,0.5625575280323059,0.581106485961514,0.5946678547923728,0.5250733074859811,0.6276295420437689,0.5734670531849726,0.6170309185030133,0.5836036954203906,0.5542137291523205,0.5750818929445654,0.6041062430444092,0.5880825860737984,0.4843877473728812,0.5244315946046206,0.5079858117502216,0.5073777364568839,0.5134730898548082,0.5855365001704446,0.5868285522150414,0.5116575665178079,0.5663770132839809,0.6052538954570326,0.5824547543493296,0.5185683372997899,0.6146051289119218,0.5780627775958223,0.5497877429848032,0.536544437299862,0.6211006540119482,0.5280039612445082,0.5147905027991546,0.5445766771542427,0.5748983734643136,0.6835316250148135,0.5745731365991317,0.5307541768397913,0.6885790891477468,0.5198922143472969,0.5515108208753216,0.6081636476414203,0.5920254476690349,0.5584035138726419,0.5853285309351867,0.5941958778508833,0.5542009101165498,0.5775852545559913,0.6591813079306739,0.514224287742646,0.5678896625764145,0.4818373917643503,0.6317266495882076,0.5659689508657932,0.4878185894723621,0.48777055319883306,0.5556975404978486,0.5552349599339133,0.5892673888180384,0.5347374313601891,0.5733970058225851,0.6109893271506945,0.6003338878552964,0.549203418647253,0.5194686369721043,0.5687686573161097,0.5341483183140063,0.5628661775718085,0.6481362763158931,0.564113110793183,0.5332927514509108,0.5419890489029611,0.5487395260468471,0.5709876801554798,0.5267537216072891,0.5309747075475929,0.6519402807362779,0.5313728525084971,0.6627407982806539,0.5211351358985606,0.5784275482112647,0.5908635741503953,0.5989688389244995,0.5697802835879925,0.5514477120854537,0.5475700081045004,0.5671309334526938,0.5516256998396428,0.5098921286518974,0.5896029009688699,0.5965841753537469,0.5479237036001893,0.5689006856181095,0.5568547779295012,0.5599782584900427,0.658487528028728,0.5250243713416642,0.5895510765429316,0.5313795270165321,0.6172518175288759,0.5854689454558831,0.6256809440694969,0.41779616546990545,0.5510964173175313,0.5737234283992426,0.5430400726930362,0.589679572691418,0.5833178595606174,0.5912928637855002,0.551301973706058,0.6365330470829108,0.5700408127244254,0.5387253958847493,0.5402990004847045,0.593116773281751,0.5131015674852881,0.5729715606976495
0.5823602198704232,0.6105634610877493,0.0,0.5583855337763928,0.5573695681125493,0.5687580619456799,0.5282974909016228,0.6212204669906153,0.5409645096560438,0.6746035818667676,0.5950682067412921,0.5481670089700412,0.6310184558992981,0.5183898571247871,0.5259325040277649,0.6491029808885775,0.6284501606145636,0.6056706978463243,0.533764121846463,0.553158910504617,0.6312903974870128,0.6791861748618071,0.5257305273222478,0.538924044262038,0.6084331696546037,0.5372034961983667,0.5228231910555902,0.5473195178485146,0.5580652246638232,0.5214694050890186,0.5156470986497106,0.5640807659267036,0.5299827757530104,0.4645212435344957,0.5236012097083632,0.511486573767597,0.5858397330685552,0.5838943212237623,0.5012692271050407,0.574391988660669,0.5447926357039398,0.5859334880828376,0.5451946548390001,0.5251080548945641,0.567497608738488,0.5456700366595014,0.5353613656082867,0.5386829333310933,0.5680715693471164,0.5503673247221728,0.5734045671735387,0.580555674237535,0.4822590660333528,0.5898948536337533,0.5330784135714528,0.537007193596376,0.568159836595034,0.6048528600576952,0.5745884255469061,0.5250975186868583,0.5762861882931599,0.44628918532686046,0.5615765665818234,0.4836410727759497,0.49368469451072833,0.5069121489609697,0.5459282417772297,0.599235901900548,0.6075054547438807,0.6448386528564346,0.583072444220041,0.5058309041385588,0.5341151653921912,0.6637375842126042,0.6101880616475298,0.4719342732037729,0.5576495073515696,0.5812590110471739,0.5105595473335742,0.4685976057636627,0.5391354714151804,0.5622676881964881,0.6098596847041734,0.5515325950359655,0.5325282676465394,0.6272543374210001,0.5316434362178197,0.5339295131419161,0.5388285333450202,0.5036812043756175,0.5998278499703443,0.4977370616766512,0.553080341301709,0.49108554729998716,0.5717825410213461,0.566660410664018,0.4830803707401153,0.525105284629276,0.4359071384694989,0.5465061103989355,0.4701853801376486,0.5245250013726673,0.49123093228632847,0.550775321642979,0.5289108867925644,0.5849351724637984,0.5451431651840173,0.6076966639640141,0.5526895750626124,0.561547657828795,0.5312222116508378,0.5176356457754525,0.5495330609733987,0.553948147138226,0.5120559777279596,0.6151874357178111,0.5168649172916226,0.5500271669119216,0.5822236969609346,0.50665465439474,0.5380128547403612,0.5318645171570688,0.5001471835944554,0.5746074711243188,0.4762582885991836,0.5655331230751195,0.49948818580492504,0.5109629852336218,0.5498258290599874,0.5587370236673844,0.5502284244553566,0.6228568850998855,0.5071952010002351,0.5104755704382465,0.539539963164522,0.47027993392539896,0.5151832878888571,0.5207629221841092,0.5668476141082569,0.5477656470258413,0.5128508099879475,0.5189415154048741,0.5802282181412671,0.532361634754802,0.55290187545157,0.5239691700520324,0.575574852035149,0.5514409008771335,0.6278367693703197,0.40168197653543214,0.5172098693950994,0.5179558232687103,0.5788712175934395,0.5831773803435006,0.5893914739925565,0.5696621728690224,0.527281290219476,0.615971435350218,0.49116125015077616,0.5144488073865067,0.5300341439219449,0.5167639596561812,0.5111200684285235,0.5775432410458167
0.5231616837341825,0.5633662966537963,0.5583855337763928,0.0,0.5282218305232022,0.5094354914678415,0.6165376727565112,0.5602764130828308,0.4779448002282753,0.5710433993315334,0.5811160857569281,0.5512080701004813,0.5466514475264442,0.5199411734216615,0.550139906609403,0.5437598614360686,0.5486948325998939,0.5356145543066623,0.5325381511540374,0.4895095717363971,0.5886672608073056,0.5560014688328693,0.5567648131254553,0.5431327844705901,0.5662113940255574,0.5940088269982406,0.5278222152170624,0.5267195250611517,0.5634743358927913,0.4530057093396046,0.525863715709909,0.5180389940245002,0.6437808435244371,0.498889708576477,0.5353455705804065,0.5475575043145612,0.5690392521150383,0.5539747183947689,0.5460111445392082,0.619563645179481,0.5999597376814391,0.49869140034433285,0.5160452304289204,0.577777707489502,0.5636318984643989,0.5241220874971625,0.4680418111547268,0.5362695010551829,0.595040962678663,0.5222682739313491,0.610671815445664,0.5664999103089586,0.4645710801030773,0.6900397389222382,0.613329811460783,0.4865453109323168,0.5456735078931143,0.560067221116573,0.5685942479030344,0.5304297483660176,0.5724475624358246,0.4411759771346978,0.5195798405106682,0.4747478240002636,0.4783402087898607,0.48576295535470554,0.5966682704043293,0.5268961439367118,0.5087409786356101,0.5746268054853537,0.5465250635860417,0.5223194163615427,0.5286443484067113,0.6446072899898498,0.5197616012664334,0.4680711143816646,0.5963111151829193,0.6147889585332176,0.5140648345004104,0.47272458252476857,0.494966321910945,0.5679164881556202,0.5280887593322171,0.5183970481450966,0.5475746857244187,0.5584819225181417,0.5212952225084304,0.5448652824683348,0.521605659965221,0.4917661107082585,0.5968136202831424,0.5363719723727353,0.5625444936072019,0.4913917268435822,0.6013265312064575,0.5672128077333373,0.4719771645098148,0.5225380461935606,0.45122129668495525,0.5771891081990413,0.5163283826295022,0.5262609447395754,0.5721214555879488,0.5589939600754997,0.5257133625272838,0.5213451718857792,0.5286591795839533,0.5306397489819599,0.5536341259486364,0.519366842316711,0.6052294043286365,0.5475172394705379,0.5499067757177339,0.544399741537877,0.5236728616503842,0.5515931665072824,0.4955220630096853,0.5111056495133515,0.5892262702838081,0.520671715826219,0.53291743706,0.5910255534378387,0.4825393328597282,0.5897634395617645,0.47834422665399645,0.596717624168483,0.5006776513661236,0.5098774689469414,0.5594059596128712,0.5519155865023381,0.457033599553891,0.5180933724546604,0.5272610016547116,0.5428294627733838,0.528866721856732,0.45013232232728484,0.45682984972298935,0.5758529613575446,0.5570643942263939,0.5556786667183697,0.569911400847201,0.49268727260197454,0.6006501637867597,0.5405917309749578,0.5757245486701935,0.5240326920458598,0.5221619167692959,0.5253067516792572,0.527410123621474,0.38579552447377713,0.5620985342378828,0.5229604844787261,0.5405834656652373,0.5111129479251038,0.6034963314098437,0.5529422630809473,0.5107540576220848,0.589551356034773,0.6161767542260665,0.5578773651731099,0.5076394031702017,0.5214212109546483,0.523148497758251,0.5724898662878394
0.5393298189302694,0.5235064822533957,0.5573695681125493,0.5282218305232022,0.0,0.4680180413728759,0.5702789323705972,0.4972801855292846,0.544670728754242,0.5138392440095875,0.5741402755212118,0.5518950036583392,0.4874268031984209,0.48465122148570267,0.5317117055345442,0.5435910416637906,0.5366127808349819,0.5430939203828034,0.5205536457152554,0.5069042416696722,0.5818913784383115,0.6119111182665232,0.5440601777942761,0.5178479242087984,0.5375449439662529,0.5077664003950321,0.5008313301784568,0.47902845754048173,0.5060490697133938,0.5389013507388587,0.519149400038522,0.4989758084245639,0.4915064348295364,0.44929340566668463,0.5438657090762192,0.5201546244379531,0.5239974488156203,0.5564907579413553,0.5416103412283397,0.5230998697691182,0.5260432034774639,0.55998608844047,0.5266623394432246,0.5452118403629467,0.49543915286094165,0.4757002453986564,0.49616329474834114,0.5157475351938828,0.582428337546865,0.5526609202496099,0.560206867496751,0.5150284069409033,0.44928666197075384,0.5488558132655776,0.532049072446441,0.4788226799665352,0.5418708775041139,0.5866796161900124,0.5327618557746291,0.4959645453993727,0.46137838959048577,0.42450698592140906,0.4903611083824252,0.5012448214975715,0.489993384859589,0.44315913305864957,0.49054038358572316,0.5171113885412768,0.5323835098029999,0.536931451733602,0.5383442458805116,0.5051665947730942,0.5039416238022887,0.5552243675731283,0.49725181360252974,0.43179935236157035,0.5207804433546307,0.5951517867207252,0.4585241978209134,0.43426810138257277,0.454128960580689,0.5787708496119517,0.542387254751049,0.4511742256941122,0.5222965955548402,0.5347861339044039,0.47835890679751764,0.5324871503065035,0.46134976562762986,0.469124845345232,0.6717035892340051,0.5168028509235235,0.5759997494100233,0.45472147645745337,0.5677943262782873,0.5231869037986778,0.4402110494577504,0.4825529125030418,0.47019712719091405,0.4700698857947615,0.46919230325479255,0.47930803012461415,0.5089047513966368,0.5124013886702362,0.5061679813734062,0.49210033054079166,0.471632006983547,0.5125872946740808,0.49470206930175,0.49559451939081184,0.5454156890781813,0.5667486858411814,0.4730877858592093,0.530569941056578,0.46164252654109617,0.5188947282438472,0.46051689665804985,0.5789196472029459,0.5007008441783408,0.48898895762463834,0.6169478538737385,0.4966546032871714,0.4680610928004358,0.5317324448429593,0.4950735842837618,0.4971957437247466,0.4752574566666145,0.4857484508479523,0.48383554304647686,0.515308032245529,0.48376720347055396,0.525042486794207,0.46234008718697134,0.5427118209509496,0.515683019824449,0.46392518048860604,0.4678451368173835,0.5374264184337986,0.5143830903318664,0.562486331163875,0.4542388979139032,0.5030134729678966,0.5684911543391177,0.5556643382867845,0.5459812517484721,0.5362621546075834,0.5982934483088657,0.46439402588575873,0.5318980138747301,0.39217042089657805,0.5235319102046436,0.4858757239885763,0.6219778791220911,0.5147621001069228,0.5379886731367919,0.5106927198365769,0.46666489900995395,0.5154038377110438,0.4874050900486359,0.4971806660149976,0.43770071136959043,0.5050728864554807,0.5009435548637382,0.6311618614380585
0.5950675730862187,0.6073922942593335,0.5687580619456799,0.5094354914678415,0.4680180413728759,0.0,0.48464977993278024,0.6016257325180822,0.5510649140870595,0.5886510687393485,0.520946788210232,0.5507140796889656,0.6070382378859972,0.5121628717283848,0.47004256224157703,0.5964085023945196,0.5630424791620084,0.5113732826844589,0.5547959662988112,0.5513528057618845,0.5749494321150138,0.5207445295937009,0.4574540198392597,0.4734615600040619,0.6011847018477358,0.4919510111162022,0.4392670855459731,0.5127577086379165,0.528908915259674,0.5080153009310454,0.5608410651548846,0.6441733927128589,0.5084547860602825,0.49242948632316563,0.5371413620153951,0.5075611911241433,0.5932788092039875,0.5529610253571581,0.4914503507458256,0.4804085038386529,0.504322408479935,0.5497264735115011,0.5094394650002378,0.5505518180836907,0.542896278134751,0.5237263554026957,0.5383647530518553,0.5392423853313227,0.5142221843923149,0.5192612958018152,0.5570789119403815,0.6059886057419751,0.4945345617430055,0.5602054594382758,0.5259316369090468,0.6305754815347521,0.5590986104358897,0.579783400342098,0.5045803306635491,0.5232413868517504,0.6102499752705285,0.5018409947950746,0.5701681350639085,0.4640371370718708,0.4888781865834165,0.530232112026372,0.5262271414657477,0.5674848766638313,0.484126405765299,0.577205049019117,0.5838052174366837,0.5081858620595199,0.5489902025225968,0.5673938554329204,0.6056103002725968,0.5508099661938569,0.5164107474925942,0.5327095725954496,0.5089580273174621,0.5755420752297981,0.6091258538261908,0.5498838438162251,0.5943564750974525,0.5892116792979599,0.5466211787773471,0.5920845475625843,0.5972511685023318,0.5262107855584234,0.596272993083138,0.5283614055082178,0.5283712443813211,0.5522203066777452,0.526422097104182,0.5493769720858388,0.5395572860168126,0.5995796106499227,0.5370588234442456,0.5773455358454956,0.46943294291660886,0.5716775812001186,0.5050272501255171,0.5063136492566515,0.4873929673815106,0.521167897758229,0.5604980694019831,0.5580057358785306,0.5436978385088398,0.5489476638389599,0.5045549921272413,0.5579435735070509,0.539305248869778,0.49784055186087517,0.6474569502403174,0.5317937584118457,0.5284944723607505,0.5637368175620335,0.5921707097426838,0.49133918328806225,0.5681152203891376,0.5419343596009286,0.4955382711562287,0.5428693612935593,0.554405650674816,0.5938778828576664,0.5251351805659404,0.579456816837936,0.5293322148697793,0.510137453448484,0.5624085606473753,0.4954195715929081,0.5779841958969894,0.6159869529685292,0.5482056408021474,0.5496064354536326,0.5150362940604898,0.47674926316889965,0.5385455301510512,0.4718912300953557,0.4520690426784388,0.5252814913620214,0.5182249661290921,0.5719975927689364,0.5766727511973465,0.5145711211162417,0.5506362984480172,0.5111678378527947,0.5559610212209426,0.5404758361592713,0.5932910499665057,0.4256542311649042,0.545056420354675,0.5567232741792381,0.48430584514283,0.4723086548258431,0.5682916089804835,0.5526343708099236,0.4929044341253425,0.6146990818392392,0.4793476039319929,0.560144150709546,0.5062586336143154,0.6107991449476522,0.5059940399817057,0.5305224198241905
0.5323860395344785,0.579730669484453,0.5282974909016228,0.6165376727565112,0.5702789323705972,0.48464977993278024,0.0,0.5160934903419773,0.49468836261554117,0.5844674299535321,0.5384168012692206,0.5857127371143813,0.5227319059580645,0.4879001049885701,0.6110686516050201,0.515388063273941,0.5084389184921286,0.5276999611447383,0.528841615911834,0.492096896744754,0.5712283684706824,0.5632223158317091,0.6009192791128932,0.6113557094924457,0.5830038295199133,0.5430198575930174,0.5054582011213412,0.48598361666630213,0.5377510431226707,0.47779283917165755,0.5625986902666921,0.5173474706361822,0.5736420687903371,0.5043548273632028,0.531644957551854,0.5090449800322504,0.5839809975704722,0.5032653381496954,0.5659192379330209,0.6141143802158321,0.5487294042292219,0.5123589780085428,0.5159864504458253,0.5756826406428772,0.5543824901295376,0.5277017928399853,0.5019413729249371,0.5296282410122481,0.66586894344416,0.5097686786023645,0.597606157612391,0.5200650160962347,0.4520266143944384,0.6163546726863555,0.574938009961418,0.5107282810421361,0.5349234754238879,0.517973897487361,0.5797392750503748,0.5177683977867201,0.50640691870274,0.4222798667320865,0.4675703818558432,0.4587788990031963,0.49040294256437467,0.46989754791444266,0.5839906269474475,0.5596494740761118,0.47093887400597584,0.5227201131009505,0.5505594223090925,0.5133435847137868,0.48211353086648845,0.6018552724067914,0.4673447971571089,0.48437312314834835,0.5798164309295897,0.6577512992161568,0.4783525633725081,0.4658190645542201,0.46898661885802007,0.575660848714848,0.5810156315766083,0.4537808213136913,0.5088154720758625,0.5324942789095518,0.48562311157577265,0.5477576134311349,0.5108677059963351,0.5244094403989811,0.5604559113315465,0.5663670149859409,0.5563542465897797,0.48998076515442307,0.5584151462681471,0.5904003214078404,0.4452473306992294,0.5117002419290181,0.44176498957225385,0.5532985557638831,0.5110505323548409,0.5034994194446331,0.5379697769074979,0.5500910980230539,0.48461467553369547,0.5107966002420284,0.49473588445619265,0.5108985280440075,0.5630698230288492,0.5673626882817693,0.6264475675281976,0.5208610351257881,0.5073366187921068,0.4952257020534242,0.47925250661209373,0.5258484935611836,0.48529636716438074,0.5627604779083286,0.5124990112286518,0.47186093215828234,0.5408139062974758,0.5021341015564894,0.4688212733186139,0.6285719609635099,0.4768441998602284,0.5826620985752892,0.4713890339343845,0.5256691454380563,0.5046411343024652,0.5422097950862893,0.4566384723120479,0.480480901398816,0.48311635881955367,0.5089854043469592,0.5305088756573065,0.46233027934489496,0.4881835027358531,0.587532620221506,0.5363666185851237,0.5729659740265753,0.5118962105813687,0.47828976895733394,0.6196911386510265,0.5032615617505416,0.5676440926813542,0.5534661183756433,0.553254770418393,0.5223479983885747,0.5311506698318856,0.3616182563815159,0.5507369541069035,0.505011919613132,0.5277326187925765,0.5739813920088717,0.583451325681183,0.5698312421491355,0.5264876417642221,0.595614594443075,0.57097606768388,0.532967923654485,0.4837030458610441,0.511963547404823,0.5118744048468962,0.5706620877564188
0.588146905973081,0.6087169777802557,0.6212204669906153,0.5602764130828308,0.4972801855292846,0.6016257325180822,0.5160934903419773,0.0,0.5742192195170068,0.614988908366282,0.543008065059288,0.5998871437039169,0.6305342956217165,0.5109093567639748,0.5307222165943601,0.6357774802489131,0.5800558340026619,0.561552973548886,0.5655038054367674,0.5726391189955604,0.6051192855728029,0.5640729613238239,0.5230686515535663,0.5173846279070977,0.6212824638440593,0.5499458904640733,0.5173460037587025,0.5418936825018758,0.5158065847635163,0.5325500170426347,0.6045360478723747,0.6040070054381893,0.5525380901091981,0.520440906917609,0.5358006865038153,0.5419380711657326,0.6201552896527542,0.6004319808956576,0.5431962169368479,0.5374732794187151,0.5506182832861559,0.5372318998573345,0.5677861415733467,0.5312421122008014,0.6614840680445098,0.5983029405518818,0.5398723943277164,0.5261255635904595,0.5583822885825555,0.5607769603175786,0.5924374212949312,0.5870929976917387,0.4818920990099143,0.5890953632936589,0.5559346044674007,0.5682459842989368,0.589092473582242,0.6300748521509328,0.5324246141073715,0.5727430561730451,0.6314273233180352,0.4871019873705068,0.5684956446298886,0.48104218112910135,0.4949349274208114,0.5357391913658792,0.5676807148893396,0.5792113960585231,0.5377870794752302,0.6867624609121925,0.6057457269724221,0.5251365816509941,0.522623505467039,0.640304509094693,0.608581200060764,0.512472122894736,0.5755860109950184,0.5651826740295829,0.5799229991046594,0.4812293510873239,0.5303926067280481,0.5927930123530272,0.6151805068788873,0.5881338306856427,0.5562602657839462,0.6871706454637742,0.6036183387928823,0.5666463680543377,0.6342308397787272,0.5643401380970273,0.5719440582662146,0.5515763961777753,0.5512429190351392,0.5226060300644185,0.5497444969363059,0.5979973318793342,0.5364137238461907,0.5711250766412052,0.45363922149456504,0.6093086289306412,0.5043152187668648,0.5951521380511027,0.521042622213744,0.5639858560482821,0.5755132230049533,0.6401732333744913,0.5883414974306892,0.5805118201299857,0.5598073775657904,0.5435803749767419,0.5420170070777913,0.5328548124188528,0.561971805234443,0.5720003835876595,0.5518434807306364,0.6069834952153966,0.5447648668922476,0.5315078486142495,0.5293089848114539,0.5310351497691848,0.524527706686234,0.6267257907472686,0.5078079379553305,0.6062322569005969,0.4790766098579662,0.6075441614375846,0.523992032825924,0.5915962968914412,0.5652077363326754,0.5564140867310136,0.5672414003004389,0.6049666701084081,0.5602706142703726,0.5351880028210251,0.5456123346496738,0.4612460219936602,0.5510335685610828,0.5242497913238623,0.5399907561797272,0.6080795241823043,0.5203006184501567,0.5300604553521712,0.6040292827836583,0.5322481767349537,0.5660344371192819,0.5507640908416432,0.6033876315991165,0.5651984053612656,0.6229018522157264,0.4112330107168624,0.5794762412337459,0.5229436543487961,0.5431063646179002,0.5484015250969191,0.621094293335619,0.615172714418421,0.5120145364713499,0.643202628811623,0.48502970748780433,0.5367236672275711,0.5066983069778667,0.5398822022991356,0.5284342300933916,0.5464614813173977
0.6116823724756973,0.5719957853722344,0.5409645096560438,0.4779448002282753,0.544670728754242,0.5510649140870595,0.49468836261554117,0.5742192195170068,0.0,0.5354133771040479,0.5228156392663756,0.5457965950921847,0.5266225307854403,0.5008705610045272,0.496365084149037,0.5475043550244864,0.5235016090366126,0.5442674642537504,0.5295592231575833,0.5613790746749046,0.5438810603929054,0.5854297950412491,0.4817959444667603,0.4701927576023179,0.5681570844764945,0.45672774712313363,0.4801001105752723,0.4868684162351973,0.4767108587217943,0.6075138254235252,0.5813011321879676,0.5453626926211007,0.4698096033385257,0.4480282508748832,0.5594567104204219,0.49489303559704984,0.5499663544415127,0.5680894877760126,0.5050627215464338,0.4674902375003599,0.4801216017666393,0.6255507802851713,0.5024784713947908,0.504751081197563,0.5119736709495984,0.48566555295890157,0.5144470519264133,0.4870277540015873,0.524942096458862,0.5362944133731768,0.5249711371047048,0.5116997870319012,0.47241890198998676,0.5065969852860109,0.4863744446980526,0.5900019768716542,0.5465218183219415,0.5865442591035861,0.50251048050607,0.5036336578330299,0.5016475746568156,0.4561707920016036,0.5006940069013454,0.4832934437701854,0.4979999788930404,0.467229916950653,0.4969687875902735,0.5460731708021576,0.5160442842920726,0.5958762057922461,0.5710364773837784,0.5053798274619675,0.5254682471400308,0.5296177216290255,0.5579653631749647,0.47711201813181775,0.48705539113439456,0.5162768790984749,0.4650593273877413,0.4554411981121136,0.48688022937682135,0.6114739231595692,0.609131018142309,0.4896806989890695,0.5186677014250055,0.5916956098914019,0.5461466318076093,0.5375424789802077,0.516994006241475,0.5439302574790381,0.5755583615643071,0.5542120630554854,0.5243050237896099,0.4838561019162061,0.548599085091911,0.5580290383798269,0.488679242250399,0.5153151543722618,0.4823920163212628,0.4924483675586644,0.4780301890288921,0.48203952130944416,0.47219627590333013,0.5001132625660574,0.5400676313476779,0.5062099203203809,0.4742966907316872,0.5316437332004037,0.4728700895271364,0.5061763034129833,0.4981767352241614,0.5213014471069397,0.5180007459544673,0.5606488509086298,0.4690943690062529,0.5424069660751515,0.5024991969327018,0.5276700957070539,0.46862345521560855,0.5321219872926436,0.5386241226322998,0.5135369399654818,0.4938817640207882,0.5343196930422136,0.5410404393081085,0.4924080526492764,0.49619722359308704,0.49761434610839,0.47443820014494015,0.49530401989509826,0.6427007525243446,0.566016405721645,0.5058194058858023,0.5824523723989817,0.5135165970971163,0.470490541463518,0.5133854192211188,0.48008633862105354,0.46519657337588155,0.5577376172063108,0.45991964577420746,0.5374343625785589,0.5931918665684054,0.5447329778428838,0.5245498073450099,0.5256252692465747,0.6627336850022969,0.4774248592375968,0.5662653680934643,0.40855378201214565,0.5418595694781084,0.5076425370430924,0.556109569236771,0.4909127934206339,0.5267960013381471,0.5524324435563813,0.47638467118070715,0.5294973194268562,0.4593050977755886,0.4931951846727437,0.44258040402298854,0.5643878125830745,0.5097566685966497,0.5885837549018543
0.5828384865903831,0.6706551744459914,0.6746035818667676,0.5710433993315334,0.5138392440095875,0.5886510687393485,0.5844674299535321,0.614988908366282,0.5354133771040479,0.0,0.5537001717146647,0.5819836305364179,0.6284627894035573,0.5157199445752026,0.5411694936227963,0.6063156174552383,0.5965979587244529,0.5884791255978147,0.5646436443883367,0.5488668020048622,0.6138721121148343,0.6032038727493261,0.5617223501534763,0.5547144772476336,0.6733927649274893,0.5184875932040003,0.5177591851108655,0.5548877871888427,0.5842727486431748,0.5217048142212349,0.5504162981498423,0.5968005545360271,0.5481795627245024,0.4987441196522482,0.5273834505894371,0.5060527380009978,0.6037147788707166,0.5511365158868216,0.5093923325222116,0.5870567170327388,0.5460002512321052,0.5749066891814246,0.5338372397798359,0.5341430717918496,0.584467965010733,0.5746708897221777,0.5510123922340957,0.5261794189949186,0.6112687402520253,0.528036393505422,0.5839192452288614,0.5687459419068026,0.49377691267921436,0.5973169944468163,0.546872672894168,0.5829060133751426,0.5697267208745643,0.5688199297183786,0.6008789074120303,0.5390986717993675,0.5823014799868425,0.4492713441933043,0.5265662321001966,0.47083324221575074,0.49947021729054286,0.5190993162364471,0.5688915270797243,0.6004092365943794,0.5398326095756972,0.6089301171197348,0.5708544752785359,0.5176244413511486,0.5167197490839174,0.65375655571393,0.5756202673825168,0.5250509793411668,0.5616103058891607,0.6009462881152385,0.5146993405080437,0.4971274836162486,0.5561281945888905,0.5616446239628666,0.6516256504353392,0.5369993112735763,0.5345652226581585,0.613193676818775,0.5277190566457874,0.5504781091661224,0.5985961640123794,0.5324965769146225,0.5577773095775248,0.5394766190983137,0.5564286763558999,0.5202697614330332,0.5668779823465315,0.610621376074274,0.48225262229657617,0.5601680729546021,0.437210147016798,0.5967416577424746,0.49221480471058143,0.524040707012089,0.5064312903566397,0.5944773362079023,0.5209012035434486,0.5819072299947007,0.5548248426278753,0.6183591332868217,0.5836661709940414,0.6019928119203772,0.5622369311314982,0.5055928490821296,0.5620216465424711,0.5470965299287958,0.5153401056591381,0.6024910250243967,0.5652320473490123,0.5641821195086223,0.5704468272073102,0.5054494289349734,0.5122089670980294,0.526236435755647,0.5048940031081554,0.6309180955881719,0.4819353796288951,0.617924714041954,0.5000506884660935,0.5169261049918396,0.5628217341142601,0.553542765865288,0.5586139557074568,0.5692069422922126,0.5130184713362724,0.5034736456421722,0.5322400203223608,0.4717293655475499,0.5415838666826301,0.525055343979167,0.549742630156949,0.5704947570376848,0.5385792683316412,0.5177768479983251,0.6228601376395982,0.5159004258047671,0.5614435123830694,0.5354985434655942,0.5562658214960595,0.6058823890476508,0.6577746800415388,0.3933454091177078,0.5304560783276316,0.5604102723133142,0.5391800608231181,0.6000033877032525,0.6278002536187438,0.5889453379455357,0.5459100694159288,0.6707284251589117,0.514204449485942,0.541285185044118,0.5663650994071286,0.5474378818197948,0.5359356085801197,0.5520566136153896
0.5910684290286583,0.552002917490643,0.5950682067412921,0.5811160857569281,0.5741402755212118,0.520946788210232,0.5384168012692206,0.543008065059288,0.5228156392663756,0.5537001717146647,0.0,0.5501892529292074,0.5915771482529223,0.5306418857804462,0.500835260690766,0.6386487615948621,0.605527232515026,0.565549262622909,0.5448746051925479,0.5611369861223713,0.5887642392876514,0.6364816620299526,0.548621881725677,0.5397296440993247,0.5973610884669506,0.5415629456448092,0.543392331322243,0.5927059271400489,0.5750011163701302,0.509411001095636,0.5119127178185829,0.5453645874002707,0.5018855461105562,0.4854398502457074,0.5784138381120885,0.5122365042775424,0.6174926850208505,0.5931867518760019,0.5344497133906528,0.5602572946006735,0.5070769997165153,0.5565046907519444,0.5181755411127442,0.560217751255777,0.5383910235243242,0.4820545276130308,0.4484854051869879,0.6070580587573229,0.6228678418803166,0.5273604003350741,0.5565759968283408,0.5283709426907613,0.4435208150189477,0.5883165818246338,0.587737718473245,0.48281860891402223,0.5667737899314972,0.5985220263168205,0.5484447146460417,0.5055791967073654,0.56665360613921,0.4190726767576813,0.5161894981171646,0.49759004595380074,0.46679749142495724,0.4691953555165329,0.5573416283176066,0.5245160618547092,0.5664988875590304,0.6245007844588727,0.5379367947317957,0.5184984204878779,0.5788191294455408,0.6162546743696037,0.5630444287567931,0.45649981307243637,0.5896610197342365,0.5745989714597208,0.47568197701878473,0.47909883280017135,0.47717847641079564,0.535400269313265,0.5300346316823388,0.5266291861050237,0.5365481802169293,0.5600969774023521,0.5667386359378442,0.5238556441925057,0.4923365322171007,0.4792952704863488,0.6129436398993544,0.4797795670881603,0.5650635420604232,0.49219000045982714,0.5751456660357699,0.5379812115830156,0.452099081955141,0.4879766202179289,0.4525271683773819,0.5054574361662607,0.5120362883099346,0.5127598175995579,0.48995841519558136,0.494551786557786,0.5183570664917779,0.5027577650427327,0.4909954173178921,0.573136051936229,0.4865686596585525,0.5485910044784164,0.5807264032211639,0.5426245238236661,0.5552483126024308,0.5790305227129963,0.49017224567150125,0.5643276840931006,0.48596027434720146,0.5932751435859265,0.5751525166438733,0.5129187093242853,0.572996285461973,0.5066053570905549,0.5246454255157904,0.5453560548983917,0.519833228597646,0.5435309228259779,0.4707149264557712,0.49171646400041275,0.5327488464533618,0.5161495299586631,0.4903654280539935,0.5538982655298555,0.5787813062185593,0.5623027102951887,0.575157035312533,0.45652050621729706,0.4846939483733718,0.5297292238054758,0.5676760313764848,0.532287407065346,0.4941542141412738,0.5339752054468964,0.5500815181653782,0.5328352244783516,0.5865931027487331,0.51384649363857,0.5282420282912595,0.46917062148364713,0.5606027482574542,0.4077801357413347,0.5745041023401757,0.49369057687412177,0.6387191213423389,0.47569920354974093,0.5466055014303706,0.5576111398108756,0.5899405674305277,0.5450064646871287,0.5513126375471326,0.5579239125379456,0.4517934551536987,0.5421389563142867,0.47914104983892203,0.7016105529050809
0.5488707807759677,0.584034437402731,0.5481670089700412,0.5512080701004813,0.5518950036583392,0.5507140796889656,0.5857127371143813,0.5998871437039169,0.5457965950921847,0.5819836305364179,0.5501892529292074,0.0,0.5257839417680517,0.46678166310691344,0.5220913787466291,0.5828208992638646,0.5388807328220654,0.4980561138180108,0.608127117108655,0.5404188329191991,0.6153019702984311,0.5352819660124032,0.5821848195736354,0.5532441635926122,0.661507998604664,0.5400678839152143,0.4886848978726925,0.5091375574329908,0.5198538433181549,0.5485154132741152,0.6339468826218763,0.5654774031408578,0.5165857695291465,0.5877281807966875,0.5479258905370146,0.541310575422867,0.6020278152843345,0.5433278382856637,0.598798884025608,0.5166076141449558,0.5321967665724044,0.5583554244062316,0.5371112275349089,0.5819482332566845,0.5965404067413148,0.5212699873089711,0.52036441980261,0.5488361097505938,0.6075581694356786,0.5205974564037594,0.5690572911424532,0.5503063421514343,0.43264491415000417,0.583335808768712,0.5731259586518336,0.5634540610619848,0.5534309810564335,0.6396998270888531,0.5045057292390162,0.5225911871693734,0.5169539133736002,0.4405640090366086,0.48949440129002547,0.4825199167765519,0.4667597436711515,0.4696265879014656,0.5339870791300284,0.5220610467587328,0.46972933816684564,0.5643278337021465,0.543134432472236,0.5004228654210213,0.49963361358403696,0.5708890448063976,0.507101343894056,0.47953823916187593,0.5539886824710657,0.6226675684584296,0.5121785285362201,0.4785862172866443,0.47935542426237876,0.5768416468789814,0.5892505605263342,0.48587575511088243,0.5490826893318248,0.5940466542341781,0.5553088585201226,0.5246277136970254,0.5393037456342596,0.5646316793032867,0.5692446556821122,0.5993826114266673,0.5457619722694127,0.48836148887250863,0.5237203561928716,0.6316001841240508,0.46919563698737005,0.6113233221896388,0.46500326019294075,0.5400909807618108,0.5026975669132019,0.5393965044103451,0.5481827001015286,0.6022408411962555,0.514871439171623,0.5523150687665184,0.5197189197271115,0.581445272696273,0.5118272005269197,0.5866342376816013,0.6488928028269157,0.551032467113187,0.5147460087710288,0.5390820161241784,0.4834997950140371,0.5467396889531001,0.5168888260861602,0.5742095048988823,0.5312955300144583,0.5044288034156513,0.5337840431663362,0.5383031886437776,0.5206157663147147,0.5985200222777983,0.48487943669033906,0.593064099366551,0.487176264612201,0.57700363979587,0.5600704216221715,0.4937984072792772,0.5229569729375461,0.5302933131006551,0.5017320882804531,0.5484020540301228,0.5542244438292615,0.4385735502894545,0.544712422110628,0.5238714582113388,0.5184487882202443,0.6113034245862337,0.46884961632288996,0.5223254021247493,0.5922038977996673,0.5243762999520232,0.5974768159006381,0.6039787547675661,0.6189281827285227,0.4964884424441993,0.622910243370883,0.4083993002617463,0.5964921022427145,0.4945157421845622,0.5431217101635497,0.5293583091534668,0.6739471325039728,0.5691919181658238,0.4912775520206562,0.6330928004427854,0.48193673001822046,0.5245182259733179,0.4465311123970724,0.5426294383466609,0.5250270382777031,0.5738804151398117
0.6514689636743528,0.6417371551207766,0.6310184558992981,0.5466514475264442,0.4874268031984209,0.6070382378859972,0.5227319059580645,0.6305342956217165,0.5266225307854403,0.6284627894035573,0.5915771482529223,0.5257839417680517,0.0,0.5794076463753055,0.5169850244309745,0.6810534452850314,0.6417032195132159,0.6105667448060534,0.5308172941947114,0.6171797102675113,0.5825779474313773,0.5848112835534853,0.5243192883976046,0.5500205753250595,0.6091751020079417,0.5564889225714524,0.5268172752911134,0.6085105118146997,0.5760908569804392,0.5009973013998064,0.5383498409872759,0.6305335660896847,0.5419389304580409,0.5114619091931333,0.5668538165484368,0.5138388333184419,0.6682175394138617,0.5917818753932279,0.49835703148225863,0.606751934147579,0.5330556827321287,0.5262963228501202,0.5392543914777024,0.5357185259451434,0.638583069405581,0.5981523358071783,0.5331112070661669,0.5644579205104502,0.5949348600235552,0.5539401405399145,0.5806159172240065,0.5979909585058015,0.5028533178683359,0.583561193035748,0.5570333537867325,0.5545431935579489,0.6048216792767185,0.5488192797153139,0.5807099426483741,0.5849039777397562,0.6736478733322266,0.47505335055838444,0.5668862455865342,0.4875102789618148,0.4959324457426061,0.5561518252461374,0.6041445248485402,0.6040051241616199,0.5635039607703636,0.6187851435604884,0.6009971307633895,0.5583405692036034,0.5554274258706814,0.6768754315067428,0.6256800178872804,0.5548539227341468,0.5846214767747153,0.5671484807283578,0.546906216615379,0.5291312528082551,0.5504975690627427,0.5337103807568834,0.5996703573444473,0.6415062608758733,0.5380872951726696,0.6491585555034483,0.5645763165832448,0.5569518670162001,0.6321364918586455,0.5289495657006464,0.5520842044310219,0.5006478202587455,0.5605865798941323,0.5746767795794656,0.5607880775664669,0.5609225792040076,0.5030450558744789,0.5272696626734289,0.4482222353204706,0.6459060472921291,0.5314979983163048,0.5236656507505129,0.4763246011359104,0.5006499632245508,0.5565082170376071,0.6294637192574953,0.5639563828205783,0.5922684128116116,0.5835350305369271,0.5890354271936828,0.5346889778918515,0.5066351980688734,0.6226531835643229,0.5391933271520303,0.5852386455007246,0.6701047120544421,0.5667296322292746,0.5360513725899422,0.5662043961308354,0.5237034704508677,0.5413975261190785,0.5230270811050479,0.550930084820998,0.6151161265873587,0.5024447081059196,0.608166085035393,0.5127384313465816,0.5443050103914272,0.5761299006592393,0.5833699623784352,0.5401227795491532,0.5821281008194341,0.6114313687426518,0.5182132563394709,0.5461126311424107,0.48930294138849434,0.5750052619935243,0.5481940003814327,0.5650001218733055,0.5338213740441928,0.5393856875954955,0.5470012744982441,0.5850414775392435,0.4957177471400182,0.5665906601614019,0.5241074376925958,0.5318389737710304,0.5635863780115877,0.604922408121174,0.40977246906598785,0.5525439868215538,0.5312972818328907,0.5416290544785655,0.5378779155737171,0.551529959372961,0.5985808578066536,0.6201296860782216,0.620681300501817,0.5368559416649638,0.5801983936131024,0.5419904531400033,0.5641630063817962,0.4831816340351399,0.5693000213788532
0.5418173480909281,0.5876077459669686,0.5183898571247871,0.5199411734216615,0.48465122148570267,0.5121628717283848,0.4879001049885701,0.5109093567639748,0.5008705610045272,0.5157199445752026,0.5306418857804462,0.46678166310691344,0.5794076463753055,0.0,0.46798122095114764,0.5636457044881255,0.5700076884511747,0.5270856018327107,0.46328497265609253,0.5371140289064682,0.5077485443096237,0.5211977449523169,0.47578137102410806,0.4609262532353083,0.4921847782518231,0.515718117052253,0.5259350225138604,0.5173660118040412,0.6136391345459344,0.4528400986603723,0.5008983785954835,0.5549829663016498,0.5305080472966334,0.46623811426560346,0.6123634729370054,0.6008240742240608,0.5258951164687931,0.6292927190260783,0.48909773334758355,0.551370383284362,0.5431840689960771,0.47532109146759377,0.4697947857919733,0.5151581989560664,0.5459106542942497,0.501849626893099,0.4929748294188095,0.49783674596567035,0.5278460096702116,0.5773896462056635,0.5353541018129263,0.5352931591635699,0.521363874047237,0.5529434632091161,0.569346615622194,0.5023068774695292,0.5424657861300272,0.5039370596359121,0.5526360307432235,0.6252147132498505,0.542756013773282,0.5383140738959714,0.5046226937774236,0.6044836463776807,0.4736058020659761,0.4809597358495993,0.550808874022796,0.49025554714187375,0.5362235022025966,0.5002562267141191,0.5339422869299937,0.651338016838919,0.5737985175154763,0.557586160443941,0.5701844572499619,0.4958889775793908,0.5180869672618368,0.5488157632628428,0.48367069513649447,0.4886919106951786,0.48629149524175846,0.5043625177194967,0.4976281943734435,0.5931683050589412,0.5349337972228163,0.5697017114234877,0.4862262075153393,0.5565776774942962,0.5377598103391634,0.4823151293001367,0.5551055959071102,0.5181183438211213,0.5901659291118334,0.5213485813128492,0.5976867240729533,0.5031671755583932,0.501690360486763,0.4911893721607285,0.5620846285435135,0.5806813179991833,0.6019193978800255,0.4534171734189179,0.467163774192486,0.44798366896640546,0.593425425159193,0.5216015216523597,0.5072088173286307,0.4962435951035989,0.5370228209628602,0.4742347104127695,0.4841124611971066,0.5388940267324251,0.5589212896103763,0.5535605274106808,0.5705195826783115,0.5659777957027227,0.5036763139821079,0.4791538219590557,0.5199761809448168,0.6322398291527508,0.594180946523715,0.5141811356301099,0.5206604219495102,0.5170458249939877,0.5452157601153091,0.527383952838774,0.5872406413898519,0.5193827657702452,0.5732656075735482,0.5761924852158988,0.503490544590796,0.5249128412343925,0.5840008464674755,0.5779837375687807,0.4893309818614311,0.48554440682604166,0.4711228519621453,0.5664476052910424,0.5062211355268431,0.4923165628123112,0.4968111201970179,0.6293738002664541,0.5824916333401845,0.5509469999658195,0.5498323623924857,0.48824050816049436,0.49925148140021886,0.49036844632118914,0.5139871316986603,0.4775202493359427,0.498904675143571,0.5214863733813664,0.5304920948767055,0.48470455329372475,0.4742548786663057,0.4915154860496454,0.48057627891358534,0.4905084252602689,0.5596056006227836,0.5645390308411031,0.4861531671520947,0.5603247799664496,0.47493293685890137,0.5236143320458896
0.545936512798373,0.572073570800344,0.5259325040277649,0.550139906609403,0.5317117055345442,0.47004256224157703,0.6110686516050201,0.5307222165943601,0.496365084149037,0.5411694936227963,0.500835260690766,0.5220913787466291,0.5169850244309745,0.46798122095114764,0.0,0.4881259439142005,0.4788530274654722,0.5641844425095516,0.5195859671202321,0.5098975484644787,0.5491379134983986,0.582863466122296,0.5054540825646939,0.6178074463246491,0.5389684077590132,0.5076929574584181,0.4607096015873737,0.4531190497218522,0.5094562081329302,0.4509365166848591,0.5904651981481621,0.48753613635491533,0.6142076826726497,0.4462507317182741,0.5244234953684624,0.4905447381586189,0.5592187346310385,0.5047483653170072,0.572235767713201,0.5754289831883905,0.5910998849113392,0.4571650730033085,0.564235480464206,0.5638988463045268,0.5518355648493039,0.5694277055329676,0.5087863796088631,0.5277346970523961,0.5750647211561789,0.532519387394093,0.587167523113034,0.5207326517958498,0.489119101563902,0.6065010145770393,0.5398674748188559,0.4718530474710034,0.5467143062840342,0.4822367745495141,0.5697511024863009,0.5137407106861628,0.5172871565724022,0.4208684038792426,0.501090094718096,0.436479152916157,0.5490468794015189,0.5059140466756669,0.5350564041634307,0.5963652397794543,0.4754810569407024,0.5328423527170036,0.6014975654784904,0.5207252012910208,0.44278888075352507,0.5694104092944663,0.4694816824176899,0.5013920934758533,0.5142603376975096,0.5440440964525393,0.5212648243654747,0.44158846241829225,0.485507460776474,0.5884023572931861,0.5899442337013749,0.46859489571318974,0.4751345865404309,0.5477243300188922,0.4709525085990675,0.543506675630552,0.5076914045192609,0.49876897479069293,0.516814324380169,0.5188673313988417,0.5539969753758566,0.5100323437298513,0.5254998971848438,0.5765736817805954,0.4840462170011637,0.4713226749710465,0.4140983232959141,0.5230354662242335,0.5007061445786192,0.5018344866205932,0.4934212831210882,0.5563427425538854,0.49209247387585164,0.5160366795883257,0.4955057392813891,0.46797218460277373,0.5970660965869492,0.5281442210279037,0.5276760439866937,0.487950461456816,0.4768517794482509,0.4521745887616716,0.5095518850903148,0.4998426664704636,0.481481907354682,0.5441203408817409,0.46777717108023714,0.4309011037032484,0.5368703756150478,0.49853280413719064,0.4406109500878112,0.6229237735187345,0.47232507952062325,0.5997299179283566,0.43592462992346476,0.5084562769498104,0.4765452695202023,0.6224323572439595,0.43579638733828846,0.4738903637822979,0.4674596662175985,0.4826592566923299,0.5585888673097755,0.5360206541712293,0.5206190007903468,0.6160927126100673,0.5428399387426777,0.5922862766619578,0.5844242925043517,0.4442853876847555,0.5646122397026871,0.47733185750025264,0.5314421453180164,0.4947624576249383,0.5747072246820578,0.5526635664873517,0.5211816676533572,0.34031170302897384,0.5530312165357525,0.5271347579817397,0.5084052116095518,0.5497840650408294,0.5482310825231502,0.6005226036949148,0.5153020115552875,0.5464722713581701,0.5580038125331426,0.47351166087305574,0.5172620630049556,0.4952151466198852,0.48403664570779315,0.5386332769397085
0.6284566738821189,0.5971080295185854,0.6491029808885775,0.5437598614360686,0.5435910416637906,0.5964085023945196,0.515388063273941,0.6357774802489131,0.5475043550244864,0.6063156174552383,0.6386487615948621,0.5828208992638646,0.6810534452850314,0.5636457044881255,0.4881259439142005,0.0,0.7572643136098031,0.5925547338676486,0.5818626418995886,0.6346620532283802,0.6439860745076531,0.5769022897502681,0.5632018686053945,0.5208055206797634,0.6306730641107677,0.5684633899232755,0.5441939832109444,0.6434362814883737,0.5728750390533786,0.5679997604787242,0.5439482626451349,0.6780467318137082,0.5060598239490558,0.5464736926090777,0.5800879805635772,0.5616688752958957,0.6249375259643569,0.6737264634750191,0.5298260723355427,0.5656909316377718,0.5395859220755176,0.5717974871247554,0.5684856547925328,0.5481034348408578,0.6161341116445161,0.5683555901762988,0.5374067919809756,0.5667826065034753,0.6186546451727056,0.6005194642697985,0.602463516020789,0.6110500030983046,0.4909676456002935,0.5824422498857845,0.5912992893629234,0.5444665771433692,0.6470213315760422,0.6705398931771086,0.5646722484154096,0.6016880862998379,0.6012460189933735,0.4933111050566477,0.5839265227149825,0.5420659757986701,0.49276331635239573,0.5317390705882582,0.556711963089352,0.5467093673377914,0.601594301430331,0.6366251941472828,0.577567357853573,0.5659534789230666,0.5963460748748413,0.6747287748823632,0.6782927752074626,0.5154840853454608,0.6098891176949508,0.6053005058834536,0.5513673543810867,0.5249338204681613,0.5348740307771105,0.5488946995213798,0.5737057354085043,0.6192705932461585,0.6100623459767379,0.6570931278556693,0.5843995884100045,0.5761168723655711,0.6078775620887523,0.5084388592881646,0.6344668551998905,0.5188020542382544,0.6104832382346296,0.550246786175723,0.5857252549342638,0.5441115266315035,0.5036258746693861,0.5565448924712195,0.48724871569554296,0.5908076447774936,0.5244312476550842,0.5550136968369742,0.5100254966800726,0.516189329157039,0.5983198997783311,0.6401871951079893,0.5945828579627567,0.6443311864222498,0.5507893539304194,0.5591883938423539,0.5690512110174469,0.5755198598764176,0.5873148038556579,0.6288022769288424,0.5673494421551446,0.6587275708922675,0.5720652558859773,0.5883427529543013,0.5947417053534353,0.5642418942095471,0.5916798445571201,0.5560299013983933,0.5774699706448202,0.5901909225901559,0.5122092178010905,0.5803037101255833,0.552222176598592,0.5531422501475227,0.6182658911586224,0.5494107635798376,0.5738414400647245,0.6599049615073885,0.601702823268246,0.5565901900584931,0.5481836713032799,0.47077239708308627,0.5562710818562985,0.5326120659808364,0.561778489883486,0.5775278859904679,0.48652637738091137,0.6127776796034893,0.6003035922779433,0.5532467062465573,0.6012233936865237,0.5583899148243634,0.5552281963715913,0.5327971927858919,0.6542536903239815,0.4619572166448224,0.5707878017429914,0.531564586226858,0.622138113899413,0.5223583969626308,0.5866110274946337,0.5614833710343516,0.5440211043266323,0.6033150699365757,0.49436729402452834,0.6166757264835955,0.49572660307452604,0.5802983914986128,0.5161646577357912,0.6053641025196408
0.6238940136133923,0.5810635354612994,0.6284501606145636,0.5486948325998939,0.5366127808349819,0.5630424791620084,0.5084389184921286,0.5800558340026619,0.5235016090366126,0.5965979587244529,0.605527232515026,0.5388807328220654,0.6417032195132159,0.5700076884511747,0.4788530274654722,0.7572643136098031,0.0,0.6348826130408443,0.5876094359544235,0.6253958613053063,0.6381896779034003,0.5605782327323645,0.5758032915013437,0.5072755900038198,0.6028667056798486,0.5424240188843524,0.5410456852163875,0.7038717573095709,0.5656582615007452,0.548392674649315,0.5076227122583042,0.6431016271626453,0.503223500225015,0.5263842076710139,0.5763240607584573,0.5498362173565585,0.5626326548147433,0.6644701644642691,0.49285853957509723,0.5791694254081248,0.5521305438827874,0.562988137189412,0.5582457070158867,0.5286475837761214,0.5728935138801907,0.5717298829832225,0.5392182034667334,0.5252365959131832,0.6150871178520542,0.6132307160640251,0.6013834273502828,0.6356900167264601,0.522967162696207,0.5702744611425018,0.5621389675466353,0.5180693560629553,0.6656688998353405,0.6269052025209787,0.5968958711115904,0.6052338624471496,0.5643512823483351,0.4871869872488247,0.6020384759937614,0.5461696781876008,0.5059542842783047,0.5392390126723644,0.5265267074750383,0.5198413213788705,0.6424387690063558,0.5998059974301749,0.5528292276865769,0.5721035325503393,0.6055307170937221,0.6683394788861822,0.7102755632916825,0.5169968398102472,0.5653017076486718,0.5708200629959869,0.5500459375547987,0.5103226821212645,0.5432553227403135,0.5376085957687038,0.5410309621624089,0.6115100507713103,0.6231081710588305,0.6317480443636575,0.528498235476679,0.5777674468498517,0.6029122235462706,0.4691705663514001,0.6471587859848704,0.5048601373135685,0.6174331079608911,0.5598908989043283,0.6032805067239589,0.5058566739957333,0.4905966649920767,0.5463926209762375,0.48325092002730347,0.589221084706966,0.49920111556193875,0.5140993247320512,0.51120915841107,0.515618312926171,0.6063240666927922,0.622423344637333,0.5964341098022045,0.6553037004493785,0.5630915018610814,0.5279782163903088,0.549262312210786,0.573564200337035,0.5691305564708584,0.6116394265842848,0.587273702380599,0.671351823834134,0.6058125986629409,0.5673720846587228,0.6165666230676821,0.5582572980177268,0.5810803240448548,0.5332352755179086,0.5723900291717553,0.5685184848380777,0.5054200620383623,0.5467887277248232,0.5577398114561454,0.4971598749830565,0.616708598504089,0.5480953950247806,0.5606611556688089,0.6376400172638625,0.5548694539081301,0.5379721819719767,0.5163254126068615,0.4737038753045011,0.5309993560946515,0.5297573769194158,0.5619264997708089,0.5554154241872995,0.4910646477081612,0.5817966108824424,0.6028436849834821,0.5488365306242982,0.5611852553658586,0.5432519138935109,0.5194714571647489,0.5322592822314282,0.6354089922358566,0.45978115613619736,0.5429276587782087,0.5558380133030655,0.6392860773412149,0.5088846451967194,0.5696281629828085,0.5222589952383359,0.5235596319513407,0.5665763756667082,0.49846627505143737,0.6129000268495794,0.5193407690658741,0.5818661324284514,0.5124130142323651,0.591130024418719
0.6801710981993041,0.5729059345200614,0.6056706978463243,0.5356145543066623,0.5430939203828034,0.5113732826844589,0.5276999611447383,0.561552973548886,0.5442674642537504,0.5884791255978147,0.565549262622909,0.4980561138180108,0.6105667448060534,0.5270856018327107,0.5641844425095516,0.5925547338676486,0.6348826130408443,0.0,0.5758747203381887,0.6203832929524096,0.6020927863637724,0.6197001379912817,0.5490523872066941,0.5370335196069145,0.588065450113562,0.5000645513848935,0.5127870062428176,0.593985205315646,0.522665470540752,0.5244564765684139,0.5219548605026701,0.5654424750812184,0.52202155613044,0.4588052801574619,0.5647835690802541,0.49553777171826535,0.5577571865242337,0.5969685120063466,0.48841346530487184,0.586885466694483,0.5549728260528759,0.5294088518479871,0.6038201133354584,0.5210510623489242,0.5459213178913787,0.6008647917871746,0.5362269896310092,0.5137573405919184,0.6180663025537856,0.6102774436373873,0.608926640463606,0.5848095677503556,0.5623880997046331,0.5613937282336141,0.5239818064982616,0.48841217493306033,0.6647325713460237,0.5423431974882653,0.6658854742725884,0.5576133819408076,0.5475030539886664,0.447884683752136,0.6069174152904783,0.4839196856682463,0.5822703353574914,0.5661081775799167,0.5155995436813785,0.5789867103041342,0.6673253702949574,0.6269418630415048,0.5955798387298984,0.5615576554105641,0.5298849869629316,0.648562971843025,0.6176936305424799,0.5357809399806654,0.5261774434237615,0.5222976285558474,0.54786818595845,0.4670248732341705,0.5407787658424728,0.5751686684132761,0.5706010952606378,0.5483560571603355,0.5445526910329896,0.603123077286655,0.5001022479399245,0.6033439506315865,0.5733166364508397,0.4578806321856729,0.6045304340617882,0.4883610838097635,0.6018203225637914,0.5668932570987694,0.5903744855431531,0.5076736958682836,0.4904279797829128,0.489877925075719,0.43681947981382707,0.5492388299734784,0.4783965568243204,0.5057719093551301,0.49362195414659266,0.5311601689447498,0.5687147346063316,0.573575730179383,0.548500792261791,0.5650141087603757,0.5893188005873964,0.5163553734357458,0.513700944185394,0.5258923027338714,0.5270904849351101,0.5279221245928153,0.5708074863493047,0.5947924829656736,0.575708274732351,0.5932134014176121,0.528768462812287,0.4795497191999037,0.5638517804502758,0.5072511902021757,0.49819362136720735,0.5845063040617728,0.5021181838808615,0.5383052845120385,0.48380929474519146,0.46442634561226653,0.5136260193402821,0.6086648366569907,0.514557615082403,0.5665991301287665,0.5096046228200317,0.4996724398975731,0.5305854412795914,0.5336141763815202,0.5396906243150826,0.5524191440830507,0.575023253141508,0.5759935530688343,0.5491201901279101,0.494412426725408,0.5919777599281634,0.5129260231807715,0.5235820686075883,0.5151382586556675,0.5319491759006651,0.555329596020314,0.5963367296760825,0.38163260768343993,0.5488148564216618,0.5854703816346524,0.6184509774314847,0.5192780403077681,0.5461959442944274,0.5595757332948298,0.5470613488856166,0.5392248057515706,0.5215766838097781,0.5371402988820237,0.5614064737782988,0.5547130437026235,0.49778419842376775,0.5953939174272581
0.6150121647021559,0.5441783604755466,0.533764121846463,0.5325381511540374,0.5205536457152554,0.5547959662988112,0.528841615911834,0.5655038054367674,0.5295592231575833,0.5646436443883367,0.5448746051925479,0.608127117108655,0.5308172941947114,0.46328497265609253,0.5195859671202321,0.5818626418995886,0.5876094359544235,0.5758747203381887,0.0,0.5999017100059113,0.6616070068079539,0.5235098810746263,0.546241741024628,0.5157241606107705,0.6611031933010405,0.4903259476751429,0.44943995479378224,0.5607839031617807,0.49956428681143666,0.5415684581318794,0.5873830278054465,0.6156983696689274,0.4954112098687484,0.5330315477538325,0.5535544699430692,0.5130527717837783,0.5583007444208897,0.5636792097497632,0.5482884019004887,0.5006317891579625,0.5373379628003451,0.5317823021191119,0.6296073233349443,0.5761868282064612,0.5386103644200506,0.5641016388431425,0.5166331296915313,0.5400468971349862,0.617728453791717,0.5762584960317548,0.6354588734315023,0.5952813283053631,0.5081377584087333,0.582561336122289,0.5634390221624941,0.5018798125334971,0.6767209156031098,0.6049529636960389,0.5660068786847398,0.5340381773007238,0.5400660643533742,0.4533031576254238,0.5910937270939907,0.472645918155112,0.5630030047983458,0.5607751001348945,0.4944111623939505,0.5226352344352211,0.5136963684335082,0.5939703584424193,0.5650380916309887,0.5267403965603372,0.5253887877763566,0.5945730848562921,0.5710670320050295,0.5527901911077393,0.535210361965059,0.5255405770057467,0.5591667458821569,0.5062117561997598,0.5484830248046684,0.5965825512974718,0.5465509398518057,0.5137272674001386,0.602180556582227,0.5648885017901024,0.5499135301301574,0.5864065096764265,0.5793973638937701,0.46398531570274715,0.5759593126991669,0.5450931229566951,0.5953131790811085,0.5866337228897702,0.5557672523669345,0.5341016240105174,0.5145712851985998,0.5530062523045317,0.45251124031111406,0.5329394555141039,0.4861826174434918,0.5589950307750929,0.5573967245865912,0.5940897973669961,0.5734305015801874,0.5504534376197534,0.5810592885707587,0.5609274777142569,0.5256308527082052,0.5371597375774874,0.6195197370203837,0.5560296199251167,0.5323324413726752,0.5359604498874386,0.5328194144040035,0.5246382330411696,0.6322952302130138,0.6314260274464886,0.5508017181219325,0.4733601880299601,0.5301766054696265,0.5319588522036821,0.5299460742338731,0.6101015610700724,0.5119774581083828,0.5658929428768963,0.4875671885140396,0.4731565104490997,0.5441758884239372,0.5089346941875785,0.5008507554403688,0.5725845622442611,0.5038557280069901,0.5253240150451993,0.5562506698671422,0.4965847329605683,0.5451235507172024,0.4998538526222385,0.4986208491194457,0.6480695603068825,0.5113001991705002,0.5112045122998289,0.5944393321661612,0.5320696139499718,0.5555868469768864,0.544227993437995,0.5420238647828992,0.5288793729750261,0.6298994779502605,0.39547789287469404,0.6362045292194235,0.5989823901143406,0.5772472293883031,0.46449526973935257,0.6349682782245137,0.5547199626330869,0.4962971952735292,0.5601135083462941,0.48148945353961775,0.5706814890842131,0.49466410061840965,0.6013491209649755,0.5338723141501696,0.5778704400090007
0.728573670491904,0.5854457444715784,0.553158910504617,0.4895095717363971,0.5069042416696722,0.5513528057618845,0.492096896744754,0.5726391189955604,0.5613790746749046,0.5488668020048622,0.5611369861223713,0.5404188329191991,0.6171797102675113,0.5371140289064682,0.5098975484644787,0.6346620532283802,0.6253958613053063,0.6203832929524096,0.5999017100059113,0.0,0.6154994544595784,0.5508533822040115,0.5251244788442818,0.5374247156324268,0.6250991975336614,0.5217324364028864,0.47251208672930234,0.5794187763904288,0.5227312534066667,0.5166541912559902,0.5833556113381474,0.6228990170331785,0.48517874463830535,0.5346634400875565,0.6550207504238229,0.5354651186246293,0.6072942164233739,0.6371238485362084,0.5221227267278153,0.5324907086754749,0.5358116123357123,0.5272146621094891,0.6054782146984421,0.5654726448629682,0.6073293931843928,0.5859499231521126,0.5491216911140812,0.5759795019122756,0.6110425950356597,0.6271544459717304,0.5789361408773204,0.6081937213139921,0.5142844463176338,0.5511662004547354,0.5454066475013537,0.5321787096279611,0.693877329672701,0.5502748690395751,0.5859389420906348,0.5808350658770963,0.5604597746286701,0.47560735519822767,0.5831804001854031,0.543272405616859,0.5572965030834693,0.5803126587085383,0.5320176370204077,0.5491511659533276,0.5626452649793023,0.5801830129422865,0.608156414609089,0.6124457710203413,0.5715876622196794,0.5938202109738336,0.6036019472214802,0.5729504294304287,0.5193040058573914,0.5201687007540988,0.5850530906507799,0.513148442381609,0.5419408602148685,0.5650086171800648,0.5505122049037048,0.5948137189698287,0.5894387827006871,0.6568328606272188,0.5592497372958235,0.5833791980421559,0.5934800776330829,0.49894127305934355,0.5600865755055003,0.520761422955312,0.5821305468761193,0.617566912318544,0.563654278829925,0.5308817457278971,0.5284727609867139,0.5561079123263264,0.4866566580375849,0.5650445401897978,0.5358500625793998,0.513825671071573,0.5003739629332039,0.5210430939488127,0.6091244187967586,0.6105176965719783,0.5626684090977977,0.5921546383754133,0.5481216225420779,0.571511312978227,0.5453455616543741,0.5668495222228344,0.5677867444189696,0.5333377410566488,0.5870735773050123,0.5786333817610554,0.6174029521386767,0.5982722127297545,0.5427758001767161,0.504959817680722,0.5972746537826378,0.5001589858873652,0.6284026362380126,0.5779569415020681,0.5718769641182723,0.5526774423478871,0.5046319193046839,0.5044202599296399,0.5761103070627466,0.5715386565264226,0.5350015367552698,0.5791657888954663,0.5625785528955314,0.5493767699883866,0.6029795866994763,0.543082120087529,0.6415009347418138,0.5508141936538753,0.5572886684223334,0.5780620070813425,0.4992804379816809,0.5631183733684334,0.5804547583505577,0.5226534602243652,0.5870480847290349,0.5661857931071402,0.5555012308077543,0.506048726512667,0.6792898499528993,0.427243902234852,0.6212751209946193,0.5481440417799792,0.5860011262933273,0.4889830395270237,0.5589444342348078,0.5818230387405232,0.5361184016301257,0.5396602728468191,0.4978696419536779,0.547992091966257,0.5006154888892134,0.63600128701066,0.5000264798903551,0.6004362723252266
0.6242832791719434,0.5850493584020803,0.6312903974870128,0.5886672608073056,0.5818913784383115,0.5749494321150138,0.5712283684706824,0.6051192855728029,0.5438810603929054,0.6138721121148343,0.5887642392876514,0.6153019702984311,0.5825779474313773,0.5077485443096237,0.5491379134983986,0.6439860745076531,0.6381896779034003,0.6020927863637724,0.6616070068079539,0.6154994544595784,0.0,0.5886552827614074,0.5624977791209326,0.5723371871581419,0.6966654442580461,0.5967987803990129,0.4752333099209241,0.547089383524761,0.5336252552872005,0.5158846601924204,0.5923475412364568,0.623926436887461,0.531132415013025,0.5429157123569648,0.5783718886833641,0.5654197126606803,0.6293961157075892,0.6308388231846043,0.5865238160036833,0.5711132410491597,0.5967371733196408,0.5838900497324775,0.6679615959842058,0.6426865179932539,0.5998855357305702,0.6018565922647664,0.5605438901108579,0.6107808694931781,0.6578552622860905,0.6257541120411573,0.7100456851720484,0.6762884115464071,0.5073614155977181,0.664975710125608,0.601019535814202,0.5529965610057442,0.7034507450634707,0.6353498352214634,0.6379792284949296,0.5608488275658146,0.5886026938673081,0.4794704458339483,0.620826543046311,0.5226638944779244,0.5857142475845697,0.5940909619501891,0.584949227186013,0.6075956988383545,0.5575397456381852,0.6309201560198301,0.6661155552809168,0.5697428451005115,0.594664752085033,0.7118436754565679,0.5880381454941646,0.5335025337650882,0.6109009807764351,0.6177993752401196,0.5959808775370115,0.5404124198173343,0.6018389651856505,0.6771811048125336,0.5909778442593699,0.5561028700033552,0.6911182791179946,0.6399476188620383,0.5961915840799544,0.6194992241059011,0.5776130386701985,0.5162543804395884,0.6465307003937254,0.5776284951229241,0.6093541733393532,0.5734180293502038,0.6623032472938803,0.5849251179670437,0.5454565874347868,0.6080774682755229,0.4859738123137051,0.5834251908726859,0.522125626332349,0.6073086717746319,0.6221045869970573,0.6149696303084824,0.6030342708037172,0.6282364106985234,0.6453124515116023,0.610427016005103,0.5827841377149862,0.6101082119774535,0.6796671377582516,0.6481935424173075,0.6047321005504359,0.5886416318858042,0.5561822447987239,0.5684205640814616,0.599095605567532,0.6224478445431415,0.6420955397758469,0.5170812149030174,0.6097243089356192,0.5893595123371028,0.584394118589141,0.667448449997053,0.5483151419533383,0.598588618915133,0.543671616279655,0.5189828323024459,0.6021476662253952,0.5828838868158094,0.5154132263593895,0.6707249565616529,0.5416420682493696,0.5761960339979412,0.6348411306831268,0.5251707669302204,0.5460461187169302,0.5561271492462698,0.5584705447393559,0.6801666759807938,0.5280575066242178,0.5584181789046103,0.6646389905813365,0.6062392395783901,0.6708761452267684,0.6094833100365411,0.6069316129828457,0.5685828951246201,0.6865677220177189,0.41266148306844913,0.6558437622358698,0.5787760694191124,0.6047094359265334,0.5342495855006903,0.7314880988315731,0.6342017508554788,0.516100457432954,0.6411044220208907,0.5116644991116625,0.5947261351647918,0.5445807014853972,0.6147132204992576,0.6245423861326256,0.6455282516552269
0.6046070003309356,0.6110494312778257,0.6791861748618071,0.5560014688328693,0.6119111182665232,0.5207445295937009,0.5632223158317091,0.5640729613238239,0.5854297950412491,0.6032038727493261,0.6364816620299526,0.5352819660124032,0.5848112835534853,0.5211977449523169,0.582863466122296,0.5769022897502681,0.5605782327323645,0.6197001379912817,0.5235098810746263,0.5508533822040115,0.5886552827614074,0.0,0.5204140097378406,0.566095073829085,0.5844585168263557,0.5057650592004159,0.5287616127081095,0.5178281954042527,0.5549307528347419,0.5206334401027011,0.5343708641742998,0.5230198653897278,0.5328416171680169,0.43814903353693474,0.5538435734682864,0.49596616787320164,0.5929659833212237,0.5677489175859003,0.5295401130257233,0.5717500491075029,0.5304473187362133,0.5802760512296847,0.5270580437381756,0.5381880274354321,0.5353976609208378,0.5076317631389431,0.49184913629089244,0.5508509592882104,0.5873517562572028,0.5415514422664449,0.5617749838279605,0.5265628907284794,0.47691951789277326,0.5902379544144535,0.5337951607125481,0.5131730822993829,0.5579093436816028,0.5622290146059691,0.5800048657265647,0.505221814165435,0.5495269640534588,0.4210460242667563,0.5179229506990304,0.4748042906397773,0.5071767959818321,0.4790416373982537,0.5510317488488696,0.6049599681594818,0.5770273818858632,0.631585202780596,0.5909317609776646,0.5114066533115783,0.5198100640231187,0.6177222819624686,0.5550465511120445,0.4618727037235093,0.5438687113598217,0.5684297260680553,0.4732418790530936,0.45069717026386064,0.49589461859590866,0.5913558080187696,0.6203152439477806,0.5021160483032396,0.5018891130228923,0.5892365167473083,0.5198878564251168,0.533301216573906,0.49550740139817195,0.5101033991154699,0.5980381522816073,0.49703442888166977,0.5594852644317875,0.4851243771857897,0.581782539911902,0.5743464887379045,0.469500861185309,0.4809113538446527,0.4359359823120927,0.5057306473237353,0.48618158942910406,0.49846149120406386,0.4728934706981404,0.5210648401500684,0.5090562751772325,0.5135965837043935,0.4870788493432124,0.545526919968829,0.5228617457161658,0.5552661362802707,0.5295517325608702,0.5120003432669887,0.5254384363044184,0.5350175027380836,0.48312789136271234,0.5697661475503372,0.480900443309726,0.5780893626092918,0.5205778630418939,0.4875226634159127,0.5689714940303501,0.500667751064597,0.4777151002655321,0.5696758264786838,0.5084527756683441,0.545357247913922,0.46536848130063724,0.49689887757519025,0.49444264580708885,0.5645934094131547,0.5185771990636827,0.5578019376098982,0.5098065961323138,0.5367250241760274,0.5703699256729622,0.49394248506628646,0.5012081372993136,0.5443753500289019,0.5621432698519834,0.5522301858602158,0.5202029131215566,0.501201769353556,0.5847086882432769,0.5313681354043107,0.5519677602760273,0.5044156849270452,0.6084794531134492,0.5120625446642487,0.5699272156866869,0.37791990161537525,0.5367451213358464,0.5128081636792851,0.6167632409732745,0.5520962351679286,0.5467552810076012,0.593951158619953,0.5659768011152423,0.5620707028729028,0.5342514246451338,0.49777933015022496,0.4889725858807098,0.5202389211814533,0.4933670654997602,0.6520224034752204
0.5299427313393651,0.5318869398388633,0.5257305273222478,0.5567648131254553,0.5440601777942761,0.4574540198392597,0.6009192791128932,0.5230686515535663,0.4817959444667603,0.5617223501534763,0.548621881725677,0.5821848195736354,0.5243192883976046,0.47578137102410806,0.5054540825646939,0.5632018686053945,0.5758032915013437,0.5490523872066941,0.546241741024628,0.5251244788442818,0.5624977791209326,0.5204140097378406,0.0,0.565152228904414,0.5873803789285058,0.5358307805964375,0.5822602481409561,0.5867508686925376,0.5070774474385026,0.521365848665015,0.5035384205645241,0.5154531751257951,0.4929165050761108,0.5604637391642167,0.5212601816896343,0.49725529692804565,0.5361782040595884,0.5247067410970901,0.5002381900164815,0.6051105353653682,0.5176582510422574,0.5202500694571891,0.512058993692341,0.4999104051239249,0.562486116096611,0.528879180358042,0.4891996710739763,0.4834416361714948,0.6827197394084861,0.51019762628335,0.5418559863047206,0.5160937508650791,0.4318722908880741,0.5283511657633668,0.5280680733719381,0.4788904187380123,0.5477425072704452,0.5471678125065852,0.5462780474890383,0.5268384471515277,0.4741356816387526,0.4069549152909814,0.46391449538896545,0.48040845166866014,0.4512950674911376,0.4549940635383718,0.5148806746077635,0.4801830106561987,0.5143103328843939,0.5286584044556812,0.48755078691557285,0.5013318912270517,0.4870792674784719,0.5843088780470534,0.4932788936947076,0.45839338432776294,0.544154312487568,0.5865146736863406,0.49648815841335636,0.43551983919508425,0.44010892999703555,0.5079006914957178,0.5184235700225076,0.46531733778899653,0.5243316752184539,0.5511856317109335,0.4687247888296429,0.5181640063125693,0.5221573456702033,0.47713361980302027,0.574138484751273,0.49754084619916544,0.5376634744845185,0.4732483693762446,0.5184545860511977,0.49873115798762985,0.41338574440873016,0.5193177969900117,0.4310048426812121,0.5364046501796527,0.46454281370197614,0.48605077186018975,0.5140389243261543,0.530930570406531,0.48422140143809217,0.5406282220919596,0.4988295360520228,0.6045716190814167,0.5356017689162372,0.5240901628798914,0.5659575384333815,0.5287548534019965,0.47036072663710793,0.5236058186710532,0.4853135623753795,0.5761009402839203,0.4991979059950471,0.5730350960710741,0.5112951586988904,0.47621343695561746,0.5267606885979925,0.4798523320655689,0.48731722003326233,0.5415991284613252,0.44203176543760603,0.5196664430244173,0.4638815073640402,0.4969564989232585,0.5242936135108028,0.5026789434128259,0.4817470231395456,0.4803927741821268,0.47680441953987285,0.47896135547308816,0.4908907809190535,0.4172224477630577,0.5018173249824796,0.5461127716733262,0.6078857356934072,0.5483774045860189,0.44949722666730246,0.4717478830692254,0.5589336385050954,0.47980026487115807,0.5264162198111806,0.5688410129648316,0.4993323938808688,0.47956258846045147,0.5636074792078986,0.38926586752410197,0.5227316248077915,0.47203273909918453,0.5844226171973903,0.5455493224753358,0.5719272624843722,0.5080556181680653,0.5146769717752879,0.5523433741308126,0.49374207908980505,0.5197562426774386,0.4542079177012169,0.4928106816662452,0.4841212315468344,0.5580032781988421
0.5468877213121327,0.5729206121587035,0.538924044262038,0.5431327844705901,0.5178479242087984,0.4734615600040619,0.6113557094924457,0.5173846279070977,0.4701927576023179,0.5547144772476336,0.5397296440993247,0.5532441635926122,0.5500205753250595,0.4609262532353083,0.6178074463246491,0.5208055206797634,0.5072755900038198,0.5370335196069145,0.5157241606107705,0.5374247156324268,0.5723371871581419,0.566095073829085,0.565152228904414,0.0,0.5848384745782604,0.5643248401014882,0.475692619788408,0.49130990482656534,0.5190716486695801,0.4479596643909082,0.5404978458626585,0.4868594479621134,0.5400143146058449,0.5045698799629432,0.5236236570921297,0.47149725443730084,0.6110636159115835,0.49611911012025817,0.5410886015233823,0.6390106670893874,0.546467575600967,0.4804485831015668,0.5283953830025475,0.5634058884396841,0.5861680513500483,0.5524265421624909,0.49234276218726813,0.5723534233622948,0.6253946583954333,0.49260297920821167,0.5418551412579903,0.529465181717131,0.4344970531525256,0.5764499499677396,0.5231846471363063,0.4916685487919707,0.5387772391849979,0.4820528766501475,0.5482281014193403,0.4947986195727161,0.5160801278474562,0.39375750944483173,0.47040711580798406,0.44054666119646535,0.4830565597827465,0.48829553797648423,0.5745478882382298,0.5673813483929709,0.4625463540421245,0.5184194088846257,0.5540145476371872,0.500814150984401,0.4584892158014226,0.5796584952039631,0.4616055148506063,0.48310052418949806,0.5313420103189158,0.5746898757165849,0.5169982587414456,0.4662056779603144,0.4753278121165357,0.5277923733271367,0.5734408310742201,0.4746302423107756,0.4828078198188519,0.564829440128084,0.48187507109879013,0.48910810641955227,0.4976205152512741,0.5295515601221938,0.500573023405587,0.4862265375695854,0.5076849914741085,0.5002193629506442,0.5066715740231877,0.5653270783558095,0.43943212479654253,0.5010097579472513,0.40483121955512624,0.5322405702656966,0.4954885091409923,0.484936421776899,0.4809001519282558,0.5371559584432642,0.46064436732546016,0.5402547642294387,0.4881570804159695,0.5333404055105381,0.5673977922288341,0.6547112171688819,0.5707851934761002,0.4883800072960195,0.49302102477404197,0.45566498769700065,0.4910075263966448,0.5388759048090077,0.48361100339796276,0.5442038318081882,0.5056116871981953,0.4310696569504615,0.5322793107093804,0.460129970998728,0.4935613591758999,0.610201391867669,0.466599317215046,0.5874000567708416,0.4254260557987463,0.5127461382389215,0.5055995707614533,0.5591543482565121,0.4397672081489014,0.4719286309170323,0.48499708884595644,0.47705298707890353,0.5903755413766694,0.48002073251084887,0.5615920716091904,0.6025256568538752,0.6161656981807341,0.5419970617743262,0.508303326259968,0.4473466953981698,0.5358561079165087,0.4515033899253512,0.5646938132560618,0.5223878575961971,0.5380506218145388,0.5112627961617888,0.5530464168907423,0.35074149889376594,0.5535632350097764,0.474875716327315,0.5106466999275214,0.5642628404475608,0.5775043050816097,0.6099060380785307,0.5972479593039179,0.5968405326467383,0.546362191327656,0.4776023985016883,0.4923680635990061,0.4962050536015458,0.4744339766015412,0.5735285592605759
0.660188173516201,0.6101951729898879,0.6084331696546037,0.5662113940255574,0.5375449439662529,0.6011847018477358,0.5830038295199133,0.6212824638440593,0.5681570844764945,0.6733927649274893,0.5973610884669506,0.661507998604664,0.6091751020079417,0.4921847782518231,0.5389684077590132,0.6306730641107677,0.6028667056798486,0.588065450113562,0.6611031933010405,0.6250991975336614,0.6966654442580461,0.5844585168263557,0.5873803789285058,0.5848384745782604,0.0,0.5519774076857215,0.48644846087476906,0.5731957177466608,0.534831016047749,0.5412907127303725,0.6116699180286587,0.622654045156559,0.5155175651819317,0.5648560825750429,0.5813678725651809,0.5161542099168246,0.6895445038636381,0.5760495490161593,0.5465899988560515,0.5529407744952977,0.5349231459219814,0.6136673097966272,0.5976698126924077,0.6061054964368923,0.6094083622372847,0.5685988601402638,0.5401787362199058,0.6041518007431349,0.6784856863166262,0.5465667648520585,0.6120209263648738,0.6071613091881003,0.4686154078018723,0.6020341070041002,0.5655050245374981,0.593187162725199,0.6249157696224354,0.616003934110989,0.5895755234453034,0.5250376708339597,0.5812186329691842,0.4424102043863858,0.5525932720446532,0.4860724419490941,0.52381006322368,0.5431232581704778,0.5790308563040445,0.6073750735288258,0.5324869741233578,0.6560926800518022,0.6077224778082668,0.5312075753118931,0.5649782584776178,0.6486989342623857,0.5655471288336767,0.541259083039725,0.5731497786958226,0.5902530179649035,0.54989319359411,0.5256319940880415,0.5587980161046617,0.6136463421010594,0.6226839489599241,0.5387617654414005,0.5942370085334172,0.6343744583930009,0.6180695789807332,0.57078895821698,0.5878996802681984,0.5447039653370939,0.5872656107968662,0.5669327576064369,0.5557235837391983,0.5483211777747311,0.5781691393953469,0.6331575946212102,0.4927970986292276,0.6249036902774846,0.4559967358220875,0.5766857718314945,0.5083156785897609,0.5643417512056945,0.5647941145176021,0.6350350548208223,0.5468459600103746,0.5908673350944386,0.560214050472703,0.672031155530493,0.5425991013078562,0.6732239674478934,0.6643772810723495,0.5611297705595938,0.6017347133157237,0.5610113495289084,0.5195860574298449,0.5800637555429367,0.5984378040200781,0.627895724193802,0.6054843913551392,0.5058808066512835,0.5409845872843821,0.5392091360868277,0.5849450451802065,0.6509683206738012,0.5314145943256765,0.60569406697806,0.4936865730666459,0.5149583500902489,0.576205957222708,0.5351685372096158,0.5475954034899626,0.5875757145843497,0.5414674750914054,0.5467851091146188,0.6116142296363235,0.4859491424544883,0.58719714066118,0.531049403248715,0.5562389346837607,0.6188686096420682,0.5242683234186983,0.5327026516765444,0.6204918990473112,0.5337260421769046,0.6253611709181724,0.6228129120380169,0.5894769210808205,0.5377070464043551,0.7425103096168275,0.39740057884532026,0.649059599225888,0.549725046479409,0.5640141182326216,0.5296143754273305,0.7243249952381482,0.6518923057168055,0.5574708636166162,0.6770503262263408,0.5144355407005645,0.5660899278278934,0.5146383810421842,0.6156611171466948,0.55632581540284,0.6358689920334581
0.5154348014437667,0.5288771646896142,0.5372034961983667,0.5940088269982406,0.5077664003950321,0.4919510111162022,0.5430198575930174,0.5499458904640733,0.45672774712313363,0.5184875932040003,0.5415629456448092,0.5400678839152143,0.5564889225714524,0.515718117052253,0.5076929574584181,0.5684633899232755,0.5424240188843524,0.5000645513848935,0.4903259476751429,0.5217324364028864,0.5967987803990129,0.5057650592004159,0.5358307805964375,0.5643248401014882,0.5519774076857215,0.0,0.48809167826907185,0.49391656563395986,0.5204832982195783,0.4307841036377781,0.5278082765862953,0.5197458475621933,0.5477809820788822,0.5658882148706863,0.5424100631534328,0.5731347846391619,0.6069947344907541,0.568164760226796,0.5482438944951407,0.6069624958952947,0.5782463063750745,0.47522414284796705,0.5407527672993802,0.5940459363191352,0.6464523125297824,0.5474866927782112,0.4976584275051668,0.5881643386865245,0.5787107516448471,0.5353220038610509,0.5770058363038051,0.5878334656447405,0.43205737131069677,0.605389387515889,0.5889624453188875,0.4987146604308005,0.5456150251404831,0.5291484468656955,0.5373183299765337,0.5406006678995815,0.549342214372357,0.46001870737953043,0.5098332823603835,0.5184863068406528,0.46778450371507885,0.5039335851528541,0.6367443488284306,0.5335562734650782,0.4901689002148603,0.5262648320003743,0.5675661136757372,0.5503768498823662,0.5364241443897452,0.6134399631937646,0.4893798538541019,0.46908957119297645,0.5958183165881468,0.6267774906195971,0.5713269275164897,0.49571529321251695,0.48977190860242753,0.5352200638280756,0.5054422691508724,0.5437791659859684,0.5730372055906474,0.5882537812212728,0.5394226921837847,0.5296219876964048,0.5187884046889104,0.5226979037051356,0.5555577049347579,0.5229723507528655,0.5264378499369436,0.49283886380154024,0.561738064792298,0.5483712543282964,0.4783516758723927,0.5631565330022855,0.4747928540997537,0.5932345052561367,0.5451739568465674,0.5387255268623653,0.5759616084610474,0.5209647118481324,0.5282613818549032,0.5975508761145361,0.5535818714138531,0.5384587358280718,0.5632185162897827,0.5558071331605324,0.5925935438263887,0.5909717803284427,0.5570774658193154,0.5186123600227426,0.5436180572242966,0.5427063004898579,0.48765933708009823,0.49923535001364866,0.585406048054106,0.5146290674720688,0.5733831098432619,0.5639746724009171,0.5500305535765634,0.5697827756844325,0.48486065648955895,0.5765656390362102,0.513364988344367,0.5685887017585272,0.6063813589670258,0.5740278666847566,0.4448299214227851,0.5211351794563472,0.5466506660278521,0.5313106512405188,0.5655471091646204,0.45664713322594974,0.49516137024819007,0.6081172589224133,0.5916737238355252,0.5419425464620835,0.4943007887050365,0.515578409702405,0.552387707256565,0.5195344630730899,0.6488918509106811,0.5876741162155583,0.523254502236588,0.49645725394477824,0.5469359334006513,0.408384468661612,0.5721219019514082,0.4678739663792367,0.504484341549094,0.5273274026704146,0.5931996638529965,0.5684646400868404,0.49148367159975964,0.5870867527812895,0.5335438579615374,0.5392573685633918,0.4885908618082073,0.515876351955981,0.5212615333570368,0.5500732550543168
0.48314009970460214,0.5215576723495203,0.5228231910555902,0.5278222152170624,0.5008313301784568,0.4392670855459731,0.5054582011213412,0.5173460037587025,0.4801001105752723,0.5177591851108655,0.543392331322243,0.4886848978726925,0.5268172752911134,0.5259350225138604,0.4607096015873737,0.5441939832109444,0.5410456852163875,0.5127870062428176,0.44943995479378224,0.47251208672930234,0.4752333099209241,0.5287616127081095,0.5822602481409561,0.475692619788408,0.48644846087476906,0.48809167826907185,0.0,0.5552370539125454,0.5199455168287168,0.49897002300062426,0.4527264697399885,0.473842342308751,0.4878593283934581,0.45622233085962494,0.4889560380627756,0.48456483703025155,0.4906413338731865,0.5236937435626862,0.45793367863905504,0.5671182543072142,0.4798955396654241,0.48505333096826564,0.4371540099608464,0.43781835102508876,0.5186590888758214,0.4665886292208398,0.4376332031832945,0.4364696843075449,0.5338807184935245,0.4775370611819592,0.4767195505592591,0.45772896025512133,0.41965578913451357,0.487899148477179,0.4950509605346967,0.45084428996847875,0.47978984717421874,0.518182731003409,0.4858388785712413,0.5176367044986724,0.471434946460429,0.40740285247557495,0.4326871701684085,0.4745453987637907,0.40270454365086883,0.4077385659516124,0.49484034195934706,0.44604585734059804,0.5279685671272012,0.5148272678045613,0.45162433459768975,0.47776705257728846,0.4680104223261749,0.534937357815127,0.5045002951337187,0.41042188059551815,0.5129631783493035,0.5398690839432917,0.438693208617081,0.3987015725115121,0.4036938463591003,0.4589503184504392,0.4888183794948268,0.47100859023650604,0.46121943630773826,0.5272981486920538,0.44282087324569114,0.4744213308691352,0.4822468876542505,0.464799169124727,0.5429686499102463,0.44824633207609704,0.5067936023693108,0.4255782305942847,0.49270487784906314,0.46439925734378446,0.3981297603218618,0.44620611158770257,0.42439124161689107,0.5002375763974383,0.454866699878657,0.44217258263641773,0.43277868294079525,0.4435272665320862,0.4642585348608411,0.4864378172233151,0.448026746636301,0.5260722243813348,0.48674731911017893,0.4502503195847675,0.4600402031314027,0.4727746026903878,0.4465839222934212,0.5356662072573234,0.4609821604742001,0.5870240807073966,0.4331732709711543,0.4814308446734895,0.45727377145109194,0.5086018395544131,0.5003558788026763,0.4707743867650394,0.43225252735256875,0.4733034731285969,0.41761279618882813,0.4786191110748339,0.46020941668783283,0.5010144825544917,0.48193954089770863,0.4861697062114201,0.4925897513443241,0.4628935080673637,0.4901036517637396,0.4720194606899085,0.440158014398174,0.3872136869915421,0.44091372805514484,0.5097127817998992,0.5612175923260582,0.4748540663022433,0.4298531996812461,0.47086663523588873,0.5125117091105132,0.4659083789150678,0.47402534073428854,0.46886875005702766,0.4722408052669574,0.4497003014657002,0.48421884699899526,0.40650366426321555,0.45279522832062613,0.4349725819139821,0.5627626780081911,0.5214434267808595,0.47059035549686584,0.46291961488131367,0.4966607218176513,0.490285897614879,0.4845843235892536,0.4800791216401421,0.42163640109540373,0.44599600226498853,0.4335730520993664,0.5090981498922507
0.5847384521625562,0.533492168601534,0.5473195178485146,0.5267195250611517,0.47902845754048173,0.5127577086379165,0.48598361666630213,0.5418936825018758,0.4868684162351973,0.5548877871888427,0.5927059271400489,0.5091375574329908,0.6085105118146997,0.5173660118040412,0.4531190497218522,0.6434362814883737,0.7038717573095709,0.593985205315646,0.5607839031617807,0.5794187763904288,0.547089383524761,0.5178281954042527,0.5867508686925376,0.49130990482656534,0.5731957177466608,0.49391656563395986,0.5552370539125454,0.0,0.525072749556473,0.5260191109590929,0.47192036910167456,0.5703202649020487,0.4728810304835568,0.517041044683082,0.5333181091068772,0.48275443255278355,0.532993507084409,0.5646998672366393,0.4544883945444792,0.5509997256706451,0.49086580269987073,0.5187602852459379,0.5019956143292438,0.47906357470091127,0.5360171398938822,0.5223590619778622,0.468527966092984,0.48696173778489227,0.5907065210567101,0.521214915139038,0.5295191098329699,0.5444502669121748,0.47066413524299083,0.5148104908815522,0.5164791975613868,0.47268756595187367,0.5838333914458674,0.5594040284015382,0.5389357417860049,0.5400447796950104,0.5333414248607886,0.4281029163492486,0.5254440726363703,0.480146675544785,0.45456028421192457,0.48937817453700966,0.49404956279658935,0.4722326284587407,0.5803673048253616,0.5726902208763638,0.487094575692114,0.5097085482689008,0.542875477139468,0.5929829900265837,0.6187303140827992,0.488621176831644,0.5265511913265388,0.5089895446210858,0.5030077586998484,0.4676829433913421,0.4784822479749073,0.48122178384585235,0.4972388143507966,0.5525867849811708,0.5356783228992112,0.560762703302866,0.49897251830187594,0.5156325947141007,0.5626775889286466,0.4419870551407966,0.5599246000601915,0.4562541321204632,0.5420026794587786,0.5212358395048999,0.5223068349442255,0.4692499874033219,0.43680900512628273,0.4953917168549617,0.43030325144416154,0.5440199284575278,0.46384727074792154,0.47746090507236594,0.46559857184474435,0.48009291755402467,0.5246894134450525,0.5429079815144412,0.5186472502486524,0.6297906585873464,0.5063045760727708,0.49932577161780184,0.5139865281915211,0.4999601960218484,0.5193321078765022,0.5516770277206257,0.5316729455301025,0.6292809463087994,0.5557305400377079,0.5368781073025581,0.5489469868419711,0.5025511091169935,0.503843180012033,0.47949866657618023,0.5237129754819663,0.5189093007885098,0.46033928095960897,0.5094552863769797,0.47949581811354874,0.4596435018596229,0.5454533038913983,0.4898144984272992,0.5189614273150692,0.5305099581497598,0.5346232056446857,0.4857031302274673,0.4795256851535615,0.42760866830855027,0.5043032863542496,0.49096908360592884,0.5500390237458814,0.5021868657445611,0.4687313313048794,0.5040931165904051,0.5322694167292746,0.4756830991654251,0.500466367714868,0.4989449053769902,0.4640090735696374,0.48164646963465674,0.5663269209972545,0.4217867677300444,0.5142467465794764,0.5037818640929184,0.5916977219553435,0.46494497222471376,0.5206472170421785,0.49034728107405395,0.5498709750331832,0.5236343136935729,0.4889871932226995,0.5633771653394802,0.47173033186927305,0.5281441775759036,0.45412981951893927,0.5527819875446436
0.5312280044843588,0.6485330676127249,0.5580652246638232,0.5634743358927913,0.5060490697133938,0.528908915259674,0.5377510431226707,0.5158065847635163,0.4767108587217943,0.5842727486431748,0.5750011163701302,0.5198538433181549,0.5760908569804392,0.6136391345459344,0.5094562081329302,0.5728750390533786,0.5656582615007452,0.522665470540752,0.49956428681143666,0.5227312534066667,0.5336252552872005,0.5549307528347419,0.5070774474385026,0.5190716486695801,0.534831016047749,0.5204832982195783,0.5199455168287168,0.525072749556473,0.0,0.45851563867992906,0.5187947412815264,0.5425967378654829,0.5844920163599209,0.47811802724706964,0.582961573952671,0.5657680905100594,0.5511194097202172,0.5796445739849035,0.5271920069402316,0.5881399184437724,0.5857484700118086,0.47579001456086445,0.47993853293943545,0.5586253360134494,0.549474877195583,0.5053220464254793,0.4869632505097602,0.5444385327622584,0.5647739005362024,0.5314180411953137,0.5412463080109536,0.5381298280355684,0.4941782703003737,0.6126563036510652,0.6175751491381207,0.49586007719027453,0.5349924238045121,0.5191928200605163,0.5487817340997118,0.5687360849062302,0.5512748693614448,0.4653731815092449,0.4952250073714842,0.5235035084930514,0.4624266327783369,0.46907433094521794,0.5427901148379647,0.500391867039368,0.503914477970081,0.5108351866884401,0.5212820313553373,0.5788430128361781,0.5085048067277835,0.5673934350876341,0.5426673154308397,0.4942533031555861,0.5257010590914886,0.6010426386343894,0.4865379973435235,0.5001203787816728,0.4987914741862698,0.4955470017545155,0.534697933252306,0.5631074650904797,0.5074774378914619,0.5662498959929838,0.48009752956967305,0.5154436059935739,0.5267811131817542,0.485574654182988,0.5370551471966241,0.5101205069876151,0.6057354874242673,0.5128691596194928,0.5558694026075367,0.5629891200206038,0.47327749510859607,0.4995725988460388,0.4815843423975495,0.556913232260615,0.5837174249646273,0.45877621672691715,0.46724144936547096,0.5018001340460254,0.5263660858131063,0.5133789924819634,0.5009595505317732,0.5204262250618663,0.5541416283910787,0.5230362582103578,0.5249206394520955,0.5066643950870459,0.5308049851201612,0.5220931884851386,0.5424489426824814,0.5635565553908845,0.508578406134036,0.5151686543354287,0.5537357305284495,0.5378489776134526,0.562915027762774,0.4980279425440825,0.5025607576042436,0.5599653855677094,0.5113055132389793,0.6279810117690937,0.49621893180639753,0.5220251903662237,0.6038610221090763,0.5658871973196435,0.48269141705490454,0.5077196542177075,0.544107773738604,0.5402053596520453,0.5167273092467275,0.48272473207520067,0.49947680311989745,0.5852785982123281,0.5399990148725232,0.5117806770739549,0.5416936517855685,0.5582499570954725,0.5625544121721325,0.5142084391758676,0.5726934913627753,0.47708285929455313,0.5085039089308844,0.5232798879393329,0.5489279416511909,0.4336143505764823,0.5072789670854746,0.5467542942102003,0.5283376662899385,0.5054062823384384,0.5203804809239073,0.5092566248545464,0.5199199862954071,0.5371618603954326,0.607274089949887,0.5407837335614345,0.5053903609464895,0.5482499858196354,0.47372714898062435,0.538165978216738
0.5499934806538319,0.5137526633635046,0.5214694050890186,0.4530057093396046,0.5389013507388587,0.5080153009310454,0.47779283917165755,0.5325500170426347,0.6075138254235252,0.5217048142212349,0.509411001095636,0.5485154132741152,0.5009973013998064,0.4528400986603723,0.4509365166848591,0.5679997604787242,0.548392674649315,0.5244564765684139,0.5415684581318794,0.5166541912559902,0.5158846601924204,0.5206334401027011,0.521365848665015,0.4479596643909082,0.5412907127303725,0.4307841036377781,0.49897002300062426,0.5260191109590929,0.45851563867992906,0.0,0.5013095117720413,0.5404776415746574,0.43284893466343943,0.45393856624875906,0.48892985610244116,0.4564014526031762,0.4956172232701359,0.5185689178595858,0.4627246790753921,0.45403806549988746,0.4480784036166726,0.5893006030090695,0.482569354437614,0.4528137945460388,0.47667623309420754,0.47295704188246795,0.49803972813170366,0.44244332640985035,0.5216029128616825,0.4996092144827006,0.49831317741751957,0.4831041397601973,0.446113793811504,0.4637119105332297,0.4635508108193498,0.5095104331154735,0.5260103854622945,0.6102136831935762,0.4669498550112434,0.48997266652220317,0.45501192798556617,0.42635363858681014,0.47537940906893755,0.4467216538974644,0.44623137524292966,0.4351105166017338,0.4389903503501933,0.4757780784300131,0.5074110727911431,0.5508259209727904,0.48313053840188197,0.4571851978625855,0.47186172980193347,0.5092842078425098,0.5456503396094224,0.45094654781247856,0.4781143694375105,0.5046214999374311,0.4434669565958114,0.4318046652160005,0.44659733329977375,0.5074506634773576,0.5567358585108028,0.4540679234178351,0.48962853688452995,0.5287317068751859,0.4794373966875082,0.49723805255703957,0.5100406921928334,0.46554200519418937,0.5628249710758209,0.4848624761827181,0.5165670948934507,0.4581043942901361,0.48386294528270823,0.4824902828265871,0.42581490573158315,0.47660325484064264,0.4328995546807805,0.4653394470643145,0.4256267471150609,0.4625791869797863,0.4411058308257927,0.4725592299452685,0.49073357073910745,0.49733870470693964,0.4636366768628845,0.5402299123993615,0.4556679365096345,0.46691806761360816,0.4778938028461631,0.4784070815027131,0.4555197221032265,0.5375558667079982,0.44735745535337446,0.54836486707148,0.4934610048702558,0.5358506185402823,0.44874771143712844,0.4836216162179695,0.49231773220046277,0.4693677777955129,0.4542761874475164,0.5021347702755704,0.4479161290332419,0.4663255426559755,0.4637445747367995,0.4700679964393724,0.4562768510230239,0.44503223691138843,0.6179107077215763,0.5288793864310802,0.46074030127816373,0.4858075440331788,0.445789300064137,0.41315468966765906,0.49784034131604127,0.44179595635519325,0.45004497123345616,0.5255684642643657,0.41399921437235565,0.49447234831219355,0.5306872256668054,0.47975541758834145,0.46859652665485624,0.4920990184263719,0.539673460488194,0.46226613872348155,0.5375065564417827,0.40713310749095744,0.48177978709067215,0.47753812466015844,0.561312833769769,0.47385204167863126,0.5016194218565827,0.474470079758545,0.46229611271330306,0.5096557703180646,0.4155571681537255,0.4918885590747785,0.41524198711597954,0.49727061602057737,0.46056263141888804,0.5316942819965024
0.5972163633846237,0.611103571124871,0.5156470986497106,0.525863715709909,0.519149400038522,0.5608410651548846,0.5625986902666921,0.6045360478723747,0.5813011321879676,0.5504162981498423,0.5119127178185829,0.6339468826218763,0.5383498409872759,0.5008983785954835,0.5904651981481621,0.5439482626451349,0.5076227122583042,0.5219548605026701,0.5873830278054465,0.5833556113381474,0.5923475412364568,0.5343708641742998,0.5035384205645241,0.5404978458626585,0.6116699180286587,0.5278082765862953,0.4527264697399885,0.47192036910167456,0.5187947412815264,0.5013095117720413,0.0,0.5864351856567848,0.5555525971477783,0.5337051318815509,0.6094804406926314,0.5733485891898182,0.6273663702498149,0.5716555557899742,0.6544702264884225,0.5088613836856098,0.5694490284651845,0.5029282066961167,0.5876890253065712,0.6396660673737358,0.6219085515703923,0.5692612602437168,0.5549759483888009,0.5748035707317412,0.584528437821377,0.5800231405840522,0.6134602792935618,0.5671612459662727,0.4885922131522876,0.6103675370786052,0.5968427880299412,0.5707510587272753,0.5951128170661768,0.5568116191654645,0.5386272990199892,0.5660974012784055,0.5549704837925732,0.49406987287218423,0.5277706215145156,0.4991757188359963,0.5479706735961744,0.5320667446450302,0.5607463142987564,0.5803464497999469,0.47031129209687467,0.5607537552723046,0.6502196241783927,0.5784192473119052,0.5036256381726884,0.5660377591894199,0.5126643234861101,0.5616069037927212,0.5371975391451221,0.5733549833771474,0.5607648183736479,0.5058836108343688,0.5204511530092836,0.6522959897682081,0.6096124316635313,0.5192547935743086,0.5553514176679213,0.6158093321105018,0.5758905297916893,0.5978818724629044,0.5804657648297964,0.5841036647729658,0.5460301099932661,0.6735379603840395,0.5831079975228004,0.5594083956958149,0.5541842795314107,0.671416087139707,0.5640675793665236,0.5822595263590234,0.5006722063904379,0.571206193949592,0.5840677974868655,0.5543312944462453,0.5519957710000736,0.5816767381696513,0.5795938009435229,0.5631283108980681,0.5430304036295707,0.5078822462407665,0.5528164910148946,0.5657103649817496,0.5944015438926927,0.5632576725945263,0.5462031413544968,0.5145226423954238,0.5381525443354429,0.5168780157280856,0.5470242083972159,0.5670122308945466,0.4991630613819025,0.5049999952085734,0.572783869725751,0.5682457309165374,0.5245238984625853,0.6507614447640558,0.5564134177973898,0.6346938660156486,0.5059378908401797,0.593317620065074,0.5466851978503098,0.5687351495952401,0.5046740310069068,0.5327934926241498,0.5357842360082482,0.5840187590711156,0.6072785981452602,0.5296103450468684,0.5849613827497723,0.5724564627632377,0.5009201464200291,0.6682425634140662,0.5313411389859006,0.5433079522469912,0.6302499542746884,0.545291070791136,0.6238178645693094,0.5803939360862891,0.6697052688056812,0.5331137409713813,0.6020490270817163,0.397561956159692,0.672665496150612,0.5526656927520083,0.5169823045311809,0.5128349581348636,0.6087989956524879,0.6369372453094451,0.48834235667136033,0.5838475558580323,0.5178851807488183,0.5332722291691406,0.482698488971322,0.6051072354539124,0.5405565849001259,0.5610035372103193
0.6354918311979929,0.5909466500701761,0.5640807659267036,0.5180389940245002,0.4989758084245639,0.6441733927128589,0.5173474706361822,0.6040070054381893,0.5453626926211007,0.5968005545360271,0.5453645874002707,0.5654774031408578,0.6305335660896847,0.5549829663016498,0.48753613635491533,0.6780467318137082,0.6431016271626453,0.5654424750812184,0.6156983696689274,0.6228990170331785,0.623926436887461,0.5230198653897278,0.5154531751257951,0.4868594479621134,0.622654045156559,0.5197458475621933,0.473842342308751,0.5703202649020487,0.5425967378654829,0.5404776415746574,0.5864351856567848,0.0,0.5014840337804577,0.5519441885365145,0.5802975862612575,0.5668956757711487,0.6049408812686002,0.6154891859255313,0.5328012663053336,0.5178910893142359,0.5265550202975247,0.5400469369139336,0.586933225782635,0.5634827802757548,0.5928186055610767,0.5916642851303046,0.5704277071342221,0.5499086075808051,0.6002467030687345,0.6233277750288221,0.6513386245341202,0.6141523090657333,0.5396574882776185,0.5858726630755492,0.6031356960181686,0.5657726429701373,0.6723015553868438,0.6030821143566761,0.5872872902479949,0.6257424516842615,0.6110687686717493,0.55606555038657,0.6046202364056811,0.5292606896102493,0.5437543324695935,0.5924655357365137,0.5489203663474198,0.5591821765761437,0.5420904665529992,0.5843967237346698,0.6059314266976303,0.5907690301249033,0.5949657810673865,0.6417767284142011,0.6415983662933441,0.6109409756163615,0.5949793783802082,0.5658661817946793,0.5529922273151472,0.5688867439068009,0.5789973359920352,0.5755841205239202,0.5659915873285472,0.5918993713587062,0.6340484294361322,0.5973286624914035,0.5911556408118841,0.6560195927250044,0.6856268579484089,0.5001010361706322,0.5849646787348872,0.5769724100369431,0.6287190167969172,0.6312055857774309,0.592534990680238,0.5478415095980074,0.5667234223083533,0.5715627349730968,0.512467418879296,0.6289955386571435,0.5475395819699396,0.575836199875597,0.5339699516098049,0.5166440193464236,0.6529594336468177,0.6170203390828664,0.6449814823116686,0.557778732267179,0.5581646628715178,0.5449637965866937,0.5834335692625078,0.5680710639028008,0.6296477040489425,0.5835038279741652,0.5826920935416733,0.5685294910118172,0.6505203584160447,0.5856808494177469,0.5704827931386126,0.5496167584261142,0.5582472612055328,0.5623238629895972,0.5747824204273194,0.6215606493532866,0.5395194942735961,0.5876801782238489,0.5996621163171655,0.5379274707976599,0.6010781670214698,0.542696737932222,0.5551719026284462,0.642577733238967,0.5841316435489732,0.55177769216475,0.5380858811028253,0.5041970366903408,0.55292903808449,0.5104219530706393,0.48997025931153626,0.5955369678626604,0.5030562880451803,0.642866387292066,0.6443897067192496,0.5651737059781772,0.5876294619637645,0.5621494258722893,0.5431841083892487,0.5603319346177307,0.6316895247432484,0.44736525866675597,0.590555771003665,0.5902373319439552,0.5534886110860299,0.4950504020419869,0.5719461256586639,0.5601530574331923,0.5051829621823587,0.5795982793103803,0.4862901625819997,0.6896155040660377,0.5155286900936302,0.6353441904882581,0.533868757563944,0.5486031053902866
0.5153491933573627,0.6119773139776181,0.5299827757530104,0.6437808435244371,0.4915064348295364,0.5084547860602825,0.5736420687903371,0.5525380901091981,0.4698096033385257,0.5481795627245024,0.5018855461105562,0.5165857695291465,0.5419389304580409,0.5305080472966334,0.6142076826726497,0.5060598239490558,0.503223500225015,0.52202155613044,0.4954112098687484,0.48517874463830535,0.531132415013025,0.5328416171680169,0.4929165050761108,0.5400143146058449,0.5155175651819317,0.5477809820788822,0.4878593283934581,0.4728810304835568,0.5844920163599209,0.43284893466343943,0.5555525971477783,0.5014840337804577,0.0,0.467139377900284,0.5378621504290745,0.5528122092310719,0.5424380075482081,0.5341657938340276,0.5410361981724907,0.6014794892868719,0.6813511441530435,0.44498584993137213,0.5064021800001174,0.5680131439099151,0.5773022389658045,0.558276840659716,0.506927776486125,0.5119504428233045,0.5358292932420458,0.529048051792074,0.5803117693711314,0.5665739967686977,0.5027575316731925,0.6628436231020474,0.5844563094377835,0.4857304432461949,0.5267152228522233,0.5009009145456927,0.5381868835224166,0.5626755444886078,0.5550804178089612,0.4659448738148985,0.5159451103150947,0.4618955908400056,0.48780144147758236,0.4917153435257036,0.5526236736380723,0.5345095945245163,0.4733300344075959,0.5190155257063225,0.5617439204649038,0.5452141132018072,0.4646944561153266,0.5762911566515799,0.49991936656902997,0.4980684405244199,0.5183874044849852,0.5766074701235945,0.5355218486884007,0.46397216777942346,0.4996129294126865,0.5413740330349351,0.5505305868659844,0.5320045244765395,0.4921628625690219,0.5720685125766845,0.47330386193311735,0.5300368305651819,0.5406575344949816,0.5014732954894437,0.5284267192518195,0.5425966515854684,0.5684330529083881,0.5074490238974383,0.5409033494415821,0.5900825922289825,0.4970771849805222,0.50282533993757,0.4457709422009016,0.5959612124979043,0.5396556318750058,0.4808085688647278,0.5048255748377162,0.5479896530777326,0.5245720992453546,0.5327190619199969,0.514459222859773,0.47839295579577545,0.6204057188965643,0.49884626469750437,0.5215407803497115,0.49517838559285954,0.5102364792472205,0.47470744299653955,0.5721041390924787,0.5429520250067803,0.49576208773626523,0.474788359249827,0.513656893027159,0.49454743569746146,0.5262072490387918,0.5565615501355463,0.4560028687239421,0.6021645090709274,0.46839092055628057,0.6620298689030543,0.482919394515767,0.5423982875914394,0.5484956844457298,0.6121150855432723,0.44812563576598474,0.48254051613460197,0.4981205795720754,0.512412338441172,0.5061452927595351,0.48725397629049083,0.4894339696017221,0.6349635730454966,0.5299765239567216,0.5390099940291542,0.6408068542386474,0.4770317588440283,0.5751670144803661,0.4934786882486233,0.5382635581566835,0.4868987230780501,0.5355448273844075,0.5653994317053673,0.5099489214799695,0.375906894722315,0.5244491013608567,0.5425963374807032,0.4857399316964104,0.5295238812274634,0.5469626281729144,0.5366303340962228,0.48644185309154186,0.5645552691371594,0.6278079381641214,0.5042593868484272,0.538300550227541,0.509010285082726,0.48034214401801345,0.5082378650721737
0.5041981653044194,0.5053385862070415,0.4645212435344957,0.498889708576477,0.44929340566668463,0.49242948632316563,0.5043548273632028,0.520440906917609,0.4480282508748832,0.4987441196522482,0.4854398502457074,0.5877281807966875,0.5114619091931333,0.46623811426560346,0.4462507317182741,0.5464736926090777,0.5263842076710139,0.4588052801574619,0.5330315477538325,0.5346634400875565,0.5429157123569648,0.43814903353693474,0.5604637391642167,0.5045698799629432,0.5648560825750429,0.5658882148706863,0.45622233085962494,0.517041044683082,0.47811802724706964,0.45393856624875906,0.5337051318815509,0.5519441885365145,0.467139377900284,0.0,0.526657841767128,0.5307990709863123,0.5480143042801912,0.5116028864422512,0.5083117195716799,0.5058991186593079,0.4954935593925645,0.46509734203189096,0.503511607062593,0.5301240021647085,0.6094277802419883,0.5245264783064633,0.49182250035203273,0.5113041084820774,0.5698376375245394,0.4984703134261112,0.5244649204598346,0.5405738016017615,0.4144391390764516,0.5169369360953688,0.5422607717595649,0.5031265862748594,0.5326909978950681,0.5166253497414854,0.48570879023416647,0.5347342918571282,0.49293596320410593,0.4498820637486216,0.4657266199614239,0.497033787516644,0.437957917949071,0.47975554524642205,0.5236567077230695,0.4585686445582082,0.44010218812645374,0.4785973760336011,0.4887516073141633,0.5135103538970751,0.501784523651245,0.5306650233474938,0.4718203887386453,0.4934535943284483,0.5270285797646708,0.5414523781031755,0.5375960700267092,0.48997488347648677,0.45487851340180263,0.4850573837789784,0.473881526619675,0.4962053319577415,0.5580710038179488,0.5405778114506223,0.5128144297238545,0.5034542630766407,0.5499402883910626,0.4984774856698252,0.49737548463526954,0.5327353167222602,0.4993182184563385,0.5039461195266784,0.48596994532848325,0.504015558036136,0.4498559327468749,0.6103806745519594,0.46952068800192764,0.5772397332835476,0.5096033297271366,0.5023433842429224,0.538146882582205,0.5039025509931895,0.5071159537272631,0.5661347593830222,0.5327482406617636,0.5489437743528802,0.504130711724231,0.536556749928676,0.5919315429912956,0.538930174354206,0.5111666594218248,0.4931835072676281,0.5089456205190284,0.5152621670685585,0.5273423012969057,0.5015213642377805,0.5266443306369988,0.4896932535477482,0.4984550611078581,0.4923518041607611,0.5754721467198068,0.5311408024614173,0.46001714698363844,0.5336764326200918,0.49557092823921095,0.5369009409112632,0.5985824503902085,0.47228394043400684,0.458312651484693,0.4777310495761703,0.5078830081322151,0.4928765402796875,0.5038870521026491,0.4154123679973316,0.523692322738899,0.5088351177453002,0.5067310774054041,0.5201903058706016,0.4337762990237069,0.5104341631536219,0.5264942104658116,0.47133139991646666,0.5607512133577938,0.6024960076054914,0.47853583852811726,0.45742042578892955,0.5578725252631497,0.4270543800592075,0.5574516708051495,0.45508848844902794,0.4792753575844852,0.4706966250400162,0.5652781980024938,0.5017539624780762,0.46329822418391525,0.5425034550043034,0.4609991224743252,0.540182172210519,0.4352041621725237,0.5227327021616934,0.4801532332038225,0.4936541214219767
0.6535433491621503,0.6086681671111841,0.5236012097083632,0.5353455705804065,0.5438657090762192,0.5371413620153951,0.531644957551854,0.5358006865038153,0.5594567104204219,0.5273834505894371,0.5784138381120885,0.5479258905370146,0.5668538165484368,0.6123634729370054,0.5244234953684624,0.5800879805635772,0.5763240607584573,0.5647835690802541,0.5535544699430692,0.6550207504238229,0.5783718886833641,0.5538435734682864,0.5212601816896343,0.5236236570921297,0.5813678725651809,0.5424100631534328,0.4889560380627756,0.5333181091068772,0.582961573952671,0.48892985610244116,0.6094804406926314,0.5802975862612575,0.5378621504290745,0.526657841767128,0.0,0.6204647952470604,0.5952649864355538,0.6609724043862893,0.5546154294409755,0.5433526296834407,0.5784127432761047,0.5138918687012499,0.5473197278867293,0.6391068278086455,0.591965438161571,0.5258102732798376,0.5265020313180596,0.5917369027550569,0.6101358981337135,0.6267490879163231,0.5824519822322539,0.5974963892803189,0.5041753332538423,0.596385172447912,0.6083140353617635,0.5292508044669647,0.6149894600482139,0.5523853927455139,0.5758531124401536,0.5916007647323425,0.5363769020935194,0.49207666438523523,0.5426452329757475,0.6094790113445318,0.5275952579483412,0.5098560785671835,0.5495093269635233,0.5250349491789373,0.5356679580102989,0.5431392745387845,0.5937511158634458,0.6798974255349296,0.5950797267990345,0.569270797258096,0.556868017784634,0.5323029433489578,0.5142936336957826,0.5602611466197587,0.5338610758479513,0.501986793390268,0.5055089625420597,0.578448747402646,0.5319854317083961,0.5713881174666973,0.5834225862329212,0.6265837775129197,0.5410083322820777,0.5920154364739851,0.5457210017741794,0.5069672928593656,0.6009851424409101,0.5828314080530839,0.6238724574790543,0.5632657835877167,0.6029066699806673,0.5725750203753784,0.5155162825771796,0.5638715943132832,0.5658612559861258,0.5655991559603366,0.6140958372555809,0.4812477678934329,0.5296053099689866,0.5259106533272578,0.6290654497118658,0.5428396610377596,0.5143903018313262,0.5446882468270611,0.5374164982053011,0.5384217740379608,0.5679781610762693,0.6093583532239785,0.5742857327621278,0.539548391394816,0.5802713217771726,0.5601643562752628,0.5561595733979974,0.5599618157000484,0.5576107469928987,0.5716581870204054,0.658594274045036,0.5214847326693464,0.60757948790037,0.5665090968324642,0.6396452355497322,0.568526686366979,0.5293340132418684,0.5235486437667183,0.6029046581661969,0.5811941560910129,0.5108978950580352,0.5330437199637587,0.5652627825595021,0.6459020529078747,0.5856826160436854,0.5359862663620955,0.5513526097490226,0.6238246459507566,0.5439562030150825,0.5591334375168244,0.5251725759432151,0.6065356042301477,0.6091126197016372,0.5681229861313167,0.6245879967275694,0.5831223713879227,0.5740783973303071,0.47907039828607323,0.6031971683927676,0.44535098524680045,0.6260929583512982,0.5512076045822012,0.5751843180430791,0.4810362058877284,0.5456141414833239,0.5506031414794077,0.5016688366399152,0.5226363868081867,0.5846741706886569,0.5588141369763074,0.47689842038046154,0.670016344977862,0.49684890529779807,0.6221661827476249
0.5174337215763184,0.5573584281888813,0.511486573767597,0.5475575043145612,0.5201546244379531,0.5075611911241433,0.5090449800322504,0.5419380711657326,0.49489303559704984,0.5060527380009978,0.5122365042775424,0.541310575422867,0.5138388333184419,0.6008240742240608,0.4905447381586189,0.5616688752958957,0.5498362173565585,0.49553777171826535,0.5130527717837783,0.5354651186246293,0.5654197126606803,0.49596616787320164,0.49725529692804565,0.47149725443730084,0.5161542099168246,0.5731347846391619,0.48456483703025155,0.48275443255278355,0.5657680905100594,0.4564014526031762,0.5733485891898182,0.5668956757711487,0.5528122092310719,0.5307990709863123,0.6204647952470604,0.0,0.5264351145607233,0.6587867358039777,0.5846490230544904,0.5238731500720047,0.622423637507661,0.4696754828676602,0.5309465766537824,0.5885746227158191,0.5932473301264055,0.5252008170979243,0.5241157332931101,0.5262331181849973,0.5446872814363731,0.6475032379708607,0.5943921742461582,0.5783174568160433,0.4963799299495935,0.6137635008404716,0.6647118959070909,0.4977299092396051,0.5686537007394473,0.562125646518377,0.5408252520973578,0.6468950796368087,0.5233408956518574,0.5773316376387148,0.5294224021192137,0.6755386890329027,0.4966824898335544,0.4946916129840345,0.5385720321589239,0.4826949216220268,0.5070070383286961,0.5030965215154195,0.5559436525126878,0.6589146844542877,0.5563384094687961,0.5621882612463087,0.5345970329225206,0.4872824566371929,0.5383506387384909,0.5884816806410552,0.5446619893378268,0.47912025901480204,0.4874910127387869,0.5574446545222775,0.4909904097902669,0.5579355710972574,0.6110157522048376,0.5857364653283229,0.5110711277605171,0.5992570211235854,0.541142764654419,0.49014203841018206,0.5953890697772589,0.6154707342192219,0.6383423989909971,0.5150619360855374,0.5997353314744875,0.5370393751640163,0.5506062759018835,0.5651955724934029,0.6307306942322974,0.5808413723350434,0.6114721170497904,0.5116404837284549,0.5729954837083452,0.5138254469556577,0.6594744465723048,0.5551192703302026,0.5659929112505079,0.4965343066597299,0.5520727154896569,0.47833320625933523,0.5488870488460238,0.6597601202329823,0.5332143486308891,0.5610821442554289,0.5804596188791736,0.5195973300548361,0.5137409898238425,0.5096297178735685,0.5444654134146157,0.6084350847845549,0.6338692499751717,0.601433133288033,0.5317982827242053,0.5381149523235551,0.5355896229974516,0.5656238774310749,0.6273466811981027,0.5769520852721217,0.6565143828522882,0.575912535379225,0.47889602012553245,0.5393221506155013,0.5356046884040493,0.6142828970920228,0.5275972466899909,0.4848085082504079,0.4797881246228162,0.596790409841104,0.5132344984312505,0.5683739742219789,0.4904643915180345,0.6350596935842654,0.6082957947571347,0.637330281309798,0.6161119954103917,0.5592452773297097,0.5484640825694045,0.4912187996054647,0.5505236947550562,0.49052820478030207,0.5575944444331662,0.5250205711831761,0.5399481241465904,0.49209157104426565,0.5401884886893722,0.5041642542197552,0.43377649728701706,0.5078167176130924,0.5185650223120504,0.5607781205347171,0.470481674776852,0.5630752549594685,0.5277794924092549,0.5204345001040487
0.6462790354673357,0.617609710010523,0.5858397330685552,0.5690392521150383,0.5239974488156203,0.5932788092039875,0.5839809975704722,0.6201552896527542,0.5499663544415127,0.6037147788707166,0.6174926850208505,0.6020278152843345,0.6682175394138617,0.5258951164687931,0.5592187346310385,0.6249375259643569,0.5626326548147433,0.5577571865242337,0.5583007444208897,0.6072942164233739,0.6293961157075892,0.5929659833212237,0.5361782040595884,0.6110636159115835,0.6895445038636381,0.6069947344907541,0.4906413338731865,0.532993507084409,0.5511194097202172,0.4956172232701359,0.6273663702498149,0.6049408812686002,0.5424380075482081,0.5480143042801912,0.5952649864355538,0.5264351145607233,0.0,0.5774531091686929,0.5806910713351223,0.5784459608832581,0.5337221183955859,0.5479560008531167,0.5727456926289847,0.6349072607078466,0.6570861443553269,0.5644471788125753,0.517327382814585,0.6882111852361019,0.6472596799416507,0.5415003413723166,0.6073398076781213,0.5825048603205027,0.4588870556951295,0.6255912791925422,0.5980727678763379,0.5832537653798967,0.5980156857557084,0.5659477246681468,0.5701652737023559,0.5384775024452148,0.6458258524876178,0.45513615104771454,0.5359208607908147,0.4866648271897784,0.5093074933515936,0.5408679677561253,0.6807951167396156,0.6613969794417827,0.5084042083100228,0.6303615246337122,0.6579484662582946,0.5536696510708288,0.560918833298945,0.6551466183029865,0.5387886535797578,0.5415308846114657,0.6241959328188941,0.6175063174763938,0.5441387641463905,0.5500326360702124,0.5382198931870129,0.5977146784632084,0.6263184280009807,0.560650389308898,0.5594975013589037,0.6310054695046488,0.658191173260785,0.5663386865028194,0.5721867957444366,0.5969664079921426,0.5612624048444512,0.553196332475573,0.5516096830064781,0.5546343439994074,0.5762651026906578,0.6637637488534751,0.508013857294568,0.5654969677280116,0.4631698897777584,0.5981679973168569,0.5717056682713089,0.5737906170002554,0.53031630515656,0.543099495703109,0.5415958103735851,0.5879010855692957,0.543869168026234,0.5761817794046294,0.5495855983783022,0.6935365873553208,0.6372133454641571,0.5488984645075181,0.6442447091443969,0.5408756686782175,0.5318270415600351,0.5750117117267207,0.5371616680885843,0.5822088580161567,0.5692659269115558,0.5112698448074645,0.5690517648064403,0.5456448831602019,0.577081869807866,0.6720792398088182,0.5487411313296343,0.6423933940617609,0.4943816627718542,0.5762046797324764,0.5629030129527725,0.5720599011715648,0.5077774552759461,0.5667115118739765,0.6197534299245032,0.5658272017355187,0.6565840482782147,0.5020820832144095,0.5810508422454381,0.5702281841664125,0.5595968886518858,0.5887584553208499,0.538709603821233,0.5468221149916531,0.603011815332542,0.5211692256403013,0.6739203047000114,0.5864136675803432,0.596259888876945,0.5332319233862209,0.6211839242095556,0.3930157925328977,0.6657023925592994,0.5171591773044871,0.5353903128358971,0.5315498078622551,0.6221330369805553,0.7370484946765054,0.6125985692096396,0.6713439667567848,0.5577619278998508,0.5773064883100562,0.5019897743525824,0.5952988694616118,0.5243256670962145,0.6391726563333341
0.6157481340294073,0.5917768333715647,0.5838943212237623,0.5539747183947689,0.5564907579413553,0.5529610253571581,0.5032653381496954,0.6004319808956576,0.5680894877760126,0.5511365158868216,0.5931867518760019,0.5433278382856637,0.5917818753932279,0.6292927190260783,0.5047483653170072,0.6737264634750191,0.6644701644642691,0.5969685120063466,0.5636792097497632,0.6371238485362084,0.6308388231846043,0.5677489175859003,0.5247067410970901,0.49611911012025817,0.5760495490161593,0.568164760226796,0.5236937435626862,0.5646998672366393,0.5796445739849035,0.5185689178595858,0.5716555557899742,0.6154891859255313,0.5341657938340276,0.5116028864422512,0.6609724043862893,0.6587867358039777,0.5774531091686929,0.0,0.5615005280835643,0.5520573108666924,0.6074688296898301,0.5343349984425617,0.5794611920049013,0.5827193099916707,0.5971871141276393,0.559079205091219,0.534088150424745,0.557861075699608,0.5881607248913174,0.6988663468955169,0.620179518397004,0.625160327784077,0.5360570196215257,0.6067477195135587,0.6181979335611474,0.5267716442529209,0.6697520347157156,0.6310154792772675,0.5875188365611764,0.6413011919765367,0.5778968449673844,0.5419165934702308,0.6087578565655657,0.6388472782843535,0.5370908048738987,0.5415889839821371,0.5541859297165608,0.530044824267936,0.6128687014043362,0.6051505864942298,0.6106333403145676,0.6773127129791634,0.6285352420357869,0.627250824302627,0.6685069585002272,0.5178281003375105,0.5604259178785241,0.585094322407839,0.5799472178470907,0.513990220857931,0.5442238842726281,0.595640517676407,0.5425104859144836,0.6511502563096395,0.6661534421745647,0.6802339911237553,0.5682069326804119,0.6265785444380356,0.5828230341254951,0.5007673355290759,0.6734199935729489,0.5594370902378671,0.6674611390548215,0.5614260568879542,0.6706225369010554,0.5439368318151119,0.5605942752405703,0.5593017999874954,0.56960084295574,0.578931216436135,0.5818899565110284,0.5349537279026685,0.5460883919473399,0.5260378878474588,0.7192902153464249,0.6012025730662263,0.5917678025902954,0.5734130585570689,0.5615105472119956,0.5113274857611437,0.5481776850002446,0.672943546334725,0.5811160785907685,0.6593924416386614,0.6166723516498966,0.5963612421530661,0.5692908508349357,0.5608488139126183,0.575812710818627,0.6266772872474021,0.6904510383698096,0.6121377227823603,0.5792192675190468,0.5727045756955164,0.586902464843467,0.568640465089027,0.5978807500641182,0.5386267842568196,0.6326181220713843,0.6114901110006115,0.5484679802031968,0.6483394176980918,0.609904636593696,0.6509244436710024,0.567292274840038,0.5208145642916158,0.5261603996140763,0.5821033418122555,0.5567565045505453,0.610468069325371,0.5163979337815313,0.6573326966435825,0.6350148075185635,0.6499876332890755,0.637178927775185,0.5539685063069993,0.5804004355755054,0.5253424574554258,0.6218753866503383,0.4873564299471201,0.5997411720898191,0.5767348641534215,0.6337822289138614,0.49832547375547254,0.5720166144674673,0.5553466250801731,0.4900229563839153,0.5431768168300449,0.5288453157912905,0.5963050624717843,0.5078322092090044,0.6356189385153024,0.557675555537468,0.6139149212360014
0.5173051816242017,0.5473785357978433,0.5012692271050407,0.5460111445392082,0.5416103412283397,0.4914503507458256,0.5659192379330209,0.5431962169368479,0.5050627215464338,0.5093923325222116,0.5344497133906528,0.598798884025608,0.49835703148225863,0.48909773334758355,0.572235767713201,0.5298260723355427,0.49285853957509723,0.48841346530487184,0.5482884019004887,0.5221227267278153,0.5865238160036833,0.5295401130257233,0.5002381900164815,0.5410886015233823,0.5465899988560515,0.5482438944951407,0.45793367863905504,0.4544883945444792,0.5271920069402316,0.4627246790753921,0.6544702264884225,0.5328012663053336,0.5410361981724907,0.5083117195716799,0.5546154294409755,0.5846490230544904,0.5806910713351223,0.5615005280835643,0.0,0.518686864928754,0.5704604998671353,0.47053267091061096,0.5583829743137704,0.6300240402606648,0.5708089162702857,0.5216426419350901,0.4774035809399258,0.5852789907710362,0.5793666696775004,0.5616809871314901,0.6084692053490274,0.5165432772918578,0.4603577127937647,0.6430818436675042,0.6618766876427562,0.4876557931056597,0.5676909975419906,0.5400917255260248,0.5295563620580861,0.5456219248356392,0.5416517333228632,0.46920679480978233,0.4937301939908987,0.5023144052836311,0.5171816961195725,0.4957792935815559,0.5704488303510802,0.5254655497925007,0.455984241955457,0.5263782893935295,0.588602505039685,0.5603961833864234,0.4904469921299098,0.5641452114569874,0.4818662021454884,0.4881626945179699,0.5901420780151878,0.6021900943611775,0.5224406857694951,0.4896968851269652,0.4801967520523932,0.6049266167856435,0.5387259585859644,0.48612042403744016,0.5487947228389376,0.5477764835333955,0.542351400628352,0.5648211454200073,0.5064413108732213,0.531459815142798,0.5419811799545504,0.5822317924907524,0.5936885658084112,0.5175564759621092,0.5642144911199358,0.5831365152686059,0.5376755544234154,0.5085639399943693,0.4928889599924252,0.521174580063631,0.6024997780466221,0.578124131122873,0.5461210818774881,0.5223216010225239,0.5387340026030204,0.5150426018779647,0.534074440420352,0.4718568806431158,0.5282885948428239,0.5305396821959496,0.6114038748448951,0.5851911300866527,0.5089943214893571,0.5252763630853912,0.5011675883460283,0.48017806948757535,0.48014305383964156,0.5735661823542068,0.48998566550200023,0.48253725805724884,0.6078608942655376,0.5622072990766871,0.4866618905084029,0.6038120320609285,0.5294013944486152,0.6060577800858092,0.49221216114053473,0.5842481610239975,0.5280310025597986,0.5598408826784059,0.4448144584000204,0.518762406753926,0.5406886510943237,0.5809586046414005,0.6272197647091449,0.5046883783594827,0.4960182413174441,0.5749197863761318,0.5084107081776371,0.665301605552725,0.4976345044447874,0.5299908897726255,0.5922098639898417,0.5681096860733369,0.6548301719263577,0.5197837467697156,0.5981871143446311,0.5095711474236265,0.5322471430467306,0.3955962095221632,0.6353475538953064,0.5133249634425431,0.5391242305800636,0.4934975361295361,0.5733617729370717,0.5981927262748459,0.4833930103810571,0.539200874526771,0.5216892599427112,0.5339088524159167,0.45487725004030155,0.5375429279708025,0.5469132893092518,0.5630046038830475
0.545385305996357,0.6026575311280972,0.574391988660669,0.619563645179481,0.5230998697691182,0.4804085038386529,0.6141143802158321,0.5374732794187151,0.4674902375003599,0.5870567170327388,0.5602572946006735,0.5166076141449558,0.606751934147579,0.551370383284362,0.5754289831883905,0.5656909316377718,0.5791694254081248,0.586885466694483,0.5006317891579625,0.5324907086754749,0.5711132410491597,0.5717500491075029,0.6051105353653682,0.6390106670893874,0.5529407744952977,0.6069624958952947,0.5671182543072142,0.5509997256706451,0.5881399184437724,0.45403806549988746,0.5088613836856098,0.5178910893142359,0.6014794892868719,0.5058991186593079,0.5433526296834407,0.5238731500720047,0.5784459608832581,0.5520573108666924,0.518686864928754,0.0,0.6064808855217547,0.4817467134211293,0.5193077430120678,0.5380462241417613,0.6127909990989564,0.5896370730044086,0.5077114018782867,0.5276685449405741,0.6425281356407665,0.5392138761026505,0.5804446991510394,0.5608630430874868,0.48151623492096324,0.6130400628477577,0.5680089588331415,0.4881680339278681,0.5658396017944902,0.5027571408480077,0.6165875689029405,0.5770257815181732,0.5487441265090922,0.4361073936780289,0.4993113630416483,0.48910627575498394,0.48560371272055197,0.5031126759955338,0.610126689950387,0.5444687886249396,0.5261511817560052,0.5316721771802037,0.5502510102013277,0.5608592088574249,0.4984869861534892,0.6596869575895211,0.5137903090278148,0.49314059599021454,0.578938420319038,0.6247714846130864,0.5344561267513723,0.47256163261855666,0.4877677762513881,0.5231051082248771,0.5510266379244741,0.5288917903682994,0.5183889209938906,0.5926426236685507,0.47357992131579874,0.5356783871959618,0.5443574590236951,0.5034994584520393,0.554396767604065,0.49592426243180787,0.5669057934297757,0.5180372585252595,0.5684449602740066,0.5314628867652179,0.454989388772938,0.5014207301632977,0.43743806811479075,0.6149674252789743,0.5252287077214643,0.4893252544998456,0.49726444311483825,0.5140802969820362,0.5065929880076897,0.579438813579844,0.5318972871033532,0.5504360768269635,0.65717547023012,0.5566500645283373,0.5465321396731218,0.5198928935995629,0.518852813279791,0.5054713047571375,0.5561060046165264,0.6142928268787344,0.5044050941277288,0.5269130823669933,0.5422839806316944,0.4882614693231988,0.5693343980966878,0.5015233097598698,0.49451327159164365,0.6011998587190083,0.46798992821173285,0.5946934911672088,0.4844472107529865,0.5299077480507347,0.5577899892042993,0.6308702922901658,0.46049330489697143,0.4992245228358182,0.5233389654882192,0.49582869166752036,0.5298165620201603,0.47492039447664464,0.5127717040121301,0.6653557813496503,0.6737175277358839,0.5386142896601341,0.5331597024107877,0.48614778766773464,0.5858832075686392,0.48812755142907227,0.5642022058526244,0.5191668486474976,0.5108201089685427,0.5522811812889151,0.5452011787566324,0.38357352465034367,0.5244847346964767,0.506807773881488,0.550744985900778,0.5999853430361214,0.5540138008904533,0.5570672839640639,0.5762980770858032,0.5841097874511373,0.6025769779188892,0.5341445006632316,0.5420928658081048,0.5069104274728203,0.4901555049284308,0.5608024473440643
0.5363140870442488,0.6029028246134827,0.5447926357039398,0.5999597376814391,0.5260432034774639,0.504322408479935,0.5487294042292219,0.5506182832861559,0.4801216017666393,0.5460002512321052,0.5070769997165153,0.5321967665724044,0.5330556827321287,0.5431840689960771,0.5910998849113392,0.5395859220755176,0.5521305438827874,0.5549728260528759,0.5373379628003451,0.5358116123357123,0.5967371733196408,0.5304473187362133,0.5176582510422574,0.546467575600967,0.5349231459219814,0.5782463063750745,0.4798955396654241,0.49086580269987073,0.5857484700118086,0.4480784036166726,0.5694490284651845,0.5265550202975247,0.6813511441530435,0.4954935593925645,0.5784127432761047,0.622423637507661,0.5337221183955859,0.6074688296898301,0.5704604998671353,0.6064808855217547,0.0,0.4596136715767054,0.5666422121205504,0.6044695213708258,0.5941987725902785,0.6076770203281744,0.5551831445295222,0.5284878492767856,0.5649907899131852,0.6163514618161032,0.6250817573176901,0.6381436838544591,0.5457999091498014,0.6702586990288096,0.605424191457948,0.49043890354813197,0.5968758819230101,0.5280819303698234,0.5824277631772813,0.6176014783535145,0.5376343933800977,0.5001895358609483,0.5648809322560564,0.5263467311604179,0.541540920109163,0.536210276127045,0.5387110894202806,0.5257362496791375,0.5069179279982078,0.5208128235701414,0.590409188103835,0.6229765462146877,0.4940441302976095,0.5958931250048052,0.5320292548385539,0.519204825499802,0.5194229045979181,0.5916791844786309,0.6182444943090385,0.485703017727642,0.5381433314603968,0.5715942061755921,0.5407786180090434,0.5663891509725755,0.5623785645097765,0.6225262847983469,0.47847164383080304,0.5697734514955701,0.5613027433907495,0.48897986641960905,0.5698506753897989,0.5643306192367936,0.6325877281029337,0.5471743512393555,0.5905284338043132,0.5606944442081195,0.5365053676366319,0.5446763667719542,0.48935962691204893,0.5988705275261753,0.5577274347499976,0.4975377952678685,0.5511063111524487,0.5845700204517797,0.5887314786676254,0.5895302997224956,0.5779009999520544,0.5100982141001608,0.6798640517600755,0.5072390862723333,0.5425157972585942,0.5711394203689175,0.5134397683312725,0.5061752591731811,0.6401867842479202,0.5532634602942832,0.5459179562049993,0.5087565127535562,0.5476459015681667,0.513229557752895,0.6041146436436906,0.5753966897593139,0.5002958389264314,0.6110664289997876,0.5039615615067292,0.6406165125462236,0.5214786555335966,0.5338897723150013,0.6149752007764672,0.6750734432956705,0.46250534384266895,0.5250331017491404,0.5026117847035608,0.5429319252387284,0.5390670481985282,0.5349151956093291,0.5211255638784104,0.6813093226099812,0.5648028159156329,0.5985808293688777,0.5901679593734039,0.513474283094774,0.6071472628077321,0.5438511115948331,0.5865740042483862,0.5195330744532146,0.5566504710838504,0.5805095533402687,0.5631576619541071,0.40943825095099023,0.5543622794933447,0.5886671872294947,0.5292835843437975,0.5338975326570494,0.5883170307527746,0.537630247642195,0.46821628034996576,0.5556133723465788,0.5751899274993904,0.5229646596796935,0.5687522574889979,0.5520954216952432,0.5329293375139174,0.5330416727292727
0.5700524339814541,0.5398891999995332,0.5859334880828376,0.49869140034433285,0.55998608844047,0.5497264735115011,0.5123589780085428,0.5372318998573345,0.6255507802851713,0.5749066891814246,0.5565046907519444,0.5583554244062316,0.5262963228501202,0.47532109146759377,0.4571650730033085,0.5717974871247554,0.562988137189412,0.5294088518479871,0.5317823021191119,0.5272146621094891,0.5838900497324775,0.5802760512296847,0.5202500694571891,0.4804485831015668,0.6136673097966272,0.47522414284796705,0.48505333096826564,0.5187602852459379,0.47579001456086445,0.5893006030090695,0.5029282066961167,0.5400469369139336,0.44498584993137213,0.46509734203189096,0.5138918687012499,0.4696754828676602,0.5479560008531167,0.5343349984425617,0.47053267091061096,0.4817467134211293,0.4596136715767054,0.0,0.4852154693474625,0.4970986822854108,0.49232469090366904,0.46562711076762675,0.4938066642591098,0.49236204314518117,0.5466616813282905,0.4951118697099222,0.5169769637835114,0.5177957640383791,0.4343096851407587,0.5030298933150265,0.4752372890091986,0.5927411945625431,0.5271568478119081,0.6126427343063772,0.5113020698509724,0.4675546011433336,0.4901103699713885,0.42059848099865293,0.48558619986330276,0.4707287888650141,0.4638724311975516,0.45298002005644733,0.5050191719529026,0.5337981483740809,0.5245549108140043,0.5877657520822489,0.5265883342877415,0.4664040153800474,0.5654668879899525,0.5533935006445949,0.545229314166392,0.4463254604332907,0.5087743102444425,0.5408080129531169,0.4443557323173881,0.465172602943274,0.4908195499062676,0.5670081413978738,0.5719567595082302,0.4706117049152145,0.538597996447238,0.5544729958160931,0.5433312366259891,0.5037051005455748,0.4905137998154518,0.5131311218645886,0.5923642960998651,0.5172111447023104,0.49364987703165436,0.4570629190717454,0.5562801484419927,0.5339219019466352,0.44035785504410657,0.5380674834991235,0.45487501134349173,0.485628746359875,0.44261310768328116,0.480211163726849,0.4899308459468943,0.5088088772815036,0.4958739427491831,0.5015424993044314,0.47582650324382186,0.6158336123739186,0.45824317425528405,0.5438986534169714,0.537638109413578,0.5237610003395571,0.5374998328709053,0.5852360208707412,0.4408263308708616,0.5526826669788883,0.49856630129162427,0.530511518908242,0.5300884608363617,0.5235158185024275,0.5082872522887694,0.4904722338622472,0.5184987088843686,0.5220348481470758,0.5032418844220169,0.47449385567421765,0.4928224679000796,0.46228778569383605,0.48599131985840927,0.460789831532954,0.6192102242534798,0.586774508205306,0.4847053318247396,0.5423629296306346,0.5010884010960899,0.42885766318628366,0.47819266565450597,0.45438060284914183,0.4737312839881471,0.5204527155974799,0.4363166699328215,0.5235554280527075,0.5745564507504345,0.5370013574858437,0.5289628138328115,0.5492375385596486,0.5729382636002325,0.4653592018889454,0.5839370317732541,0.4079154650728766,0.514334408705514,0.4798237505049002,0.5595573934578131,0.4986339584054016,0.5618698562383161,0.5300664103176967,0.4849580301732236,0.5636590039432791,0.4468953198419583,0.5069144766770679,0.4442754293750143,0.5391777741683723,0.5270251647541317,0.6089973042064617
0.604276330788443,0.5170343875200188,0.5451946548390001,0.5160452304289204,0.5266623394432246,0.5094394650002378,0.5159864504458253,0.5677861415733467,0.5024784713947908,0.5338372397798359,0.5181755411127442,0.5371112275349089,0.5392543914777024,0.4697947857919733,0.564235480464206,0.5684856547925328,0.5582457070158867,0.6038201133354584,0.6296073233349443,0.6054782146984421,0.6679615959842058,0.5270580437381756,0.512058993692341,0.5283953830025475,0.5976698126924077,0.5407527672993802,0.4371540099608464,0.5019956143292438,0.47993853293943545,0.482569354437614,0.5876890253065712,0.586933225782635,0.5064021800001174,0.503511607062593,0.5473197278867293,0.5309465766537824,0.5727456926289847,0.5794611920049013,0.5583829743137704,0.5193077430120678,0.5666422121205504,0.4852154693474625,0.0,0.5920178394042964,0.5733027698825064,0.6310620226910345,0.5518250857178818,0.5707596209637241,0.5998188122127603,0.646246868309703,0.6846917526624375,0.6102339023500425,0.5164548271010808,0.5886638376321942,0.568836132160656,0.47767486237923984,0.68949286401897,0.5506223709508264,0.609565033699591,0.5468797139102629,0.5464018261269091,0.47528996209868135,0.6507320457304653,0.4883597909615157,0.6418102444137498,0.6407768372780833,0.5162497840566498,0.582161836993875,0.5468787213516424,0.5867339260926477,0.6487326953851812,0.5631688563273755,0.5165578003450714,0.620420406119846,0.5400689331645832,0.5537412983553704,0.5506323344081471,0.5240701509792329,0.6419151556359272,0.48875990842732026,0.5587812940451974,0.6191649264750795,0.5334257571313213,0.5287090238182796,0.5996544492526102,0.5724184405502213,0.5464672008893118,0.6503145180848985,0.5682950562404727,0.45885488830299354,0.5735971951002323,0.5274229758931046,0.59869579362668,0.5860618141834222,0.5664666778758086,0.524550847631632,0.5556973201529212,0.5278106359460897,0.4526816969107858,0.5427226575230001,0.497122211649778,0.6178364082808651,0.5852317162172026,0.5773973447910316,0.5999893132807459,0.6031205113840145,0.6316892353451061,0.515022072139235,0.57824244930019,0.5237722251023562,0.5744665681138802,0.5822636270213518,0.5298803260911987,0.5047937687259955,0.573509919562016,0.501611968727359,0.5782493296637966,0.6252905359410232,0.535203939799553,0.4553513773285266,0.5668648538811939,0.5561468421437793,0.5155007555261595,0.610205234045382,0.5064923217332159,0.5673701508957132,0.49252653813279657,0.490656512286345,0.5358073888596964,0.5952898686421253,0.4601637704111431,0.5749124576472759,0.5002792674851353,0.5008217190782523,0.5931437827172741,0.5591017322790762,0.5485758915077098,0.5439890957960491,0.5309459592610525,0.6708728014012617,0.5315735758065117,0.49983705651127336,0.5729443414159561,0.5363940898831696,0.5746929110612395,0.5652550264591166,0.548892232316593,0.5468127822147133,0.6087236188097458,0.37933314096476645,0.6370899671557182,0.5658774330341942,0.5491289354556077,0.49031273887247434,0.6037233135013912,0.5911601982290057,0.47894381914647854,0.5422066184580931,0.4792354813087865,0.5449701071109163,0.5316756051067075,0.556909196019674,0.5388133512874322,0.552462011367557
0.5847395220852929,0.5734915490448662,0.5251080548945641,0.577777707489502,0.5452118403629467,0.5505518180836907,0.5756826406428772,0.5312421122008014,0.504751081197563,0.5341430717918496,0.560217751255777,0.5819482332566845,0.5357185259451434,0.5151581989560664,0.5638988463045268,0.5481034348408578,0.5286475837761214,0.5210510623489242,0.5761868282064612,0.5654726448629682,0.6426865179932539,0.5381880274354321,0.4999104051239249,0.5634058884396841,0.6061054964368923,0.5940459363191352,0.43781835102508876,0.47906357470091127,0.5586253360134494,0.4528137945460388,0.6396660673737358,0.5634827802757548,0.5680131439099151,0.5301240021647085,0.6391068278086455,0.5885746227158191,0.6349072607078466,0.5827193099916707,0.6300240402606648,0.5380462241417613,0.6044695213708258,0.4970986822854108,0.5920178394042964,0.0,0.5783236689433922,0.5354508762871006,0.5180624447963645,0.708715871027683,0.6066163468809598,0.5767946810446368,0.6422043310136457,0.620717185778318,0.48076327576273975,0.6896479212365852,0.6516845957023663,0.5247737312140334,0.6001627306199808,0.5461679545240721,0.5712761931879942,0.5349139027435782,0.5615819307232686,0.4756683696652199,0.5558747899593134,0.5186147587145085,0.5521321197852744,0.5391932354298763,0.5849128326766535,0.5751434347649024,0.48002694370191956,0.5409502042469757,0.6464515688409592,0.5954370582018289,0.5541229618443076,0.5882320273534695,0.5057851371209329,0.535473968587908,0.5531299611426244,0.5999977753620119,0.5552036066757745,0.553453688880552,0.5525048949398975,0.62173160832228,0.5461254572029729,0.5354247221685082,0.5952358146583191,0.5776095969186977,0.5748208229951066,0.5796069481786463,0.5254974425901306,0.5154963021256928,0.5704015175531979,0.6061624418578753,0.5932842741956684,0.5622512223066769,0.6049988557234758,0.639030615858264,0.5390926932846287,0.5786639821332251,0.5117412656087891,0.5568369279774948,0.6057164789749631,0.5342221579520972,0.6025235670807318,0.5808436706976108,0.5760046609115665,0.5395983747005932,0.5439055895103856,0.5134109988758265,0.5466241008807348,0.5893977612311186,0.6811214202750221,0.6088471962525248,0.5994764697583895,0.5113495324133333,0.5500457623301462,0.5067623831609153,0.5438440576039534,0.5605552975648778,0.5984199386254422,0.5084242932213935,0.6107330715945207,0.5564619991574412,0.5781707951083893,0.6417860241429243,0.6059420942367649,0.6361387658542222,0.5054835422410496,0.5250904327980928,0.5926686039766783,0.5773705493345274,0.4571492436725885,0.5410243973673022,0.5433992593761486,0.6098046380236462,0.6572316632253908,0.5557823119439174,0.5307533868506613,0.6033646490227427,0.5167527938176378,0.6018145965570152,0.5680651473065057,0.5520958346100291,0.6011519917871884,0.5662696609494219,0.7117818850533714,0.5790943836723187,0.5859980196177849,0.5126779664739022,0.5854000992262314,0.40063645527262803,0.691880661124194,0.5607350774168492,0.5186383148936162,0.480817462332525,0.6235711263401382,0.6078771887834016,0.49523746015167974,0.5756180190276244,0.5861722232252679,0.565753680393873,0.5028541862594441,0.6372296583669336,0.5457649797102966,0.6098118379130063
0.583226136935225,0.6253922788081311,0.567497608738488,0.5636318984643989,0.49543915286094165,0.542896278134751,0.5543824901295376,0.6614840680445098,0.5119736709495984,0.584467965010733,0.5383910235243242,0.5965404067413148,0.638583069405581,0.5459106542942497,0.5518355648493039,0.6161341116445161,0.5728935138801907,0.5459213178913787,0.5386103644200506,0.6073293931843928,0.5998855357305702,0.5353976609208378,0.562486116096611,0.5861680513500483,0.6094083622372847,0.6464523125297824,0.5186590888758214,0.5360171398938822,0.549474877195583,0.47667623309420754,0.6219085515703923,0.5928186055610767,0.5773022389658045,0.6094277802419883,0.591965438161571,0.5932473301264055,0.6570861443553269,0.5971871141276393,0.5708089162702857,0.6127909990989564,0.5941987725902785,0.49232469090366904,0.5733027698825064,0.5783236689433922,0.0,0.639434215572561,0.5608659673625778,0.5706152749501497,0.6156069776137587,0.5815030524008177,0.5991478631141317,0.605471502627123,0.47205185862458515,0.616361186885231,0.605443441409415,0.5513934857297612,0.5962017183708515,0.5516218140060185,0.5644038112761016,0.628431019179713,0.5997619609111381,0.49003238111252967,0.5319187564410643,0.5283777759011641,0.49570634261818236,0.5426937096824258,0.6306631050592881,0.5645379829568318,0.512428535178465,0.5676066720821248,0.6058301032230751,0.5927118023930821,0.5248980811314247,0.6418727276602898,0.5389801977024288,0.5350140685887725,0.5871778849278877,0.6064410080952816,0.6216605345880835,0.49336065988330546,0.5062780906046663,0.5621475805611668,0.5704496120092397,0.5882214458215751,0.5637757284453883,0.6935057997387891,0.5578201084587996,0.5747695170042537,0.6285894999832483,0.5796269051554597,0.551183860102428,0.5683634482991703,0.5673628889444612,0.5485507658565798,0.5498058244991559,0.598436571554046,0.5200770885815498,0.6022037174624691,0.4783889230304616,0.6950600916936858,0.5721231437952329,0.5583234737298773,0.5398563173679616,0.5537445708337053,0.5717581973724637,0.6894175181281862,0.5908028525133963,0.5731831193491326,0.6261869369376387,0.5895347866034466,0.5776487596556789,0.5612244094552298,0.5639867232510831,0.5258455838590598,0.5971733418450992,0.602963898129584,0.5447637413516895,0.5411420238735929,0.5468543024903465,0.5243741780260469,0.5704937248283124,0.5638021322123807,0.5570368546230702,0.6208408987795887,0.4944081051963094,0.6519392502782322,0.5272601244270233,0.6581612209414689,0.6366927650310626,0.614547598173835,0.5025871778586022,0.5361974331047791,0.5693969871198206,0.5342126904590595,0.5841416142437355,0.48029970549714224,0.5942682439196293,0.6303216962700215,0.6168427099518533,0.5890060033740956,0.5191030215993682,0.5412876248804261,0.6043217424355654,0.5156371596870227,0.6234212749803092,0.6099226440747595,0.5719155209484619,0.5415596307915455,0.6277093266494121,0.41656116056976816,0.6027093568804908,0.5045172581236393,0.5313861467577617,0.5818544897661513,0.6077524441934602,0.6155364473904192,0.5282533544667224,0.6229799776496959,0.5306283562495894,0.5468786692084625,0.5096738194814691,0.5489897607609273,0.5100279605012338,0.5451682482130138
0.5804537426703299,0.5794389059240456,0.5456700366595014,0.5241220874971625,0.4757002453986564,0.5237263554026957,0.5277017928399853,0.5983029405518818,0.48566555295890157,0.5746708897221777,0.4820545276130308,0.5212699873089711,0.5981523358071783,0.501849626893099,0.5694277055329676,0.5683555901762988,0.5717298829832225,0.6008647917871746,0.5641016388431425,0.5859499231521126,0.6018565922647664,0.5076317631389431,0.528879180358042,0.5524265421624909,0.5685988601402638,0.5474866927782112,0.4665886292208398,0.5223590619778622,0.5053220464254793,0.47295704188246795,0.5692612602437168,0.5916642851303046,0.558276840659716,0.5245264783064633,0.5258102732798376,0.5252008170979243,0.5644471788125753,0.559079205091219,0.5216426419350901,0.5896370730044086,0.6076770203281744,0.46562711076762675,0.6310620226910345,0.5354508762871006,0.639434215572561,0.0,0.6145527352614385,0.5086494382435139,0.5841271833205822,0.6055439246071568,0.6424280396297445,0.6289723351832791,0.5601174510255266,0.581282130008538,0.54455695894514,0.5109675806686016,0.6562883517315226,0.5105912443620738,0.6053485509662326,0.6332437406809993,0.5719132773844,0.5021446157223266,0.5908609281288038,0.4750235193904763,0.57715955770662,0.6589821769919454,0.5445392520614185,0.5773007894514474,0.5132345542101525,0.5450091797260412,0.6183657710117219,0.5808941461077326,0.4842526483175478,0.6394110379649371,0.5497838703802553,0.6204906674806491,0.5473153657134807,0.5448501299806594,0.6978133606289708,0.5063015515832876,0.5701743427032873,0.5607228605523553,0.5726961729149006,0.5682937955296601,0.5587212636445054,0.6214960469825686,0.49773259377661316,0.6051037064232715,0.7001065662839294,0.49659535089275153,0.5276594768080707,0.530217221671511,0.5815813591925749,0.6304017329638707,0.5458937888752635,0.525216578698996,0.5478886648937055,0.5380720975671279,0.442070616977612,0.6699288845253936,0.5120808960143759,0.5508178881800416,0.521372244953414,0.5470262987416242,0.5756137805709008,0.7266444279217534,0.6730844517546807,0.5269451382576354,0.7514640242844771,0.5356867174214439,0.5297654903402342,0.5233898803347654,0.5275038548871287,0.4918097783585957,0.655545585430471,0.5698014685792046,0.6183491603740515,0.5341195452083516,0.5129719641422372,0.4685365264923155,0.5397259411371482,0.541899189317807,0.5052985108325423,0.6610277810808725,0.4715399220303161,0.61411452228054,0.5133423774924682,0.5344894515779586,0.5609878896774484,0.6446106700814335,0.4809088457330034,0.544411548381062,0.5121221101443425,0.4793313021476523,0.528409797095386,0.5310187150675334,0.5972687100046157,0.575419015663445,0.5478336464935369,0.6149698729708524,0.5454192938549185,0.4935045322403701,0.6004062980690634,0.48987942047248006,0.5450976976628155,0.531232357968265,0.5289115275435073,0.6625714029285136,0.5901870785123513,0.38497194966986964,0.5574933411302226,0.5744059320932376,0.5117102115128616,0.5570789075644706,0.5814189477052665,0.5777650248963402,0.5052535807164855,0.5897693310512022,0.4949937633889797,0.5471184486910001,0.6131472100603766,0.5403517611873919,0.5225043179365407,0.5067237479573935
0.5594464433381896,0.5768314398472397,0.5353613656082867,0.4680418111547268,0.49616329474834114,0.5383647530518553,0.5019413729249371,0.5398723943277164,0.5144470519264133,0.5510123922340957,0.4484854051869879,0.52036441980261,0.5331112070661669,0.4929748294188095,0.5087863796088631,0.5374067919809756,0.5392182034667334,0.5362269896310092,0.5166331296915313,0.5491216911140812,0.5605438901108579,0.49184913629089244,0.4891996710739763,0.49234276218726813,0.5401787362199058,0.4976584275051668,0.4376332031832945,0.468527966092984,0.4869632505097602,0.49803972813170366,0.5549759483888009,0.5704277071342221,0.506927776486125,0.49182250035203273,0.5265020313180596,0.5241157332931101,0.517327382814585,0.534088150424745,0.4774035809399258,0.5077114018782867,0.5551831445295222,0.4938066642591098,0.5518250857178818,0.5180624447963645,0.5608659673625778,0.6145527352614385,0.0,0.47553762887455314,0.5241934845202519,0.5797012223602962,0.5628654218118325,0.6144860139516417,0.5268758609976437,0.5188600672749076,0.4914872465400952,0.5678916088103568,0.5657781617922049,0.5141023684556014,0.5338823146523537,0.5727045459068387,0.48258966781190943,0.5179365302335756,0.5407608530776865,0.49034502091977883,0.5301735943452427,0.5361755855386563,0.48332595348786733,0.5522510174706905,0.4908684064943683,0.4942289527801955,0.5792884380396671,0.5425500128951829,0.4757055889665028,0.5442720642161478,0.5214724467924833,0.5524556893154303,0.4741465584541383,0.5364293128527919,0.5557000241290506,0.48089190921411096,0.5430981528940999,0.5441500965028929,0.5782890171105054,0.5150004715090561,0.5300679035424343,0.5993044314133742,0.46551260788756793,0.5552793261818556,0.600732961793613,0.4983099221300343,0.5292061766003038,0.5682117016189994,0.5450528786073846,0.5334389952846691,0.5164719524856298,0.5334919800379997,0.5058047326472664,0.5745150792323543,0.4723497175549541,0.5825594827522678,0.47534332585410244,0.4714164959562865,0.49844796013784076,0.5416538367193316,0.5548362271865303,0.6456967218559311,0.5572600540733182,0.519604724366117,0.6094458978670876,0.5125808024354661,0.49536996226189783,0.5102844438945305,0.5014950100096721,0.47127622419177306,0.5604367006325167,0.5529267351483715,0.5849240138405711,0.4950199951574655,0.4976940972266746,0.488548854216995,0.5273578247273875,0.5002852843708903,0.506554233377851,0.5779225212631671,0.47416667648649624,0.5395169105444662,0.529340990057478,0.518594763218916,0.5412456691303082,0.5533053664681976,0.5307681957636403,0.5317779903761327,0.4527431437189235,0.48163461502340854,0.477657286786732,0.5035685261838457,0.5874751809826626,0.5264686337366704,0.4785072804737972,0.5461128500368172,0.47976014707114034,0.5126025298350633,0.5807918008418833,0.49002921781481806,0.5145089265999486,0.5595000259710183,0.5640589073260652,0.5588865326145517,0.5935176662244965,0.4053539984772586,0.49799731045349727,0.5363369799774024,0.4795390239798544,0.562905824522957,0.5459479080763027,0.5079372247283465,0.43830436658097355,0.5580164331328592,0.44880549788168017,0.49739956473649544,0.5348587206141259,0.5368869212421283,0.5013629823921278,0.4845550593997251
0.58211015065192,0.5438463393719806,0.5386829333310933,0.5362695010551829,0.5157475351938828,0.5392423853313227,0.5296282410122481,0.5261255635904595,0.4870277540015873,0.5261794189949186,0.6070580587573229,0.5488361097505938,0.5644579205104502,0.49783674596567035,0.5277346970523961,0.5667826065034753,0.5252365959131832,0.5137573405919184,0.5400468971349862,0.5759795019122756,0.6107808694931781,0.5508509592882104,0.4834416361714948,0.5723534233622948,0.6041518007431349,0.5881643386865245,0.4364696843075449,0.48696173778489227,0.5444385327622584,0.44244332640985035,0.5748035707317412,0.5499086075808051,0.5119504428233045,0.5113041084820774,0.5917369027550569,0.5262331181849973,0.6882111852361019,0.557861075699608,0.5852789907710362,0.5276685449405741,0.5284878492767856,0.49236204314518117,0.5707596209637241,0.708715871027683,0.5706152749501497,0.5086494382435139,0.47553762887455314,0.0,0.5908063897869559,0.5325899815367862,0.5790970933748373,0.5633610221287183,0.4438679008307515,0.6228148185280824,0.609568918420682,0.5006645929248494,0.5698435949840996,0.5255667079717479,0.5468638760415931,0.4973693404025252,0.5868903891981758,0.4386922723512783,0.5334079891854064,0.491322365655324,0.5095262659334711,0.5245343312943039,0.594903988678691,0.580593041046527,0.4846001031231482,0.5541392899111575,0.6129365754358043,0.5460785356879843,0.5511316038884642,0.5824417701888949,0.5002589024905291,0.5051141127661742,0.5654865203178366,0.5613368407268512,0.5241435030512012,0.5417685782252094,0.5267910849615378,0.5580722860365371,0.5281445624667019,0.535942191198841,0.5480314050146821,0.5553225204703558,0.6088825465829153,0.5331970060217726,0.4983146619514164,0.5044285042563368,0.5314921904283788,0.5139052197659174,0.5418161202903075,0.5356937375546893,0.556741669015315,0.5974176921157018,0.5053328073456422,0.5268922359896224,0.4639605811571172,0.522642517275474,0.5719554116654976,0.5406774067351185,0.5278969192489095,0.5234312416710806,0.5270024413271602,0.5236252658199922,0.5180620736445354,0.516200889913635,0.5067457190977154,0.6233405283215957,0.6317563276084406,0.5525457379880891,0.6036611430794114,0.4991011575116409,0.5130576687869988,0.4976279235751598,0.5060820655965866,0.5691782599767652,0.5872128463981735,0.4760491311166315,0.5719579412238768,0.5107638930107535,0.5787757500371207,0.5922892477740406,0.5716815800905009,0.6017078789168525,0.4663319500066424,0.5107077831391397,0.5580235359696586,0.5485736097095839,0.44561264506917475,0.5369498921849722,0.5690307796775621,0.5568709114892201,0.715820705919517,0.5259416389681622,0.5286058470372632,0.5550909096339981,0.5301148531517916,0.5497831846688045,0.5318339150490792,0.5314382718309568,0.5381257624808593,0.5195820170879115,0.6829388090940263,0.542014522914242,0.5442203218367468,0.4847101306933436,0.575454452111351,0.3889606019245595,0.6556632612765648,0.5043125448536828,0.5129820782594151,0.46692049076527103,0.5765395038964327,0.6285876688153987,0.5408990677119576,0.5603805466987593,0.5522693457551302,0.5418617961040004,0.47831354588028263,0.5792132937711205,0.49976596121848527,0.6130546534744854
0.6316988057559074,0.5943809572067292,0.5680715693471164,0.595040962678663,0.582428337546865,0.5142221843923149,0.66586894344416,0.5583822885825555,0.524942096458862,0.6112687402520253,0.6228678418803166,0.6075581694356786,0.5949348600235552,0.5278460096702116,0.5750647211561789,0.6186546451727056,0.6150871178520542,0.6180663025537856,0.617728453791717,0.6110425950356597,0.6578552622860905,0.5873517562572028,0.6827197394084861,0.6253946583954333,0.6784856863166262,0.5787107516448471,0.5338807184935245,0.5907065210567101,0.5647739005362024,0.5216029128616825,0.584528437821377,0.6002467030687345,0.5358292932420458,0.5698376375245394,0.6101358981337135,0.5446872814363731,0.6472596799416507,0.5881607248913174,0.5793666696775004,0.6425281356407665,0.5649907899131852,0.5466616813282905,0.5998188122127603,0.6066163468809598,0.6156069776137587,0.5841271833205822,0.5241934845202519,0.5908063897869559,0.0,0.5867846610241936,0.6543964725170889,0.5772071352595223,0.4842901042921571,0.6280775784523807,0.6256414117469403,0.5180694846614743,0.6552713936036508,0.5717772816752827,0.6626512338396512,0.5755150944943243,0.5532245330970538,0.44618594282739765,0.5289545448200336,0.5178500714099342,0.5349581399651441,0.5315122038247861,0.5979656050828206,0.5675467764261497,0.5486783388055079,0.5877026104478738,0.5881864470042463,0.585434447122054,0.5541352386162073,0.6855680235071907,0.5385165093446845,0.5352343551759994,0.6253053320460649,0.6374212956026399,0.5424367945066827,0.5038105695286554,0.5062683528455798,0.5926262386281762,0.5755680805451321,0.5163398312885081,0.5915632755475664,0.5966624220091854,0.5402510134940869,0.6157032175840506,0.5711581946735875,0.5100144009772977,0.6206156334486704,0.5527014800087651,0.6263973711043469,0.5632202042749644,0.6080558833867064,0.5659696488858282,0.4769132987910543,0.5478796575956091,0.4706307521117579,0.5897844478894899,0.5444985269388981,0.5508842811131696,0.5636197814238691,0.5621474539380693,0.5513640796107797,0.5772357628922552,0.5582594713128428,0.5954555293114263,0.588406418754845,0.6051984424460303,0.6720995808549219,0.5915653666084786,0.5547580559617165,0.5559500262518148,0.5396991672320114,0.5786755597591359,0.559388511537565,0.6944257798438849,0.569887724169356,0.5002530863261301,0.6103923900896336,0.5209352886890039,0.5488987103792848,0.6487989170018078,0.52548232001652,0.5998998475593473,0.5014082981799063,0.527226389869388,0.5681125309435566,0.5821495932337772,0.49243798861925336,0.5404581324535955,0.5483045549618089,0.5418991743136548,0.5968588804131343,0.4979616319932378,0.5517166742128172,0.6104759315314026,0.6153724035066077,0.6302820823662871,0.5171218063772323,0.5329788612055356,0.6451211812903748,0.5389817849342601,0.6293356668891693,0.6065952255627887,0.5540838873722539,0.5314161387497671,0.6278965065730855,0.395880702559253,0.634839726174439,0.5450802335727783,0.6271109613222461,0.546769846519834,0.622139585686375,0.6068549201971908,0.5814103005026359,0.5982584477866045,0.5659459022229317,0.6061806020086348,0.5054730613083316,0.58339713186453,0.533183216724109,0.653271458328395
0.608761317065061,0.5625575280323059,0.5503673247221728,0.5222682739313491,0.5526609202496099,0.5192612958018152,0.5097686786023645,0.5607769603175786,0.5362944133731768,0.528036393505422,0.5273604003350741,0.5205974564037594,0.5539401405399145,0.5773896462056635,0.532519387394093,0.6005194642697985,0.6132307160640251,0.6102774436373873,0.5762584960317548,0.6271544459717304,0.6257541120411573,0.5415514422664449,0.51019762628335,0.49260297920821167,0.5465667648520585,0.5353220038610509,0.4775370611819592,0.521214915139038,0.5314180411953137,0.4996092144827006,0.5800231405840522,0.6233277750288221,0.529048051792074,0.4984703134261112,0.6267490879163231,0.6475032379708607,0.5415003413723166,0.6988663468955169,0.5616809871314901,0.5392138761026505,0.6163514618161032,0.4951118697099222,0.646246868309703,0.5767946810446368,0.5815030524008177,0.6055439246071568,0.5797012223602962,0.5325899815367862,0.5867846610241936,0.0,0.6811467294226157,0.6257860218639362,0.5956290773129025,0.6046305061342402,0.6094461865750967,0.4949570173083623,0.715899794087171,0.5696973126982988,0.6329188679352761,0.6780121347689992,0.5440906538245818,0.5680085650963308,0.6382960655073465,0.6066854231098451,0.6221054012521335,0.5895224880464831,0.5231679669873633,0.5358921290375274,0.5923841436576882,0.5530762188200674,0.634267539500783,0.6952751862755816,0.5685602435346248,0.6207620225414736,0.6055483613163896,0.5487522422698828,0.5473722874965635,0.5511704435623077,0.5957955900260473,0.4903771022191433,0.5414791376768608,0.6160217793910853,0.5271943046676112,0.5741572846960062,0.6425819651475265,0.6120029922691096,0.5178258118802676,0.7207607118972015,0.5893125428893581,0.46808347879645623,0.6387936139010607,0.5691963401018068,0.7248029914184908,0.6014560833657709,0.6415932955663577,0.5139138668199024,0.5967805392283839,0.5318184288774098,0.5492967290388623,0.5801821623652841,0.5543293567080754,0.5438764588188761,0.5563566448940948,0.5213261850872185,0.7518992599692235,0.6064835722561787,0.6310805824324873,0.5133066088519611,0.6034145607566098,0.4912277537323848,0.5410686139866504,0.6488763703272757,0.542275268915699,0.5582465112537771,0.6376927782833949,0.5432326538927332,0.5818734585735373,0.581802117745437,0.5369582459759888,0.5357435333331819,0.6783176888734728,0.5739217606718571,0.5345299804048025,0.5799090947326476,0.5542682015065074,0.554782744040369,0.5968160148076148,0.522525377440856,0.584319228586642,0.6417520562424592,0.5001623405407797,0.6039748698029986,0.531744448985568,0.5700617093346191,0.5524688548475013,0.5701410775176861,0.5251774742713035,0.5880349351809766,0.5288866398499663,0.6320759035542839,0.5151154095347171,0.5964993370612175,0.6442996217019367,0.6219400584935002,0.5847440688208438,0.5559183351653957,0.5670506383331834,0.5388843099730406,0.5915671001396436,0.44205028424408543,0.5871631625244136,0.5959148314403019,0.6104258468386202,0.5030398820071229,0.5461611614666559,0.537775388855476,0.46457932028268073,0.5137454978945417,0.5034416704240315,0.5838441022594315,0.520780344151273,0.5955217642850171,0.5386152477830557,0.5585195103769004
0.6133638862884594,0.581106485961514,0.5734045671735387,0.610671815445664,0.560206867496751,0.5570789119403815,0.597606157612391,0.5924374212949312,0.5249711371047048,0.5839192452288614,0.5565759968283408,0.5690572911424532,0.5806159172240065,0.5353541018129263,0.587167523113034,0.602463516020789,0.6013834273502828,0.608926640463606,0.6354588734315023,0.5789361408773204,0.7100456851720484,0.5617749838279605,0.5418559863047206,0.5418551412579903,0.6120209263648738,0.5770058363038051,0.4767195505592591,0.5295191098329699,0.5412463080109536,0.49831317741751957,0.6134602792935618,0.6513386245341202,0.5803117693711314,0.5244649204598346,0.5824519822322539,0.5943921742461582,0.6073398076781213,0.620179518397004,0.6084692053490274,0.5804446991510394,0.6250817573176901,0.5169769637835114,0.6846917526624375,0.6422043310136457,0.5991478631141317,0.6424280396297445,0.5628654218118325,0.5790970933748373,0.6543964725170889,0.6811467294226157,0.0,0.6521313266834847,0.5639046328002975,0.7150499134680204,0.6658479705777443,0.5186402025608781,0.7258565015302788,0.5905109730618447,0.6789617439925016,0.6219612845418181,0.6083421262441506,0.5248921816218949,0.6437946065064202,0.517499369605878,0.6343715327436265,0.6279382466273485,0.5879875929916849,0.6063767159430062,0.5486731664702799,0.6004808740580696,0.6905117246344971,0.6163421472949164,0.5672905636833989,0.7292295103310472,0.578407795532693,0.5798682199545895,0.6445448858934478,0.6124982916407916,0.6013292183992537,0.5371833617027403,0.5865215607464404,0.6854455162735048,0.5759030052441363,0.5538899237331825,0.6586267754027822,0.5965311206209564,0.5646457868042083,0.7444943169631872,0.6165455754372003,0.49513247209367356,0.6433562159574613,0.6033115931815978,0.6948408892628021,0.6250341421182902,0.6790741120274483,0.5682029610607789,0.5866813690620666,0.5517218110211514,0.4979267881196982,0.6259883276618882,0.5578639981724517,0.6275261074165136,0.6261076024260125,0.5710016897260066,0.6525823889567386,0.610133931430896,0.6775975178855228,0.5265840420846382,0.6342486272295834,0.5441786983543319,0.6470556935752381,0.6274142922178632,0.5963704865911614,0.5639282593188144,0.6049513857150003,0.5468522296774155,0.598072659473485,0.6114179955445153,0.5816981074908942,0.5157276742023708,0.6161733253310737,0.6246571272856272,0.5280976668402368,0.7067134476910862,0.5405207312356293,0.6273994649463589,0.5716416913563904,0.5347421592118335,0.5796097111914345,0.6310775273373425,0.4850433352905807,0.6152216472226711,0.5521236247910758,0.564806822369882,0.58655258436728,0.5549412978176202,0.5219443278397186,0.58647009891409,0.530420350918976,0.7031190898528071,0.5718436912783742,0.5591363626215281,0.7095167200945274,0.6070569577503697,0.6287410984541432,0.5734125091017528,0.5781816886935144,0.6070512837435293,0.5946550779620933,0.40154332421580186,0.6514767350042933,0.6287986539783635,0.5833220656513317,0.5231955411243137,0.6295908661167264,0.6101341564634392,0.5069104268865579,0.5959977421888341,0.544310769902093,0.6577931910506182,0.5615473406358585,0.6055072738708872,0.5891022540059979,0.5908153098230363
0.6246732552608548,0.5946678547923728,0.580555674237535,0.5664999103089586,0.5150284069409033,0.6059886057419751,0.5200650160962347,0.5870929976917387,0.5116997870319012,0.5687459419068026,0.5283709426907613,0.5503063421514343,0.5979909585058015,0.5352931591635699,0.5207326517958498,0.6110500030983046,0.6356900167264601,0.5848095677503556,0.5952813283053631,0.6081937213139921,0.6762884115464071,0.5265628907284794,0.5160937508650791,0.529465181717131,0.6071613091881003,0.5878334656447405,0.45772896025512133,0.5444502669121748,0.5381298280355684,0.4831041397601973,0.5671612459662727,0.6141523090657333,0.5665739967686977,0.5405738016017615,0.5974963892803189,0.5783174568160433,0.5825048603205027,0.625160327784077,0.5165432772918578,0.5608630430874868,0.6381436838544591,0.5177957640383791,0.6102339023500425,0.620717185778318,0.605471502627123,0.6289723351832791,0.6144860139516417,0.5633610221287183,0.5772071352595223,0.6257860218639362,0.6521313266834847,0.0,0.5432605356874308,0.625216301806781,0.5674379799023601,0.5524763898654783,0.6649553922030657,0.5806005218805596,0.5858817608309191,0.5949631676129902,0.5757386373294874,0.5193245563315727,0.6770717339861494,0.5223848414574594,0.5600183000452007,0.6083276067432479,0.5428810130798087,0.5688497591396464,0.538206141190757,0.56804224731353,0.6368969398965578,0.5939873117931023,0.5726381555009724,0.6373310513740732,0.603561043165031,0.5708592094777307,0.5309747141999474,0.5685475814895855,0.6505545765150393,0.5507614888558365,0.6309004528109983,0.5929246359595183,0.5593209571787482,0.6319254276587125,0.642454504606188,0.6650063295603492,0.5440959430289112,0.5896113802297495,0.6235181506365243,0.4954988630587911,0.5999619406503455,0.5708221020456505,0.5940276195146353,0.6034456451591729,0.6033082009354368,0.5644814241239425,0.5525815202418365,0.6320936628419428,0.49580359641524074,0.6405553709958861,0.5234993814292482,0.5207714822646959,0.576787881469095,0.5890639489460645,0.6426623972807038,0.6724670136421586,0.6330134564945941,0.5841251745517633,0.6150240489841624,0.5551858364692552,0.5812679316078987,0.5881145640268919,0.6101975585730247,0.5291529772050176,0.6650714386962129,0.6034715484651658,0.6628640367885487,0.5196775228123026,0.6489911798994713,0.5396878040791219,0.5750623639220367,0.578629508726898,0.6047710699770108,0.6334213280274175,0.5335541787810195,0.6032135752713556,0.5605414938617025,0.5124215929184095,0.6567415117935784,0.5886741255543289,0.5145894091363628,0.6104595750902541,0.5278624212625104,0.5560549726835385,0.5480736926180232,0.5289542272494996,0.568516798011679,0.5690060018912836,0.5290714943539533,0.5797878603458102,0.5601938415038914,0.553592473111974,0.618167563307777,0.5457822795908059,0.59612851111416,0.5835795017501925,0.5604703303213141,0.5670888689588727,0.6390424248177352,0.42750539577104857,0.5935266776152316,0.596143849092893,0.5299143684337123,0.5069658654096647,0.6346966777823124,0.5578339709988457,0.48477999678792644,0.6097252079774301,0.5226507999551026,0.5779794708150066,0.5772386636232589,0.6306930404848646,0.5416099282656625,0.564954445113992
0.5307062934614615,0.5250733074859811,0.4822590660333528,0.4645710801030773,0.44928666197075384,0.4945345617430055,0.4520266143944384,0.4818920990099143,0.47241890198998676,0.49377691267921436,0.4435208150189477,0.43264491415000417,0.5028533178683359,0.521363874047237,0.489119101563902,0.4909676456002935,0.522967162696207,0.5623880997046331,0.5081377584087333,0.5142844463176338,0.5073614155977181,0.47691951789277326,0.4318722908880741,0.4344970531525256,0.4686154078018723,0.43205737131069677,0.41965578913451357,0.47066413524299083,0.4941782703003737,0.446113793811504,0.4885922131522876,0.5396574882776185,0.5027575316731925,0.4144391390764516,0.5041753332538423,0.4963799299495935,0.4588870556951295,0.5360570196215257,0.4603577127937647,0.48151623492096324,0.5457999091498014,0.4343096851407587,0.5164548271010808,0.48076327576273975,0.47205185862458515,0.5601174510255266,0.5268758609976437,0.4438679008307515,0.4842901042921571,0.5956290773129025,0.5639046328002975,0.5432605356874308,0.0,0.5193525079042459,0.4948848151219362,0.4544012745336472,0.5859146385496559,0.4639290132472551,0.5633625306232938,0.5772312429684276,0.5053080098472633,0.5363922755018635,0.582016127042013,0.46750183825263036,0.6051351831051334,0.5757961490471363,0.45382892648336176,0.4908569869907692,0.5006456080839786,0.4793705411466188,0.5414831034846018,0.5704459429813733,0.4722443400033502,0.5240602504230438,0.5629929157813383,0.5805844412420103,0.46022147801361196,0.46374513809626006,0.5161869895731103,0.4812281405349871,0.5645787209476391,0.515420855653756,0.4946883338853009,0.5286754001810212,0.5117041257064453,0.5113461582697135,0.43763741845302895,0.5756095261257014,0.5626655358308469,0.416426609576759,0.4992055906802165,0.4885148330109279,0.5902570520455122,0.609189454675718,0.5457335194257411,0.4549839581512332,0.5656212798901696,0.45039046087373125,0.45927985121746434,0.5260153716387711,0.48533483848279857,0.4538208084219183,0.45327201021358116,0.4609746516547798,0.5874896092125437,0.5113868455882188,0.5516600906754818,0.44329032599247403,0.5670539137602303,0.4352956898226573,0.44976647070076986,0.4805752262936277,0.48908201655200395,0.4718585705721329,0.5940336830025419,0.4903240512574375,0.5786142670681882,0.4747360249247473,0.4652382684841889,0.4654639494857993,0.51218309332074,0.4892426834445239,0.4511050954690664,0.5335096559724632,0.4920002797386259,0.5044928632907496,0.5148537724801459,0.43596097638871906,0.4879784301415392,0.5624043060344343,0.46246997995295264,0.5224860651509078,0.47004689161123436,0.4765376202519923,0.4557853193177328,0.5785592909117399,0.475461762421582,0.4905569512195934,0.4397055838672289,0.520711235664239,0.5319978880806878,0.4953802931268593,0.556279995626009,0.49828989355660214,0.47050013622980547,0.43425600075986015,0.4736841811677331,0.5778522263579144,0.49196056476095457,0.3927111102683505,0.47743363988628884,0.6764371424921706,0.4889153727047275,0.44664858901676274,0.46558776205614133,0.4689867804603045,0.43669583001078094,0.46272694864368286,0.47366659050633475,0.5186775030040807,0.5744260526357575,0.5376032276606744,0.4801926289151573,0.4655562179999788
0.5752857671416065,0.6276295420437689,0.5898948536337533,0.6900397389222382,0.5488558132655776,0.5602054594382758,0.6163546726863555,0.5890953632936589,0.5065969852860109,0.5973169944468163,0.5883165818246338,0.583335808768712,0.583561193035748,0.5529434632091161,0.6065010145770393,0.5824422498857845,0.5702744611425018,0.5613937282336141,0.582561336122289,0.5511662004547354,0.664975710125608,0.5902379544144535,0.5283511657633668,0.5764499499677396,0.6020341070041002,0.605389387515889,0.487899148477179,0.5148104908815522,0.6126563036510652,0.4637119105332297,0.6103675370786052,0.5858726630755492,0.6628436231020474,0.5169369360953688,0.596385172447912,0.6137635008404716,0.6255912791925422,0.6067477195135587,0.6430818436675042,0.6130400628477577,0.6702586990288096,0.5030298933150265,0.5886638376321942,0.6896479212365852,0.616361186885231,0.581282130008538,0.5188600672749076,0.6228148185280824,0.6280775784523807,0.6046305061342402,0.7150499134680204,0.625216301806781,0.5193525079042459,0.0,0.7217748537540335,0.5178293834475517,0.6229924805058458,0.5716437356065588,0.6304428139524046,0.5905137274542837,0.6395462895250721,0.49120156203813903,0.5792767701473504,0.5156699173109778,0.5545526236343468,0.5560115117168667,0.6330306230634054,0.588138409477492,0.5182705736581484,0.5838892720031409,0.6495871698552923,0.5987451973254061,0.5525311698006424,0.6922997667654107,0.5521749136223993,0.530657703691356,0.6278889445681587,0.6418444513737493,0.5660616920158731,0.5246418988453959,0.5583499723565994,0.6371784009857394,0.5727910971712107,0.5624898272460256,0.5937209863714299,0.6045606096171436,0.5598279630760077,0.6140070181855162,0.5647279686942647,0.5193228995064058,0.6019244826337732,0.5929874924280202,0.6488341007493171,0.5686190524145714,0.6532699766605072,0.626423445676413,0.5607159657756252,0.5525298501762811,0.48991459125136055,0.6171983123598754,0.5944809751298257,0.57550548014516,0.5883038297713499,0.5822628698955548,0.5929334520145276,0.5684053096845574,0.5978879421935314,0.5251256047370532,0.6130118088932883,0.5704716829723279,0.6559735113576232,0.5919733137841033,0.6005236715471453,0.547120141068823,0.5791864507060355,0.5487390176547218,0.5438567351249981,0.567502184533037,0.6095009107338402,0.5237726351160715,0.6040006290573479,0.6075913371827691,0.5246280038468234,0.6801154449423074,0.5410449147332803,0.7002898683020791,0.5367420362159385,0.556093383154771,0.612616916630668,0.633034820825927,0.4707483342436928,0.571443413156347,0.5626269897927467,0.5882360292352815,0.6227005034115076,0.5328523080523777,0.5087774172771504,0.6271721978451603,0.5578962533503125,0.6285766593132933,0.6142557551740655,0.5505031147400432,0.6653624328366164,0.5917798628093407,0.6647927514844677,0.5459169319482448,0.583017674265941,0.5790324994508942,0.5828015839007633,0.40160960978997107,0.6333638629502142,0.5886309879175128,0.56265964927049,0.5300528696578691,0.6325386814768174,0.6189919843098047,0.5248310957456885,0.6096725892053076,0.6183831416083403,0.5945681922010477,0.5472594502046124,0.5839163475399312,0.5572747760208707,0.5959887544951121
0.5473624859381527,0.5734670531849726,0.5330784135714528,0.613329811460783,0.532049072446441,0.5259316369090468,0.574938009961418,0.5559346044674007,0.4863744446980526,0.546872672894168,0.587737718473245,0.5731259586518336,0.5570333537867325,0.569346615622194,0.5398674748188559,0.5912992893629234,0.5621389675466353,0.5239818064982616,0.5634390221624941,0.5454066475013537,0.601019535814202,0.5337951607125481,0.5280680733719381,0.5231846471363063,0.5655050245374981,0.5889624453188875,0.4950509605346967,0.5164791975613868,0.6175751491381207,0.4635508108193498,0.5968427880299412,0.6031356960181686,0.5844563094377835,0.5422607717595649,0.6083140353617635,0.6647118959070909,0.5980727678763379,0.6181979335611474,0.6618766876427562,0.5680089588331415,0.605424191457948,0.4752372890091986,0.568836132160656,0.6516845957023663,0.605443441409415,0.54455695894514,0.4914872465400952,0.609568918420682,0.6256414117469403,0.6094461865750967,0.6658479705777443,0.5674379799023601,0.4948848151219362,0.7217748537540335,0.0,0.4858312102725824,0.6047522505894639,0.5676752929301555,0.5876448592387953,0.6141745474192271,0.5965339493510468,0.5095919660466833,0.5433222025553113,0.5549567775246782,0.5158050472501607,0.5224743739416325,0.5940612312862605,0.5225161041752954,0.5096257418552018,0.5468586204995913,0.5817982298392587,0.6275166109258281,0.5531430090005911,0.630027680910673,0.5366606225008873,0.5195197265895998,0.640690246917775,0.6277551193240603,0.5431699434274371,0.5157564623036989,0.5051566706561962,0.5710761650612609,0.5190364300900581,0.5520860095969832,0.594830768939141,0.5630248214149866,0.5531016606328654,0.6250119876564979,0.5547262728358787,0.4909441048415686,0.5916734776219056,0.5773403706055376,0.6861413116160712,0.5569260144634978,0.6117078194809985,0.5707338236675281,0.5411245220634557,0.5286682093975984,0.5235477409707269,0.590109633912756,0.6468250303553051,0.5755375423123796,0.5742347870197284,0.5269325491240464,0.6049464377422364,0.543321547798084,0.5811825840537774,0.5019861819468986,0.5663862228022147,0.5237689548552208,0.6355574233624892,0.6098064992391575,0.5678691875417549,0.5597468698551776,0.5701162943476022,0.5193540024837784,0.5234664801813913,0.5842173653998484,0.5703183930378753,0.5357655352177761,0.6171172972121041,0.5911861452524816,0.5221470263768251,0.6074390745397527,0.5373637338171025,0.6546522695375394,0.5468310190760529,0.5717877973124276,0.6216906323052516,0.5906411811873564,0.457157222811357,0.5426979651388364,0.5891057532535117,0.5855675462162007,0.5868630252750294,0.5034122095058833,0.4925618354633344,0.6088000292722181,0.5392607478668597,0.608746566817866,0.5427922911951695,0.590637778430242,0.6174836698823828,0.5941046663969833,0.6614060232099072,0.5401419729435389,0.5374660302311506,0.5249847389758117,0.5571394886646126,0.4277435791148272,0.6227764605535151,0.5545659280613174,0.5637293227678798,0.4915116920407634,0.5709392906012208,0.560924697438395,0.5007283557885236,0.5463680039501472,0.5844554079608432,0.6336814415934756,0.4893793175769566,0.5737209834846666,0.525253069622138,0.5647752300061983
0.5585289383416544,0.6170309185030133,0.537007193596376,0.4865453109323168,0.4788226799665352,0.6305754815347521,0.5107282810421361,0.5682459842989368,0.5900019768716542,0.5829060133751426,0.48281860891402223,0.5634540610619848,0.5545431935579489,0.5023068774695292,0.4718530474710034,0.5444665771433692,0.5180693560629553,0.48841217493306033,0.5018798125334971,0.5321787096279611,0.5529965610057442,0.5131730822993829,0.4788904187380123,0.4916685487919707,0.593187162725199,0.4987146604308005,0.45084428996847875,0.47268756595187367,0.49586007719027453,0.5095104331154735,0.5707510587272753,0.5657726429701373,0.4857304432461949,0.5031265862748594,0.5292508044669647,0.4977299092396051,0.5832537653798967,0.5267716442529209,0.4876557931056597,0.4881680339278681,0.49043890354813197,0.5927411945625431,0.47767486237923984,0.5247737312140334,0.5513934857297612,0.5109675806686016,0.5678916088103568,0.5006645929248494,0.5180694846614743,0.4949570173083623,0.5186402025608781,0.5524763898654783,0.4544012745336472,0.5178293834475517,0.4858312102725824,0.0,0.5199409209385945,0.5383733641313555,0.49549727982734754,0.5078722762895874,0.5226218919944755,0.4762497094938982,0.4818469552827274,0.47402066652911196,0.46891202507232643,0.4842232670592567,0.549888352211506,0.5687779863477112,0.4567444535010711,0.5282111630476726,0.5688141314290047,0.502121218192422,0.5233565520965456,0.5359988700613376,0.5198216456275853,0.5123891427761117,0.4965271714226479,0.5616738646806773,0.48397128752983126,0.5299702475278989,0.5365520896494234,0.559242493490955,0.6303090318268009,0.5136651918051759,0.5305225144680482,0.6070002505416127,0.5481570177340653,0.5055370662705981,0.5583608994303069,0.6523455262010563,0.514672951378123,0.5995996314342613,0.48842776885017253,0.496501683222366,0.5339824312910688,0.618926095346605,0.4884339358701327,0.6241440273262401,0.4841438766740499,0.5639286647414138,0.4997119048905611,0.4746889667871163,0.48781350997420825,0.5185488072832575,0.5134169519587635,0.5561525359441566,0.5016052033569194,0.5640585603480138,0.5033491848093503,0.5908920116300141,0.527641661191278,0.5057736626508995,0.5812651307940897,0.5265639919823872,0.4820530399200267,0.5626752929453428,0.5375031998793816,0.476412646172008,0.5128394229195004,0.5507822458190703,0.5029879169899176,0.511345195236913,0.553093232346778,0.5762351812711292,0.5226211570892323,0.53287926573421,0.5266330725934869,0.5342315024061765,0.5281859741481816,0.49183096041185465,0.618929393286641,0.5541628259192979,0.5123332561623456,0.5527730021480068,0.5062014246789202,0.4555479324721691,0.5441252387790274,0.48255078763585013,0.4590390650676543,0.5234002653988802,0.4649459428325415,0.5521373776148217,0.5983143150247945,0.5078395064406829,0.5601270344906873,0.5556173828325126,0.6023556481255397,0.5152822530554169,0.5901283140421993,0.4197143010383174,0.5224383616665162,0.4996829595056397,0.47179135408161527,0.5298619346223494,0.5709222997315231,0.5635496028113601,0.4764435897485727,0.6292470791590284,0.4641315971907254,0.5097277348793015,0.481789503247156,0.5800495498946193,0.5388370319177671,0.528612228393509
0.6859808855238428,0.5836036954203906,0.568159836595034,0.5456735078931143,0.5418708775041139,0.5590986104358897,0.5349234754238879,0.589092473582242,0.5465218183219415,0.5697267208745643,0.5667737899314972,0.5534309810564335,0.6048216792767185,0.5424657861300272,0.5467143062840342,0.6470213315760422,0.6656688998353405,0.6647325713460237,0.6767209156031098,0.693877329672701,0.7034507450634707,0.5579093436816028,0.5477425072704452,0.5387772391849979,0.6249157696224354,0.5456150251404831,0.47978984717421874,0.5838333914458674,0.5349924238045121,0.5260103854622945,0.5951128170661768,0.6723015553868438,0.5267152228522233,0.5326909978950681,0.6149894600482139,0.5686537007394473,0.5980156857557084,0.6697520347157156,0.5676909975419906,0.5658396017944902,0.5968758819230101,0.5271568478119081,0.68949286401897,0.6001627306199808,0.5962017183708515,0.6562883517315226,0.5657781617922049,0.5698435949840996,0.6552713936036508,0.715899794087171,0.7258565015302788,0.6649553922030657,0.5859146385496559,0.6229924805058458,0.6047522505894639,0.5199409209385945,0.0,0.5884027400771701,0.6620963301290095,0.6379424548402781,0.595286849226439,0.5153919369081664,0.668768411655168,0.5363515400046315,0.642681935126894,0.6582344776979387,0.5518634371109499,0.5728885015444835,0.5781691054479429,0.6077475761188925,0.6602118630987533,0.6457371540106924,0.5826625994779356,0.6827477374730871,0.63704749030869,0.6105851654096053,0.5849518509765853,0.5640844467360312,0.6327784802831711,0.5480778950948447,0.5965905019878014,0.6324774119924435,0.5688304423935973,0.5938992602522777,0.6765807405828058,0.6360551386221243,0.5618977595130666,0.688953149095518,0.6422255580304586,0.486669541905583,0.6246108576810122,0.5560321823975801,0.6831368013080252,0.6936849116435482,0.6481095160144801,0.5333179772060713,0.5795294189696995,0.5511755086088092,0.49862917844157745,0.60417669084848,0.5497193192955198,0.5779241937364079,0.5609243970225195,0.5462382101278197,0.6793814932775982,0.6376952019492796,0.6680836099681943,0.5649501570784812,0.611759958343725,0.5489013205349997,0.5954437453922173,0.6222341811539643,0.58522810671656,0.5751049033874378,0.6387192877806316,0.5778718497676559,0.6658691120071576,0.6302555849168099,0.568683226823797,0.5156498543997715,0.6363213125824928,0.5667254496947154,0.5750879422371076,0.6585713747490473,0.5655394984876937,0.5895948918419335,0.5530820407466428,0.5110874779005296,0.5859743916464163,0.6169879427845366,0.5144508874539908,0.639062389572195,0.5728974040221937,0.5662939021331188,0.5927399697088743,0.5730502591801991,0.5751062474299574,0.5696418750702443,0.5454445176361428,0.6793855759070888,0.5390029732311282,0.572377716476099,0.6629704016916195,0.5777090070836662,0.611344386315212,0.5597356635884031,0.564602555165019,0.5806482650730717,0.639636102053165,0.42099163877465634,0.6554497718323334,0.6387595311899879,0.624316239297279,0.5008190661577674,0.6036539420268001,0.5956731157274182,0.5272833627121349,0.569163373170646,0.5200744702136224,0.6373565598228419,0.5522724498385179,0.6529480594842633,0.563941558314516,0.6141283687348057
0.5747483919509874,0.5542137291523205,0.6048528600576952,0.560067221116573,0.5866796161900124,0.579783400342098,0.517973897487361,0.6300748521509328,0.5865442591035861,0.5688199297183786,0.5985220263168205,0.6396998270888531,0.5488192797153139,0.5039370596359121,0.4822367745495141,0.6705398931771086,0.6269052025209787,0.5423431974882653,0.6049529636960389,0.5502748690395751,0.6353498352214634,0.5622290146059691,0.5471678125065852,0.4820528766501475,0.616003934110989,0.5291484468656955,0.518182731003409,0.5594040284015382,0.5191928200605163,0.6102136831935762,0.5568116191654645,0.6030821143566761,0.5009009145456927,0.5166253497414854,0.5523853927455139,0.562125646518377,0.5659477246681468,0.6310154792772675,0.5400917255260248,0.5027571408480077,0.5280819303698234,0.6126427343063772,0.5506223709508264,0.5461679545240721,0.5516218140060185,0.5105912443620738,0.5141023684556014,0.5255667079717479,0.5717772816752827,0.5696973126982988,0.5905109730618447,0.5806005218805596,0.4639290132472551,0.5716437356065588,0.5676752929301555,0.5383733641313555,0.5884027400771701,0.0,0.5170444602097878,0.5394512340863225,0.5366614997427728,0.47628582418178145,0.5605376781305272,0.5157854164859169,0.47913385953958826,0.4823098328878376,0.5099031660926134,0.5165801766490751,0.5600016990299141,0.6483511398040765,0.5513542345210571,0.5127611529396041,0.5709630785216416,0.6040919116552077,0.616731201030035,0.46739257686518915,0.5640017280872685,0.5893453868235824,0.5120357556615488,0.47827445098386046,0.5037974685733707,0.588860862620083,0.5600387258340107,0.5333711008134178,0.6053430731899103,0.6068238074340312,0.5843908627180795,0.5601358601769866,0.5465186488496802,0.4986886696442816,0.6979937492682684,0.5557008367957711,0.5837990580828515,0.49006733192167956,0.5764906967200895,0.5565555395159831,0.4896295861371119,0.5686865431763856,0.4926724924394109,0.528676756802729,0.4838150316216259,0.5525615573340719,0.5488464537760723,0.5534858642374658,0.5830549344101077,0.5586291014691324,0.5457918667491791,0.6017199427771153,0.49826386447382515,0.5107675692560537,0.5788893142152565,0.5925963111433897,0.5416084707110821,0.6509221498770162,0.5070000541613621,0.5816946811601553,0.5306122052840944,0.5638393157803682,0.566495031661859,0.5730900740645265,0.5573346846171341,0.6039437565868062,0.5222563325875367,0.5574850262583636,0.4985413068991762,0.5410637540105923,0.5425659302196745,0.5271422815338259,0.5638071434806635,0.49816317440614105,0.5810090359515994,0.639270646102277,0.5284234883419211,0.584404323635576,0.519205018653946,0.44103751105183614,0.49753414180168715,0.49696499418773765,0.5050752964803192,0.5965240926127912,0.47080138347228107,0.5742305493950034,0.6005480361795908,0.5960084643234211,0.5710913494517428,0.5696381480854883,0.5964341525244097,0.49647698983044913,0.611489640157821,0.45034214491216007,0.570188218265831,0.5195940295211527,0.613490440667122,0.49437995294476805,0.616297775422565,0.5328480819688126,0.4735505710804485,0.5826191320352426,0.4698278713061315,0.5662249801096256,0.45551144407179583,0.5589148955142511,0.5368366838611162,0.601706582432528
0.6060610454050948,0.5750818929445654,0.5745884255469061,0.5685942479030344,0.5327618557746291,0.5045803306635491,0.5797392750503748,0.5324246141073715,0.50251048050607,0.6008789074120303,0.5484447146460417,0.5045057292390162,0.5807099426483741,0.5526360307432235,0.5697511024863009,0.5646722484154096,0.5968958711115904,0.6658854742725884,0.5660068786847398,0.5859389420906348,0.6379792284949296,0.5800048657265647,0.5462780474890383,0.5482281014193403,0.5895755234453034,0.5373183299765337,0.4858388785712413,0.5389357417860049,0.5487817340997118,0.4669498550112434,0.5386272990199892,0.5872872902479949,0.5381868835224166,0.48570879023416647,0.5758531124401536,0.5408252520973578,0.5701652737023559,0.5875188365611764,0.5295563620580861,0.6165875689029405,0.5824277631772813,0.5113020698509724,0.609565033699591,0.5712761931879942,0.5644038112761016,0.6053485509662326,0.5338823146523537,0.5468638760415931,0.6626512338396512,0.6329188679352761,0.6789617439925016,0.5858817608309191,0.5633625306232938,0.6304428139524046,0.5876448592387953,0.49549727982734754,0.6620963301290095,0.5170444602097878,0.0,0.5797385202826798,0.5679559413162187,0.4746595050176328,0.5760245969564057,0.5219555424101614,0.6275476771784406,0.60092255520898,0.5821431375584517,0.5883193037231521,0.588404461760374,0.5629656261952907,0.6223667428843003,0.6167335136387608,0.5651077389457976,0.6896964226197602,0.5583224065673971,0.5572687690087009,0.5803086709809189,0.5609597921066183,0.5477478902476584,0.4977382965212995,0.5597477940416815,0.6059242897547159,0.5420695955618368,0.5333197031012535,0.5945251416528649,0.569458031074999,0.5095519764684063,0.6748597690375921,0.5683319174741533,0.4688675589700627,0.5894872607099745,0.5339686443797275,0.6289527717904482,0.5926843979466866,0.6733193051813,0.524000819815661,0.5259096262134448,0.5141011543770144,0.4719439617624039,0.5919165850183153,0.530841444247825,0.5405468264007958,0.5557495704859636,0.5393603245988272,0.5856677179073021,0.5657909512507031,0.5989814307320865,0.5327875196132655,0.6278583096968152,0.5424610004218315,0.574137495067372,0.57689203754426,0.5702561092140054,0.5358184899850589,0.5677529835934481,0.536034596906408,0.5742304538961502,0.6097880754985939,0.5704121166036333,0.48975933750258727,0.5902851603916395,0.5247247541835819,0.5201366033595377,0.6145783330830304,0.5358121338341462,0.5649970684513975,0.5284987625723625,0.47945253514791064,0.5505442380396282,0.6527491457284367,0.47348352516775294,0.561996723902416,0.5228148391371044,0.5199711891558922,0.5740904300677412,0.5648251068025497,0.505102564873205,0.5857950550922358,0.5685360203990432,0.5982898228316218,0.5613436376978058,0.526370191707801,0.6528069931956113,0.5654288242030203,0.5837902914028807,0.5431338191136026,0.522731967690695,0.5734786527854919,0.5901929564143229,0.38751119703757075,0.5743067159330434,0.6015099838113718,0.5858572490202537,0.5339898186086628,0.5660832737778044,0.581405604323402,0.5245585258729198,0.5427077676814348,0.5564528992280776,0.586262433954396,0.5949126112921417,0.5748691135383098,0.553016958564919,0.5755257405234006
0.5623355896105436,0.6041062430444092,0.5250975186868583,0.5304297483660176,0.4959645453993727,0.5232413868517504,0.5177683977867201,0.5727430561730451,0.5036336578330299,0.5390986717993675,0.5055791967073654,0.5225911871693734,0.5849039777397562,0.6252147132498505,0.5137407106861628,0.6016880862998379,0.6052338624471496,0.5576133819408076,0.5340381773007238,0.5808350658770963,0.5608488275658146,0.505221814165435,0.5268384471515277,0.4947986195727161,0.5250376708339597,0.5406006678995815,0.5176367044986724,0.5400447796950104,0.5687360849062302,0.48997266652220317,0.5660974012784055,0.6257424516842615,0.5626755444886078,0.5347342918571282,0.5916007647323425,0.6468950796368087,0.5384775024452148,0.6413011919765367,0.5456219248356392,0.5770257815181732,0.6176014783535145,0.4675546011433336,0.5468797139102629,0.5349139027435782,0.628431019179713,0.6332437406809993,0.5727045459068387,0.4973693404025252,0.5755150944943243,0.6780121347689992,0.6219612845418181,0.5949631676129902,0.5772312429684276,0.5905137274542837,0.6141745474192271,0.5078722762895874,0.6379424548402781,0.5394512340863225,0.5797385202826798,0.0,0.5573657372823152,0.5930406491956687,0.5546476655961395,0.5771416634346719,0.5251004881398532,0.5503330991175474,0.5418572962955963,0.5053580381559903,0.5275275192780241,0.5179328428153149,0.5708677855237826,0.6901015582062854,0.5246279765238893,0.6090010734412462,0.5873053990420325,0.5662519891978275,0.5579891810080431,0.5777164288626401,0.586628450073096,0.5010859332285763,0.511564895571902,0.5422244532865818,0.5323519603715676,0.5952528288527154,0.5843011990443328,0.6198046560528555,0.4915209831160928,0.6325826811394545,0.6638411193511791,0.49503376687027517,0.5719402043071772,0.5662941128344843,0.6821454266312584,0.6026927922517628,0.5822829305891695,0.5128790018593459,0.555803073929452,0.5304632128567738,0.5352520056171246,0.6749739833652414,0.5909466552820483,0.5135586814244129,0.5096053912173609,0.49180285561551285,0.6587876525700762,0.6339525318920315,0.6207028809499434,0.5116942179945239,0.6530947683039064,0.4900145224281517,0.5213567837128971,0.5707626422666776,0.5307301995845398,0.5473048518210298,0.6772839882795614,0.5906504835052074,0.5752896672253902,0.5246524007911321,0.5114661636373992,0.5598720644759441,0.6133627605673317,0.5596989087554705,0.5181559005207337,0.5887186015809713,0.5049131812189843,0.5898094488596786,0.6120423221566822,0.5864035230013999,0.6143491438620367,0.6227731184223215,0.5060282468431893,0.548023667545197,0.5596823278820238,0.5439508946005478,0.5052047016061973,0.5054191325650225,0.534971859609087,0.6032404771315861,0.5297200286672008,0.5835250094038452,0.5048589993434183,0.5948152007326326,0.6409073162178485,0.5474362706639059,0.5621475697199352,0.5251692827976248,0.5306661351955351,0.5652555546962228,0.5579328178920585,0.4594063830548973,0.5420001017703703,0.5673517204771757,0.5564816433603867,0.5265925922605947,0.5256104469661436,0.5177400072732926,0.48073182497162703,0.531685682413256,0.5179431383144355,0.6016726400166745,0.5179359411428596,0.5649853013160552,0.5066992207938579,0.5143893654996944
0.5801420917527745,0.5880825860737984,0.5762861882931599,0.5724475624358246,0.46137838959048577,0.6102499752705285,0.50640691870274,0.6314273233180352,0.5016475746568156,0.5823014799868425,0.56665360613921,0.5169539133736002,0.6736478733322266,0.542756013773282,0.5172871565724022,0.6012460189933735,0.5643512823483351,0.5475030539886664,0.5400660643533742,0.5604597746286701,0.5886026938673081,0.5495269640534588,0.4741356816387526,0.5160801278474562,0.5812186329691842,0.549342214372357,0.471434946460429,0.5333414248607886,0.5512748693614448,0.45501192798556617,0.5549704837925732,0.6110687686717493,0.5550804178089612,0.49293596320410593,0.5363769020935194,0.5233408956518574,0.6458258524876178,0.5778968449673844,0.5416517333228632,0.5487441265090922,0.5376343933800977,0.4901103699713885,0.5464018261269091,0.5615819307232686,0.5997619609111381,0.5719132773844,0.48258966781190943,0.5868903891981758,0.5532245330970538,0.5440906538245818,0.6083421262441506,0.5757386373294874,0.5053080098472633,0.6395462895250721,0.5965339493510468,0.5226218919944755,0.595286849226439,0.5366614997427728,0.5679559413162187,0.5573657372823152,0.0,0.48967812659649895,0.5834360341940468,0.47052916811340884,0.5169110079836157,0.5908774397713895,0.6352713866495723,0.5930905068055071,0.5120159925663597,0.6193379930808792,0.6232894082465487,0.5488050047346478,0.555439967236678,0.6594866641236189,0.5940573550829984,0.5532123168375218,0.6196860875775274,0.5434050527555444,0.5541515214509185,0.5553813354237261,0.5821966285087208,0.561302656319111,0.5573621612130534,0.6315688799803016,0.5548593754179517,0.5889487954830421,0.6249949541868653,0.5671770138968832,0.5982439462524752,0.5185972063152028,0.5256906600922397,0.512339244207656,0.5534191827071518,0.5876588623412842,0.5819668991353791,0.5667962775106062,0.5774993029428002,0.5135643981192819,0.4506430145856345,0.6143056370616695,0.5614490827879308,0.59179584729313,0.5021620451765688,0.5014138713420491,0.569304641239563,0.5694265804087826,0.5984030788306044,0.5193671180183757,0.5519402193831577,0.5590906017542879,0.5558266469953798,0.5162842507500305,0.6655175903551646,0.5460584934175767,0.5687428635093151,0.548105945857788,0.5465889795255808,0.5195213890623259,0.5635231917824796,0.5089150206436598,0.5230456284358085,0.5807813765175461,0.5251117474050658,0.6228682622591624,0.5185017172652815,0.6316431050313446,0.5176197861465137,0.5319576603556839,0.5636515759413906,0.5744100348561584,0.48511295541256055,0.5977535561028019,0.6567769709170169,0.538943788823511,0.5860025532581874,0.5047123707788568,0.5104746834085053,0.5210001941835956,0.5143421327862561,0.5579944788050422,0.5815614678386049,0.5417520339530966,0.5839033269584079,0.5259314923175534,0.5917600598922563,0.4918449796183674,0.5232621481023911,0.5788177959868747,0.5581924052724183,0.3987253848023644,0.5921140532179713,0.5520480441948927,0.5143959760826836,0.48576652432803163,0.5610979563502374,0.6346105255792293,0.5666304614738755,0.5946399255540173,0.5417149497078062,0.5942983677210628,0.544880856392974,0.5661720158831466,0.5173945003052834,0.5468902062832244
0.46925179734684513,0.4843877473728812,0.44628918532686046,0.4411759771346978,0.42450698592140906,0.5018409947950746,0.4222798667320865,0.4871019873705068,0.4561707920016036,0.4492713441933043,0.4190726767576813,0.4405640090366086,0.47505335055838444,0.5383140738959714,0.4208684038792426,0.4933111050566477,0.4871869872488247,0.447884683752136,0.4533031576254238,0.47560735519822767,0.4794704458339483,0.4210460242667563,0.4069549152909814,0.39375750944483173,0.4424102043863858,0.46001870737953043,0.40740285247557495,0.4281029163492486,0.4653731815092449,0.42635363858681014,0.49406987287218423,0.55606555038657,0.4659448738148985,0.4498820637486216,0.49207666438523523,0.5773316376387148,0.45513615104771454,0.5419165934702308,0.46920679480978233,0.4361073936780289,0.5001895358609483,0.42059848099865293,0.47528996209868135,0.4756683696652199,0.49003238111252967,0.5021446157223266,0.5179365302335756,0.4386922723512783,0.44618594282739765,0.5680085650963308,0.5248921816218949,0.5193245563315727,0.5363922755018635,0.49120156203813903,0.5095919660466833,0.4762497094938982,0.5153919369081664,0.47628582418178145,0.4746595050176328,0.5930406491956687,0.48967812659649895,0.0,0.5170126060528495,0.5267688434503385,0.48540426622660565,0.507414352720087,0.46307648452390243,0.45284684726606195,0.44958302908422443,0.44594472365555393,0.513357902302809,0.565661662524485,0.4929415782670086,0.48711881095052484,0.5147412986328466,0.5116425075625112,0.47119528759540474,0.4773454263022753,0.4999007098043206,0.491318364404911,0.5008051832177886,0.48874884549086206,0.4534637517016444,0.5326237189405225,0.5386835771929867,0.4989739686035906,0.46405104615044035,0.5548390943825527,0.5462987246190352,0.4405379794889417,0.48692525329503294,0.5347625273924786,0.5370313117153807,0.5208070171864182,0.5179207400282136,0.4546495599287685,0.5953105741037515,0.48487969005678144,0.5727575441036161,0.538014924275296,0.5240248218404907,0.4695951601313048,0.4747846120469404,0.4289035536260482,0.6215152006021532,0.5182473448893132,0.5562565549899895,0.4253604413174318,0.5019475916875673,0.4169303400988189,0.448370788583826,0.515246396413961,0.5035708820321599,0.49414732468600786,0.5550201713828504,0.46252755535600115,0.5103192717215087,0.43199875149447486,0.45833448102302266,0.5412294237196938,0.5066145847331723,0.5421027026121897,0.4716038469038591,0.4885201752652518,0.48545511773089306,0.48346114576952415,0.6626583092088378,0.4970481061155908,0.5220999816955431,0.5024324666117519,0.46309893101882466,0.522896633522949,0.494243949420346,0.5070696642373607,0.4373338369843746,0.47340137538794486,0.44367945306875606,0.4644803656471352,0.40775066576445707,0.49316347443741815,0.4461880671032024,0.5879332425014131,0.5327943743775845,0.5325912352430402,0.49185477433214686,0.4596549276264297,0.47132796421855344,0.4940622043497461,0.4697188139373244,0.4782111575277353,0.4685304109535485,0.5147424252629017,0.4438415352177658,0.430961881572838,0.45234788267451626,0.4461183494804471,0.3882897597276616,0.45308155951605766,0.428667421870565,0.5346497285975067,0.46587395312298696,0.5178904598712692,0.486901213373944,0.4314316193454145
0.6088310371750507,0.5244315946046206,0.5615765665818234,0.5195798405106682,0.4903611083824252,0.5701681350639085,0.4675703818558432,0.5684956446298886,0.5006940069013454,0.5265662321001966,0.5161894981171646,0.48949440129002547,0.5668862455865342,0.5046226937774236,0.501090094718096,0.5839265227149825,0.6020384759937614,0.6069174152904783,0.5910937270939907,0.5831804001854031,0.620826543046311,0.5179229506990304,0.46391449538896545,0.47040711580798406,0.5525932720446532,0.5098332823603835,0.4326871701684085,0.5254440726363703,0.4952250073714842,0.47537940906893755,0.5277706215145156,0.6046202364056811,0.5159451103150947,0.4657266199614239,0.5426452329757475,0.5294224021192137,0.5359208607908147,0.6087578565655657,0.4937301939908987,0.4993113630416483,0.5648809322560564,0.48558619986330276,0.6507320457304653,0.5558747899593134,0.5319187564410643,0.5908609281288038,0.5407608530776865,0.5334079891854064,0.5289545448200336,0.6382960655073465,0.6437946065064202,0.6770717339861494,0.582016127042013,0.5792767701473504,0.5433222025553113,0.4818469552827274,0.668768411655168,0.5605376781305272,0.5760245969564057,0.5546476655961395,0.5834360341940468,0.5170126060528495,0.0,0.48662458494770316,0.6041434600724074,0.6523098643908889,0.4938252380016157,0.5534143638704139,0.5758088069564139,0.5927051687989532,0.6220980365975326,0.558336915490595,0.5525472705385679,0.6081114328463111,0.6416519989890217,0.5579649849085554,0.5171798963943935,0.49672529240025154,0.6116701120180092,0.5135069588984438,0.634510281784934,0.5768290772106686,0.517253355179066,0.6145461187822595,0.6015458842423785,0.5763051791635591,0.5424533899767198,0.6112993421952906,0.5860204587333995,0.4383836337920694,0.5771262382967838,0.505352457018816,0.5930582184205376,0.6045943542665777,0.5814927639020764,0.5034441180486798,0.5904108561794151,0.5169568650678092,0.4626793440832557,0.5522351628565286,0.48682422407554876,0.5461962054656153,0.5338406362212256,0.5314818940193259,0.6616975516029847,0.5881132918580906,0.6335325068455899,0.5132262634544,0.5547510270716645,0.4863983412345575,0.5205984633959744,0.5479761555524073,0.5732900227775349,0.5192167804558587,0.6317937676866539,0.5286859752991186,0.6206742762567914,0.5250553479097402,0.5729876529021757,0.49187380387089946,0.5380364836134328,0.5759901151730625,0.5228527450454139,0.5741891298956316,0.5142178121339253,0.548460810356326,0.5277332692957674,0.46359610206784796,0.5540615415251193,0.5678428386003016,0.4849655515969047,0.6369585452289556,0.5167418223981398,0.5152272191170024,0.5265447126448118,0.5501462312718601,0.5126108878219089,0.5051715844457619,0.48666209909572644,0.5699491742124091,0.5634283383384268,0.5241712258037031,0.5626301786556459,0.5418060475584205,0.5341828468984489,0.5062200258160537,0.517616106534964,0.5552148549286929,0.5744031748995432,0.4048901464583234,0.5683648244825398,0.6168683519673104,0.5296526240180084,0.45489231821638226,0.5545980254547208,0.5330030197475272,0.46557084827668105,0.5275451522433715,0.4823740187586121,0.5639468672808757,0.5646385847070478,0.5813058978202942,0.5137536427366094,0.5324108232573945
0.5030467170186973,0.5079858117502216,0.4836410727759497,0.4747478240002636,0.5012448214975715,0.4640371370718708,0.4587788990031963,0.48104218112910135,0.4832934437701854,0.47083324221575074,0.49759004595380074,0.4825199167765519,0.4875102789618148,0.6044836463776807,0.436479152916157,0.5420659757986701,0.5461696781876008,0.4839196856682463,0.472645918155112,0.543272405616859,0.5226638944779244,0.4748042906397773,0.48040845166866014,0.44054666119646535,0.4860724419490941,0.5184863068406528,0.4745453987637907,0.480146675544785,0.5235035084930514,0.4467216538974644,0.4991757188359963,0.5292606896102493,0.4618955908400056,0.497033787516644,0.6094790113445318,0.6755386890329027,0.4866648271897784,0.6388472782843535,0.5023144052836311,0.48910627575498394,0.5263467311604179,0.4707287888650141,0.4883597909615157,0.5186147587145085,0.5283777759011641,0.4750235193904763,0.49034502091977883,0.491322365655324,0.5178500714099342,0.6066854231098451,0.517499369605878,0.5223848414574594,0.46750183825263036,0.5156699173109778,0.5549567775246782,0.47402066652911196,0.5363515400046315,0.5157854164859169,0.5219555424101614,0.5771416634346719,0.47052916811340884,0.5267688434503385,0.48662458494770316,0.0,0.46993191430056724,0.4622099052393475,0.4961044163629225,0.4469741345925661,0.5195514293196343,0.46877728470781715,0.5039708064729875,0.6350541441758852,0.5783174929481211,0.5123222181808782,0.5177802022755035,0.4544667382970682,0.4877112027235534,0.5242391307456747,0.4898533584121575,0.4539649765990567,0.4553385319775081,0.5028151949033693,0.45056311614199085,0.5256470776076742,0.5854831049352266,0.5443504716649679,0.4774528291609731,0.5480203705915834,0.4905403310773816,0.4537726373589584,0.5616664991182859,0.5295983482990474,0.5685165668341641,0.4825767668559515,0.5704739497940303,0.47255439008504246,0.4911749788759167,0.5233816244204267,0.6638991015812442,0.5140167940891981,0.5551684793171459,0.45811619512006485,0.5098279537232641,0.4594035812991351,0.6031085566369451,0.512389348229728,0.5086685617033473,0.49606904539005625,0.4928681083947346,0.45568192083917236,0.4947720874558717,0.640094734221418,0.5032597638346584,0.5541647213891007,0.5234833732193277,0.49693185934909717,0.48820375633325125,0.4952580233523197,0.516017036788018,0.5952015204240952,0.6243262512496324,0.5042065803702496,0.5510114801737291,0.4749479058538147,0.5446714728846468,0.4807085598622857,0.5922962129074589,0.4982611566387794,0.5913696325787053,0.5257691842861469,0.47851928368363245,0.5168789855054459,0.5110349814340265,0.5797191666765423,0.49834873878781516,0.46521433373059656,0.45883776405960836,0.5375069889668876,0.49951253392001127,0.5049558081758722,0.43395172350131866,0.642492405969376,0.5470063657378069,0.602543563818427,0.5667513306398149,0.5362639833194438,0.4976469729526592,0.4392716175087313,0.5323744061823525,0.5365062001042311,0.5069968113056833,0.4804973017579363,0.5415544842613474,0.4600277513584416,0.48342263952495806,0.463887405206517,0.41842712310163654,0.45585993416529247,0.4732634530770031,0.520926954173079,0.4376098851691976,0.5439075805234576,0.49512934438839556,0.5089419150385945
0.574097831321404,0.5073777364568839,0.49368469451072833,0.4783402087898607,0.489993384859589,0.4888781865834165,0.49040294256437467,0.4949349274208114,0.4979999788930404,0.49947021729054286,0.46679749142495724,0.4667597436711515,0.4959324457426061,0.4736058020659761,0.5490468794015189,0.49276331635239573,0.5059542842783047,0.5822703353574914,0.5630030047983458,0.5572965030834693,0.5857142475845697,0.5071767959818321,0.4512950674911376,0.4830565597827465,0.52381006322368,0.46778450371507885,0.40270454365086883,0.45456028421192457,0.4624266327783369,0.44623137524292966,0.5479706735961744,0.5437543324695935,0.48780144147758236,0.437957917949071,0.5275952579483412,0.4966824898335544,0.5093074933515936,0.5370908048738987,0.5171816961195725,0.48560371272055197,0.541540920109163,0.4638724311975516,0.6418102444137498,0.5521321197852744,0.49570634261818236,0.57715955770662,0.5301735943452427,0.5095262659334711,0.5349581399651441,0.6221054012521335,0.6343715327436265,0.5600183000452007,0.6051351831051334,0.5545526236343468,0.5158050472501607,0.46891202507232643,0.642681935126894,0.47913385953958826,0.6275476771784406,0.5251004881398532,0.5169110079836157,0.48540426622660565,0.6041434600724074,0.46993191430056724,0.0,0.6574260819576955,0.49284308003138794,0.5660721416390834,0.5026813201402439,0.5162587895852823,0.642750606319811,0.5687983884807883,0.5005515877304652,0.5567241476099709,0.5158821595671226,0.5820165434465415,0.49463384728588694,0.4800740361883906,0.5510489667105536,0.493432791672004,0.5878279421198115,0.6224583090661235,0.5143566847180504,0.495040772814203,0.5596937025009939,0.520377870063548,0.4908459166777115,0.6382141754037168,0.5314974056380788,0.43983672735132456,0.5216297154585912,0.5220473092762135,0.5738044306368326,0.6183661988650433,0.5862697387974656,0.48989477196030157,0.5966954959964647,0.4800190080076129,0.4582274781218203,0.5119093836460359,0.49462980104608995,0.5232754342524459,0.5257116972973294,0.5111913869539814,0.5839388491695487,0.5227776602935135,0.5747301070722325,0.45769205161753523,0.5553364227882277,0.4866226335586362,0.5143611697669783,0.5383825961481611,0.5194258846082898,0.4762441632936151,0.5450677136304818,0.4637857304072286,0.570011706372203,0.5478773926239479,0.488325714712163,0.4416041052754368,0.547489043802652,0.5073489547832566,0.48442279899141577,0.5798664886983724,0.5442122673291019,0.5145317303645733,0.49191236521761644,0.4423956034965125,0.4823007096346214,0.5874509368538917,0.4441820650245265,0.5457408997766909,0.47555427342829076,0.4986383590659247,0.5492822798216939,0.6822044394595493,0.49834191852115395,0.5110410343980136,0.46426408960956345,0.6029034487202513,0.5390426449976359,0.48726833927512947,0.5796150803017203,0.5343966606504155,0.5281156170738215,0.49088270875486034,0.5222878627774643,0.552349391490384,0.5322637742922168,0.36536652703226996,0.5680221236731461,0.6245934049840852,0.5098947355349138,0.4587704673683725,0.5220800797691723,0.5507638981265749,0.45429629530914006,0.4882327862672912,0.4783422176748542,0.5208545809417102,0.5584700851809936,0.5675542924236462,0.5425614961980031,0.5188612552324559
0.5738544271286694,0.5134730898548082,0.5069121489609697,0.48576295535470554,0.44315913305864957,0.530232112026372,0.46989754791444266,0.5357391913658792,0.467229916950653,0.5190993162364471,0.4691953555165329,0.4696265879014656,0.5561518252461374,0.4809597358495993,0.5059140466756669,0.5317390705882582,0.5392390126723644,0.5661081775799167,0.5607751001348945,0.5803126587085383,0.5940909619501891,0.4790416373982537,0.4549940635383718,0.48829553797648423,0.5431232581704778,0.5039335851528541,0.4077385659516124,0.48937817453700966,0.46907433094521794,0.4351105166017338,0.5320667446450302,0.5924655357365137,0.4917153435257036,0.47975554524642205,0.5098560785671835,0.4946916129840345,0.5408679677561253,0.5415889839821371,0.4957792935815559,0.5031126759955338,0.536210276127045,0.45298002005644733,0.6407768372780833,0.5391932354298763,0.5426937096824258,0.6589821769919454,0.5361755855386563,0.5245343312943039,0.5315122038247861,0.5895224880464831,0.6279382466273485,0.6083276067432479,0.5757961490471363,0.5560115117168667,0.5224743739416325,0.4842232670592567,0.6582344776979387,0.4823098328878376,0.60092255520898,0.5503330991175474,0.5908774397713895,0.507414352720087,0.6523098643908889,0.4622099052393475,0.6574260819576955,0.0,0.5230257778159768,0.5699545572869203,0.4990320692830329,0.5310009140581549,0.6321048027677219,0.5643452857737842,0.5142740450037543,0.5923320598487277,0.547393539854633,0.6528576390150297,0.5239114993737891,0.48299560199547237,0.6401348381963743,0.5494874174522779,0.6556907705531378,0.559356761560715,0.5105110068865728,0.5691275020382227,0.5809584744682952,0.546058429691096,0.525989145467715,0.6070847456963613,0.6106050979367782,0.4520941088945657,0.497880136973793,0.5010585516883613,0.544921017705327,0.6979097631957291,0.5573933815986499,0.48964219326082475,0.6195968588601243,0.507815992374601,0.4431396375160513,0.579094221330992,0.5039314224729479,0.561990698611202,0.5211459523709765,0.5046788822409406,0.591960987973819,0.5980441139471873,0.6809441663985916,0.48497186362395195,0.5861749209811963,0.5124732756469185,0.5197703946905187,0.5210340484090685,0.5719612371705669,0.48225887926575717,0.6121443916801502,0.49176798358709223,0.635240166623457,0.5172414003055658,0.5233358339150065,0.4503783537187833,0.5135129810850902,0.5273096737981906,0.523468969625118,0.6016682253662731,0.5089869600517083,0.5489066168664843,0.508333642082085,0.462857764932612,0.5272449177756712,0.5835538843931983,0.4502866310999358,0.571724290818656,0.5194883428628583,0.4802771908955914,0.5455530242777465,0.5900043487533223,0.5307085017670625,0.5012782784828054,0.4785633527572174,0.5734502798008929,0.547289749060738,0.49667006953691434,0.5584418593092307,0.5003121324517257,0.538073465764834,0.4947177108000109,0.4895048976515027,0.5964839408825223,0.5537757961674951,0.3784019648823392,0.5708824014805647,0.5970421689112793,0.4835181939623242,0.4612303264141417,0.5408686851864296,0.5672005881163102,0.47897456633961705,0.5253727924535861,0.4726086602603405,0.5575414796752288,0.6131377867432249,0.5684391823910149,0.5316296110512583,0.4962429009790446
0.5443030427985381,0.5855365001704446,0.5459282417772297,0.5966682704043293,0.49054038358572316,0.5262271414657477,0.5839906269474475,0.5676807148893396,0.4969687875902735,0.5688915270797243,0.5573416283176066,0.5339870791300284,0.6041445248485402,0.550808874022796,0.5350564041634307,0.556711963089352,0.5265267074750383,0.5155995436813785,0.4944111623939505,0.5320176370204077,0.584949227186013,0.5510317488488696,0.5148806746077635,0.5745478882382298,0.5790308563040445,0.6367443488284306,0.49484034195934706,0.49404956279658935,0.5427901148379647,0.4389903503501933,0.5607463142987564,0.5489203663474198,0.5526236736380723,0.5236567077230695,0.5495093269635233,0.5385720321589239,0.6807951167396156,0.5541859297165608,0.5704488303510802,0.610126689950387,0.5387110894202806,0.5050191719529026,0.5162497840566498,0.5849128326766535,0.6306631050592881,0.5445392520614185,0.48332595348786733,0.594903988678691,0.5979656050828206,0.5231679669873633,0.5879875929916849,0.5428810130798087,0.45382892648336176,0.6330306230634054,0.5940612312862605,0.549888352211506,0.5518634371109499,0.5099031660926134,0.5821431375584517,0.5418572962955963,0.6352713866495723,0.46307648452390243,0.4938252380016157,0.4961044163629225,0.49284308003138794,0.5230257778159768,0.0,0.5994744270104979,0.48323375148000053,0.5537774562094155,0.6133083311287235,0.5593477810466523,0.5580199121059547,0.6450272744601909,0.502767523223104,0.5055137429340416,0.6536443058290171,0.6227216126533924,0.5192026095815763,0.5297513841588836,0.5133133160282077,0.5762816601281977,0.5563237446857183,0.5368272166483316,0.554953241483341,0.5819566724795205,0.5840694781496949,0.5551944610782005,0.5393795883599151,0.5960521547670979,0.532346749515522,0.5486059762535275,0.5277662511111411,0.5242189926956574,0.6079748183909053,0.5935765254857494,0.5092143145181097,0.5366468729272958,0.473590011390359,0.6189143122537426,0.5977839983524552,0.5575595847294466,0.5353288948649112,0.5006278652340932,0.5240027222650596,0.5554563093908852,0.5445575805005082,0.5240527598844439,0.5578878087088254,0.6128193256109932,0.601005736783859,0.5536252355499675,0.6315920256220318,0.5429161707425072,0.516262146591092,0.5386250378180784,0.49468262870048474,0.5175249209341264,0.5511923526817658,0.5205735067802177,0.5595929154803624,0.5524259633082231,0.5381181701631553,0.6180128684758855,0.52933393093964,0.5957182269662993,0.5210543212645222,0.5714237219239156,0.5534711666504677,0.587265474162648,0.46763020187444027,0.5360407787811602,0.6182416138213517,0.5606124254839149,0.6113833107040337,0.4831866451881779,0.4944900015916154,0.5779181196196415,0.552633858582602,0.5551399226171954,0.5233325015165808,0.5366882350633836,0.6129359375536455,0.5361894338998167,0.667885033666727,0.5464088738798526,0.5441807823004436,0.531975713105776,0.544410968637192,0.3926047138522333,0.5924564960880309,0.4941573471365792,0.5101932443469563,0.5424617773670994,0.5737034731013093,0.6697755932818763,0.5614178990117317,0.610865600195629,0.5763852267062962,0.5691446572642469,0.5094763459519415,0.5469080085316284,0.5495873905309363,0.573256014187214
0.6135286178908593,0.5868285522150414,0.599235901900548,0.5268961439367118,0.5171113885412768,0.5674848766638313,0.5596494740761118,0.5792113960585231,0.5460731708021576,0.6004092365943794,0.5245160618547092,0.5220610467587328,0.6040051241616199,0.49025554714187375,0.5963652397794543,0.5467093673377914,0.5198413213788705,0.5789867103041342,0.5226352344352211,0.5491511659533276,0.6075956988383545,0.6049599681594818,0.4801830106561987,0.5673813483929709,0.6073750735288258,0.5335562734650782,0.44604585734059804,0.4722326284587407,0.500391867039368,0.4757780784300131,0.5803464497999469,0.5591821765761437,0.5345095945245163,0.4585686445582082,0.5250349491789373,0.4826949216220268,0.6613969794417827,0.530044824267936,0.5254655497925007,0.5444687886249396,0.5257362496791375,0.5337981483740809,0.582161836993875,0.5751434347649024,0.5645379829568318,0.5773007894514474,0.5522510174706905,0.580593041046527,0.5675467764261497,0.5358921290375274,0.6063767159430062,0.5688497591396464,0.4908569869907692,0.588138409477492,0.5225161041752954,0.5687779863477112,0.5728885015444835,0.5165801766490751,0.5883193037231521,0.5053580381559903,0.5930905068055071,0.45284684726606195,0.5534143638704139,0.4469741345925661,0.5660721416390834,0.5699545572869203,0.5994744270104979,0.0,0.5069771715754625,0.6010683577178203,0.7276889961112284,0.5188233085127912,0.5108735004725651,0.62659519680372,0.5202054373023322,0.5421683748920508,0.5572211621064295,0.5591790952733557,0.5248285798105387,0.5165041451556154,0.5844799757354369,0.6291661390886526,0.6647559666571858,0.5179103781565257,0.521261658074769,0.5832873182991872,0.5651054799577259,0.568249504173346,0.5478644104258754,0.5481427692642897,0.535514672734421,0.5330151378493472,0.5269886702948866,0.5392567653126702,0.5708139947323795,0.6181818215254253,0.5229588599980423,0.5169290313090606,0.43261958222641894,0.5579065633241841,0.5020476335040301,0.5494623216765574,0.508052327914762,0.5405805724346456,0.5210247985789749,0.5681414022167415,0.5385021274203846,0.5154274354760616,0.5658833735364441,0.6118135185465954,0.5504262657071346,0.5062782450114937,0.592116476946382,0.4939930518729394,0.5115199478900966,0.5305941569812243,0.5252869709927189,0.5420871085209892,0.5234673400717655,0.4668062608678984,0.5315182586127861,0.5275684745085168,0.5009791128646072,0.6649877086138407,0.517823146576711,0.583523444635279,0.48007368450263593,0.5119408633759459,0.49690875567861925,0.5921131984367292,0.49333253251662434,0.5688889697341147,0.5183281055857509,0.5091283257782903,0.5876775532166749,0.5465319994180663,0.5444350678415147,0.5315609296144017,0.5064483244322902,0.5756745451638839,0.5608041604999681,0.4950882718707492,0.5933886018316971,0.5065505719627891,0.5759613306885873,0.5334527904196221,0.6010856715461796,0.584416587262603,0.5755474415519051,0.3598162815316599,0.571493234011871,0.5358655892984179,0.49800533729604685,0.5523326173729195,0.5814562035462113,0.7046083486362278,0.5420650824124605,0.6311339386188837,0.5120667806367697,0.521038065202066,0.5599292071839398,0.5483065575277665,0.5334882836680496,0.5698343463792439
0.5794202444664386,0.5116575665178079,0.6075054547438807,0.5087409786356101,0.5323835098029999,0.484126405765299,0.47093887400597584,0.5377870794752302,0.5160442842920726,0.5398326095756972,0.5664988875590304,0.46972933816684564,0.5635039607703636,0.5362235022025966,0.4754810569407024,0.601594301430331,0.6424387690063558,0.6673253702949574,0.5136963684335082,0.5626452649793023,0.5575397456381852,0.5770273818858632,0.5143103328843939,0.4625463540421245,0.5324869741233578,0.4901689002148603,0.5279685671272012,0.5803673048253616,0.503914477970081,0.5074110727911431,0.47031129209687467,0.5420904665529992,0.4733300344075959,0.44010218812645374,0.5356679580102989,0.5070070383286961,0.5084042083100228,0.6128687014043362,0.455984241955457,0.5261511817560052,0.5069179279982078,0.5245549108140043,0.5468787213516424,0.48002694370191956,0.512428535178465,0.5132345542101525,0.4908684064943683,0.4846001031231482,0.5486783388055079,0.5923841436576882,0.5486731664702799,0.538206141190757,0.5006456080839786,0.5182705736581484,0.5096257418552018,0.4567444535010711,0.5781691054479429,0.5600016990299141,0.588404461760374,0.5275275192780241,0.5120159925663597,0.44958302908422443,0.5758088069564139,0.5195514293196343,0.5026813201402439,0.4990320692830329,0.48323375148000053,0.5069771715754625,0.0,0.6000288171966376,0.5279525628267592,0.5290856880495499,0.5604608626437351,0.5964332790825105,0.6296201452581298,0.45933313531335296,0.5099891530885599,0.49688406800476603,0.4975514386328891,0.4290511819827741,0.4878544455628061,0.5227065862963293,0.4934556225383978,0.5396750520460941,0.5395009477918413,0.5575108747772487,0.49169613300394255,0.5690190824145601,0.5147869861674998,0.42468147166751385,0.6263076198612642,0.45977665623680547,0.5667796849961315,0.48698150810843094,0.5698702957111355,0.46695520148768654,0.46513051796429805,0.4723047281676651,0.4493384581128795,0.5046729605118173,0.45214958175104963,0.4920859404958215,0.4834640168702352,0.48808460893209626,0.5667690847103978,0.5322704588950721,0.521479665629347,0.551595820859226,0.5118961402186106,0.4617510419994863,0.47883900528538476,0.5332055572280713,0.5067039993033662,0.5575851535405164,0.5236498562896623,0.5547749995432526,0.5093707954992479,0.5498494302399147,0.5335079930165029,0.5036175258176098,0.5412610697725144,0.5070276608676326,0.4835046887436485,0.49558019708384937,0.47550373234220367,0.48282761889564935,0.5005207769342698,0.44813916997303765,0.5127893969819145,0.5430870249350923,0.5115426596412591,0.5724306107572498,0.49335746640379485,0.4910369339541117,0.4893290562192436,0.46631616979274587,0.4678319231695471,0.5019315962422323,0.5496159313101253,0.5161942978945918,0.4813174610523143,0.5107439768900911,0.5382498746554071,0.536208108468788,0.4995940228627208,0.5049442161918869,0.4932292824761644,0.4815082973253979,0.5615304457489658,0.4118881404486366,0.4985626632076003,0.5108861416052909,0.6250218438266806,0.48485146830222464,0.5022021806167172,0.4933158531686409,0.4764165996294573,0.4860743648028155,0.4721305622983782,0.5163093009918299,0.49146756152843674,0.5073119791242313,0.4742284813577362,0.5490208335468892
0.6380937854178282,0.5663770132839809,0.6448386528564346,0.5746268054853537,0.536931451733602,0.577205049019117,0.5227201131009505,0.6867624609121925,0.5958762057922461,0.6089301171197348,0.6245007844588727,0.5643278337021465,0.6187851435604884,0.5002562267141191,0.5328423527170036,0.6366251941472828,0.5998059974301749,0.6269418630415048,0.5939703584424193,0.5801830129422865,0.6309201560198301,0.631585202780596,0.5286584044556812,0.5184194088846257,0.6560926800518022,0.5262648320003743,0.5148272678045613,0.5726902208763638,0.5108351866884401,0.5508259209727904,0.5607537552723046,0.5843967237346698,0.5190155257063225,0.4785973760336011,0.5431392745387845,0.5030965215154195,0.6303615246337122,0.6051505864942298,0.5263782893935295,0.5316721771802037,0.5208128235701414,0.5877657520822489,0.5867339260926477,0.5409502042469757,0.5676066720821248,0.5450091797260412,0.4942289527801955,0.5541392899111575,0.5877026104478738,0.5530762188200674,0.6004808740580696,0.56804224731353,0.4793705411466188,0.5838892720031409,0.5468586204995913,0.5282111630476726,0.6077475761188925,0.6483511398040765,0.5629656261952907,0.5179328428153149,0.6193379930808792,0.44594472365555393,0.5927051687989532,0.46877728470781715,0.5162587895852823,0.5310009140581549,0.5537774562094155,0.6010683577178203,0.6000288171966376,0.0,0.6079104206803638,0.5116938197838967,0.5603570889730585,0.6582991297787811,0.6282427818085894,0.4961863742163623,0.5800002687313988,0.5455336768997557,0.533346569731428,0.4807285892334953,0.5378106564182146,0.6150208928514793,0.5982358805613246,0.5587657960319206,0.561923002780068,0.6195360126723608,0.6338794343549407,0.5740152163240164,0.5624229313792419,0.5068751520956247,0.6180911336484316,0.5118772224348568,0.5549549554577529,0.5171336914511003,0.584404934340298,0.57092316140698,0.5050883768477128,0.5231755854106203,0.43966299373247125,0.5389233524947833,0.4836493824954981,0.5900671654224086,0.5229945076145719,0.557120997427326,0.5609924736756104,0.5608075485757986,0.5474447906364207,0.5924052686269413,0.5177197601694273,0.5424140782565773,0.5563322431635953,0.53986748030927,0.5763996011253328,0.5977325351976001,0.5179587365192688,0.5786027337060723,0.5357334526250276,0.5812836847440627,0.551269231995259,0.5108109173320545,0.5323832629655858,0.5889124897093768,0.5068208869785823,0.5906937058247247,0.5045614853055962,0.5612911513128337,0.49048250005378224,0.5011909722709048,0.521854422334151,0.541480476799117,0.5484396294516426,0.6300684599505266,0.5626674152168454,0.5429302129682934,0.5675247743956016,0.4747818949240902,0.5162816384353714,0.5065481334923112,0.5414932801618608,0.6022110500463334,0.534700171886823,0.5157145600529545,0.5886364825543335,0.5463916640073874,0.5636967795712065,0.5351124165665732,0.5802642755906002,0.5332252766044588,0.6127210302297412,0.39150122813082455,0.6025860365229867,0.5380575971331082,0.5943198225600624,0.5023824428144915,0.6110673024390236,0.6279082533128852,0.547000698395842,0.6025423542293857,0.5019492264549663,0.5487454454217618,0.5022749529580409,0.5564965323463043,0.5305049864421623,0.6276308206203167
0.6509873180311204,0.6052538954570326,0.583072444220041,0.5465250635860417,0.5383442458805116,0.5838052174366837,0.5505594223090925,0.6057457269724221,0.5710364773837784,0.5708544752785359,0.5379367947317957,0.543134432472236,0.6009971307633895,0.5339422869299937,0.6014975654784904,0.577567357853573,0.5528292276865769,0.5955798387298984,0.5650380916309887,0.608156414609089,0.6661155552809168,0.5909317609776646,0.48755078691557285,0.5540145476371872,0.6077224778082668,0.5675661136757372,0.45162433459768975,0.487094575692114,0.5212820313553373,0.48313053840188197,0.6502196241783927,0.6059314266976303,0.5617439204649038,0.4887516073141633,0.5937511158634458,0.5559436525126878,0.6579484662582946,0.6106333403145676,0.588602505039685,0.5502510102013277,0.590409188103835,0.5265883342877415,0.6487326953851812,0.6464515688409592,0.6058301032230751,0.6183657710117219,0.5792884380396671,0.6129365754358043,0.5881864470042463,0.634267539500783,0.6905117246344971,0.6368969398965578,0.5414831034846018,0.6495871698552923,0.5817982298392587,0.5688141314290047,0.6602118630987533,0.5513542345210571,0.6223667428843003,0.5708677855237826,0.6232894082465487,0.513357902302809,0.6220980365975326,0.5039708064729875,0.642750606319811,0.6321048027677219,0.6133083311287235,0.7276889961112284,0.5279525628267592,0.6079104206803638,0.0,0.6044311790037827,0.5587783171275065,0.6538510201202552,0.5618108619760287,0.581158124402884,0.5768745718723414,0.5776448970956899,0.5915813328734133,0.5467338069714746,0.6184958146745556,0.7188459276307246,0.6271530039297343,0.5702575243759235,0.5978916765089276,0.6381946409584096,0.599093499630688,0.6488859450942105,0.5862847272618825,0.5495406735021744,0.5824078150018395,0.5929190060982729,0.5953428977507261,0.6058196570204566,0.6439707281256162,0.6179521248506704,0.6192414679558351,0.5543335210700193,0.4915784313176648,0.5962873110302321,0.5658633124425558,0.5840718314148521,0.5593939891815846,0.5551321866040787,0.6188308965049043,0.610277160706926,0.6023325215790408,0.5198760172385632,0.600785801815541,0.585249214737464,0.5827798005694153,0.5853313804591679,0.6274350200897912,0.5330412595198992,0.5801259518063221,0.5424194771666214,0.5696202013282785,0.5634359441559601,0.5485481258518066,0.5091716869140372,0.6123706218855409,0.5904519164229733,0.5470008558474136,0.6943146288305574,0.5870151861435691,0.612207082177232,0.5379191471609982,0.5433336403463971,0.5475010453971827,0.6577303731045353,0.5027933239963943,0.6220325558910961,0.5628531694448724,0.5812033308764165,0.6425905238132716,0.61279517292922,0.5612402860496798,0.5797636848854725,0.5194673384390203,0.6486292620458192,0.5787181768385725,0.5538191031688368,0.6589604598731906,0.5767932457870153,0.6443162015405435,0.5645107478819278,0.6472756882116075,0.5910615470666494,0.6042784350835086,0.3920059794220311,0.6520766776626005,0.5883019010048834,0.5369181258704923,0.5310337837140859,0.6055366949088571,0.7033345267726824,0.5170270445657101,0.605873702254658,0.5342227900581311,0.5659195974007839,0.56392944126334,0.620175281783339,0.5791131770566577,0.6006378627177851
0.583316098992261,0.5824547543493296,0.5058309041385588,0.5223194163615427,0.5051665947730942,0.5081858620595199,0.5133435847137868,0.5251365816509941,0.5053798274619675,0.5176244413511486,0.5184984204878779,0.5004228654210213,0.5583405692036034,0.651338016838919,0.5207252012910208,0.5659534789230666,0.5721035325503393,0.5615576554105641,0.5267403965603372,0.6124457710203413,0.5697428451005115,0.5114066533115783,0.5013318912270517,0.500814150984401,0.5312075753118931,0.5503768498823662,0.47776705257728846,0.5097085482689008,0.5788430128361781,0.4571851978625855,0.5784192473119052,0.5907690301249033,0.5452141132018072,0.5135103538970751,0.6798974255349296,0.6589146844542877,0.5536696510708288,0.6773127129791634,0.5603961833864234,0.5608592088574249,0.6229765462146877,0.4664040153800474,0.5631688563273755,0.5954370582018289,0.5927118023930821,0.5808941461077326,0.5425500128951829,0.5460785356879843,0.585434447122054,0.6952751862755816,0.6163421472949164,0.5939873117931023,0.5704459429813733,0.5987451973254061,0.6275166109258281,0.502121218192422,0.6457371540106924,0.5127611529396041,0.6167335136387608,0.6901015582062854,0.5488050047346478,0.565661662524485,0.558336915490595,0.6350541441758852,0.5687983884807883,0.5643452857737842,0.5593477810466523,0.5188233085127912,0.5290856880495499,0.5116938197838967,0.6044311790037827,0.0,0.5645221498443703,0.5829570474198729,0.5566776491805835,0.5770088816686652,0.5339782553041894,0.5612753295275175,0.581999117595123,0.5263138614352169,0.5322137600950902,0.5626761335718934,0.5134965570409747,0.5999622645374182,0.6115719062037194,0.603464065661358,0.5083584229171683,0.6490726204789046,0.5852793803445863,0.4874301965073892,0.5688092093162169,0.5717785778462664,0.6722627757602803,0.6200999493838336,0.6334294002204152,0.5246988012039157,0.5732780822429031,0.5327453647423385,0.5854049224846464,0.6076345376534428,0.6735173222579516,0.5006338156397524,0.5331036610413638,0.4986048270338521,0.6825853789721348,0.576231389134568,0.58045997716913,0.5022175650901132,0.6077599073780579,0.5032123138339847,0.5349696313956042,0.6230159390063373,0.5601532831156055,0.5422411369965612,0.6613311354549923,0.5368831526604437,0.5730209084096826,0.5387297981383924,0.5308919861531184,0.5590164912124708,0.6851923943208825,0.5455913748806177,0.56421887238287,0.5796617693963378,0.6025683670282665,0.577000849269104,0.5811736195143951,0.5314316986587901,0.6121820014180614,0.6682667719831872,0.4799238140140315,0.5419376150098482,0.5799050682105097,0.5920466254424532,0.5566414887991342,0.5814531457772733,0.5303036804315735,0.6429932780592735,0.5338820107786647,0.582727889275777,0.5319494807212957,0.6169926628775569,0.6249253790458222,0.5808659816067424,0.620790344901424,0.5351747379868955,0.5321135637700125,0.5301938736991854,0.5654559320780543,0.4528285753762623,0.5845501259668765,0.5907877643440687,0.5486250314977978,0.48983213698357486,0.5253314573713359,0.5386660988229407,0.4795218461707393,0.507871750614094,0.5638958696729629,0.5918947016942118,0.5262627885366026,0.6349700620449067,0.5291924205129225,0.5476186885231633
0.5799216409073845,0.5185683372997899,0.5341151653921912,0.5286443484067113,0.5039416238022887,0.5489902025225968,0.48211353086648845,0.522623505467039,0.5254682471400308,0.5167197490839174,0.5788191294455408,0.49963361358403696,0.5554274258706814,0.5737985175154763,0.44278888075352507,0.5963460748748413,0.6055307170937221,0.5298849869629316,0.5253887877763566,0.5715876622196794,0.594664752085033,0.5198100640231187,0.4870792674784719,0.4584892158014226,0.5649782584776178,0.5364241443897452,0.4680104223261749,0.542875477139468,0.5085048067277835,0.47186172980193347,0.5036256381726884,0.5949657810673865,0.4646944561153266,0.501784523651245,0.5950797267990345,0.5563384094687961,0.560918833298945,0.6285352420357869,0.4904469921299098,0.4984869861534892,0.4940441302976095,0.5654668879899525,0.5165578003450714,0.5541229618443076,0.5248980811314247,0.4842526483175478,0.4757055889665028,0.5511316038884642,0.5541352386162073,0.5685602435346248,0.5672905636833989,0.5726381555009724,0.4722443400033502,0.5525311698006424,0.5531430090005911,0.5233565520965456,0.5826625994779356,0.5709630785216416,0.5651077389457976,0.5246279765238893,0.555439967236678,0.4929415782670086,0.5525472705385679,0.5783174929481211,0.5005515877304652,0.5142740450037543,0.5580199121059547,0.5108735004725651,0.5604608626437351,0.5603570889730585,0.5587783171275065,0.5645221498443703,0.0,0.5876052711354274,0.5880972485036143,0.48523683566623393,0.5509239948936576,0.5289698186875318,0.49181085079761805,0.5220837721521769,0.5260759248927239,0.561660386016635,0.4849940084622402,0.5622758394871034,0.6645810216465425,0.5547023057169127,0.6021670191934652,0.5765918585921836,0.5167811334939383,0.4717625703729805,0.6081603039083245,0.5286726869194608,0.5432214426399241,0.521131255986643,0.6580105033547654,0.5040856140859156,0.5092224313717203,0.5492108660855339,0.5515682612857533,0.5382322652984906,0.5258684137711063,0.5129005340334987,0.5507521346805593,0.4794013124130047,0.611724577135312,0.5201983092122473,0.5382082090457891,0.5556111391478098,0.47936775851832447,0.5114888292711871,0.5645472685172558,0.6302937570620444,0.6712163960576812,0.6273889867845507,0.515234038170477,0.5271014385432556,0.5357296985919533,0.5201622169288183,0.6271289140392552,0.6035661554860962,0.5667659867214726,0.543409028474498,0.6273509628561692,0.518771469892752,0.5994034142893607,0.4934500974728575,0.5919438109940393,0.4686409573548598,0.5704181393909885,0.5066166943600102,0.5127777347287111,0.6187077116676054,0.5850009805823939,0.6207920096491686,0.5424746570256994,0.472421687165896,0.4608908320471118,0.49251549245579734,0.48863765572735585,0.5175582230013814,0.4724918366762845,0.6366099880114171,0.585949835553909,0.6256813265473351,0.5983056476101831,0.560137340077558,0.5082759880474081,0.4622913637618111,0.5628542517677848,0.4649149393140444,0.5730307353072747,0.5121913976226272,0.5590997462045317,0.4477897239531151,0.5336728044136512,0.525916612603797,0.4750494888130164,0.5119828510134721,0.49849256481755794,0.6127671480773367,0.46900185943167305,0.6201663562444182,0.5375624299950621,0.5946112153404145
0.6271224502155187,0.6146051289119218,0.6637375842126042,0.6446072899898498,0.5552243675731283,0.5673938554329204,0.6018552724067914,0.640304509094693,0.5296177216290255,0.65375655571393,0.6162546743696037,0.5708890448063976,0.6768754315067428,0.557586160443941,0.5694104092944663,0.6747287748823632,0.6683394788861822,0.648562971843025,0.5945730848562921,0.5938202109738336,0.7118436754565679,0.6177222819624686,0.5843088780470534,0.5796584952039631,0.6486989342623857,0.6134399631937646,0.534937357815127,0.5929829900265837,0.5673934350876341,0.5092842078425098,0.5660377591894199,0.6417767284142011,0.5762911566515799,0.5306650233474938,0.569270797258096,0.5621882612463087,0.6551466183029865,0.627250824302627,0.5641452114569874,0.6596869575895211,0.5958931250048052,0.5533935006445949,0.620420406119846,0.5882320273534695,0.6418727276602898,0.6394110379649371,0.5442720642161478,0.5824417701888949,0.6855680235071907,0.6207620225414736,0.7292295103310472,0.6373310513740732,0.5240602504230438,0.6922997667654107,0.630027680910673,0.5359988700613376,0.6827477374730871,0.6040919116552077,0.6896964226197602,0.6090010734412462,0.6594866641236189,0.48711881095052484,0.6081114328463111,0.5123222181808782,0.5567241476099709,0.5923320598487277,0.6450272744601909,0.62659519680372,0.5964332790825105,0.6582991297787811,0.6538510201202552,0.5829570474198729,0.5876052711354274,0.0,0.6141267807290413,0.541970896872571,0.6999647607123393,0.6387178287676494,0.5806418430974609,0.5234791271076988,0.5684913962911025,0.627045701788707,0.5998359752820692,0.5821027819547575,0.6233519213006226,0.6388987724960271,0.5778824443388413,0.648382285169421,0.6196481950808315,0.5182405014250314,0.6454440327763581,0.5491305098298073,0.6317006117171236,0.5810207760331111,0.6662460953699071,0.5711180003595707,0.5324148239809161,0.5510363096414844,0.469117891227365,0.6550299780167872,0.5370113290059817,0.6142492792714255,0.5697723943351715,0.5568748774032947,0.5977227935110953,0.6434467835837855,0.6494883236126147,0.5917581908176351,0.6356403298780795,0.5856902496320792,0.6260753968261453,0.5904449775706788,0.6188895484211178,0.5933637410683276,0.585033328205675,0.6187103520824244,0.5741357848694149,0.604677872148993,0.6148109775814117,0.5274044187598013,0.5956419140614675,0.5958085305143669,0.5390305523434266,0.6807672308165307,0.513643056488007,0.6256089446898194,0.5547918314129874,0.5468613054992255,0.5930862254043454,0.6293491889283475,0.5119862667372481,0.6331528505352764,0.5823717266852309,0.5482725623572442,0.5890288922582781,0.5076619089276889,0.52897460777931,0.5851921345840275,0.5968024132875791,0.6322533094268318,0.5565644200718892,0.5525308835476452,0.6833043345629166,0.5738930502599908,0.6252737637564925,0.5723794450794295,0.5668167210278758,0.6047326984479775,0.6225974762959763,0.40453900722181596,0.6094494563068296,0.5700392938722556,0.6140661479987183,0.5710497267814822,0.6360264032141292,0.6364050676647222,0.5709611843621428,0.6489545639252801,0.5526226895867541,0.6377368153493069,0.5683408148312482,0.5731619883020442,0.5640716761633292,0.618185899279268
0.6201509447245634,0.5780627775958223,0.6101880616475298,0.5197616012664334,0.49725181360252974,0.6056103002725968,0.4673447971571089,0.608581200060764,0.5579653631749647,0.5756202673825168,0.5630444287567931,0.507101343894056,0.6256800178872804,0.5701844572499619,0.4694816824176899,0.6782927752074626,0.7102755632916825,0.6176936305424799,0.5710670320050295,0.6036019472214802,0.5880381454941646,0.5550465511120445,0.4932788936947076,0.4616055148506063,0.5655471288336767,0.4893798538541019,0.5045002951337187,0.6187303140827992,0.5426673154308397,0.5456503396094224,0.5126643234861101,0.6415983662933441,0.49991936656902997,0.4718203887386453,0.556868017784634,0.5345970329225206,0.5387886535797578,0.6685069585002272,0.4818662021454884,0.5137903090278148,0.5320292548385539,0.545229314166392,0.5400689331645832,0.5057851371209329,0.5389801977024288,0.5497838703802553,0.5214724467924833,0.5002589024905291,0.5385165093446845,0.6055483613163896,0.578407795532693,0.603561043165031,0.5629929157813383,0.5521749136223993,0.5366606225008873,0.5198216456275853,0.63704749030869,0.616731201030035,0.5583224065673971,0.5873053990420325,0.5940573550829984,0.5147412986328466,0.6416519989890217,0.5177802022755035,0.5158821595671226,0.547393539854633,0.502767523223104,0.5202054373023322,0.6296201452581298,0.6282427818085894,0.5618108619760287,0.5566776491805835,0.5880972485036143,0.6141267807290413,0.0,0.5246869847143798,0.528121267645793,0.5179179841607158,0.5359455512615697,0.5041158841543851,0.5695492727648734,0.5445947790686989,0.5433264074094452,0.6507226956663714,0.5879902316031009,0.6206468430256288,0.5440639926414443,0.5754518379465821,0.6100550289202991,0.464499649813346,0.6030836593629147,0.501409892542089,0.5980544879161824,0.5624299312087127,0.5907921796437141,0.5045294897425137,0.5357485199097612,0.5183739771200745,0.48117572787604274,0.5615099298681403,0.49332395753917024,0.5119682243158701,0.48367087656906,0.4990120522598893,0.6403573577910223,0.5797942153747817,0.5829547617121579,0.5777985238462608,0.5304967700953893,0.4905808066362266,0.5018000416583387,0.5368668361675318,0.5741728022010656,0.6138056762797798,0.5841833218457779,0.6168518127007382,0.6021623212328037,0.5273392929934926,0.5596902539635874,0.5661800705246789,0.5436815600696189,0.5566853588540547,0.5310789062050136,0.549122192233037,0.5148906384170907,0.5349591269190237,0.5596641171769162,0.4834993874546269,0.5688461510014479,0.5370584679403173,0.5941514902478867,0.6804098830342724,0.5641978630046088,0.5465394450729717,0.501850755795136,0.4855076403857946,0.5123756048665171,0.4919270161831171,0.5014427490635427,0.5469595644129615,0.5085807192162193,0.5848661149293948,0.589029790666096,0.5570276886416227,0.5291108768906021,0.49470316888976157,0.5248125481217436,0.5412672559500697,0.5983065350293645,0.45892043793445864,0.5304584193739241,0.5879904172892617,0.5921303710084749,0.4751575972771918,0.5358163266643832,0.5182751126340206,0.4967551059103676,0.5374127774854814,0.4809976067769579,0.580879105411527,0.5209695708377242,0.5874799725530919,0.5069921044378811,0.5543131123813562
0.5848282737694466,0.5497877429848032,0.4719342732037729,0.4680711143816646,0.43179935236157035,0.5508099661938569,0.48437312314834835,0.512472122894736,0.47711201813181775,0.5250509793411668,0.45649981307243637,0.47953823916187593,0.5548539227341468,0.4958889775793908,0.5013920934758533,0.5154840853454608,0.5169968398102472,0.5357809399806654,0.5527901911077393,0.5729504294304287,0.5335025337650882,0.4618727037235093,0.45839338432776294,0.48310052418949806,0.541259083039725,0.46908957119297645,0.41042188059551815,0.488621176831644,0.4942533031555861,0.45094654781247856,0.5616069037927212,0.6109409756163615,0.4980684405244199,0.4934535943284483,0.5323029433489578,0.4872824566371929,0.5415308846114657,0.5178281003375105,0.4881626945179699,0.49314059599021454,0.519204825499802,0.4463254604332907,0.5537412983553704,0.535473968587908,0.5350140685887725,0.6204906674806491,0.5524556893154303,0.5051141127661742,0.5352343551759994,0.5487522422698828,0.5798682199545895,0.5708592094777307,0.5805844412420103,0.530657703691356,0.5195197265895998,0.5123891427761117,0.6105851654096053,0.46739257686518915,0.5572687690087009,0.5662519891978275,0.5532123168375218,0.5116425075625112,0.5579649849085554,0.4544667382970682,0.5820165434465415,0.6528576390150297,0.5055137429340416,0.5421683748920508,0.45933313531335296,0.4961863742163623,0.581158124402884,0.5770088816686652,0.48523683566623393,0.541970896872571,0.5246869847143798,0.0,0.4929191605604869,0.4882036738723299,0.570674563438618,0.5820406984328156,0.6015203884302067,0.5231434449947499,0.5326440420882238,0.5491226595752067,0.5326539100573381,0.5368479613880837,0.49804541101375,0.5793179348136068,0.6584780041915693,0.4689320265620071,0.47659914549589816,0.5263335022434248,0.5498411757567259,0.754664452761847,0.5207140425640543,0.5094871124247059,0.5599971284804736,0.5100788753011539,0.45341480815120394,0.5938349475765984,0.5355332216157639,0.49379092264553737,0.4820098644913983,0.49265759786814284,0.5639326008464476,0.5616141431308026,0.5769305548811504,0.47734577757842445,0.5765525615508118,0.5162666748903334,0.50936045543856,0.48583605783030553,0.5533428321444657,0.4651748677972774,0.602954801051288,0.5001857612643521,0.6783111349316154,0.5067768480122085,0.48929591706239184,0.45946310109317606,0.5005431063266366,0.4896647271347287,0.5206504808968688,0.6179020375329621,0.5200832050044499,0.5719776617334091,0.4944152565309003,0.47418296629038476,0.5217644158242264,0.5493666657398929,0.46794978485445077,0.5124772157330171,0.5207930867101082,0.481708480718791,0.506055816693565,0.5724268209284279,0.5780500019953753,0.5043402790262643,0.45438054942594175,0.5474215569417975,0.5438365404893156,0.5074853352352495,0.5612164875685918,0.4690460332310231,0.5216970687204762,0.4852617082542676,0.48586202111775006,0.5870656087138869,0.5440499906453493,0.3833597717819282,0.5508825280727188,0.6263410541428528,0.46097423607829147,0.4555457555246357,0.5150921858970883,0.5382919706090545,0.48869170356551683,0.5247276301338364,0.4907894052913521,0.565406046430978,0.5690213838356049,0.6084010528034586,0.4929883955558302,0.48377923094556774
0.5336830533472887,0.536544437299862,0.5576495073515696,0.5963111151829193,0.5207804433546307,0.5164107474925942,0.5798164309295897,0.5755860109950184,0.48705539113439456,0.5616103058891607,0.5896610197342365,0.5539886824710657,0.5846214767747153,0.5180869672618368,0.5142603376975096,0.6098891176949508,0.5653017076486718,0.5261774434237615,0.535210361965059,0.5193040058573914,0.6109009807764351,0.5438687113598217,0.544154312487568,0.5313420103189158,0.5731497786958226,0.5958183165881468,0.5129631783493035,0.5265511913265388,0.5257010590914886,0.4781143694375105,0.5371975391451221,0.5949793783802082,0.5183874044849852,0.5270285797646708,0.5142936336957826,0.5383506387384909,0.6241959328188941,0.5604259178785241,0.5901420780151878,0.578938420319038,0.5194229045979181,0.5087743102444425,0.5506323344081471,0.5531299611426244,0.5871778849278877,0.5473153657134807,0.4741465584541383,0.5654865203178366,0.6253053320460649,0.5473722874965635,0.6445448858934478,0.5309747141999474,0.46022147801361196,0.6278889445681587,0.640690246917775,0.4965271714226479,0.5849518509765853,0.5640017280872685,0.5803086709809189,0.5579891810080431,0.6196860875775274,0.47119528759540474,0.5171798963943935,0.4877112027235534,0.49463384728588694,0.5239114993737891,0.6536443058290171,0.5572211621064295,0.5099891530885599,0.5800002687313988,0.5768745718723414,0.5339782553041894,0.5509239948936576,0.6999647607123393,0.528121267645793,0.4929191605604869,0.0,0.6321014369211659,0.5124674484812984,0.5135205407639046,0.4971509300533542,0.5678570981774717,0.5370401915372233,0.5139727897629994,0.5791185910833235,0.5426326575008891,0.5794406590426124,0.5932734648257749,0.5472832368644059,0.5106001623020944,0.5764776413068063,0.5235504792571792,0.5753243267324907,0.525568273409956,0.6003776979386244,0.5328687331545496,0.5029270125571488,0.5008193923170525,0.4619401651654667,0.5813321208915075,0.5431763776563858,0.6550239685182843,0.5449488267664031,0.4873805975155823,0.53666200588309,0.555045372529968,0.5896016356732605,0.5152746677123489,0.5438326311435069,0.5455501587322142,0.6250200812882649,0.56663842093585,0.5762380958074017,0.5844338182894888,0.5086135788654329,0.529490402781626,0.4953531161780814,0.5759050303141211,0.5430333017472883,0.5028338719038085,0.5600660497688535,0.5750180628601839,0.4985688260022166,0.6101833960369756,0.48684434755205347,0.5765233366862487,0.5339805792946088,0.5611150420567736,0.5369500350163268,0.5479165922984998,0.463316020640835,0.5712719610320283,0.5990330053569091,0.5307023932391685,0.5632110342299962,0.4595812797632293,0.4724445776145477,0.5310256104561338,0.5304852972452571,0.5937455638078699,0.48839258149853243,0.5420357894156925,0.6090767593289721,0.5545732905788819,0.6155544111185924,0.5307307319815472,0.523018543345835,0.5372789694047349,0.5333565871363457,0.39795393560157877,0.5830132239453681,0.4993967170023286,0.561835608030493,0.5191191440380499,0.5684314523963997,0.5987212311236572,0.5438312388503886,0.5869005125422908,0.514284443400455,0.6453171929492725,0.4830337326631516,0.5195068982235622,0.5431966893357114,0.5682047731854049
0.5390008056363627,0.6211006540119482,0.5812590110471739,0.6147889585332176,0.5951517867207252,0.5327095725954496,0.6577512992161568,0.5651826740295829,0.5162768790984749,0.6009462881152385,0.5745989714597208,0.6226675684584296,0.5671484807283578,0.5488157632628428,0.5440440964525393,0.6053005058834536,0.5708200629959869,0.5222976285558474,0.5255405770057467,0.5201687007540988,0.6177993752401196,0.5684297260680553,0.5865146736863406,0.5746898757165849,0.5902530179649035,0.6267774906195971,0.5398690839432917,0.5089895446210858,0.6010426386343894,0.5046214999374311,0.5733549833771474,0.5658661817946793,0.5766074701235945,0.5414523781031755,0.5602611466197587,0.5884816806410552,0.6175063174763938,0.585094322407839,0.6021900943611775,0.6247714846130864,0.5916791844786309,0.5408080129531169,0.5240701509792329,0.5999977753620119,0.6064410080952816,0.5448501299806594,0.5364293128527919,0.5613368407268512,0.6374212956026399,0.5511704435623077,0.6124982916407916,0.5685475814895855,0.46374513809626006,0.6418444513737493,0.6277551193240603,0.5616738646806773,0.5640844467360312,0.5893453868235824,0.5609597921066183,0.5777164288626401,0.5434050527555444,0.4773454263022753,0.49672529240025154,0.5242391307456747,0.4800740361883906,0.48299560199547237,0.6227216126533924,0.5591790952733557,0.49688406800476603,0.5455336768997557,0.5776448970956899,0.5612753295275175,0.5289698186875318,0.6387178287676494,0.5179179841607158,0.4882036738723299,0.6321014369211659,0.0,0.5136023902650004,0.517261668406394,0.5011932736137659,0.5755229049015408,0.6039429681111244,0.5165659306420923,0.5702609224705946,0.603748996097856,0.5261306699376646,0.5580790384992492,0.5458659103935989,0.573743757059611,0.6142812870246408,0.5929089451846381,0.5978433895995594,0.5030210669003266,0.6052194764950739,0.6171330466412901,0.4788382373930883,0.5628591743406989,0.5013089794254527,0.5953372259361268,0.5664001496155446,0.5285130867302296,0.5492437506892773,0.5407550697792243,0.5333839744227437,0.5769512607093671,0.5431948952668535,0.5569836752218634,0.5840476786777994,0.5798663750790277,0.6252910546960413,0.5856243277178078,0.5491089062797366,0.5748262064656678,0.5192796827494292,0.5878932479272604,0.50566944412426,0.5499857101465924,0.5589984422418868,0.5565990263774112,0.6163574532859564,0.5650516411403718,0.5195797856974035,0.6413888207776204,0.5065741027476365,0.6220131960048714,0.5429095254134845,0.615241027274877,0.5862254215919265,0.5703931554107479,0.5044088316361421,0.5498987708000898,0.5465126965232877,0.5753429942216709,0.5453924138496022,0.4660948093058504,0.5112388820570855,0.604654553640752,0.5528797966473203,0.5966822759270238,0.4963660271001034,0.5667333959298848,0.6517130295266211,0.5615534434359891,0.6598140845738445,0.5723577160201276,0.5965277439912541,0.5477379886913144,0.5733298476523938,0.4229158279895257,0.5583675967937538,0.5154154584737333,0.5539659891110885,0.5968687293570822,0.6160797196021212,0.5752337172919546,0.5157981529732363,0.6506648805894666,0.549765227841076,0.5819206976960951,0.49340277223176826,0.5484598295435127,0.559552348993092,0.5935232764087242
0.5510371516239291,0.5280039612445082,0.5105595473335742,0.5140648345004104,0.4585241978209134,0.5089580273174621,0.4783525633725081,0.5799229991046594,0.4650593273877413,0.5146993405080437,0.47568197701878473,0.5121785285362201,0.546906216615379,0.48367069513649447,0.5212648243654747,0.5513673543810867,0.5500459375547987,0.54786818595845,0.5591667458821569,0.5850530906507799,0.5959808775370115,0.4732418790530936,0.49648815841335636,0.5169982587414456,0.54989319359411,0.5713269275164897,0.438693208617081,0.5030077586998484,0.4865379973435235,0.4434669565958114,0.5607648183736479,0.5529922273151472,0.5355218486884007,0.5375960700267092,0.5338610758479513,0.5446619893378268,0.5441387641463905,0.5799472178470907,0.5224406857694951,0.5344561267513723,0.6182444943090385,0.4443557323173881,0.6419151556359272,0.5552036066757745,0.6216605345880835,0.6978133606289708,0.5557000241290506,0.5241435030512012,0.5424367945066827,0.5957955900260473,0.6013292183992537,0.6505545765150393,0.5161869895731103,0.5660616920158731,0.5431699434274371,0.48397128752983126,0.6327784802831711,0.5120357556615488,0.5477478902476584,0.586628450073096,0.5541515214509185,0.4999007098043206,0.6116701120180092,0.4898533584121575,0.5510489667105536,0.6401348381963743,0.5192026095815763,0.5248285798105387,0.4975514386328891,0.533346569731428,0.5915813328734133,0.581999117595123,0.49181085079761805,0.5806418430974609,0.5359455512615697,0.570674563438618,0.5124674484812984,0.5136023902650004,0.0,0.5049509155506849,0.564078025138453,0.5428302722831394,0.5109559633137286,0.6023977028113203,0.5846689907860217,0.6161476264142945,0.5142611495863707,0.5677289798153937,0.6219114271966475,0.4745955638529609,0.5173251496745542,0.5174843319645993,0.5529766628993794,0.5968416708608015,0.5317246130667447,0.5119154171083946,0.5609115057207735,0.5592736885027231,0.45471633410765183,0.6043745997125624,0.5161259641840812,0.5459391060865039,0.5490067453353289,0.5575516682208616,0.5957452130400644,0.680637500926512,0.6571019157971357,0.5201515490633917,0.6264433819726891,0.5091165933312923,0.52500048883518,0.5511104737439929,0.5230768732128529,0.48958908010837604,0.6806241638758471,0.5292845112374663,0.6030254753559191,0.5052315573089161,0.5277938398156414,0.4727829093497938,0.5371079162105524,0.5666689656167636,0.5332001972173791,0.5918044393686602,0.4822598226567207,0.5897468409042526,0.5020266267986819,0.5118223147006558,0.5929902882625008,0.6061075343375744,0.45731236075520615,0.5383130721824704,0.5159954747955932,0.49255224302535033,0.5416557805161595,0.5213722496711201,0.5730359048872906,0.5623658624326493,0.539494607325128,0.5978332841227698,0.5375760789941433,0.49222583121587193,0.5475263907260284,0.4954249674715545,0.5604058186654175,0.5318196061488992,0.511799502014839,0.5672443532569227,0.5843123437277586,0.4000840415922975,0.5839233097987901,0.5505015240373695,0.4928716370697626,0.48694566511206633,0.589655509231582,0.553718512754155,0.465290556215151,0.5490673277309643,0.4845559277257954,0.5239841032707141,0.5632431231665256,0.5495241573738449,0.5235488763500062,0.5004496404506952
0.5208573617686609,0.5147905027991546,0.4685976057636627,0.47272458252476857,0.43426810138257277,0.5755420752297981,0.4658190645542201,0.4812293510873239,0.4554411981121136,0.4971274836162486,0.47909883280017135,0.4785862172866443,0.5291312528082551,0.4886919106951786,0.44158846241829225,0.5249338204681613,0.5103226821212645,0.4670248732341705,0.5062117561997598,0.513148442381609,0.5404124198173343,0.45069717026386064,0.43551983919508425,0.4662056779603144,0.5256319940880415,0.49571529321251695,0.3987015725115121,0.4676829433913421,0.5001203787816728,0.4318046652160005,0.5058836108343688,0.5688867439068009,0.46397216777942346,0.48997488347648677,0.501986793390268,0.47912025901480204,0.5500326360702124,0.513990220857931,0.4896968851269652,0.47256163261855666,0.485703017727642,0.465172602943274,0.48875990842732026,0.553453688880552,0.49336065988330546,0.5063015515832876,0.48089190921411096,0.5417685782252094,0.5038105695286554,0.4903771022191433,0.5371833617027403,0.5507614888558365,0.4812281405349871,0.5246418988453959,0.5157564623036989,0.5299702475278989,0.5480778950948447,0.47827445098386046,0.4977382965212995,0.5010859332285763,0.5553813354237261,0.491318364404911,0.5135069588984438,0.4539649765990567,0.493432791672004,0.5494874174522779,0.5297513841588836,0.5165041451556154,0.4290511819827741,0.4807285892334953,0.5467338069714746,0.5263138614352169,0.5220837721521769,0.5234791271076988,0.5041158841543851,0.5820406984328156,0.5135205407639046,0.517261668406394,0.5049509155506849,0.0,0.6104103405038628,0.4986116140903169,0.5076850501713768,0.5437719492728922,0.5546450617224393,0.5097139055566375,0.53603957088854,0.5036337200264853,0.5391030446652463,0.4839909916515627,0.4730215134522562,0.5040664976240367,0.5030610471551131,0.5943538807432345,0.5348027880938324,0.5097647124163734,0.5211357852807162,0.5127219168541702,0.4721316677440663,0.5354901611547608,0.5485745160266751,0.48444348734081816,0.47880370096242963,0.45784766135193444,0.5186841602430442,0.5162214671746029,0.5385707786680659,0.48112795153691257,0.4946220800824009,0.5391435493526066,0.5350191094785343,0.4998128849465937,0.6127743954239043,0.4963636267387891,0.5191020264415186,0.4858207084318779,0.5675634160935269,0.46913560523012704,0.5292385391750294,0.488213197921709,0.5027665505516721,0.4937790555032552,0.5692616834022431,0.5814973892652272,0.5517102223105317,0.5402495889307463,0.5035234743813043,0.466983912966009,0.5284411060833103,0.4895183666843878,0.45764238880863667,0.5438398622249806,0.5704526124037674,0.5225851290945703,0.510915865961438,0.5041575539763687,0.5014683730012894,0.4666327967127296,0.4297189663102576,0.5071851273670358,0.4871530071717266,0.5462007962082327,0.5310351295391796,0.48484566379684396,0.5715003961269669,0.46653119423168987,0.4755738700735064,0.5282205962425768,0.5113557414336966,0.41239912017757496,0.5358627011609789,0.5442595020439426,0.44582781733780025,0.42734658671081605,0.5182361033568321,0.5268716860825422,0.48323913157121245,0.5406584580490449,0.481134897808766,0.5920802712039559,0.50734063413789,0.6144401810979697,0.524365679537787,0.5044493587845851
0.5634527477337643,0.5445766771542427,0.5391354714151804,0.494966321910945,0.454128960580689,0.6091258538261908,0.46898661885802007,0.5303926067280481,0.48688022937682135,0.5561281945888905,0.47717847641079564,0.47935542426237876,0.5504975690627427,0.48629149524175846,0.485507460776474,0.5348740307771105,0.5432553227403135,0.5407787658424728,0.5484830248046684,0.5419408602148685,0.6018389651856505,0.49589461859590866,0.44010892999703555,0.4753278121165357,0.5587980161046617,0.48977190860242753,0.4036938463591003,0.4784822479749073,0.4987914741862698,0.44659733329977375,0.5204511530092836,0.5789973359920352,0.4996129294126865,0.45487851340180263,0.5055089625420597,0.4874910127387869,0.5382198931870129,0.5442238842726281,0.4801967520523932,0.4877677762513881,0.5381433314603968,0.4908195499062676,0.5587812940451974,0.5525048949398975,0.5062780906046663,0.5701743427032873,0.5430981528940999,0.5267910849615378,0.5062683528455798,0.5414791376768608,0.5865215607464404,0.6309004528109983,0.5645787209476391,0.5583499723565994,0.5051566706561962,0.5365520896494234,0.5965905019878014,0.5037974685733707,0.5597477940416815,0.511564895571902,0.5821966285087208,0.5008051832177886,0.634510281784934,0.4553385319775081,0.5878279421198115,0.6556907705531378,0.5133133160282077,0.5844799757354369,0.4878544455628061,0.5378106564182146,0.6184958146745556,0.5322137600950902,0.5260759248927239,0.5684913962911025,0.5695492727648734,0.6015203884302067,0.4971509300533542,0.5011932736137659,0.564078025138453,0.6104103405038628,0.0,0.5588625653702849,0.5469224048469127,0.5835998730756252,0.5736828903376766,0.5560829931873644,0.5324674476481409,0.5473615742212055,0.5769135627642056,0.4685782218671962,0.5049005266402259,0.5149011189624088,0.5276698584832937,0.6083800877437258,0.573376939148501,0.529292819583661,0.5872165094040264,0.5346955738064931,0.4515406520820614,0.5512133015951584,0.49429117542714823,0.5102871987715948,0.5083179339687389,0.5301349849472731,0.5664447069788925,0.5625862562599171,0.6037991051608745,0.5078861992444633,0.5478340235374014,0.5308757549242548,0.5175626131985633,0.508694183861534,0.6089663037633035,0.5006569454045188,0.563310167328888,0.5061205943938504,0.6422952785493479,0.4880738663333017,0.5648477660041589,0.48004511061252725,0.5022991892941894,0.5339394676317893,0.5356719663835269,0.6057520318764107,0.5348448283549766,0.5569016343244321,0.5124390353971267,0.4513243911738443,0.5385204947515674,0.5444901011107169,0.4876510442781871,0.6168614200736329,0.5117596058460947,0.5068199191686035,0.5260508710223613,0.5680563021270981,0.5189305642040019,0.4787342451172216,0.4543501646549141,0.5464108381891125,0.5648215374365124,0.5167183674340803,0.5630853581287004,0.5149282050264246,0.5476205389861836,0.48057215711553397,0.510377628124485,0.6163684443679479,0.5705875326869915,0.39319192126098695,0.5372942093532361,0.6435995724180797,0.4692357252689258,0.4604960512879549,0.5662448201421084,0.5541765627650678,0.4692763974338316,0.5621488943224001,0.47782396102348557,0.5437691856033613,0.6466620904571925,0.609061111064472,0.5645042609620089,0.5090152855488135
0.6094149777097365,0.5748983734643136,0.5622676881964881,0.5679164881556202,0.5787708496119517,0.5498838438162251,0.575660848714848,0.5927930123530272,0.6114739231595692,0.5616446239628666,0.535400269313265,0.5768416468789814,0.5337103807568834,0.5043625177194967,0.5884023572931861,0.5488946995213798,0.5376085957687038,0.5751686684132761,0.5965825512974718,0.5650086171800648,0.6771811048125336,0.5913558080187696,0.5079006914957178,0.5277923733271367,0.6136463421010594,0.5352200638280756,0.4589503184504392,0.48122178384585235,0.4955470017545155,0.5074506634773576,0.6522959897682081,0.5755841205239202,0.5413740330349351,0.4850573837789784,0.578448747402646,0.5574446545222775,0.5977146784632084,0.595640517676407,0.6049266167856435,0.5231051082248771,0.5715942061755921,0.5670081413978738,0.6191649264750795,0.62173160832228,0.5621475805611668,0.5607228605523553,0.5441500965028929,0.5580722860365371,0.5926262386281762,0.6160217793910853,0.6854455162735048,0.5929246359595183,0.515420855653756,0.6371784009857394,0.5710761650612609,0.559242493490955,0.6324774119924435,0.588860862620083,0.6059242897547159,0.5422244532865818,0.561302656319111,0.48874884549086206,0.5768290772106686,0.5028151949033693,0.6224583090661235,0.559356761560715,0.5762816601281977,0.6291661390886526,0.5227065862963293,0.6150208928514793,0.7188459276307246,0.5626761335718934,0.561660386016635,0.627045701788707,0.5445947790686989,0.5231434449947499,0.5678570981774717,0.5755229049015408,0.5428302722831394,0.4986116140903169,0.5588625653702849,0.0,0.6027017935133181,0.5098448160120783,0.6156601343269064,0.6021104960994403,0.587632565231714,0.6519948939707473,0.5478311623253369,0.5378984942154461,0.6264943033094511,0.6415174577522854,0.588835017667286,0.5456404530737703,0.6690994848923375,0.6039086487188376,0.5755976126610168,0.5611662661012458,0.5002610642037582,0.5525660784733263,0.5266214796923114,0.5861912508824695,0.6101731723655484,0.5829738327223541,0.6037959797729655,0.5543838797789606,0.5693414731735339,0.5211539299606188,0.5498174749065506,0.5483222081587242,0.6098058096508265,0.6221674508485497,0.5782419159624791,0.5639811520440222,0.5222184659721515,0.5208344050595616,0.543261670337083,0.5769035290913536,0.5351069731945821,0.5161231274587748,0.596704019474722,0.6107055764082711,0.5180051074831892,0.6408041315433418,0.5739510289708928,0.5611668302164363,0.5404046867509609,0.5182909598327426,0.522255378025251,0.581356415222366,0.5109000129847991,0.6084500011345644,0.5230924904213551,0.6094253657755807,0.6097811505163372,0.5439111454877436,0.50835767224508,0.5474191795497823,0.5027787687271187,0.694293532701388,0.5364760805168302,0.5393496866074435,0.7039644614233961,0.6349676128229225,0.6195755888998825,0.5846157846387617,0.6814679789463867,0.5463590202650511,0.5900322859573058,0.39024723557998475,0.6576347503403429,0.5747853743189406,0.568863085908971,0.5197366298084637,0.6318022230847247,0.6494443493352058,0.48353560425006176,0.5824365523956424,0.5141230450676395,0.5527196495126449,0.5125679967564201,0.602101099956573,0.6262268403896304,0.6199364325527741
0.6092480529861841,0.6835316250148135,0.6098596847041734,0.5280887593322171,0.542387254751049,0.5943564750974525,0.5810156315766083,0.6151805068788873,0.609131018142309,0.6516256504353392,0.5300346316823388,0.5892505605263342,0.5996703573444473,0.4976281943734435,0.5899442337013749,0.5737057354085043,0.5410309621624089,0.5706010952606378,0.5465509398518057,0.5505122049037048,0.5909778442593699,0.6203152439477806,0.5184235700225076,0.5734408310742201,0.6226839489599241,0.5054422691508724,0.4888183794948268,0.4972388143507966,0.534697933252306,0.5567358585108028,0.6096124316635313,0.5659915873285472,0.5505305868659844,0.473881526619675,0.5319854317083961,0.4909904097902669,0.6263184280009807,0.5425104859144836,0.5387259585859644,0.5510266379244741,0.5407786180090434,0.5719567595082302,0.5334257571313213,0.5461254572029729,0.5704496120092397,0.5726961729149006,0.5782890171105054,0.5281445624667019,0.5755680805451321,0.5271943046676112,0.5759030052441363,0.5593209571787482,0.4946883338853009,0.5727910971712107,0.5190364300900581,0.6303090318268009,0.5688304423935973,0.5600387258340107,0.5420695955618368,0.5323519603715676,0.5573621612130534,0.4534637517016444,0.517253355179066,0.45056311614199085,0.5143566847180504,0.5105110068865728,0.5563237446857183,0.6647559666571858,0.4934556225383978,0.5982358805613246,0.6271530039297343,0.5134965570409747,0.4849940084622402,0.5998359752820692,0.5433264074094452,0.5326440420882238,0.5370401915372233,0.6039429681111244,0.5109559633137286,0.5076850501713768,0.5469224048469127,0.6027017935133181,0.0,0.5140365554183746,0.5100870713589388,0.6339445500950539,0.5303881699401156,0.5370322443614031,0.5775678962934657,0.6066984987829771,0.5491882681002344,0.5587387342750217,0.5466199903504956,0.5254632103745887,0.5480561931661643,0.6556139723431028,0.494686489598522,0.534518398476432,0.439815000324352,0.5613369918516468,0.5009505310371756,0.5092219813485865,0.48005906517437724,0.5549338080129054,0.5132994671623871,0.5768199437935617,0.518763842087606,0.5536468869640097,0.5697118799376308,0.6065904166034336,0.5399967029282113,0.4964729871111539,0.5384486331718814,0.5189471268214462,0.5068705001283835,0.5994666940073801,0.5365161261114637,0.5418948583464386,0.49877986234648436,0.49333301755544234,0.5377124456112292,0.5222634131957034,0.490970331481053,0.6826670728328933,0.5009117504594133,0.6069155532545258,0.48246126038322845,0.5523143340033961,0.5067222389619634,0.5572553299060552,0.5714234829560405,0.5618813217566468,0.5144479645775071,0.5268834084744412,0.5393706120947118,0.4991311269935792,0.5902634800094558,0.5327605594605552,0.5075624483047241,0.5961050439741452,0.5244446848139337,0.5081640174682155,0.6244624290550065,0.5004495057725046,0.5594726976317269,0.5220660811975113,0.6675363936553329,0.6030532615495675,0.5991559423949652,0.38025274399702735,0.546266423250142,0.5473695124134741,0.5231273805753173,0.5949159126383672,0.5978260135491789,0.6336939927611818,0.5498867520493985,0.6868913898111787,0.5042454763641061,0.5151953463989781,0.5238259096035304,0.5543723453149785,0.5278991309719187,0.5783515768373229
0.5765030120430333,0.5745731365991317,0.5515325950359655,0.5183970481450966,0.4511742256941122,0.5892116792979599,0.4537808213136913,0.5881338306856427,0.4896806989890695,0.5369993112735763,0.5266291861050237,0.48587575511088243,0.6415062608758733,0.5931683050589412,0.46859489571318974,0.6192705932461585,0.6115100507713103,0.5483560571603355,0.5137272674001386,0.5948137189698287,0.5561028700033552,0.5021160483032396,0.46531733778899653,0.4746302423107756,0.5387617654414005,0.5437791659859684,0.47100859023650604,0.5525867849811708,0.5631074650904797,0.4540679234178351,0.5192547935743086,0.5918993713587062,0.5320045244765395,0.4962053319577415,0.5713881174666973,0.5579355710972574,0.560650389308898,0.6511502563096395,0.48612042403744016,0.5288917903682994,0.5663891509725755,0.4706117049152145,0.5287090238182796,0.5354247221685082,0.5882214458215751,0.5682937955296601,0.5150004715090561,0.535942191198841,0.5163398312885081,0.5741572846960062,0.5538899237331825,0.6319254276587125,0.5286754001810212,0.5624898272460256,0.5520860095969832,0.5136651918051759,0.5938992602522777,0.5333711008134178,0.5333197031012535,0.5952528288527154,0.6315688799803016,0.5326237189405225,0.6145461187822595,0.5256470776076742,0.495040772814203,0.5691275020382227,0.5368272166483316,0.5179103781565257,0.5396750520460941,0.5587657960319206,0.5702575243759235,0.5999622645374182,0.5622758394871034,0.5821027819547575,0.6507226956663714,0.5491226595752067,0.5139727897629994,0.5165659306420923,0.6023977028113203,0.5437719492728922,0.5835998730756252,0.5098448160120783,0.5140365554183746,0.0,0.5708388272375383,0.638207648957571,0.5472059309294903,0.5419350808400575,0.6143581273086688,0.48126907479363734,0.5303220324057564,0.4973441321671513,0.5578692520894066,0.5806901653802367,0.5585929712761252,0.5205430383558053,0.5572746936541526,0.5385131023376369,0.48809011041534933,0.608672651706822,0.55246834611054,0.49838573352098814,0.4854631458359142,0.49439726837032916,0.6264162706329736,0.6096335483650079,0.5866930602653349,0.5443873760696966,0.5564818146737815,0.5046784571288409,0.4959815791928339,0.5290091764903001,0.6045813335754668,0.5417175775216325,0.6765718180980529,0.5870373833841813,0.5896377778311988,0.48007329657661135,0.5731400760885648,0.5612961978386559,0.5402391260197996,0.5609184840990096,0.5729714739244227,0.5526160353159506,0.5238998539942269,0.5806124905440618,0.5425427560047523,0.5093309545989959,0.6400568740319543,0.5772127055076233,0.5117854214948784,0.5892384509806705,0.6121420641282593,0.5407681198735641,0.5212726874078005,0.5028538258874249,0.5358056445686189,0.5307549541892591,0.5177985333066464,0.5193862853174899,0.5460394120829101,0.5746651891848779,0.5462451278890746,0.5163783384789818,0.5623057004818306,0.492270526728774,0.5003903557201261,0.5398782602574677,0.5771559881118175,0.46018630235816077,0.5403472124149928,0.5578762331664187,0.5038335832038883,0.46579141334678364,0.5307940232761243,0.5298825733093441,0.4931167244748065,0.5401368629327875,0.5151583349036403,0.5593978248234039,0.547821732527188,0.5920693729092348,0.4929856944876186,0.5183013177184819
0.5732618931099983,0.5307541768397913,0.5325282676465394,0.5475746857244187,0.5222965955548402,0.5466211787773471,0.5088154720758625,0.5562602657839462,0.5186677014250055,0.5345652226581585,0.5365481802169293,0.5490826893318248,0.5380872951726696,0.5349337972228163,0.4751345865404309,0.6100623459767379,0.6231081710588305,0.5445526910329896,0.602180556582227,0.5894387827006871,0.6911182791179946,0.5018891130228923,0.5243316752184539,0.4828078198188519,0.5942370085334172,0.5730372055906474,0.46121943630773826,0.5356783228992112,0.5074774378914619,0.48962853688452995,0.5553514176679213,0.6340484294361322,0.4921628625690219,0.5580710038179488,0.5834225862329212,0.6110157522048376,0.5594975013589037,0.6661534421745647,0.5487947228389376,0.5183889209938906,0.5623785645097765,0.538597996447238,0.5996544492526102,0.5952358146583191,0.5637757284453883,0.5587212636445054,0.5300679035424343,0.5480314050146821,0.5915632755475664,0.6425819651475265,0.6586267754027822,0.642454504606188,0.5117041257064453,0.5937209863714299,0.594830768939141,0.5305225144680482,0.6765807405828058,0.6053430731899103,0.5945251416528649,0.5843011990443328,0.5548593754179517,0.5386835771929867,0.6015458842423785,0.5854831049352266,0.5596937025009939,0.5809584744682952,0.554953241483341,0.521261658074769,0.5395009477918413,0.561923002780068,0.5978916765089276,0.6115719062037194,0.6645810216465425,0.6233519213006226,0.5879902316031009,0.5326539100573381,0.5791185910833235,0.5702609224705946,0.5846689907860217,0.5546450617224393,0.5736828903376766,0.6156601343269064,0.5100870713589388,0.5708388272375383,0.0,0.5923308426539895,0.5858852948654033,0.6440203789841832,0.5788334069790994,0.4845598820362785,0.631474484543325,0.5895214302722959,0.6018076619194928,0.5763234488104303,0.6842936671049021,0.5198383879851126,0.5648311388969735,0.6094706977275028,0.5640192945323953,0.5817604167270793,0.5446688420669771,0.5761907058717614,0.6529163495195426,0.5373851844663788,0.6821946261003001,0.5937970472250237,0.6576791295893694,0.5634414392059517,0.5409155305406838,0.5211945640697447,0.6171414067200971,0.7494039336582504,0.6116693395176311,0.6379284173178905,0.5716177397608057,0.5327097022922002,0.6073046631011438,0.5546512319352185,0.6151571826729247,0.5748139478499324,0.6073838058172315,0.615753788214306,0.6172003105148945,0.5810278681011389,0.5753707375316172,0.5379519892814155,0.633147632438279,0.49999660871608514,0.6209117353983036,0.547105337578588,0.5069661297455849,0.6545847785249465,0.5654664820366115,0.6102228370845565,0.5607131236931615,0.502458949429429,0.49719174501287905,0.5248175882597139,0.5049406358366241,0.6239654934830181,0.48887268670084977,0.6226515009767055,0.6461844648968308,0.6629059089330265,0.6478378641238713,0.5962168185439926,0.539428975873021,0.5212503217341259,0.6083123871031682,0.46392440078542035,0.6267268372336599,0.57033717342459,0.5705605497094665,0.47436240748034536,0.616001118511449,0.5497508523875557,0.4615747984709155,0.5501847706480194,0.4896516440776372,0.6505371550891856,0.5097455769363493,0.6490100181186818,0.6422408837544714,0.5790674154966455
0.6463662346731923,0.6885790891477468,0.6272543374210001,0.5584819225181417,0.5347861339044039,0.5920845475625843,0.5324942789095518,0.6871706454637742,0.5916956098914019,0.613193676818775,0.5600969774023521,0.5940466542341781,0.6491585555034483,0.5697017114234877,0.5477243300188922,0.6570931278556693,0.6317480443636575,0.603123077286655,0.5648885017901024,0.6568328606272188,0.6399476188620383,0.5892365167473083,0.5511856317109335,0.564829440128084,0.6343744583930009,0.5882537812212728,0.5272981486920538,0.560762703302866,0.5662498959929838,0.5287317068751859,0.6158093321105018,0.5973286624914035,0.5720685125766845,0.5405778114506223,0.6265837775129197,0.5857364653283229,0.6310054695046488,0.6802339911237553,0.5477764835333955,0.5926426236685507,0.6225262847983469,0.5544729958160931,0.5724184405502213,0.5776095969186977,0.6935057997387891,0.6214960469825686,0.5993044314133742,0.5553225204703558,0.5966624220091854,0.6120029922691096,0.5965311206209564,0.6650063295603492,0.5113461582697135,0.6045606096171436,0.5630248214149866,0.6070002505416127,0.6360551386221243,0.6068238074340312,0.569458031074999,0.6198046560528555,0.5889487954830421,0.4989739686035906,0.5763051791635591,0.5443504716649679,0.520377870063548,0.546058429691096,0.5819566724795205,0.5832873182991872,0.5575108747772487,0.6195360126723608,0.6381946409584096,0.603464065661358,0.5547023057169127,0.6388987724960271,0.6206468430256288,0.5368479613880837,0.5426326575008891,0.603748996097856,0.6161476264142945,0.5097139055566375,0.5560829931873644,0.6021104960994403,0.6339445500950539,0.638207648957571,0.5923308426539895,0.0,0.5628092415519502,0.5712251950662133,0.6314614397167155,0.5853748111275576,0.603420952498397,0.5759457723955407,0.5865524240078303,0.5562110994322519,0.5936641039571088,0.6143022011733678,0.5339764041476681,0.6239210917309149,0.4978308402032885,0.6370879908992227,0.5477170746711224,0.5224209104864602,0.5264858668763833,0.5797752113461832,0.61008859725529,0.694506554864537,0.5797873833419115,0.6399300830428282,0.611491383603825,0.585401589912244,0.552348392316064,0.5804229264276974,0.5770935251338741,0.5734961293904945,0.6099613714821224,0.6898967908398669,0.5872044413115767,0.5389405387082326,0.5645249868098158,0.5728842909586415,0.6073462661128831,0.5786658891406381,0.5828457620692031,0.6272738101063938,0.5359655222425752,0.6182745491495573,0.5432975229655969,0.5860617704025467,0.6301214903664183,0.6187921768584247,0.5907186702704427,0.6051851288207487,0.5690423630314664,0.5875069848279785,0.5763436448048913,0.5061601792619987,0.6222916076624003,0.6035945966541864,0.5946716779556928,0.607053898525195,0.5318095989220517,0.569881005713339,0.6407661885541744,0.5496916268281213,0.6200014579832066,0.5873944744730888,0.641426860943698,0.5627511828691409,0.6926043705728474,0.44024697920474737,0.5944726101613941,0.5518847195456431,0.5727836299007404,0.5747630676651104,0.6325254396131238,0.6116763947278064,0.5253156540432761,0.6408734345629167,0.5273677293119908,0.5402967806770257,0.5352917377078281,0.607098045813189,0.5433646620103627,0.6006805033152735
0.5765661270359934,0.5198922143472969,0.5316434362178197,0.5212952225084304,0.47835890679751764,0.5972511685023318,0.48562311157577265,0.6036183387928823,0.5461466318076093,0.5277190566457874,0.5667386359378442,0.5553088585201226,0.5645763165832448,0.4862262075153393,0.4709525085990675,0.5843995884100045,0.528498235476679,0.5001022479399245,0.5499135301301574,0.5592497372958235,0.5961915840799544,0.5198878564251168,0.4687247888296429,0.48187507109879013,0.6180695789807332,0.5394226921837847,0.44282087324569114,0.49897251830187594,0.48009752956967305,0.4794373966875082,0.5758905297916893,0.5911556408118841,0.47330386193311735,0.5128144297238545,0.5410083322820777,0.5110711277605171,0.658191173260785,0.5682069326804119,0.542351400628352,0.47357992131579874,0.47847164383080304,0.5433312366259891,0.5464672008893118,0.5748208229951066,0.5578201084587996,0.49773259377661316,0.46551260788756793,0.6088825465829153,0.5402510134940869,0.5178258118802676,0.5646457868042083,0.5440959430289112,0.43763741845302895,0.5598279630760077,0.5531016606328654,0.5481570177340653,0.5618977595130666,0.5843908627180795,0.5095519764684063,0.4915209831160928,0.6249949541868653,0.46405104615044035,0.5424533899767198,0.4774528291609731,0.4908459166777115,0.525989145467715,0.5840694781496949,0.5651054799577259,0.49169613300394255,0.6338794343549407,0.599093499630688,0.5083584229171683,0.6021670191934652,0.5778824443388413,0.5440639926414443,0.49804541101375,0.5794406590426124,0.5261306699376646,0.5142611495863707,0.53603957088854,0.5324674476481409,0.587632565231714,0.5303881699401156,0.5472059309294903,0.5858852948654033,0.5628092415519502,0.0,0.5475085783569859,0.530323659900224,0.531230430776955,0.541204632800717,0.5339756001275643,0.5072261393122303,0.5166866865309124,0.5616758029907027,0.5736202959345237,0.5334600563759593,0.5519560155457376,0.4734886609930477,0.5273571017576105,0.523965073972493,0.6099746890804331,0.541792780989546,0.50761147106547,0.554746045189035,0.528247332177826,0.53763256403477,0.5338321740029587,0.4695621843613869,0.5584770662214508,0.5899994533779157,0.5577365747348483,0.6582002091524016,0.5752240240492366,0.491336075550304,0.5018870613910533,0.5163119342751286,0.5310230651505216,0.5531484482498041,0.519691448600487,0.5163688222249332,0.583020293300706,0.5670453057639421,0.5617517207978553,0.5523740013845834,0.5406088027187558,0.5062134989338397,0.5109991559683407,0.5299325914719543,0.49561611946862755,0.5020645605555989,0.606260785512014,0.6176924667251242,0.5816483428265822,0.6050621791524664,0.46631252181456595,0.4954587028284117,0.4756779317558063,0.4768276545190149,0.5609102314873919,0.48991065192195055,0.5568388039730876,0.5551930971526302,0.5528569704257158,0.6191017632630651,0.5484441164618803,0.551227039018865,0.4818567227346612,0.5716808574520768,0.40833428310785386,0.6545764745439521,0.49546931916956766,0.5081413950859563,0.44972788666965835,0.5835978762645145,0.6308193873283306,0.502445817453757,0.5701801762193518,0.4790175886571187,0.565735155368403,0.4580999195685898,0.5856432343608604,0.5407400050335719,0.5805783120379234
0.6068019030107082,0.5515108208753216,0.5339295131419161,0.5448652824683348,0.5324871503065035,0.5262107855584234,0.5477576134311349,0.5666463680543377,0.5375424789802077,0.5504781091661224,0.5238556441925057,0.5246277136970254,0.5569518670162001,0.5565776774942962,0.543506675630552,0.5761168723655711,0.5777674468498517,0.6033439506315865,0.5864065096764265,0.5833791980421559,0.6194992241059011,0.533301216573906,0.5181640063125693,0.48910810641955227,0.57078895821698,0.5296219876964048,0.4744213308691352,0.5156325947141007,0.5154436059935739,0.49723805255703957,0.5978818724629044,0.6560195927250044,0.5300368305651819,0.5034542630766407,0.5920154364739851,0.5992570211235854,0.5663386865028194,0.6265785444380356,0.5648211454200073,0.5356783871959618,0.5697734514955701,0.5037051005455748,0.6503145180848985,0.5796069481786463,0.5747695170042537,0.6051037064232715,0.5552793261818556,0.5331970060217726,0.6157032175840506,0.7207607118972015,0.7444943169631872,0.5896113802297495,0.5756095261257014,0.6140070181855162,0.6250119876564979,0.5055370662705981,0.688953149095518,0.5601358601769866,0.6748597690375921,0.6325826811394545,0.5671770138968832,0.5548390943825527,0.6112993421952906,0.5480203705915834,0.6382141754037168,0.6070847456963613,0.5551944610782005,0.568249504173346,0.5690190824145601,0.5740152163240164,0.6488859450942105,0.6490726204789046,0.5765918585921836,0.648382285169421,0.5754518379465821,0.5793179348136068,0.5932734648257749,0.5580790384992492,0.5677289798153937,0.5036337200264853,0.5473615742212055,0.6519948939707473,0.5370322443614031,0.5419350808400575,0.6440203789841832,0.5712251950662133,0.5475085783569859,0.0,0.6113728245847267,0.47577639070813366,0.6259819611910754,0.598852982256695,0.6848890710869349,0.6080171658820389,0.6637624084236856,0.5288761684741672,0.5906762713989784,0.5292175709315633,0.527039212162077,0.6000673186269772,0.5565054554598049,0.5956931434252409,0.5980458005533735,0.5282186283854571,0.6990027098168319,0.5784047370612022,0.6369012055286835,0.5029879457553745,0.5927623696348272,0.49894664814431705,0.573200721681886,0.6280300867867191,0.5734485467714096,0.5674602128819295,0.5913431883991959,0.5195359304693278,0.5838737143417033,0.6032208792673368,0.533399512706007,0.5259170206879227,0.6070328299945901,0.6000761034719403,0.5159596562827886,0.6112387442419809,0.5504611830589445,0.5622873510865943,0.5959142143609022,0.5163484822990456,0.5513176629229912,0.6176124780549889,0.49140887956808876,0.5896913612067495,0.545020391749878,0.5561307391481607,0.5502444883365004,0.5529201736473387,0.5030872009483017,0.5607531630127529,0.507550136343261,0.6578087853152415,0.5340460041583478,0.5783075263364774,0.6846132231499941,0.6220812701574474,0.5872260093591797,0.5694839114097162,0.551287323330065,0.5581413474839857,0.5747758671105301,0.41137184149250433,0.6134515783157543,0.6103564263356963,0.5757038142391864,0.5014265130872932,0.55889676892504,0.5680037437714747,0.4758745694160342,0.5301204380661562,0.5148851185118026,0.640506360461561,0.5311548526715092,0.6006953541466378,0.5667873970878506,0.5538529147173973
0.5998657574033753,0.6081636476414203,0.5388285333450202,0.521605659965221,0.46134976562762986,0.596272993083138,0.5108677059963351,0.6342308397787272,0.516994006241475,0.5985961640123794,0.4923365322171007,0.5393037456342596,0.6321364918586455,0.5377598103391634,0.5076914045192609,0.6078775620887523,0.6029122235462706,0.5733166364508397,0.5793973638937701,0.5934800776330829,0.5776130386701985,0.49550740139817195,0.5221573456702033,0.4976205152512741,0.5878996802681984,0.5187884046889104,0.4822468876542505,0.5626775889286466,0.5267811131817542,0.5100406921928334,0.5804657648297964,0.6856268579484089,0.5406575344949816,0.5499402883910626,0.5457210017741794,0.541142764654419,0.5721867957444366,0.5828230341254951,0.5064413108732213,0.5443574590236951,0.5613027433907495,0.4905137998154518,0.5682950562404727,0.5254974425901306,0.6285894999832483,0.7001065662839294,0.600732961793613,0.4983146619514164,0.5711581946735875,0.5893125428893581,0.6165455754372003,0.6235181506365243,0.5626655358308469,0.5647279686942647,0.5547262728358787,0.5583608994303069,0.6422255580304586,0.5465186488496802,0.5683319174741533,0.6638411193511791,0.5982439462524752,0.5462987246190352,0.5860204587333995,0.4905403310773816,0.5314974056380788,0.6106050979367782,0.5393795883599151,0.5478644104258754,0.5147869861674998,0.5624229313792419,0.5862847272618825,0.5852793803445863,0.5167811334939383,0.6196481950808315,0.6100550289202991,0.6584780041915693,0.5472832368644059,0.5458659103935989,0.6219114271966475,0.5391030446652463,0.5769135627642056,0.5478311623253369,0.5775678962934657,0.6143581273086688,0.5788334069790994,0.6314614397167155,0.530323659900224,0.6113728245847267,0.0,0.510926168108501,0.5377961985058777,0.5608784159243593,0.58827779623273,0.6403722245301644,0.5501719910250239,0.5389720560104404,0.5538649433941174,0.5703160357004712,0.4719946076506216,0.7158746698738978,0.5303008822794871,0.5399594357192112,0.5136092418703501,0.5315018423309205,0.6152484815586823,0.6846024108714663,0.6535991054201985,0.5518527594686321,0.633539514022772,0.5254718769420569,0.5302287933204484,0.5229377915071443,0.5684344751129166,0.5344222699572044,0.6505193160731956,0.601429836396624,0.6828119334318583,0.5228651824152026,0.5252188512024656,0.5243939652926064,0.5230184068645406,0.5645369891208247,0.5309218835985439,0.637949309504205,0.4896814869890244,0.6122215599229136,0.5598228684361931,0.5456120850493847,0.5918689524600143,0.5717157580106134,0.5428526314795156,0.569681035368141,0.5549634974931035,0.5073585416734998,0.5028026806357796,0.4951235969704989,0.5886831373122389,0.5303477366112007,0.5054539689332086,0.5896349261912189,0.5307456077436263,0.5474562814996774,0.6232210357365331,0.5056344815116367,0.5439154746524042,0.5338608448985108,0.5248256635096359,0.628316838268227,0.6061450337898238,0.42182266170319277,0.556416979607643,0.5980407918220451,0.5104648396686375,0.5194129543329342,0.5719732600150274,0.5535222541129453,0.5015265035566315,0.5967481065966292,0.4916041954569254,0.6026035792517581,0.5674721975395768,0.5886284104412793,0.5210281653203027,0.5058600634426131
0.5081912581758443,0.5920254476690349,0.5036812043756175,0.4917661107082585,0.469124845345232,0.5283614055082178,0.5244094403989811,0.5643401380970273,0.5439302574790381,0.5324965769146225,0.4792952704863488,0.5646316793032867,0.5289495657006464,0.4823151293001367,0.49876897479069293,0.5084388592881646,0.4691705663514001,0.4578806321856729,0.46398531570274715,0.49894127305934355,0.5162543804395884,0.5101033991154699,0.47713361980302027,0.5295515601221938,0.5447039653370939,0.5226979037051356,0.464799169124727,0.4419870551407966,0.485574654182988,0.46554200519418937,0.5841036647729658,0.5001010361706322,0.5014732954894437,0.4984774856698252,0.5069672928593656,0.49014203841018206,0.5969664079921426,0.5007673355290759,0.531459815142798,0.5034994584520393,0.48897986641960905,0.5131311218645886,0.45885488830299354,0.5154963021256928,0.5796269051554597,0.49659535089275153,0.4983099221300343,0.5044285042563368,0.5100144009772977,0.46808347879645623,0.49513247209367356,0.4954988630587911,0.416426609576759,0.5193228995064058,0.4909441048415686,0.6523455262010563,0.486669541905583,0.4986886696442816,0.4688675589700627,0.49503376687027517,0.5185972063152028,0.4405379794889417,0.4383836337920694,0.4537726373589584,0.43983672735132456,0.4520941088945657,0.5960521547670979,0.5481427692642897,0.42468147166751385,0.5068751520956247,0.5495406735021744,0.4874301965073892,0.4717625703729805,0.5182405014250314,0.464499649813346,0.4689320265620071,0.5106001623020944,0.573743757059611,0.4745955638529609,0.4839909916515627,0.4685782218671962,0.5378984942154461,0.6066984987829771,0.48126907479363734,0.4845598820362785,0.5853748111275576,0.531230430776955,0.47577639070813366,0.510926168108501,0.0,0.4814612076722275,0.561484031947874,0.4680116724199716,0.4642435960246991,0.5011978465156451,0.6268045045060415,0.46833269012604606,0.5487630251965684,0.45509170774278995,0.5405597399813191,0.522108512271118,0.4791907231119764,0.46647719365598683,0.4890940840194408,0.47160631384689705,0.5274724787718488,0.4715238747068293,0.5095766832752571,0.49649746214014023,0.5885780591447257,0.5169259211802808,0.487711662945926,0.522158681835008,0.4964244334195239,0.45919504096027375,0.5293729114249063,0.46365821028640253,0.4636373363479565,0.4634083397078276,0.5043134729757611,0.5035446474062163,0.5016665367430345,0.49834625114761955,0.5630587533154984,0.4883614922448952,0.5421578409567116,0.47631413574067916,0.6093856880777346,0.4960109558131315,0.499212490487584,0.5166105067556276,0.4932814644398025,0.522044090182744,0.5374231041293069,0.5274614331793553,0.43724015633115004,0.5236063731599623,0.5083615918192174,0.47979572018047456,0.5215579014699488,0.4535767062314393,0.501647775475696,0.5581333866182256,0.47895810044305176,0.5682208932078283,0.5226692365751414,0.6077502856623591,0.4921781601542221,0.5282513029516402,0.39106590024548177,0.5239492488338435,0.4510832501754966,0.46053828235418537,0.5491577418982914,0.5449047308088685,0.5974470677030801,0.49421991184335445,0.6078897651794493,0.47687422632469756,0.4733208186526358,0.44606883540073194,0.5105418210399729,0.5092132077787008,0.518766502010817
0.6003653565016919,0.5584035138726419,0.5998278499703443,0.5968136202831424,0.6717035892340051,0.5283712443813211,0.5604559113315465,0.5719440582662146,0.5755583615643071,0.5577773095775248,0.6129436398993544,0.5692446556821122,0.5520842044310219,0.5551055959071102,0.516814324380169,0.6344668551998905,0.6471587859848704,0.6045304340617882,0.5759593126991669,0.5600865755055003,0.6465307003937254,0.5980381522816073,0.574138484751273,0.500573023405587,0.5872656107968662,0.5555577049347579,0.5429686499102463,0.5599246000601915,0.5370551471966241,0.5628249710758209,0.5460301099932661,0.5849646787348872,0.5284267192518195,0.49737548463526954,0.6009851424409101,0.5953890697772589,0.5612624048444512,0.6734199935729489,0.5419811799545504,0.554396767604065,0.5698506753897989,0.5923642960998651,0.5735971951002323,0.5704015175531979,0.551183860102428,0.5276594768080707,0.5292061766003038,0.5314921904283788,0.6206156334486704,0.6387936139010607,0.6433562159574613,0.5999619406503455,0.4992055906802165,0.6019244826337732,0.5916734776219056,0.514672951378123,0.6246108576810122,0.6979937492682684,0.5894872607099745,0.5719402043071772,0.5256906600922397,0.48692525329503294,0.5771262382967838,0.5616664991182859,0.5216297154585912,0.497880136973793,0.532346749515522,0.535514672734421,0.6263076198612642,0.6180911336484316,0.5824078150018395,0.5688092093162169,0.6081603039083245,0.6454440327763581,0.6030836593629147,0.47659914549589816,0.5764776413068063,0.6142812870246408,0.5173251496745542,0.4730215134522562,0.5049005266402259,0.6264943033094511,0.5491882681002344,0.5303220324057564,0.631474484543325,0.603420952498397,0.541204632800717,0.6259819611910754,0.5377961985058777,0.4814612076722275,0.0,0.5646363174313374,0.6476304398409124,0.5071554059044946,0.6657688833655651,0.538811764276455,0.4918369534593663,0.5424398456177122,0.5225354537443739,0.5452509862267537,0.5054537887594163,0.5325407796478691,0.5793835540983604,0.5426481899976655,0.6196231662776586,0.5576415440143322,0.548230637132354,0.5744067966296822,0.5367101618742658,0.5022571895468092,0.581899470235224,0.6558742112125893,0.5477046317419525,0.6387890493559495,0.5357266529123395,0.5873978978728189,0.5300094818701143,0.5841507515814814,0.5779463600469419,0.5839318514606587,0.6385021152416226,0.593993629857077,0.5229425518026573,0.5676717611728054,0.5286263362610614,0.5332124364795278,0.5688605733933828,0.5113377508999727,0.5596056267328033,0.5533935273618743,0.5380908283337545,0.6135396819365206,0.5266341497460648,0.6033218683046699,0.5276060251846715,0.4760378175504346,0.4851821088484247,0.5555071551733228,0.5391212244974245,0.6035608044696883,0.4946317957481645,0.5776709877535336,0.6509527326615672,0.6426927876197948,0.5855444917891647,0.5901332999230922,0.5896869815199296,0.5029030687277654,0.5869322716290689,0.43731297439034994,0.5757091547286293,0.5432106339112192,0.6766776880466195,0.5139374371494249,0.5863688752824191,0.5347169813929029,0.48067881952406666,0.5534811550430105,0.5162814267517166,0.5907944209635104,0.4801831186544654,0.5732369309809706,0.5468593201223778,0.648442579238296
0.5389729270292918,0.5853285309351867,0.4977370616766512,0.5363719723727353,0.5168028509235235,0.5522203066777452,0.5663670149859409,0.5515763961777753,0.5542120630554854,0.5394766190983137,0.4797795670881603,0.5993826114266673,0.5006478202587455,0.5181183438211213,0.5188673313988417,0.5188020542382544,0.5048601373135685,0.4883610838097635,0.5450931229566951,0.520761422955312,0.5776284951229241,0.49703442888166977,0.49754084619916544,0.4862265375695854,0.5669327576064369,0.5229723507528655,0.44824633207609704,0.4562541321204632,0.5101205069876151,0.4848624761827181,0.6735379603840395,0.5769724100369431,0.5425966515854684,0.5327353167222602,0.5828314080530839,0.6154707342192219,0.553196332475573,0.5594370902378671,0.5822317924907524,0.49592426243180787,0.5643306192367936,0.5172111447023104,0.5274229758931046,0.6061624418578753,0.5683634482991703,0.530217221671511,0.5682117016189994,0.5139052197659174,0.5527014800087651,0.5691963401018068,0.6033115931815978,0.5708221020456505,0.4885148330109279,0.5929874924280202,0.5773403706055376,0.5995996314342613,0.5560321823975801,0.5557008367957711,0.5339686443797275,0.5662941128344843,0.512339244207656,0.5347625273924786,0.505352457018816,0.5295983482990474,0.5220473092762135,0.5010585516883613,0.5486059762535275,0.5330151378493472,0.45977665623680547,0.5118772224348568,0.5929190060982729,0.5717785778462664,0.5286726869194608,0.5491305098298073,0.501409892542089,0.5263335022434248,0.5235504792571792,0.5929089451846381,0.5174843319645993,0.5040664976240367,0.5149011189624088,0.6415174577522854,0.5587387342750217,0.4973441321671513,0.5895214302722959,0.5759457723955407,0.5339756001275643,0.598852982256695,0.5608784159243593,0.561484031947874,0.5646363174313374,0.0,0.5693282745939927,0.521390293369822,0.587206652416963,0.6191917766787716,0.5447380984117506,0.6307723849809105,0.5681565712531426,0.5830142015209592,0.5630246208359002,0.5155177949408379,0.6020321561964791,0.5650327319508445,0.5890913571409462,0.5411394472538241,0.5408296094323588,0.5008668320940919,0.5383962601259434,0.5221782098250176,0.5921853002155522,0.5967746041159521,0.5527396633219198,0.5346966687068221,0.5182929307034795,0.5074951952847357,0.5409946652793318,0.5116429196872418,0.5172482053586048,0.5632275073433505,0.5586212749887319,0.5864460402285752,0.5246193744891924,0.5981277648638522,0.5509646071469845,0.5679894530079912,0.5843037852138209,0.5615944607995083,0.5615955901977083,0.5318796432750332,0.5128292708611751,0.5317978741109745,0.5034572627322107,0.6091767644115507,0.5280352906721648,0.4886222859241213,0.503217360868932,0.542317524135599,0.46591611693696944,0.6058908609390448,0.49668261011977033,0.5764425230872282,0.6813281321297489,0.5966637315419908,0.6038112774412832,0.6035816563236378,0.6198999963093447,0.51661707167365,0.5656379225352923,0.42431709678326535,0.5854958127400993,0.5464619303901253,0.49794813783313835,0.5107002106294201,0.5931258005478571,0.5490650314983332,0.4388301892225258,0.5636122726129269,0.5019604934079628,0.5497544668350145,0.47853879554776324,0.6020998460926675,0.5823819513884156,0.5276539588516782
0.5944472185069,0.5941958778508833,0.553080341301709,0.5625444936072019,0.5759997494100233,0.526422097104182,0.5563542465897797,0.5512429190351392,0.5243050237896099,0.5564286763558999,0.5650635420604232,0.5457619722694127,0.5605865798941323,0.5901659291118334,0.5539969753758566,0.6104832382346296,0.6174331079608911,0.6018203225637914,0.5953131790811085,0.5821305468761193,0.6093541733393532,0.5594852644317875,0.5376634744845185,0.5076849914741085,0.5557235837391983,0.5264378499369436,0.5067936023693108,0.5420026794587786,0.6057354874242673,0.5165670948934507,0.5831079975228004,0.6287190167969172,0.5684330529083881,0.4993182184563385,0.6238724574790543,0.6383423989909971,0.5516096830064781,0.6674611390548215,0.5936885658084112,0.5669057934297757,0.6325877281029337,0.49364987703165436,0.59869579362668,0.5932842741956684,0.5673628889444612,0.5815813591925749,0.5450528786073846,0.5418161202903075,0.6263973711043469,0.7248029914184908,0.6948408892628021,0.5940276195146353,0.5902570520455122,0.6488341007493171,0.6861413116160712,0.48842776885017253,0.6831368013080252,0.5837990580828515,0.6289527717904482,0.6821454266312584,0.5534191827071518,0.5370313117153807,0.5930582184205376,0.5685165668341641,0.5738044306368326,0.544921017705327,0.5277662511111411,0.5269886702948866,0.5667796849961315,0.5549549554577529,0.5953428977507261,0.6722627757602803,0.5432214426399241,0.6317006117171236,0.5980544879161824,0.5498411757567259,0.5753243267324907,0.5978433895995594,0.5529766628993794,0.5030610471551131,0.5276698584832937,0.588835017667286,0.5466199903504956,0.5578692520894066,0.6018076619194928,0.5865524240078303,0.5072261393122303,0.6848890710869349,0.58827779623273,0.4680116724199716,0.6476304398409124,0.5693282745939927,0.0,0.5966534211856943,0.6355421647694821,0.5347645800328479,0.5499561961876901,0.5121511921740516,0.529858812653323,0.5788408993769146,0.5803296145610316,0.5337434263162577,0.5387629233903668,0.5258776236823465,0.664989653077611,0.5659733793379328,0.5943289706305344,0.5112891583841065,0.6074604433674752,0.49688116750441275,0.5656090980440359,0.604946610503658,0.5339713682215756,0.5675608633559392,0.6137915447998409,0.5538779358740846,0.5706263109695315,0.610974130453279,0.5397303839169681,0.5376638330714434,0.6678005134936678,0.5665842956122459,0.5082599383083168,0.6116402851187056,0.5422069365955426,0.6042818409409031,0.564519932847936,0.5321669830128015,0.5858710791679539,0.6228277482314267,0.4941853487797193,0.5733094823460463,0.5452560134856315,0.5722470169707774,0.540026470681117,0.5462056842495081,0.5169931881256473,0.604543325224078,0.5304651816687664,0.6377150512208158,0.5392379393102481,0.5945068302414721,0.6571931812006991,0.6014331817859556,0.5889782964609241,0.5256477367424771,0.5561161197654584,0.5590340712445017,0.5747512328925424,0.43527562153283456,0.5800157083795743,0.6334925224721164,0.6262066180507584,0.5044686921599594,0.5503261590499278,0.5325247040966263,0.49114934945335853,0.5293607675089304,0.54885672450683,0.6246236158056889,0.5168202406556653,0.5952319141916841,0.5251868989133769,0.5733265416040434
0.6122518172930796,0.5542009101165498,0.49108554729998716,0.4913917268435822,0.45472147645745337,0.5493769720858388,0.48998076515442307,0.5226060300644185,0.4838561019162061,0.5202697614330332,0.49219000045982714,0.48836148887250863,0.5746767795794656,0.5213485813128492,0.5100323437298513,0.550246786175723,0.5598908989043283,0.5668932570987694,0.5866337228897702,0.617566912318544,0.5734180293502038,0.4851243771857897,0.4732483693762446,0.5002193629506442,0.5483211777747311,0.49283886380154024,0.4255782305942847,0.5212358395048999,0.5128691596194928,0.4581043942901361,0.5594083956958149,0.6312055857774309,0.5074490238974383,0.5039461195266784,0.5632657835877167,0.5150619360855374,0.5546343439994074,0.5614260568879542,0.5175564759621092,0.5180372585252595,0.5471743512393555,0.4570629190717454,0.5860618141834222,0.5622512223066769,0.5485507658565798,0.6304017329638707,0.5334389952846691,0.5356937375546893,0.5632202042749644,0.6014560833657709,0.6250341421182902,0.6034456451591729,0.609189454675718,0.5686190524145714,0.5569260144634978,0.496501683222366,0.6936849116435482,0.49006733192167956,0.5926843979466866,0.6026927922517628,0.5876588623412842,0.5208070171864182,0.6045943542665777,0.4825767668559515,0.6183661988650433,0.6979097631957291,0.5242189926956574,0.5392567653126702,0.48698150810843094,0.5171336914511003,0.6058196570204566,0.6200999493838336,0.521131255986643,0.5810207760331111,0.5624299312087127,0.754664452761847,0.525568273409956,0.5030210669003266,0.5968416708608015,0.5943538807432345,0.6083800877437258,0.5456404530737703,0.5254632103745887,0.5806901653802367,0.5763234488104303,0.5562110994322519,0.5166866865309124,0.6080171658820389,0.6403722245301644,0.4642435960246991,0.5071554059044946,0.521390293369822,0.5966534211856943,0.0,0.5620945675384097,0.5018716790466934,0.5923224498135905,0.5075958909387039,0.47168199151390783,0.5978202564126402,0.560933353441567,0.517517594897042,0.4971549324458937,0.4889097738777463,0.6086329799481512,0.5758662224357595,0.6177258765755055,0.49042854946023157,0.5870527698165855,0.5226773933354683,0.5355045918120676,0.5232316401984847,0.5748389977975679,0.49258817299516483,0.6448100899456092,0.5183202688215234,0.6770405891907938,0.5347786865226803,0.5169395596654985,0.47377120368697395,0.546585845393107,0.5068793855126572,0.5480733308692165,0.6277987519839836,0.5494829411072927,0.5774163695860611,0.5157061556898778,0.4807937227952479,0.5463651958603356,0.5763264301626496,0.46622656164424753,0.5488288046170132,0.558367646051682,0.5128763624031746,0.5422851408878896,0.6006824009775069,0.5651600982520519,0.5276377549426787,0.478558403654215,0.572648088176667,0.5474321989865222,0.5337097708622185,0.5841373356992654,0.49973275411307944,0.5513679148858711,0.4905468646492068,0.4964577258206845,0.5792123400080289,0.55314060237171,0.399210835894929,0.5888053511020194,0.6415435310027249,0.5046498535585459,0.454583301167517,0.5256022388858012,0.5515585145726484,0.5113558037905888,0.5239159871214527,0.5114812169878811,0.6072299144297078,0.5621982014147848,0.6329999347043089,0.5061491432481828,0.5203750269955432
0.5891596505565856,0.5775852545559913,0.5717825410213461,0.6013265312064575,0.5677943262782873,0.5395572860168126,0.5584151462681471,0.5497444969363059,0.548599085091911,0.5668779823465315,0.5751456660357699,0.5237203561928716,0.5607880775664669,0.5976867240729533,0.5254998971848438,0.5857252549342638,0.6032805067239589,0.5903744855431531,0.5557672523669345,0.563654278829925,0.6623032472938803,0.581782539911902,0.5184545860511977,0.5066715740231877,0.5781691393953469,0.561738064792298,0.49270487784906314,0.5223068349442255,0.5558694026075367,0.48386294528270823,0.5541842795314107,0.592534990680238,0.5409033494415821,0.48596994532848325,0.6029066699806673,0.5997353314744875,0.5762651026906578,0.6706225369010554,0.5642144911199358,0.5684449602740066,0.5905284338043132,0.5562801484419927,0.5664666778758086,0.6049988557234758,0.5498058244991559,0.5458937888752635,0.5164719524856298,0.556741669015315,0.6080558833867064,0.6415932955663577,0.6790741120274483,0.6033082009354368,0.5457335194257411,0.6532699766605072,0.6117078194809985,0.5339824312910688,0.6481095160144801,0.5764906967200895,0.6733193051813,0.5822829305891695,0.5819668991353791,0.5179207400282136,0.5814927639020764,0.5704739497940303,0.5862697387974656,0.5573933815986499,0.6079748183909053,0.5708139947323795,0.5698702957111355,0.584404934340298,0.6439707281256162,0.6334294002204152,0.6580105033547654,0.6662460953699071,0.5907921796437141,0.5207140425640543,0.6003776979386244,0.6052194764950739,0.5317246130667447,0.5348027880938324,0.573376939148501,0.6690994848923375,0.5480561931661643,0.5585929712761252,0.6842936671049021,0.5936641039571088,0.5616758029907027,0.6637624084236856,0.5501719910250239,0.5011978465156451,0.6657688833655651,0.587206652416963,0.6355421647694821,0.5620945675384097,0.0,0.5488385892180663,0.5607903144714526,0.5429750740084199,0.5499508922580737,0.5781360898923993,0.5711208344287377,0.5483898097598954,0.5937201024550246,0.5269302251220388,0.6440239842157858,0.5514536897348554,0.5906081897612439,0.5375197612779035,0.5641640006421851,0.5283887623523785,0.594659306057982,0.6771097714116423,0.6261575342763077,0.6426734155634696,0.5557146696213398,0.5462741063910561,0.5542375354656257,0.5595718755648378,0.5951341947653321,0.5837887247898327,0.6533074389963669,0.6060523126737947,0.5508907691673964,0.6058329404008854,0.611698430472995,0.5531245839920835,0.6097288844418733,0.5007232687360046,0.570478641872244,0.6088989422849425,0.5069491006208954,0.6393104182769733,0.578296553022407,0.647538890150861,0.577910243124242,0.5406890822227776,0.4784976697995104,0.5658240209482098,0.5233508661725926,0.6157836775636718,0.5376312480443899,0.6084058329047237,0.7187068648628805,0.7094028009932298,0.6512433323351801,0.5498371951059965,0.5697896033112464,0.548747174677279,0.574166545322728,0.43104377416667433,0.6012011660375527,0.6008107861893182,0.6030416959158946,0.5058668091137609,0.583662481939374,0.5826346910472138,0.49509825477026037,0.554892060056266,0.5590559115332853,0.6307392263407254,0.5409065455906599,0.6340096860591393,0.6372674802634535,0.6304459124611163
0.5689762754893486,0.6591813079306739,0.566660410664018,0.5672128077333373,0.5231869037986778,0.5995796106499227,0.5904003214078404,0.5979973318793342,0.5580290383798269,0.610621376074274,0.5379812115830156,0.6316001841240508,0.5609225792040076,0.5031671755583932,0.5765736817805954,0.5441115266315035,0.5058566739957333,0.5076736958682836,0.5341016240105174,0.5308817457278971,0.5849251179670437,0.5743464887379045,0.49873115798762985,0.5653270783558095,0.6331575946212102,0.5483712543282964,0.46439925734378446,0.4692499874033219,0.5629891200206038,0.4824902828265871,0.671416087139707,0.5478415095980074,0.5900825922289825,0.504015558036136,0.5725750203753784,0.5370393751640163,0.6637637488534751,0.5439368318151119,0.5831365152686059,0.5314628867652179,0.5606944442081195,0.5339219019466352,0.524550847631632,0.639030615858264,0.598436571554046,0.525216578698996,0.5334919800379997,0.5974176921157018,0.5659696488858282,0.5139138668199024,0.5682029610607789,0.5644814241239425,0.4549839581512332,0.626423445676413,0.5707338236675281,0.618926095346605,0.5333179772060713,0.5565555395159831,0.524000819815661,0.5128790018593459,0.5667962775106062,0.4546495599287685,0.5034441180486798,0.47255439008504246,0.48989477196030157,0.48964219326082475,0.5935765254857494,0.6181818215254253,0.46695520148768654,0.57092316140698,0.6179521248506704,0.5246988012039157,0.5040856140859156,0.5711180003595707,0.5045294897425137,0.5094871124247059,0.5328687331545496,0.6171330466412901,0.5119154171083946,0.5097647124163734,0.529292819583661,0.6039086487188376,0.6556139723431028,0.5205430383558053,0.5198383879851126,0.6143022011733678,0.5736202959345237,0.5288761684741672,0.5389720560104404,0.6268045045060415,0.538811764276455,0.6191917766787716,0.5347645800328479,0.5018716790466934,0.5488385892180663,0.0,0.5036462783222692,0.5921863154612979,0.46829182568001254,0.5625944953104713,0.5503121042084734,0.5145290646308811,0.527932830096589,0.6073598979956955,0.5197409301592164,0.5405276989213037,0.5045855697518875,0.5363314515760922,0.5362385440864469,0.623450894435849,0.5936884680759777,0.52181105969806,0.5730693737141616,0.5098412311377495,0.5025532334787753,0.5390024791880061,0.5137523278226215,0.523666004740355,0.5400643083381526,0.5162110044202094,0.5342791244022295,0.552192647286996,0.5191162741343701,0.6425986136355645,0.5317200803991136,0.6624241122734474,0.48454032902000704,0.5753008989765402,0.5533487715010124,0.5478874320670859,0.5141198240096725,0.5286229552760753,0.5251646075781471,0.5712601887173715,0.5877366778672902,0.4900179142364361,0.5503869829973491,0.5590680249505697,0.5095019819312876,0.5759112373041442,0.5555495779955422,0.5254194676754601,0.6002626768778544,0.5234580343730745,0.6266623658174764,0.5607542941371371,0.658005671411209,0.5340347984609167,0.6010526628600564,0.3889933361459696,0.5918492658686398,0.5262679889689496,0.49191754942557053,0.5422532156380508,0.6349813325823557,0.6407888888595299,0.5090221099100688,0.6627423539568856,0.5491698712205143,0.5108265532618309,0.49690585769170625,0.5738919057031691,0.5297235882292043,0.5706151481997505
0.5185596616095851,0.514224287742646,0.4830803707401153,0.4719771645098148,0.4402110494577504,0.5370588234442456,0.4452473306992294,0.5364137238461907,0.488679242250399,0.48225262229657617,0.452099081955141,0.46919563698737005,0.5030450558744789,0.501690360486763,0.4840462170011637,0.5036258746693861,0.4905966649920767,0.4904279797829128,0.5145712851985998,0.5284727609867139,0.5454565874347868,0.469500861185309,0.41338574440873016,0.43943212479654253,0.4927970986292276,0.4783516758723927,0.3981297603218618,0.43680900512628273,0.47327749510859607,0.42581490573158315,0.5640675793665236,0.5667234223083533,0.4970771849805222,0.4498559327468749,0.5155162825771796,0.5506062759018835,0.508013857294568,0.5605942752405703,0.5376755544234154,0.454989388772938,0.5365053676366319,0.44035785504410657,0.5556973201529212,0.5390926932846287,0.5200770885815498,0.5478886648937055,0.5058047326472664,0.5053328073456422,0.4769132987910543,0.5967805392283839,0.5866813690620666,0.5525815202418365,0.5656212798901696,0.5607159657756252,0.5411245220634557,0.4884339358701327,0.5795294189696995,0.4896295861371119,0.5259096262134448,0.555803073929452,0.5774993029428002,0.5953105741037515,0.5904108561794151,0.4911749788759167,0.5966954959964647,0.6195968588601243,0.5092143145181097,0.5229588599980423,0.46513051796429805,0.5050883768477128,0.6192414679558351,0.5732780822429031,0.5092224313717203,0.5324148239809161,0.5357485199097612,0.5599971284804736,0.5029270125571488,0.4788382373930883,0.5609115057207735,0.5211357852807162,0.5872165094040264,0.5755976126610168,0.494686489598522,0.5572746936541526,0.5648311388969735,0.5339764041476681,0.5334600563759593,0.5906762713989784,0.5538649433941174,0.46833269012604606,0.4918369534593663,0.5447380984117506,0.5499561961876901,0.5923224498135905,0.5607903144714526,0.5036462783222692,0.0,0.4986749426429541,0.5021407927347029,0.5380574093614731,0.5472614611115126,0.5479374239552608,0.508580031411769,0.47878781565003314,0.6347821423006831,0.5324299014898406,0.6109323643030634,0.44182460156332043,0.5248679078011149,0.4676402479301468,0.49330073858549167,0.5347163527969928,0.5535052043469448,0.49855978507317017,0.5655192184908215,0.45998999436850935,0.5423440806322484,0.478815120956966,0.4854291008054142,0.4858480065215612,0.5250448371391899,0.5762169219602946,0.4929987850857352,0.5506302708327538,0.5414956355577328,0.5367513866231151,0.5536161917278557,0.4919608036385647,0.521231427172937,0.5580483330485304,0.45506255342876234,0.5751698987869426,0.5275351293631318,0.5349996020672341,0.5360296549498722,0.5747902320986609,0.47973454136782023,0.486795165484788,0.4374188535442207,0.567766577562356,0.5199173301470735,0.5448038801083077,0.5625451030896671,0.5611349157365568,0.5450944187577882,0.469521938880569,0.5216903095431419,0.5453130613722623,0.5134340915740753,0.4099404737284354,0.5533898135294449,0.5755478274956519,0.4712255060471398,0.44115688538186437,0.5063590258133385,0.5365603107121588,0.42903774984535886,0.48850359753404976,0.46051339184115464,0.5283827224800274,0.5182691407458161,0.5618419042487528,0.5409150481339389,0.4757308125149876
0.5459583465461961,0.5678896625764145,0.525105284629276,0.5225380461935606,0.4825529125030418,0.5773455358454956,0.5117002419290181,0.5711250766412052,0.5153151543722618,0.5601680729546021,0.4879766202179289,0.6113233221896388,0.5272696626734289,0.4911893721607285,0.4713226749710465,0.5565448924712195,0.5463926209762375,0.489877925075719,0.5530062523045317,0.5561079123263264,0.6080774682755229,0.4809113538446527,0.5193177969900117,0.5010097579472513,0.6249036902774846,0.5631565330022855,0.44620611158770257,0.4953917168549617,0.4995725988460388,0.47660325484064264,0.5822595263590234,0.5715627349730968,0.50282533993757,0.6103806745519594,0.5638715943132832,0.5651955724934029,0.5654969677280116,0.5593017999874954,0.5085639399943693,0.5014207301632977,0.5446763667719542,0.5380674834991235,0.5278106359460897,0.5786639821332251,0.6022037174624691,0.5380720975671279,0.5745150792323543,0.5268922359896224,0.5478796575956091,0.5318184288774098,0.5517218110211514,0.6320936628419428,0.45039046087373125,0.5525298501762811,0.5286682093975984,0.6241440273262401,0.5511755086088092,0.5686865431763856,0.5141011543770144,0.5304632128567738,0.5135643981192819,0.48487969005678144,0.5169568650678092,0.5233816244204267,0.4800190080076129,0.507815992374601,0.5366468729272958,0.5169290313090606,0.4723047281676651,0.5231755854106203,0.5543335210700193,0.5327453647423385,0.5492108660855339,0.5510363096414844,0.5183739771200745,0.5100788753011539,0.5008193923170525,0.5628591743406989,0.5592736885027231,0.5127219168541702,0.5346955738064931,0.5611662661012458,0.534518398476432,0.5385131023376369,0.6094706977275028,0.6239210917309149,0.5519560155457376,0.5292175709315633,0.5703160357004712,0.5487630251965684,0.5424398456177122,0.6307723849809105,0.5121511921740516,0.5075958909387039,0.5429750740084199,0.5921863154612979,0.4986749426429541,0.0,0.5101398875927123,0.5929469847676252,0.5074475347629315,0.5012826268980144,0.5931402691180709,0.6085435438924588,0.5583118822773123,0.6001166839491834,0.5535397647675028,0.6056539179338244,0.525990352152903,0.5699747864899039,0.5894834936864403,0.5789280750428291,0.5717102866984859,0.5283919276849883,0.5267750133536765,0.5456106507090537,0.5815011590920011,0.4947642582472647,0.5929711357967974,0.5531537693785963,0.5185366848069053,0.5505753767768675,0.6215551047515815,0.565013203155626,0.5142824248302501,0.5553973569487707,0.5450905088918457,0.5272087615560115,0.6427815662210138,0.5042573370846267,0.5348883810563622,0.5457844777417273,0.4984409398035214,0.5541679530674171,0.5297462137974653,0.4534969659152759,0.5443363319868096,0.516121800460845,0.49869701473589584,0.5511967629784135,0.47753749978472576,0.5506644712797732,0.5876021728081089,0.5344697199872156,0.6005246553528837,0.663099280995392,0.5612815886247522,0.49690913566364425,0.6554978614001407,0.44214927899502465,0.5704952565909612,0.5079986335263239,0.4859497651087762,0.5067732145126495,0.6614433796256992,0.5398021069575039,0.44652216311181114,0.604994674936231,0.4732107132366053,0.5236366746126527,0.4887568163243427,0.59480213835422,0.5577759669537373,0.524412944506666
0.4734460338836661,0.4818373917643503,0.4359071384694989,0.45122129668495525,0.47019712719091405,0.46943294291660886,0.44176498957225385,0.45363922149456504,0.4823920163212628,0.437210147016798,0.4525271683773819,0.46500326019294075,0.4482222353204706,0.5620846285435135,0.4140983232959141,0.48724871569554296,0.48325092002730347,0.43681947981382707,0.45251124031111406,0.4866566580375849,0.4859738123137051,0.4359359823120927,0.4310048426812121,0.40483121955512624,0.4559967358220875,0.4747928540997537,0.42439124161689107,0.43030325144416154,0.4815843423975495,0.4328995546807805,0.5006722063904379,0.512467418879296,0.4457709422009016,0.46952068800192764,0.5658612559861258,0.6307306942322974,0.4631698897777584,0.56960084295574,0.4928889599924252,0.43743806811479075,0.48935962691204893,0.45487501134349173,0.4526816969107858,0.5117412656087891,0.4783889230304616,0.442070616977612,0.4723497175549541,0.4639605811571172,0.4706307521117579,0.5492967290388623,0.4979267881196982,0.49580359641524074,0.45927985121746434,0.48991459125136055,0.5235477409707269,0.4841438766740499,0.49862917844157745,0.4926724924394109,0.4719439617624039,0.5352520056171246,0.4506430145856345,0.5727575441036161,0.4626793440832557,0.6638991015812442,0.4582274781218203,0.4431396375160513,0.473590011390359,0.43261958222641894,0.4493384581128795,0.43966299373247125,0.4915784313176648,0.5854049224846464,0.5515682612857533,0.469117891227365,0.48117572787604274,0.45341480815120394,0.4619401651654667,0.5013089794254527,0.45471633410765183,0.4721316677440663,0.4515406520820614,0.5002610642037582,0.439815000324352,0.48809011041534933,0.5640192945323953,0.4978308402032885,0.4734886609930477,0.527039212162077,0.4719946076506216,0.45509170774278995,0.5225354537443739,0.5681565712531426,0.529858812653323,0.47168199151390783,0.5499508922580737,0.46829182568001254,0.5021407927347029,0.5101398875927123,0.0,0.48867250078745306,0.560455089225979,0.4393288265298141,0.5010761116034976,0.4344965525363399,0.5851927784079491,0.4689276365599631,0.47856272385366844,0.44614074728078024,0.454484802501835,0.43113062627767346,0.4803075032237666,0.6000150921800941,0.5014612278634657,0.5310464430722028,0.488651577381631,0.45620603174649715,0.4727168620531793,0.4502196639592762,0.47651751507625684,0.6166921548501114,0.5687581597866165,0.5071665737157147,0.5221940847531965,0.4646355950553979,0.5702767410353228,0.4589156093676234,0.6177836808085573,0.48275416794519105,0.5305629874892357,0.4775478669037817,0.46711286060136736,0.49726235505522565,0.4986562104431383,0.6159598230990585,0.46399407866761483,0.45542567843834564,0.4307007842628397,0.48547955323808434,0.4237847826975286,0.4866216671769556,0.42036578884650866,0.6570883505144498,0.5380795264045514,0.6004043394932719,0.5406306704836094,0.5022338133793287,0.4921067286398869,0.42600851139770696,0.47976227043701875,0.5361307370363747,0.4935812527275748,0.4774556698946058,0.47689145460675697,0.4210609179461689,0.4599065309131397,0.44496906186305496,0.3898777280389519,0.44021969109228865,0.45366373055979853,0.5194179012573877,0.4147728674075666,0.5549275007675503,0.49914532356443136,0.47923922670747066
0.5723217970379884,0.6317266495882076,0.5465061103989355,0.5771891081990413,0.4700698857947615,0.5716775812001186,0.5532985557638831,0.6093086289306412,0.4924483675586644,0.5967416577424746,0.5054574361662607,0.5400909807618108,0.6459060472921291,0.5806813179991833,0.5230354662242335,0.5908076447774936,0.589221084706966,0.5492388299734784,0.5329394555141039,0.5650445401897978,0.5834251908726859,0.5057306473237353,0.5364046501796527,0.5322405702656966,0.5766857718314945,0.5932345052561367,0.5002375763974383,0.5440199284575278,0.556913232260615,0.4653394470643145,0.571206193949592,0.6289955386571435,0.5959612124979043,0.5772397332835476,0.5655991559603366,0.5808413723350434,0.5981679973168569,0.578931216436135,0.521174580063631,0.6149674252789743,0.5988705275261753,0.485628746359875,0.5427226575230001,0.5568369279774948,0.6950600916936858,0.6699288845253936,0.5825594827522678,0.522642517275474,0.5897844478894899,0.5801821623652841,0.6259883276618882,0.6405553709958861,0.5260153716387711,0.6171983123598754,0.590109633912756,0.5639286647414138,0.60417669084848,0.528676756802729,0.5919165850183153,0.6749739833652414,0.6143056370616695,0.538014924275296,0.5522351628565286,0.5140167940891981,0.5119093836460359,0.579094221330992,0.6189143122537426,0.5579065633241841,0.5046729605118173,0.5389233524947833,0.5962873110302321,0.6076345376534428,0.5382322652984906,0.6550299780167872,0.5615099298681403,0.5938349475765984,0.5813321208915075,0.5953372259361268,0.6043745997125624,0.5354901611547608,0.5512133015951584,0.5525660784733263,0.5613369918516468,0.608672651706822,0.5817604167270793,0.6370879908992227,0.5273571017576105,0.6000673186269772,0.7158746698738978,0.5405597399813191,0.5452509862267537,0.5830142015209592,0.5788408993769146,0.5978202564126402,0.5781360898923993,0.5625944953104713,0.5380574093614731,0.5929469847676252,0.48867250078745306,0.0,0.5694272489276668,0.5312410654824895,0.5399889787814199,0.5297386420746582,0.5956523655774507,0.6787046564911215,0.6331366277261024,0.5495223342997426,0.6755624100420997,0.5528209737444281,0.5617499576273414,0.5435100906731141,0.6031254770146726,0.5278309790869151,0.6476806174129854,0.6127570032880064,0.6010359176762646,0.5042684691523988,0.5636962196378563,0.5481169631612057,0.543664118122204,0.5711357212492109,0.5489324715244173,0.6432555935556423,0.49532263114672365,0.636557059629503,0.5848934867633797,0.5846009908448723,0.640015968671618,0.6064447946477312,0.5058666862810225,0.5453433108074217,0.5666148634179982,0.5261411438451421,0.5214731121411115,0.4876910789736228,0.5493546908944095,0.5892982347228942,0.5402573399068892,0.5623529785712409,0.544263899634049,0.5535297273242961,0.6469352705284257,0.5173300800180984,0.5818240605748329,0.5640193207064479,0.5269572813943451,0.5984624927328339,0.5831263540972876,0.4212474339892206,0.5595734823986311,0.5527329509377269,0.5056280467454748,0.5565122907500718,0.5793225984640401,0.5667100755738386,0.5115326941038845,0.6191578399187153,0.5426459312878906,0.6059233438203425,0.5693490762994423,0.5722475927515746,0.5231617667127536,0.5159673673157539
0.522600630466088,0.5659689508657932,0.4701853801376486,0.5163283826295022,0.46919230325479255,0.5050272501255171,0.5110505323548409,0.5043152187668648,0.4780301890288921,0.49221480471058143,0.5120362883099346,0.5026975669132019,0.5314979983163048,0.6019193978800255,0.5007061445786192,0.5244312476550842,0.49920111556193875,0.4783965568243204,0.4861826174434918,0.5358500625793998,0.522125626332349,0.48618158942910406,0.46454281370197614,0.4954885091409923,0.5083156785897609,0.5451739568465674,0.454866699878657,0.46384727074792154,0.5837174249646273,0.4256267471150609,0.5840677974868655,0.5475395819699396,0.5396556318750058,0.5096033297271366,0.6140958372555809,0.6114721170497904,0.5717056682713089,0.5818899565110284,0.6024997780466221,0.5252287077214643,0.5577274347499976,0.44261310768328116,0.497122211649778,0.6057164789749631,0.5721231437952329,0.5120808960143759,0.47534332585410244,0.5719554116654976,0.5444985269388981,0.5543293567080754,0.5578639981724517,0.5234993814292482,0.48533483848279857,0.5944809751298257,0.6468250303553051,0.4997119048905611,0.5497193192955198,0.4838150316216259,0.530841444247825,0.5909466552820483,0.5614490827879308,0.5240248218404907,0.48682422407554876,0.5551684793171459,0.49462980104608995,0.5039314224729479,0.5977839983524552,0.5020476335040301,0.45214958175104963,0.4836493824954981,0.5658633124425558,0.6735173222579516,0.5258684137711063,0.5370113290059817,0.49332395753917024,0.5355332216157639,0.5431763776563858,0.5664001496155446,0.5161259641840812,0.5485745160266751,0.49429117542714823,0.5266214796923114,0.5009505310371756,0.55246834611054,0.5446688420669771,0.5477170746711224,0.523965073972493,0.5565054554598049,0.5303008822794871,0.522108512271118,0.5054537887594163,0.5630246208359002,0.5803296145610316,0.560933353441567,0.5711208344287377,0.5503121042084734,0.5472614611115126,0.5074475347629315,0.560455089225979,0.5694272489276668,0.0,0.49362055933319954,0.5003397334290322,0.46648993564319774,0.5686881480592986,0.5125304963753465,0.5200569786452375,0.46397818517375566,0.534303087828114,0.5134604922478488,0.5416358607883343,0.5594630600598437,0.5619576399714798,0.5158178789344884,0.556573786716882,0.49278623959967655,0.5017388230701766,0.49990182870784927,0.5009011304226899,0.5393799464952221,0.6060826705845122,0.5281343967671059,0.5370419604428506,0.567014185580366,0.5955747187504752,0.5943627632520295,0.530556033928728,0.5640739241495908,0.5724723699641919,0.5809863420157777,0.4472551959950985,0.49875798056455944,0.6272794057154819,0.6035832035852667,0.5666887313831889,0.5263964538802413,0.49734287879289174,0.5954768271551047,0.49183665584992653,0.5420667048432941,0.5142200750809495,0.599381727913051,0.5736212112150819,0.5408040379886866,0.646585538790473,0.4961425006748344,0.5173301579820869,0.49841662705144607,0.5118034193054981,0.4361451646590569,0.5793088005963825,0.5256706292272472,0.4904044305931449,0.462841844298927,0.5043257223750632,0.5468613238450687,0.48661827291123894,0.505758534943081,0.5826558385616303,0.5700384506207122,0.4737770421594185,0.5920776565327395,0.5058037978583606,0.5255668275307362
0.5158469899494242,0.4878185894723621,0.5245250013726673,0.5262609447395754,0.47930803012461415,0.5063136492566515,0.5034994194446331,0.5951521380511027,0.48203952130944416,0.524040707012089,0.5127598175995579,0.5393965044103451,0.5236656507505129,0.4534171734189179,0.5018344866205932,0.5550136968369742,0.5140993247320512,0.5057719093551301,0.5589950307750929,0.513825671071573,0.6073086717746319,0.49846149120406386,0.48605077186018975,0.484936421776899,0.5643417512056945,0.5387255268623653,0.44217258263641773,0.47746090507236594,0.45877621672691715,0.4625791869797863,0.5543312944462453,0.575836199875597,0.4808085688647278,0.5023433842429224,0.4812477678934329,0.5116404837284549,0.5737906170002554,0.5349537279026685,0.578124131122873,0.4893252544998456,0.4975377952678685,0.480211163726849,0.6178364082808651,0.5342221579520972,0.5583234737298773,0.5508178881800416,0.4714164959562865,0.5406774067351185,0.5508842811131696,0.5438764588188761,0.6275261074165136,0.5207714822646959,0.4538208084219183,0.57550548014516,0.5755375423123796,0.4746889667871163,0.5779241937364079,0.5525615573340719,0.5405468264007958,0.5135586814244129,0.59179584729313,0.4695951601313048,0.5461962054656153,0.45811619512006485,0.5232754342524459,0.561990698611202,0.5575595847294466,0.5494623216765574,0.4920859404958215,0.5900671654224086,0.5840718314148521,0.5006338156397524,0.5129005340334987,0.6142492792714255,0.5119682243158701,0.49379092264553737,0.6550239685182843,0.5285130867302296,0.5459391060865039,0.48444348734081816,0.5102871987715948,0.5861912508824695,0.5092219813485865,0.49838573352098814,0.5761907058717614,0.5224209104864602,0.6099746890804331,0.5956931434252409,0.5399594357192112,0.4791907231119764,0.5325407796478691,0.5155177949408379,0.5337434263162577,0.517517594897042,0.5483898097598954,0.5145290646308811,0.5479374239552608,0.5012826268980144,0.4393288265298141,0.5312410654824895,0.49362055933319954,0.0,0.5714554116035501,0.5105670802191584,0.5429112639996457,0.5480253337432804,0.6224746294922172,0.4852361637474196,0.5112783794348907,0.5070929630616744,0.5800076877313137,0.5529030242445031,0.5402788577316494,0.5409534937188789,0.4956636417582159,0.4714646375680331,0.4995675415740697,0.56552749389192,0.5078575692480084,0.45877442615593805,0.5085637562843507,0.6053123642778988,0.477007138306137,0.574086116578724,0.46968435985877927,0.5458012244248469,0.5030584366632247,0.517226049970992,0.5061838314521987,0.5220543533507838,0.4474757395478563,0.5767694675283906,0.5355881341788333,0.4959049407832656,0.5676652037993999,0.46547455346859073,0.4698623929116393,0.4816000851174621,0.4876306583743544,0.6314600294552767,0.4825473070354337,0.5002109745087667,0.5574742970344428,0.5446722815813128,0.5716062868962696,0.5229253189549539,0.5189260777569735,0.5276578770771051,0.536843368450754,0.37832166019264957,0.6016262071891411,0.49757249908689344,0.5155288684352498,0.47628265181090523,0.5797201594071685,0.6002904583073884,0.4740253052888381,0.547106296568234,0.45233943453503916,0.5620018173880135,0.4776815076663565,0.5035438089662448,0.5589854220755403,0.5151292776883635
0.5078883061463565,0.48777055319883306,0.49123093228632847,0.5721214555879488,0.5089047513966368,0.4873929673815106,0.5379697769074979,0.521042622213744,0.47219627590333013,0.5064312903566397,0.48995841519558136,0.5481827001015286,0.4763246011359104,0.467163774192486,0.4934212831210882,0.5100254966800726,0.51120915841107,0.49362195414659266,0.5573967245865912,0.5003739629332039,0.6221045869970573,0.4728934706981404,0.5140389243261543,0.4809001519282558,0.5647941145176021,0.5759616084610474,0.43277868294079525,0.46559857184474435,0.46724144936547096,0.4411058308257927,0.5519957710000736,0.5339699516098049,0.5048255748377162,0.538146882582205,0.5296053099689866,0.5729954837083452,0.53031630515656,0.5460883919473399,0.5461210818774881,0.49726444311483825,0.5511063111524487,0.4899308459468943,0.5852317162172026,0.6025235670807318,0.5398563173679616,0.521372244953414,0.49844796013784076,0.5278969192489095,0.5636197814238691,0.5563566448940948,0.6261076024260125,0.576787881469095,0.45327201021358116,0.5883038297713499,0.5742347870197284,0.48781350997420825,0.5609243970225195,0.5488464537760723,0.5557495704859636,0.5096053912173609,0.5021620451765688,0.4747846120469404,0.5338406362212256,0.5098279537232641,0.5257116972973294,0.5211459523709765,0.5353288948649112,0.508052327914762,0.4834640168702352,0.5229945076145719,0.5593939891815846,0.5331036610413638,0.5507521346805593,0.5697723943351715,0.48367087656906,0.4820098644913983,0.5449488267664031,0.5492437506892773,0.5490067453353289,0.47880370096242963,0.5083179339687389,0.6101731723655484,0.48005906517437724,0.4854631458359142,0.6529163495195426,0.5264858668763833,0.541792780989546,0.5980458005533735,0.5136092418703501,0.46647719365598683,0.5793835540983604,0.6020321561964791,0.5387629233903668,0.4971549324458937,0.5937201024550246,0.527932830096589,0.508580031411769,0.5931402691180709,0.5010761116034976,0.5399889787814199,0.5003397334290322,0.5714554116035501,0.0,0.5880293710226927,0.5690680148930433,0.5299335540831154,0.5728333240728323,0.5048200224409478,0.5169697194305399,0.496333979331379,0.635817102808577,0.6596541679175327,0.5414044773723107,0.5306786448734151,0.5090371567323918,0.470935708598103,0.5223147293076622,0.5232680912876617,0.573726160332065,0.5018933865017524,0.5321387326790965,0.6094365786409157,0.5207893489554788,0.5522865230482289,0.5045264238093272,0.5254339617586293,0.537461210115824,0.48177476020617954,0.5567230886673847,0.5185331937744462,0.4432858143583976,0.5294801421705443,0.48372954205835944,0.5388740779298077,0.5376934095900191,0.46608644365381335,0.45572427854920955,0.5207226910180324,0.4900203335967916,0.5978252242424933,0.4931256056035414,0.5092233990784384,0.5858852756400938,0.5940916591899938,0.5978406066598423,0.6231447043758392,0.519814456143617,0.4869930009399004,0.5488256514063391,0.39710469387137987,0.6064238704580099,0.514457588136672,0.5019454773922191,0.46885561271582127,0.6301786059214425,0.5334211244410562,0.4261095247133418,0.5317032454066979,0.48617084776819924,0.5514177615730478,0.48312152078173937,0.5474516679297116,0.6048765588265892,0.5263862936992662
0.5387066612383473,0.5556975404978486,0.550775321642979,0.5589939600754997,0.5124013886702362,0.521167897758229,0.5500910980230539,0.5639858560482821,0.5001132625660574,0.5944773362079023,0.494551786557786,0.6022408411962555,0.5006499632245508,0.44798366896640546,0.5563427425538854,0.516189329157039,0.515618312926171,0.5311601689447498,0.5940897973669961,0.5210430939488127,0.6149696303084824,0.5210648401500684,0.530930570406531,0.5371559584432642,0.6350350548208223,0.5209647118481324,0.4435272665320862,0.48009291755402467,0.5018001340460254,0.4725592299452685,0.5816767381696513,0.5166440193464236,0.5479896530777326,0.5039025509931895,0.5259106533272578,0.5138254469556577,0.543099495703109,0.5260378878474588,0.5223216010225239,0.5140802969820362,0.5845700204517797,0.5088088772815036,0.5773973447910316,0.5808436706976108,0.5537445708337053,0.5470262987416242,0.5416538367193316,0.5234312416710806,0.5621474539380693,0.5213261850872185,0.5710016897260066,0.5890639489460645,0.4609746516547798,0.5822628698955548,0.5269325491240464,0.5185488072832575,0.5462382101278197,0.5534858642374658,0.5393603245988272,0.49180285561551285,0.5014138713420491,0.4289035536260482,0.5314818940193259,0.4594035812991351,0.5111913869539814,0.5046788822409406,0.5006278652340932,0.5405805724346456,0.48808460893209626,0.557120997427326,0.5551321866040787,0.4986048270338521,0.4794013124130047,0.5568748774032947,0.4990120522598893,0.49265759786814284,0.4873805975155823,0.5407550697792243,0.5575516682208616,0.45784766135193444,0.5301349849472731,0.5829738327223541,0.5549338080129054,0.49439726837032916,0.5373851844663788,0.5797752113461832,0.50761147106547,0.5282186283854571,0.5315018423309205,0.4890940840194408,0.5426481899976655,0.5650327319508445,0.5258776236823465,0.4889097738777463,0.5269302251220388,0.6073598979956955,0.47878781565003314,0.6085435438924588,0.4344965525363399,0.5297386420746582,0.46648993564319774,0.5105670802191584,0.5880293710226927,0.0,0.5169340657854926,0.5465050268812368,0.5288578919292479,0.559260941909528,0.5447344121004436,0.5430934710460246,0.5747886852925655,0.5282632702152399,0.5033826562949877,0.4881876243529349,0.5073156768551407,0.5098618017049262,0.5482509395776151,0.5329077676416577,0.5558127431390383,0.46725247723366975,0.4976267816646092,0.5410136021064326,0.49523828932911734,0.583218330724587,0.4743481437713872,0.5857212565175128,0.4618301215618745,0.48030471465943847,0.5524182688831087,0.527411553160252,0.4818275920424735,0.5124938088856635,0.4529039649429588,0.4969425716569745,0.5379295276159191,0.4732313666128243,0.5273601277197625,0.5292357511870839,0.5255578485920539,0.5929097909138478,0.544867219206159,0.4672335544731163,0.5611334833522087,0.5084829761773807,0.5518722391305385,0.5724280775848857,0.5630481851922422,0.5280401055655952,0.6353485746458725,0.3737039176537462,0.5640954393796248,0.5427346144960873,0.49656589712141763,0.5167615443975893,0.7135826536326277,0.553987503230805,0.45363658333788637,0.592484887372442,0.49237547371929685,0.48107089663324165,0.5232850299685022,0.536233009056678,0.5406053286572561,0.5272632037419882
0.6015358916579691,0.5552349599339133,0.5289108867925644,0.5257133625272838,0.5061679813734062,0.5604980694019831,0.48461467553369547,0.5755132230049533,0.5400676313476779,0.5209012035434486,0.5183570664917779,0.514871439171623,0.5565082170376071,0.593425425159193,0.49209247387585164,0.5983198997783311,0.6063240666927922,0.5687147346063316,0.5734305015801874,0.6091244187967586,0.6030342708037172,0.5090562751772325,0.48422140143809217,0.46064436732546016,0.5468459600103746,0.5282613818549032,0.4642585348608411,0.5246894134450525,0.5263660858131063,0.49073357073910745,0.5795938009435229,0.6529594336468177,0.5245720992453546,0.5071159537272631,0.6290654497118658,0.6594744465723048,0.5415958103735851,0.7192902153464249,0.5387340026030204,0.5065929880076897,0.5887314786676254,0.4958739427491831,0.5999893132807459,0.5760046609115665,0.5717581973724637,0.5756137805709008,0.5548362271865303,0.5270024413271602,0.5513640796107797,0.7518992599692235,0.6525823889567386,0.6426623972807038,0.5874896092125437,0.5929334520145276,0.6049464377422364,0.5134169519587635,0.6793814932775982,0.5830549344101077,0.5856677179073021,0.6587876525700762,0.569304641239563,0.6215152006021532,0.6616975516029847,0.6031085566369451,0.5839388491695487,0.591960987973819,0.5240027222650596,0.5210247985789749,0.5667690847103978,0.5609924736756104,0.6188308965049043,0.6825853789721348,0.611724577135312,0.5977227935110953,0.6403573577910223,0.5639326008464476,0.53666200588309,0.5333839744227437,0.5957452130400644,0.5186841602430442,0.5664447069788925,0.6037959797729655,0.5132994671623871,0.6264162706329736,0.6821946261003001,0.61008859725529,0.554746045189035,0.6990027098168319,0.6152484815586823,0.47160631384689705,0.6196231662776586,0.5890913571409462,0.664989653077611,0.6086329799481512,0.6440239842157858,0.5197409301592164,0.6347821423006831,0.5583118822773123,0.5851927784079491,0.5956523655774507,0.5686881480592986,0.5429112639996457,0.5690680148930433,0.5169340657854926,0.0,0.5918348333674301,0.6350637419965152,0.5153384162132728,0.561491091313925,0.4813681242857006,0.5377261565505387,0.6468503761789599,0.5880422523462119,0.5863574353215215,0.6551853103936046,0.5393085711854706,0.6118734788942297,0.5345336494049242,0.5556277755161322,0.5895632839469362,0.6144567885105789,0.6233329177707992,0.5607340426166105,0.5674776102904354,0.5785693171091572,0.5524620259160445,0.6468853001529156,0.5148572443841417,0.6100608493682083,0.5898097360052958,0.5176187127159088,0.6258139156422365,0.5663190303283205,0.6057637372319215,0.5345127102244123,0.5421293779076647,0.509855192541966,0.5454848405637222,0.4934841153023612,0.6014934354734138,0.5241042993584535,0.6414046230730516,0.6361767100383044,0.640168325402824,0.5854202283556893,0.5495551945752931,0.5479583492716967,0.5296333092373939,0.5837426542292522,0.469839049373357,0.5967304354523029,0.6123625203558303,0.5619309580482158,0.46825668940049786,0.5469270747891518,0.5294462214890518,0.45240743415390605,0.5151255220571582,0.5023721710483663,0.6160851078669174,0.5168630155478897,0.6454643267470952,0.5482954562283571,0.5430543067710667
0.5866692141226071,0.5892673888180384,0.5849351724637984,0.5213451718857792,0.49210033054079166,0.5580057358785306,0.5107966002420284,0.6401732333744913,0.5062099203203809,0.5819072299947007,0.5027577650427327,0.5523150687665184,0.6294637192574953,0.5216015216523597,0.5160366795883257,0.6401871951079893,0.622423344637333,0.573575730179383,0.5504534376197534,0.6105176965719783,0.6282364106985234,0.5135965837043935,0.5406282220919596,0.5402547642294387,0.5908673350944386,0.5975508761145361,0.4864378172233151,0.5429079815144412,0.5133789924819634,0.49733870470693964,0.5631283108980681,0.6170203390828664,0.5327190619199969,0.5661347593830222,0.5428396610377596,0.5551192703302026,0.5879010855692957,0.6012025730662263,0.5150426018779647,0.579438813579844,0.5895302997224956,0.5015424993044314,0.6031205113840145,0.5395983747005932,0.6894175181281862,0.7266444279217534,0.6456967218559311,0.5236252658199922,0.5772357628922552,0.6064835722561787,0.610133931430896,0.6724670136421586,0.5113868455882188,0.5684053096845574,0.543321547798084,0.5561525359441566,0.6376952019492796,0.5586291014691324,0.5657909512507031,0.6339525318920315,0.5694265804087826,0.5182473448893132,0.5881132918580906,0.512389348229728,0.5227776602935135,0.5980441139471873,0.5554563093908852,0.5681414022167415,0.5322704588950721,0.5608075485757986,0.610277160706926,0.576231389134568,0.5201983092122473,0.6434467835837855,0.5797942153747817,0.5616141431308026,0.555045372529968,0.5769512607093671,0.680637500926512,0.5162214671746029,0.5625862562599171,0.5543838797789606,0.5768199437935617,0.6096335483650079,0.5937970472250237,0.694506554864537,0.528247332177826,0.5784047370612022,0.6846024108714663,0.5274724787718488,0.5576415440143322,0.5411394472538241,0.5659733793379328,0.5758662224357595,0.5514536897348554,0.5405276989213037,0.5324299014898406,0.6001166839491834,0.4689276365599631,0.6787046564911215,0.5125304963753465,0.5480253337432804,0.5299335540831154,0.5465050268812368,0.5918348333674301,0.0,0.6667482886574896,0.5887631523695509,0.6616791113282228,0.5567479423910308,0.5391473526773654,0.5550768506673821,0.5531180208436435,0.5272737532776929,0.6360564049309796,0.6268359129955535,0.6070670119279329,0.5241709076777131,0.549902163557052,0.5141186011656542,0.5589412258091057,0.5609742801136756,0.557870969926315,0.6228140657516499,0.4799081994821447,0.595731000798615,0.5511356932200081,0.5739047366579625,0.618334855176973,0.6020821276970448,0.5271205705648653,0.5893411268038117,0.5318787343129673,0.5053948649169104,0.5305766640087679,0.49193721242223837,0.6119229134989255,0.5633711287130362,0.5603700404007271,0.5908698409306583,0.5010448377432872,0.5364826480299849,0.598350888902782,0.5096007270710052,0.5750812828606598,0.5802806572621187,0.5539715156975418,0.5933992991966714,0.6410721323895392,0.4243183761005704,0.555255402592756,0.5315960518074102,0.5238294953311464,0.5738688635717972,0.6062682094266926,0.5701163479902914,0.49569998002553467,0.6253946520696801,0.47715820098649675,0.5530120821327003,0.558126600421255,0.5520149791958061,0.5309577574038091,0.5242298855179384
0.5435118501894358,0.5347374313601891,0.5451431651840173,0.5286591795839533,0.471632006983547,0.5436978385088398,0.49473588445619265,0.5883414974306892,0.4742966907316872,0.5548248426278753,0.4909954173178921,0.5197189197271115,0.5639563828205783,0.5072088173286307,0.4955057392813891,0.5945828579627567,0.5964341098022045,0.548500792261791,0.5810592885707587,0.5626684090977977,0.6453124515116023,0.4870788493432124,0.4988295360520228,0.4881570804159695,0.560214050472703,0.5535818714138531,0.448026746636301,0.5186472502486524,0.5009595505317732,0.4636366768628845,0.5430304036295707,0.6449814823116686,0.514459222859773,0.5327482406617636,0.5143903018313262,0.5659929112505079,0.543869168026234,0.5917678025902954,0.534074440420352,0.5318972871033532,0.5779009999520544,0.47582650324382186,0.6316892353451061,0.5439055895103856,0.5908028525133963,0.6730844517546807,0.5572600540733182,0.5180620736445354,0.5582594713128428,0.6310805824324873,0.6775975178855228,0.6330134564945941,0.5516600906754818,0.5978879421935314,0.5811825840537774,0.5016052033569194,0.6680836099681943,0.5457918667491791,0.5989814307320865,0.6207028809499434,0.5984030788306044,0.5562565549899895,0.6335325068455899,0.5086685617033473,0.5747301070722325,0.6809441663985916,0.5445575805005082,0.5385021274203846,0.521479665629347,0.5474447906364207,0.6023325215790408,0.58045997716913,0.5382082090457891,0.6494883236126147,0.5829547617121579,0.5769305548811504,0.5896016356732605,0.5431948952668535,0.6571019157971357,0.5385707786680659,0.6037991051608745,0.5693414731735339,0.518763842087606,0.5866930602653349,0.6576791295893694,0.5797873833419115,0.53763256403477,0.6369012055286835,0.6535991054201985,0.4715238747068293,0.548230637132354,0.5408296094323588,0.5943289706305344,0.6177258765755055,0.5906081897612439,0.5045855697518875,0.6109323643030634,0.5535397647675028,0.47856272385366844,0.6331366277261024,0.5200569786452375,0.6224746294922172,0.5728333240728323,0.5288578919292479,0.6350637419965152,0.6667482886574896,0.0,0.520076779961273,0.6185009812765699,0.5104329718105131,0.5573424398585648,0.579899547840585,0.5683695103738935,0.5462590849521551,0.6212707458120148,0.5264917414846383,0.6195194779297843,0.534594446502318,0.5607236424357906,0.4983038010361032,0.5429438703529328,0.6024381897458639,0.5289117104393282,0.6099374693350041,0.4897389653839453,0.5790042537090727,0.5886491987739098,0.5166924877976329,0.6012877105520879,0.5830206349250674,0.4773536711592121,0.6236773437007704,0.5367634124275836,0.5062620154696632,0.5341096179577582,0.5115768529172551,0.513980944936682,0.5185322797171383,0.5047542056096611,0.6208207854404036,0.5129349965170249,0.5465029727309233,0.6079052349100171,0.5565761742771274,0.5751373881051135,0.529669377965503,0.5102988707789388,0.6162406130283045,0.5846777003160345,0.4211329596566038,0.5669120961177209,0.5808821260323199,0.5219963598306719,0.5003947400837809,0.5893233869277732,0.5512890058669485,0.4662783009589053,0.5616016203782451,0.4694892187148221,0.6097385584729672,0.5770115930092181,0.5572164464658396,0.5803600126504633,0.5027850076038425
0.5893488586006359,0.5733970058225851,0.6076966639640141,0.5306397489819599,0.5125872946740808,0.5489476638389599,0.5108985280440075,0.5805118201299857,0.5316437332004037,0.6183591332868217,0.573136051936229,0.581445272696273,0.5922684128116116,0.4962435951035989,0.46797218460277373,0.6443311864222498,0.6553037004493785,0.5650141087603757,0.5609274777142569,0.5921546383754133,0.610427016005103,0.545526919968829,0.6045716190814167,0.5333404055105381,0.672031155530493,0.5384587358280718,0.5260722243813348,0.6297906585873464,0.5204262250618663,0.5402299123993615,0.5078822462407665,0.557778732267179,0.47839295579577545,0.5489437743528802,0.5446882468270611,0.4965343066597299,0.5761817794046294,0.5734130585570689,0.4718568806431158,0.5504360768269635,0.5100982141001608,0.6158336123739186,0.515022072139235,0.5134109988758265,0.5731831193491326,0.5269451382576354,0.519604724366117,0.516200889913635,0.5954555293114263,0.5133066088519611,0.5265840420846382,0.5841251745517633,0.44329032599247403,0.5251256047370532,0.5019861819468986,0.5640585603480138,0.5649501570784812,0.6017199427771153,0.5327875196132655,0.5116942179945239,0.5193671180183757,0.4253604413174318,0.5132262634544,0.49606904539005625,0.45769205161753523,0.48497186362395195,0.5240527598844439,0.5154274354760616,0.551595820859226,0.5924052686269413,0.5198760172385632,0.5022175650901132,0.5556111391478098,0.5917581908176351,0.5777985238462608,0.47734577757842445,0.5152746677123489,0.5569836752218634,0.5201515490633917,0.48112795153691257,0.5078861992444633,0.5211539299606188,0.5536468869640097,0.5443873760696966,0.5634414392059517,0.6399300830428282,0.5338321740029587,0.5029879457553745,0.5518527594686321,0.5095766832752571,0.5744067966296822,0.5008668320940919,0.5112891583841065,0.49042854946023157,0.5375197612779035,0.5363314515760922,0.44182460156332043,0.6056539179338244,0.44614074728078024,0.5495223342997426,0.46397818517375566,0.4852361637474196,0.5048200224409478,0.559260941909528,0.5153384162132728,0.5887631523695509,0.520076779961273,0.0,0.5135677569610788,0.5828692986040376,0.5509215092137593,0.5333891461519549,0.5424331521397914,0.5669488499461554,0.5050300947401601,0.6507212411111398,0.5595894119567505,0.5347028391554388,0.5959177646642974,0.5270957961180016,0.5168144265884522,0.49944499768858064,0.5841829874115457,0.5442348199163258,0.4819312553654077,0.5264760567945265,0.4884085638217492,0.48654579715313423,0.5811238621009847,0.49735957678404935,0.584957010823962,0.5630017168001714,0.5115124852609165,0.5152412051942905,0.5174729650976351,0.43223677618004896,0.5494397794517349,0.5030384816864899,0.5731942289384505,0.5280527773953442,0.46507909733195085,0.5170595915020451,0.5574988270654289,0.49953447002409385,0.553405614129877,0.5807451926423591,0.5283976937091729,0.4915697162823831,0.6863221789714331,0.42812491475084824,0.5340597368276082,0.49337286511680134,0.5605800514522321,0.5234140466664201,0.6203836382270732,0.5361777844430841,0.5209863710071868,0.6089473476934554,0.47636335120842604,0.5193769096792311,0.48576205457245475,0.5526762739812744,0.5092664347378464,0.586441259442805
0.5518769103696138,0.6109893271506945,0.5526895750626124,0.5536341259486364,0.49470206930175,0.5045549921272413,0.5630698230288492,0.5598073775657904,0.4728700895271364,0.5836661709940414,0.4865686596585525,0.5118272005269197,0.5835350305369271,0.5370228209628602,0.5970660965869492,0.5507893539304194,0.5630915018610814,0.5893188005873964,0.5256308527082052,0.5481216225420779,0.5827841377149862,0.5228617457161658,0.5356017689162372,0.5673977922288341,0.5425991013078562,0.5632185162897827,0.48674731911017893,0.5063045760727708,0.5541416283910787,0.4556679365096345,0.5528164910148946,0.5581646628715178,0.6204057188965643,0.504130711724231,0.5374164982053011,0.5520727154896569,0.5495855983783022,0.5615105472119956,0.5282885948428239,0.65717547023012,0.6798640517600755,0.45824317425528405,0.57824244930019,0.5466241008807348,0.6261869369376387,0.7514640242844771,0.6094458978670876,0.5067457190977154,0.588406418754845,0.6034145607566098,0.6342486272295834,0.6150240489841624,0.5670539137602303,0.6130118088932883,0.5663862228022147,0.5033491848093503,0.611759958343725,0.49826386447382515,0.6278583096968152,0.6530947683039064,0.5519402193831577,0.5019475916875673,0.5547510270716645,0.4928681083947346,0.5553364227882277,0.5861749209811963,0.5578878087088254,0.5658833735364441,0.5118961402186106,0.5177197601694273,0.600785801815541,0.6077599073780579,0.47936775851832447,0.6356403298780795,0.5304967700953893,0.5765525615508118,0.5438326311435069,0.5840476786777994,0.6264433819726891,0.4946220800824009,0.5478340235374014,0.5498174749065506,0.5697118799376308,0.5564818146737815,0.5409155305406838,0.611491383603825,0.4695621843613869,0.5927623696348272,0.633539514022772,0.49649746214014023,0.5367101618742658,0.5383962601259434,0.6074604433674752,0.5870527698165855,0.5641640006421851,0.5362385440864469,0.5248679078011149,0.525990352152903,0.454484802501835,0.6755624100420997,0.534303087828114,0.5112783794348907,0.5169697194305399,0.5447344121004436,0.561491091313925,0.6616791113282228,0.6185009812765699,0.5135677569610788,0.0,0.5276743518243716,0.5258151413975265,0.5251916841891103,0.5168541132907194,0.48828122588856215,0.6505913406685955,0.5753247349279341,0.5717481660793858,0.520303263965477,0.5198294510048479,0.4818792810646622,0.5642740827194298,0.5340502164633067,0.4905639553038122,0.6517259628456326,0.4735321928485184,0.6352052515636794,0.5198239345526129,0.5437378638027358,0.5755256619364396,0.7095924257362305,0.46873055025430377,0.5207379336437268,0.5019939074195783,0.48693321733702716,0.5182205640937625,0.5344703910583342,0.5569082652717272,0.6442880785120735,0.5691405248709857,0.588475711161115,0.5660446576777083,0.498083268951507,0.6144072343496023,0.49854124933959887,0.5531203099259249,0.5202538829813939,0.5287583229183992,0.6648717475551756,0.5662259087439481,0.3885324946548161,0.5295665661973977,0.5767623907855853,0.5128013819655427,0.5972574002157104,0.564488629283562,0.554133292249455,0.49974847495528446,0.579727485476719,0.5379449277598644,0.5391261468565908,0.6321597435917247,0.5298871049822845,0.5176641765080915,0.5069854457859847
0.5814997794592462,0.6003338878552964,0.561547657828795,0.519366842316711,0.49559451939081184,0.5579435735070509,0.5673626882817693,0.5435803749767419,0.5061763034129833,0.6019928119203772,0.5485910044784164,0.5866342376816013,0.5890354271936828,0.4742347104127695,0.5281442210279037,0.5591883938423539,0.5279782163903088,0.5163553734357458,0.5371597375774874,0.571511312978227,0.6101082119774535,0.5552661362802707,0.5240901628798914,0.6547112171688819,0.6732239674478934,0.5558071331605324,0.4502503195847675,0.49932577161780184,0.5230362582103578,0.46691806761360816,0.5657103649817496,0.5449637965866937,0.49884626469750437,0.536556749928676,0.5384217740379608,0.47833320625933523,0.6935365873553208,0.5113274857611437,0.5305396821959496,0.5566500645283373,0.5072390862723333,0.5438986534169714,0.5237722251023562,0.5893977612311186,0.5895347866034466,0.5356867174214439,0.5125808024354661,0.6233405283215957,0.6051984424460303,0.4912277537323848,0.5441786983543319,0.5551858364692552,0.4352956898226573,0.5704716829723279,0.5237689548552208,0.5908920116300141,0.5489013205349997,0.5107675692560537,0.5424610004218315,0.4900145224281517,0.5590906017542879,0.4169303400988189,0.4863983412345575,0.45568192083917236,0.4866226335586362,0.5124732756469185,0.6128193256109932,0.6118135185465954,0.4617510419994863,0.5424140782565773,0.585249214737464,0.5032123138339847,0.5114888292711871,0.5856902496320792,0.4905808066362266,0.5162666748903334,0.5455501587322142,0.5798663750790277,0.5091165933312923,0.5391435493526066,0.5308757549242548,0.5483222081587242,0.6065904166034336,0.5046784571288409,0.5211945640697447,0.585401589912244,0.5584770662214508,0.49894664814431705,0.5254718769420569,0.5885780591447257,0.5022571895468092,0.5221782098250176,0.49688116750441275,0.5226773933354683,0.5283887623523785,0.623450894435849,0.4676402479301468,0.5699747864899039,0.43113062627767346,0.5528209737444281,0.5134604922478488,0.5070929630616744,0.496333979331379,0.5430934710460246,0.4813681242857006,0.5567479423910308,0.5104329718105131,0.5828692986040376,0.5276743518243716,0.0,0.6148509234552455,0.5047048930639229,0.5800551482385833,0.4890361566099284,0.4848178899577348,0.5438620614116414,0.5255512485537261,0.5445040376001334,0.556638703243657,0.46472888041497873,0.5203108565893666,0.4759508993205261,0.575559126624986,0.6291473942237883,0.515298758023227,0.58954069331414,0.4573070516724397,0.5186199819307633,0.5380274672351822,0.5221992353594559,0.4884341833640395,0.5243033005116792,0.5246871810030533,0.5131341783687681,0.6248994748490346,0.48285431564362097,0.5860655195635868,0.5281586745719298,0.5364701303732805,0.5399556804727504,0.4961056581503391,0.49838029124844785,0.5602077010524417,0.477646162562409,0.6185106487006736,0.5575601671867875,0.5600662882161705,0.5161575339811851,0.6178451489889653,0.3760721915536957,0.5811729281923684,0.4900297082298904,0.49585840721424934,0.5368081274681406,0.6177386968590969,0.6584614578307673,0.5872642060648812,0.6636345884647886,0.5119904625060071,0.5120284647540813,0.498031040756898,0.5566871404575571,0.5127878326397753,0.5864071733179091
0.5627608280871034,0.549203418647253,0.5312222116508378,0.6052294043286365,0.5454156890781813,0.539305248869778,0.6264475675281976,0.5420170070777913,0.4981767352241614,0.5622369311314982,0.5807264032211639,0.6488928028269157,0.5346889778918515,0.4841124611971066,0.5276760439866937,0.5690512110174469,0.549262312210786,0.513700944185394,0.6195197370203837,0.5453455616543741,0.6796671377582516,0.5295517325608702,0.5659575384333815,0.5707851934761002,0.6643772810723495,0.5925935438263887,0.4600402031314027,0.5139865281915211,0.5249206394520955,0.4778938028461631,0.5944015438926927,0.5834335692625078,0.5215407803497115,0.5919315429912956,0.5679781610762693,0.5488870488460238,0.6372133454641571,0.5481776850002446,0.6114038748448951,0.5465321396731218,0.5425157972585942,0.537638109413578,0.5744665681138802,0.6811214202750221,0.5776487596556789,0.5297654903402342,0.49536996226189783,0.6317563276084406,0.6720995808549219,0.5410686139866504,0.6470556935752381,0.5812679316078987,0.44976647070076986,0.6559735113576232,0.6355574233624892,0.527641661191278,0.5954437453922173,0.5788893142152565,0.574137495067372,0.5213567837128971,0.5558266469953798,0.448370788583826,0.5205984633959744,0.4947720874558717,0.5143611697669783,0.5197703946905187,0.601005736783859,0.5504262657071346,0.47883900528538476,0.5563322431635953,0.5827798005694153,0.5349696313956042,0.5645472685172558,0.6260753968261453,0.5018000416583387,0.50936045543856,0.6250200812882649,0.6252910546960413,0.52500048883518,0.5350191094785343,0.5175626131985633,0.6098058096508265,0.5399967029282113,0.4959815791928339,0.6171414067200971,0.552348392316064,0.5899994533779157,0.573200721681886,0.5302287933204484,0.5169259211802808,0.581899470235224,0.5921853002155522,0.5656090980440359,0.5355045918120676,0.594659306057982,0.5936884680759777,0.49330073858549167,0.5894834936864403,0.4803075032237666,0.5617499576273414,0.5416358607883343,0.5800076877313137,0.635817102808577,0.5747886852925655,0.5377261565505387,0.5391473526773654,0.5573424398585648,0.5509215092137593,0.5258151413975265,0.6148509234552455,0.0,0.6071626722596052,0.589695583048051,0.5424860205126956,0.5031174230291277,0.5140365503471461,0.5373070868637586,0.5988560387991856,0.6101051636020801,0.49816917081572165,0.560991405483433,0.5478095933093484,0.5656170772235749,0.6353741272187231,0.5340395296854328,0.5938855070448004,0.507945861162435,0.5209736364169659,0.5741817981121157,0.5196663039781094,0.4644940844925199,0.5452476925672738,0.5360478282154677,0.5682255822334363,0.6170995708257937,0.4766667528100176,0.5046911636305229,0.5440000020903392,0.5213410500364913,0.6112737829288108,0.50437835381106,0.5351569139307726,0.6180443775280544,0.55886175983469,0.6739962352616017,0.6144315280672815,0.5543931175421634,0.5044106241402215,0.5898732413663517,0.3954792665905042,0.6769297100398464,0.5222536625572325,0.5441337792854855,0.4935401198985152,0.6731782928120462,0.6025523033958233,0.5138249595970088,0.61000075739012,0.5343338634025075,0.6037027343861429,0.47775667344182166,0.5860844722413123,0.5639260428792043,0.6144598969469877
0.5483668984094617,0.5194686369721043,0.5176356457754525,0.5475172394705379,0.5667486858411814,0.49784055186087517,0.5208610351257881,0.5328548124188528,0.5213014471069397,0.5055928490821296,0.5426245238236661,0.551032467113187,0.5066351980688734,0.5388940267324251,0.487950461456816,0.5755198598764176,0.573564200337035,0.5258923027338714,0.5560296199251167,0.5668495222228344,0.6481935424173075,0.5120003432669887,0.5287548534019965,0.4883800072960195,0.5611297705595938,0.5909717803284427,0.4727746026903878,0.4999601960218484,0.5066643950870459,0.4784070815027131,0.5632576725945263,0.5680710639028008,0.49517838559285954,0.538930174354206,0.6093583532239785,0.6597601202329823,0.5488984645075181,0.672943546334725,0.5851911300866527,0.5198928935995629,0.5711394203689175,0.5237610003395571,0.5822636270213518,0.6088471962525248,0.5612244094552298,0.5233898803347654,0.5102844438945305,0.5525457379880891,0.5915653666084786,0.6488763703272757,0.6274142922178632,0.5881145640268919,0.4805752262936277,0.5919733137841033,0.6098064992391575,0.5057736626508995,0.6222341811539643,0.5925963111433897,0.57689203754426,0.5707626422666776,0.5162842507500305,0.515246396413961,0.5479761555524073,0.640094734221418,0.5383825961481611,0.5210340484090685,0.5536252355499675,0.5062782450114937,0.5332055572280713,0.53986748030927,0.5853313804591679,0.6230159390063373,0.6302937570620444,0.5904449775706788,0.5368668361675318,0.48583605783030553,0.56663842093585,0.5856243277178078,0.5511104737439929,0.4998128849465937,0.508694183861534,0.6221674508485497,0.4964729871111539,0.5290091764903001,0.7494039336582504,0.5804229264276974,0.5577365747348483,0.6280300867867191,0.5229377915071443,0.487711662945926,0.6558742112125893,0.5967746041159521,0.604946610503658,0.5232316401984847,0.6771097714116423,0.52181105969806,0.5347163527969928,0.5789280750428291,0.6000150921800941,0.5435100906731141,0.5594630600598437,0.5529030242445031,0.6596541679175327,0.5282632702152399,0.6468503761789599,0.5550768506673821,0.579899547840585,0.5333891461519549,0.5251916841891103,0.5047048930639229,0.6071626722596052,0.0,0.5577329380529632,0.619647857418118,0.5391969492656138,0.5118300778703928,0.5296568095274514,0.5589392395276407,0.5710829035662623,0.5740175277831522,0.6728686199297869,0.6015187769836875,0.5789162497321572,0.5509128704607061,0.5812807761142673,0.5229501853526217,0.6007357663178724,0.5142855780046351,0.5925338471800599,0.5563432470644193,0.4839036646962691,0.5897184864200354,0.5441414034384678,0.6428589316743204,0.5739575951085588,0.4962189624456288,0.47934191152997313,0.5589658518192422,0.5218514713700831,0.6212985242422822,0.47317285732503295,0.6102817124631187,0.6279393093261014,0.7048198420638507,0.6695810290289474,0.6139082145198652,0.5611002779833114,0.48375317328926853,0.5773814990862808,0.4604468075422922,0.6240320694080579,0.5261050275124852,0.589488708982831,0.4802893113457256,0.5879362179010199,0.5412042377920306,0.4483881413741887,0.5205388023309032,0.4993541655609481,0.5873052431052183,0.47145760601318004,0.6012629404128038,0.6137022643272243,0.5948284054320814
0.601477761143392,0.5687686573161097,0.5495330609733987,0.5499067757177339,0.4730877858592093,0.6474569502403174,0.5073366187921068,0.561971805234443,0.5180007459544673,0.5620216465424711,0.5552483126024308,0.5147460087710288,0.6226531835643229,0.5589212896103763,0.4768517794482509,0.5873148038556579,0.5691305564708584,0.5270904849351101,0.5323324413726752,0.5677867444189696,0.6047321005504359,0.5254384363044184,0.47036072663710793,0.49302102477404197,0.6017347133157237,0.5570774658193154,0.4465839222934212,0.5193321078765022,0.5308049851201612,0.4555197221032265,0.5462031413544968,0.6296477040489425,0.5102364792472205,0.5111666594218248,0.5742857327621278,0.5332143486308891,0.6442447091443969,0.5811160785907685,0.5089943214893571,0.518852813279791,0.5134397683312725,0.5374998328709053,0.5298803260911987,0.5994764697583895,0.5639867232510831,0.5275038548871287,0.5014950100096721,0.6036611430794114,0.5547580559617165,0.542275268915699,0.5963704865911614,0.6101975585730247,0.48908201655200395,0.6005236715471453,0.5678691875417549,0.5812651307940897,0.58522810671656,0.5416084707110821,0.5702561092140054,0.5307301995845398,0.6655175903551646,0.5035708820321599,0.5732900227775349,0.5032597638346584,0.5194258846082898,0.5719612371705669,0.6315920256220318,0.592116476946382,0.5067039993033662,0.5763996011253328,0.6274350200897912,0.5601532831156055,0.6712163960576812,0.6188895484211178,0.5741728022010656,0.5533428321444657,0.5762380958074017,0.5491089062797366,0.5230768732128529,0.6127743954239043,0.6089663037633035,0.5782419159624791,0.5384486331718814,0.6045813335754668,0.6116693395176311,0.5770935251338741,0.6582002091524016,0.5734485467714096,0.5684344751129166,0.522158681835008,0.5477046317419525,0.5527396633219198,0.5339713682215756,0.5748389977975679,0.6261575342763077,0.5730693737141616,0.5535052043469448,0.5717102866984859,0.5014612278634657,0.6031254770146726,0.5619576399714798,0.5402788577316494,0.5414044773723107,0.5033826562949877,0.5880422523462119,0.5531180208436435,0.5683695103738935,0.5424331521397914,0.5168541132907194,0.5800551482385833,0.589695583048051,0.5577329380529632,0.0,0.560397886881264,0.5442663641179234,0.5383333306248106,0.5717431105188934,0.5074296461794019,0.6341667359568227,0.5594294194187557,0.534867868598762,0.5620696098290118,0.6209190267012041,0.5962666031724552,0.5929577683565613,0.5650785655176161,0.5627868517324874,0.500096852975694,0.5815661030481345,0.5357784652796145,0.5060397701128826,0.6149911203962913,0.6262418091287612,0.5896271729278351,0.5753146058999631,0.5053047641042876,0.5002461466239106,0.5062262974920801,0.4832040392566858,0.5311883726187709,0.5377941082026932,0.5984025689786261,0.6024291766085089,0.5596688390861566,0.626728480584291,0.5445457516741821,0.5269985754806062,0.5221676598920011,0.5745841426855414,0.42152239638410327,0.6012987421778622,0.5459006173028836,0.5002804514475352,0.4684793104388126,0.5681259854857885,0.5996272806971324,0.5177229942078068,0.586090012321059,0.5330763041072467,0.626927771493209,0.5254569679774838,0.6479723185773851,0.545332514761861,0.5714854824459439
0.5371355948178814,0.5341483183140063,0.553948147138226,0.544399741537877,0.530569941056578,0.5317937584118457,0.4952257020534242,0.5720003835876595,0.5606488509086298,0.5470965299287958,0.5790305227129963,0.5390820161241784,0.5391933271520303,0.5535605274106808,0.4521745887616716,0.6288022769288424,0.6116394265842848,0.5279221245928153,0.5359604498874386,0.5333377410566488,0.5886416318858042,0.5350175027380836,0.5236058186710532,0.45566498769700065,0.5610113495289084,0.5186123600227426,0.5356662072573234,0.5516770277206257,0.5220931884851386,0.5375558667079982,0.5145226423954238,0.5835038279741652,0.47470744299653955,0.4931835072676281,0.539548391394816,0.5610821442554289,0.5408756686782175,0.6593924416386614,0.5252763630853912,0.5054713047571375,0.5061752591731811,0.5852360208707412,0.5047937687259955,0.5113495324133333,0.5258455838590598,0.4918097783585957,0.47127622419177306,0.4991011575116409,0.5559500262518148,0.5582465112537771,0.5639282593188144,0.5291529772050176,0.4718585705721329,0.547120141068823,0.5597468698551776,0.5265639919823872,0.5751049033874378,0.6509221498770162,0.5358184899850589,0.5473048518210298,0.5460584934175767,0.49414732468600786,0.5192167804558587,0.5541647213891007,0.4762441632936151,0.48225887926575717,0.5429161707425072,0.4939930518729394,0.5575851535405164,0.5977325351976001,0.5330412595198992,0.5422411369965612,0.6273889867845507,0.5933637410683276,0.6138056762797798,0.4651748677972774,0.5844338182894888,0.5748262064656678,0.48958908010837604,0.4963636267387891,0.5006569454045188,0.5639811520440222,0.5189471268214462,0.5417175775216325,0.6379284173178905,0.5734961293904945,0.5752240240492366,0.5674602128819295,0.5344222699572044,0.4964244334195239,0.6387890493559495,0.5346966687068221,0.5675608633559392,0.49258817299516483,0.6426734155634696,0.5098412311377495,0.49855978507317017,0.5283919276849883,0.5310464430722028,0.5278309790869151,0.5158178789344884,0.5409534937188789,0.5306786448734151,0.4881876243529349,0.5863574353215215,0.5272737532776929,0.5462590849521551,0.5669488499461554,0.48828122588856215,0.4890361566099284,0.5424860205126956,0.619647857418118,0.560397886881264,0.0,0.4975051865324326,0.5513397747567013,0.5133312273191803,0.5344169465526185,0.5420146844851602,0.630721900794441,0.5702925025952151,0.599623103678361,0.5251097824105432,0.5298332359311027,0.5300492580656629,0.5065987923837769,0.5912349521236913,0.5035480360378265,0.5481228525287614,0.5054131866864312,0.5623800390114365,0.6431443034989165,0.5923599881190832,0.6167662644739972,0.5120757261453845,0.4425437621390754,0.4577713456355798,0.4869305236498949,0.4965874782459782,0.5730521410464634,0.45649886149288604,0.6234274827702947,0.6136424386248522,0.6549317355668696,0.5857746342249807,0.5214564751192065,0.5358547540157614,0.4949382242619982,0.5597373441160556,0.48178796662808393,0.5459723587107393,0.5190004227364013,0.6097707282562089,0.47705641163463053,0.5543148539661301,0.5259454193458152,0.47430349271232713,0.5342969151893268,0.4768891017357261,0.6014589294450715,0.46113489987667905,0.5682928675711306,0.5890337182337876,0.584797796223196
0.573499722322559,0.5628661775718085,0.5120559777279596,0.5236728616503842,0.46164252654109617,0.5284944723607505,0.47925250661209373,0.5518434807306364,0.4690943690062529,0.5153401056591381,0.49017224567150125,0.4834997950140371,0.5852386455007246,0.5705195826783115,0.5095518850903148,0.5673494421551446,0.587273702380599,0.5708074863493047,0.5328194144040035,0.5870735773050123,0.5561822447987239,0.48312789136271234,0.4853135623753795,0.4910075263966448,0.5195860574298449,0.5436180572242966,0.4609821604742001,0.5316729455301025,0.5424489426824814,0.44735745535337446,0.5381525443354429,0.5826920935416733,0.5721041390924787,0.5089456205190284,0.5802713217771726,0.5804596188791736,0.5318270415600351,0.6166723516498966,0.5011675883460283,0.5561060046165264,0.6401867842479202,0.4408263308708616,0.573509919562016,0.5500457623301462,0.5971733418450992,0.655545585430471,0.5604367006325167,0.5130576687869988,0.5396991672320114,0.6376927782833949,0.6049513857150003,0.6650714386962129,0.5940336830025419,0.5791864507060355,0.5701162943476022,0.4820530399200267,0.6387192877806316,0.5070000541613621,0.5677529835934481,0.6772839882795614,0.5687428635093151,0.5550201713828504,0.6317937676866539,0.5234833732193277,0.5450677136304818,0.6121443916801502,0.516262146591092,0.5115199478900966,0.5236498562896623,0.5179587365192688,0.5801259518063221,0.6613311354549923,0.515234038170477,0.585033328205675,0.5841833218457779,0.602954801051288,0.5086135788654329,0.5192796827494292,0.6806241638758471,0.5191020264415186,0.563310167328888,0.5222184659721515,0.5068705001283835,0.6765718180980529,0.5716177397608057,0.6099613714821224,0.491336075550304,0.5913431883991959,0.6505193160731956,0.45919504096027375,0.5357266529123395,0.5182929307034795,0.6137915447998409,0.6448100899456092,0.5557146696213398,0.5025532334787753,0.5655192184908215,0.5267750133536765,0.488651577381631,0.6476806174129854,0.556573786716882,0.4956636417582159,0.5090371567323918,0.5073156768551407,0.6551853103936046,0.6360564049309796,0.6212707458120148,0.5050300947401601,0.6505913406685955,0.4848178899577348,0.5031174230291277,0.5391969492656138,0.5442663641179234,0.4975051865324326,0.0,0.5653660090702366,0.6215778276519557,0.49229459606223014,0.536915050047055,0.5153924160258827,0.5630941607210082,0.5508755577573312,0.5336024319421496,0.5810272867604409,0.504491755414834,0.5944156897636955,0.5421773447158016,0.5109547232658602,0.6193273629753142,0.635197591684833,0.47054433030737514,0.5365323994058421,0.543028666287886,0.5129442997721311,0.506611593592396,0.5416040286239482,0.5497719744450245,0.5903231344951195,0.5233855244495021,0.5487757265637894,0.5679209426531188,0.5338238552391773,0.5667388551241487,0.5045944410804891,0.5428700613315022,0.5039338931148301,0.49664811275912774,0.5676626753416237,0.5537952657046453,0.42750629055781963,0.5475462182708906,0.5958519565565386,0.5049180128059266,0.4773722580385362,0.5271243141286921,0.5143648013488439,0.4744226008330282,0.5225620047984829,0.5301087600797275,0.5655561247502173,0.5750067513267363,0.5778554121738537,0.48745351303978013,0.5016389446432945
0.6048207099000966,0.6481362763158931,0.6151874357178111,0.5515931665072824,0.5188947282438472,0.5637368175620335,0.5258484935611836,0.6069834952153966,0.5424069660751515,0.6024910250243967,0.5643276840931006,0.5467396889531001,0.6701047120544421,0.5659777957027227,0.4998426664704636,0.6587275708922675,0.671351823834134,0.5947924829656736,0.5246382330411696,0.5786333817610554,0.5684205640814616,0.5697661475503372,0.5761009402839203,0.5388759048090077,0.5800637555429367,0.5427063004898579,0.5870240807073966,0.6292809463087994,0.5635565553908845,0.54836486707148,0.5168780157280856,0.5685294910118172,0.5429520250067803,0.5152621670685585,0.5601643562752628,0.5195973300548361,0.5750117117267207,0.5963612421530661,0.48017806948757535,0.6142928268787344,0.5532634602942832,0.5526826669788883,0.501611968727359,0.5067623831609153,0.602963898129584,0.5698014685792046,0.5529267351483715,0.4976279235751598,0.5786755597591359,0.5432326538927332,0.5468522296774155,0.6034715484651658,0.4903240512574375,0.5487390176547218,0.5193540024837784,0.5626752929453428,0.5778718497676559,0.5816946811601553,0.536034596906408,0.5906504835052074,0.548105945857788,0.46252755535600115,0.5286859752991186,0.49693185934909717,0.4637857304072286,0.49176798358709223,0.5386250378180784,0.5305941569812243,0.5547749995432526,0.5786027337060723,0.5424194771666214,0.5368831526604437,0.5271014385432556,0.6187103520824244,0.6168518127007382,0.5001857612643521,0.529490402781626,0.5878932479272604,0.5292845112374663,0.4858207084318779,0.5061205943938504,0.5208344050595616,0.5994666940073801,0.5870373833841813,0.5327097022922002,0.6898967908398669,0.5018870613910533,0.5195359304693278,0.601429836396624,0.5293729114249063,0.5873978978728189,0.5074951952847357,0.5538779358740846,0.5183202688215234,0.5462741063910561,0.5390024791880061,0.45998999436850935,0.5456106507090537,0.45620603174649715,0.6127570032880064,0.49278623959967655,0.4714646375680331,0.470935708598103,0.5098618017049262,0.5393085711854706,0.6268359129955535,0.5264917414846383,0.6507212411111398,0.5753247349279341,0.5438620614116414,0.5140365503471461,0.5118300778703928,0.5383333306248106,0.5513397747567013,0.5653660090702366,0.0,0.551712765203088,0.5043209171128412,0.5441041129887136,0.5580821846177788,0.548157088509911,0.5141617160348029,0.5323683626538435,0.5762849993528091,0.47591913838541977,0.5597613231497223,0.5161586169192547,0.539264383138814,0.5742790190887085,0.544832211645283,0.5945597653971534,0.5562091858397367,0.5388705732566704,0.5250917850205307,0.4915942677711993,0.4489509143933266,0.5621268404798896,0.5513859751929635,0.5689787282672824,0.5249452610919969,0.4922914580357877,0.5302865560073762,0.5898700857614557,0.4916621415980889,0.5338223058241713,0.5307350955321075,0.5467260667488848,0.534340956390138,0.5942848667166437,0.43235125176061134,0.513921002628027,0.5129360421710594,0.5647299044332866,0.5620031467329027,0.5560714453916006,0.5297368251501728,0.548721253375524,0.6144684827683835,0.5143013329837957,0.5387681575223621,0.5057004800361365,0.5432298192440241,0.48026433729293305,0.5709561032834556
0.6186066832549773,0.564113110793183,0.5168649172916226,0.4955220630096853,0.46051689665804985,0.5921707097426838,0.48529636716438074,0.5447648668922476,0.5024991969327018,0.5652320473490123,0.48596027434720146,0.5168888260861602,0.5667296322292746,0.5036763139821079,0.481481907354682,0.5720652558859773,0.6058125986629409,0.575708274732351,0.6322952302130138,0.6174029521386767,0.599095605567532,0.480900443309726,0.4991979059950471,0.48361100339796276,0.5984378040200781,0.48765933708009823,0.4331732709711543,0.5557305400377079,0.508578406134036,0.4934610048702558,0.5470242083972159,0.6505203584160447,0.49576208773626523,0.5273423012969057,0.5561595733979974,0.5137409898238425,0.5371616680885843,0.5692908508349357,0.48014305383964156,0.5044050941277288,0.5459179562049993,0.49856630129162427,0.5782493296637966,0.5438440576039534,0.5447637413516895,0.6183491603740515,0.5849240138405711,0.5060820655965866,0.559388511537565,0.5818734585735373,0.598072659473485,0.6628640367885487,0.5786142670681882,0.5438567351249981,0.5234664801813913,0.5375031998793816,0.6658691120071576,0.5306122052840944,0.5742304538961502,0.5752896672253902,0.5465889795255808,0.5103192717215087,0.6206742762567914,0.48820375633325125,0.570011706372203,0.635240166623457,0.49468262870048474,0.5252869709927189,0.5093707954992479,0.5357334526250276,0.5696202013282785,0.5730209084096826,0.5357296985919533,0.5741357848694149,0.6021623212328037,0.6783111349316154,0.4953531161780814,0.50566944412426,0.6030254753559191,0.5675634160935269,0.6422952785493479,0.543261670337083,0.5365161261114637,0.5896377778311988,0.6073046631011438,0.5872044413115767,0.5163119342751286,0.5838737143417033,0.6828119334318583,0.46365821028640253,0.5300094818701143,0.5409946652793318,0.5706263109695315,0.6770405891907938,0.5542375354656257,0.5137523278226215,0.5423440806322484,0.5815011590920011,0.4727168620531793,0.6010359176762646,0.5017388230701766,0.4995675415740697,0.5223147293076622,0.5482509395776151,0.6118734788942297,0.6070670119279329,0.6195194779297843,0.5595894119567505,0.5717481660793858,0.5255512485537261,0.5373070868637586,0.5296568095274514,0.5717431105188934,0.5133312273191803,0.6215778276519557,0.551712765203088,0.0,0.5259566522566861,0.5607650714374794,0.49995770058974837,0.5156959921286706,0.5177218787441311,0.5776492457441623,0.6021204370172475,0.5243096376936555,0.5604736355454385,0.5294203442968503,0.4656119464655319,0.5853309758597096,0.5333367859888866,0.5228306337046834,0.5733598603018989,0.5135352768133686,0.5077209804670954,0.5071936160677687,0.5266679888799556,0.5809455939564907,0.500436286490812,0.479664328171833,0.5655761975549545,0.528244429242521,0.5360366144938471,0.5887481585341364,0.5054898197043305,0.5365478269319865,0.5271001760928805,0.5027120337266747,0.5730814940056794,0.6275262011458911,0.41929209955448554,0.5612290774094318,0.6556498505821046,0.5043594290942164,0.4657623980614492,0.5751481077485047,0.524448492590707,0.4778915177342847,0.5530878132367815,0.48053557972581534,0.5829317437710168,0.5764117650089855,0.6562761008173826,0.5266593614494416,0.5160179002922847
0.6026731677954065,0.5332927514509108,0.5500271669119216,0.5111056495133515,0.5789196472029459,0.49133918328806225,0.5627604779083286,0.5315078486142495,0.5276700957070539,0.5641821195086223,0.5932751435859265,0.5742095048988823,0.5360513725899422,0.4791538219590557,0.5441203408817409,0.5883427529543013,0.5673720846587228,0.5932134014176121,0.6314260274464886,0.5982722127297545,0.6224478445431415,0.5780893626092918,0.5730350960710741,0.5442038318081882,0.627895724193802,0.49923535001364866,0.4814308446734895,0.5368781073025581,0.5151686543354287,0.5358506185402823,0.5670122308945466,0.5856808494177469,0.474788359249827,0.5015213642377805,0.5599618157000484,0.5096297178735685,0.5822088580161567,0.5608488139126183,0.5735661823542068,0.5269130823669933,0.5087565127535562,0.530511518908242,0.6252905359410232,0.5605552975648778,0.5411420238735929,0.5341195452083516,0.4950199951574655,0.5691782599767652,0.6944257798438849,0.581802117745437,0.6114179955445153,0.5196775228123026,0.4747360249247473,0.567502184533037,0.5842173653998484,0.476412646172008,0.6302555849168099,0.5638393157803682,0.6097880754985939,0.5246524007911321,0.5195213890623259,0.43199875149447486,0.5250553479097402,0.4952580233523197,0.5478773926239479,0.5172414003055658,0.5175249209341264,0.5420871085209892,0.5498494302399147,0.5812836847440627,0.5634359441559601,0.5387297981383924,0.5201622169288183,0.604677872148993,0.5273392929934926,0.5067768480122085,0.5759050303141211,0.5499857101465924,0.5052315573089161,0.46913560523012704,0.4880738663333017,0.5769035290913536,0.5418948583464386,0.48007329657661135,0.5546512319352185,0.5389405387082326,0.5310230651505216,0.6032208792673368,0.5228651824152026,0.4636373363479565,0.5841507515814814,0.5116429196872418,0.610974130453279,0.5347786865226803,0.5595718755648378,0.523666004740355,0.478815120956966,0.4947642582472647,0.4502196639592762,0.5042684691523988,0.49990182870784927,0.56552749389192,0.5232680912876617,0.5329077676416577,0.5345336494049242,0.5241709076777131,0.534594446502318,0.5347028391554388,0.520303263965477,0.5445040376001334,0.5988560387991856,0.5589392395276407,0.5074296461794019,0.5344169465526185,0.49229459606223014,0.5043209171128412,0.5259566522566861,0.0,0.5150489131776955,0.4572947818813837,0.5753405418419694,0.49339540478956045,0.5016712510120075,0.5780385591465578,0.5117360518204126,0.54447873962442,0.46924157866716476,0.4865986350939928,0.5094154274375386,0.5362884291744738,0.47717585661037915,0.5416656655164817,0.5073250049379925,0.5088537819300891,0.5914897440982091,0.5025878316494481,0.5249563565341133,0.5270612253724976,0.5437168200020362,0.6318968790120358,0.4813403301614094,0.5147896605596557,0.5771483714555348,0.5355802571643359,0.5735539217504763,0.5477811011989457,0.541736335572839,0.4995379831492409,0.6055928428324806,0.38392103706230635,0.6033035452393072,0.530938258408774,0.6350713893310391,0.496437672355471,0.5663473890845171,0.57196457729356,0.5278552341277719,0.5266069843038411,0.4884166458865714,0.5528402354997602,0.46857683465524436,0.5454045861501761,0.5105683856580631,0.60577959356478
0.5540655236478099,0.5419890489029611,0.5822236969609346,0.5892262702838081,0.5007008441783408,0.5681152203891376,0.5124990112286518,0.5293089848114539,0.46862345521560855,0.5704468272073102,0.5751525166438733,0.5312955300144583,0.5662043961308354,0.5199761809448168,0.46777717108023714,0.5947417053534353,0.6165666230676821,0.528768462812287,0.5508017181219325,0.5427758001767161,0.6420955397758469,0.5205778630418939,0.5112951586988904,0.5056116871981953,0.6054843913551392,0.585406048054106,0.45727377145109194,0.5489469868419711,0.5537357305284495,0.44874771143712844,0.4991630613819025,0.5704827931386126,0.513656893027159,0.5266443306369988,0.5576107469928987,0.5444654134146157,0.5692659269115558,0.575812710818627,0.48998566550200023,0.5422839806316944,0.5476459015681667,0.5300884608363617,0.535203939799553,0.5984199386254422,0.5468543024903465,0.5129719641422372,0.4976940972266746,0.5872128463981735,0.569887724169356,0.5369582459759888,0.5816981074908942,0.6489911798994713,0.4652382684841889,0.6095009107338402,0.5703183930378753,0.5128394229195004,0.568683226823797,0.566495031661859,0.5704121166036333,0.5114661636373992,0.5635231917824796,0.45833448102302266,0.5729876529021757,0.516017036788018,0.488325714712163,0.5233358339150065,0.5511923526817658,0.5234673400717655,0.5335079930165029,0.551269231995259,0.5485481258518066,0.5308919861531184,0.6271289140392552,0.6148109775814117,0.5596902539635874,0.48929591706239184,0.5430333017472883,0.5589984422418868,0.5277938398156414,0.5292385391750294,0.5648477660041589,0.5351069731945821,0.49877986234648436,0.5731400760885648,0.6151571826729247,0.5645249868098158,0.5531484482498041,0.533399512706007,0.5252188512024656,0.4634083397078276,0.5779463600469419,0.5172482053586048,0.5397303839169681,0.5169395596654985,0.5951341947653321,0.5400643083381526,0.4854291008054142,0.5929711357967974,0.47651751507625684,0.5636962196378563,0.5009011304226899,0.5078575692480084,0.573726160332065,0.5558127431390383,0.5556277755161322,0.549902163557052,0.5607236424357906,0.5959177646642974,0.5198294510048479,0.556638703243657,0.6101051636020801,0.5710829035662623,0.6341667359568227,0.5420146844851602,0.536915050047055,0.5441041129887136,0.5607650714374794,0.5150489131776955,0.0,0.5331810223740563,0.5281400183428769,0.5363630194406732,0.6058802296244289,0.5537375134729383,0.5186128106897324,0.5555968539991878,0.5270155752522729,0.4691434128547624,0.6522020786553284,0.5180493260028742,0.47919716922566274,0.579604210648877,0.5226596556906776,0.5400960791569293,0.5451462010606392,0.467436614104479,0.4826855549555523,0.5160825579639892,0.5252024879405679,0.5155847562902953,0.5217677945421746,0.5464814759353002,0.5603144684931284,0.5480543256545212,0.5995885574971891,0.5604482456932957,0.4980619872440705,0.4968175894103991,0.6030222542070528,0.4271914131061574,0.5563181357258598,0.5279901915213923,0.5208194802554998,0.4730709114576365,0.6083222168308962,0.5265333795716148,0.4839926513034572,0.5714666532344956,0.5238337957948159,0.5730481158986287,0.5216396559253547,0.5790877164662425,0.5239894056319122,0.5639925917571695
0.5132034662376922,0.5487395260468471,0.50665465439474,0.520671715826219,0.48898895762463834,0.5419343596009286,0.47186093215828234,0.5310351497691848,0.5321219872926436,0.5054494289349734,0.5129187093242853,0.5044288034156513,0.5237034704508677,0.6322398291527508,0.4309011037032484,0.5642418942095471,0.5582572980177268,0.4795497191999037,0.4733601880299601,0.504959817680722,0.5170812149030174,0.4875226634159127,0.47621343695561746,0.4310696569504615,0.5058808066512835,0.5146290674720688,0.5086018395544131,0.5025511091169935,0.5378489776134526,0.4836216162179695,0.5049999952085734,0.5496167584261142,0.49454743569746146,0.4896932535477482,0.5716581870204054,0.6084350847845549,0.5112698448074645,0.6266772872474021,0.48253725805724884,0.4882614693231988,0.513229557752895,0.5235158185024275,0.4553513773285266,0.5084242932213935,0.5243741780260469,0.4685365264923155,0.488548854216995,0.4760491311166315,0.5002530863261301,0.5357435333331819,0.5157276742023708,0.5396878040791219,0.4654639494857993,0.5237726351160715,0.5357655352177761,0.5507822458190703,0.5156498543997715,0.5730900740645265,0.48975933750258727,0.5598720644759441,0.5089150206436598,0.5412294237196938,0.49187380387089946,0.5952015204240952,0.4416041052754368,0.4503783537187833,0.5205735067802177,0.4668062608678984,0.5036175258176098,0.5108109173320545,0.5091716869140372,0.5590164912124708,0.6035661554860962,0.5274044187598013,0.5661800705246789,0.45946310109317606,0.5028338719038085,0.5565990263774112,0.4727829093497938,0.488213197921709,0.48004511061252725,0.5161231274587748,0.49333301755544234,0.5612961978386559,0.5748139478499324,0.5728842909586415,0.519691448600487,0.5259170206879227,0.5243939652926064,0.5043134729757611,0.5839318514606587,0.5632275073433505,0.5376638330714434,0.47377120368697395,0.5837887247898327,0.5162110044202094,0.4858480065215612,0.5531537693785963,0.6166921548501114,0.5481169631612057,0.5393799464952221,0.45877442615593805,0.5018933865017524,0.46725247723366975,0.5895632839469362,0.5141186011656542,0.4983038010361032,0.5270957961180016,0.4818792810646622,0.46472888041497873,0.49816917081572165,0.5740175277831522,0.5594294194187557,0.630721900794441,0.5153924160258827,0.5580821846177788,0.49995770058974837,0.4572947818813837,0.5331810223740563,0.0,0.5505816909492064,0.5674548336601094,0.5385051908603914,0.4984992263635004,0.5334644953689818,0.4986097451503385,0.640272431238405,0.5189279961730112,0.5804073154802691,0.49442390749581133,0.5625194106955411,0.5525926577099044,0.5579580455654768,0.6413956574759065,0.4676368509190863,0.43141767369373923,0.45269220961862827,0.49931645381430034,0.4654358200725044,0.4968249404470586,0.4545651643941094,0.6654592723839889,0.5809094436014662,0.5938568913428374,0.5531997066088062,0.5204632472251483,0.5209437691202352,0.4635727304636422,0.5230534859535287,0.542857324983336,0.5016618717197914,0.4958250055898325,0.512785166868891,0.46431291821300147,0.5054018712125705,0.47712748764724694,0.435127636690729,0.5081665267716912,0.4907482221509646,0.5557705269813962,0.44713531505996995,0.5698925921693158,0.5126111976294484,0.5225041518765688
0.5834843857340141,0.5709876801554798,0.5380128547403612,0.53291743706,0.6169478538737385,0.4955382711562287,0.5408139062974758,0.524527706686234,0.5386241226322998,0.5122089670980294,0.572996285461973,0.5337840431663362,0.5413975261190785,0.594180946523715,0.5368703756150478,0.5916798445571201,0.5810803240448548,0.5638517804502758,0.5301766054696265,0.5972746537826378,0.6097243089356192,0.5689714940303501,0.5267606885979925,0.5322793107093804,0.5409845872843821,0.5733831098432619,0.5003558788026763,0.503843180012033,0.562915027762774,0.49231773220046277,0.572783869725751,0.5582472612055328,0.5262072490387918,0.4984550611078581,0.658594274045036,0.6338692499751717,0.5690517648064403,0.6904510383698096,0.6078608942655376,0.5693343980966878,0.6041146436436906,0.5082872522887694,0.5668648538811939,0.6107330715945207,0.5704937248283124,0.5397259411371482,0.5273578247273875,0.5719579412238768,0.6103923900896336,0.6783176888734728,0.6161733253310737,0.5750623639220367,0.51218309332074,0.6040006290573479,0.6171172972121041,0.5029879169899176,0.6363213125824928,0.5573346846171341,0.5902851603916395,0.6133627605673317,0.5230456284358085,0.5066145847331723,0.5380364836134328,0.6243262512496324,0.547489043802652,0.5135129810850902,0.5595929154803624,0.5315182586127861,0.5412610697725144,0.5323832629655858,0.6123706218855409,0.6851923943208825,0.5667659867214726,0.5956419140614675,0.5436815600696189,0.5005431063266366,0.5600660497688535,0.6163574532859564,0.5371079162105524,0.5027665505516721,0.5022991892941894,0.596704019474722,0.5377124456112292,0.5402391260197996,0.6073838058172315,0.6073462661128831,0.5163688222249332,0.6070328299945901,0.5230184068645406,0.5035446474062163,0.6385021152416226,0.5586212749887319,0.6678005134936678,0.546585845393107,0.6533074389963669,0.5342791244022295,0.5250448371391899,0.5185366848069053,0.5687581597866165,0.543664118122204,0.6060826705845122,0.5085637562843507,0.5321387326790965,0.4976267816646092,0.6144567885105789,0.5589412258091057,0.5429438703529328,0.5168144265884522,0.5642740827194298,0.5203108565893666,0.560991405483433,0.6728686199297869,0.534867868598762,0.5702925025952151,0.5630941607210082,0.548157088509911,0.5156959921286706,0.5753405418419694,0.5281400183428769,0.5505816909492064,0.0,0.5402451961544037,0.5494787018774442,0.5783415005625707,0.5966817101061745,0.5513876538141855,0.5519219760739846,0.5443093240248313,0.5659312376177575,0.6264489656102888,0.487675880427213,0.5660558567081329,0.5607904639604585,0.6339421641611277,0.5853382689381846,0.5480403787466702,0.517499994043361,0.6403802993359001,0.5518461697858766,0.6073302238494883,0.4908848815365405,0.60597465918982,0.6270808084576767,0.6133509233938964,0.6542171564414633,0.5501675596286363,0.5935339654530843,0.5038089930717469,0.5634987951447574,0.4454271578213315,0.5921567593805147,0.5381243451532918,0.6228044426932865,0.5105288856492363,0.5416035536216156,0.5537626329814889,0.491846520871243,0.5218945648836562,0.5429347719453231,0.5670261430605927,0.48088571006885233,0.5934280275473509,0.5405541164763727,0.6324327278908065
0.5159386214340067,0.5267537216072891,0.5318645171570688,0.5910255534378387,0.4966546032871714,0.5428693612935593,0.5021341015564894,0.6267257907472686,0.5135369399654818,0.526236435755647,0.5066053570905549,0.5383031886437776,0.5230270811050479,0.5141811356301099,0.49853280413719064,0.5560299013983933,0.5332352755179086,0.5072511902021757,0.5319588522036821,0.5001589858873652,0.5893595123371028,0.500667751064597,0.4798523320655689,0.460129970998728,0.5392091360868277,0.5639746724009171,0.4707743867650394,0.47949866657618023,0.4980279425440825,0.4693677777955129,0.5682457309165374,0.5623238629895972,0.5565615501355463,0.4923518041607611,0.5214847326693464,0.601433133288033,0.5456448831602019,0.6121377227823603,0.5622072990766871,0.5015233097598698,0.5753966897593139,0.4904722338622472,0.5561468421437793,0.5564619991574412,0.5638021322123807,0.541899189317807,0.5002852843708903,0.5107638930107535,0.5209352886890039,0.5739217606718571,0.6246571272856272,0.578629508726898,0.4892426834445239,0.6075913371827691,0.5911861452524816,0.511345195236913,0.5667254496947154,0.6039437565868062,0.5247247541835819,0.5596989087554705,0.5807813765175461,0.5421027026121897,0.5759901151730625,0.5042065803702496,0.5073489547832566,0.5273096737981906,0.5524259633082231,0.5275684745085168,0.5070276608676326,0.5889124897093768,0.5904519164229733,0.5455913748806177,0.543409028474498,0.5958085305143669,0.5566853588540547,0.4896647271347287,0.5750180628601839,0.5650516411403718,0.5666689656167636,0.4937790555032552,0.5339394676317893,0.6107055764082711,0.5222634131957034,0.5609184840990096,0.615753788214306,0.5786658891406381,0.583020293300706,0.6000761034719403,0.5645369891208247,0.5016665367430345,0.593993629857077,0.5864460402285752,0.5665842956122459,0.5068793855126572,0.6060523126737947,0.552192647286996,0.5762169219602946,0.5505753767768675,0.5071665737157147,0.5711357212492109,0.5281343967671059,0.6053123642778988,0.6094365786409157,0.5410136021064326,0.6233329177707992,0.5609742801136756,0.6024381897458639,0.49944499768858064,0.5340502164633067,0.4759508993205261,0.5478095933093484,0.6015187769836875,0.5620696098290118,0.599623103678361,0.5508755577573312,0.5141617160348029,0.5177218787441311,0.49339540478956045,0.5363630194406732,0.5674548336601094,0.5402451961544037,0.0,0.48999468496208864,0.5712262495954782,0.4994473047793879,0.5657304122106211,0.5853894898081725,0.5415654091674547,0.5612038948449337,0.5502947382863367,0.4892503812225715,0.5980756872958501,0.5520858647846425,0.5771004857920405,0.51836672473705,0.4668734582123382,0.4623872583543413,0.516940332768211,0.48356355638970044,0.6138406021182286,0.5244622477402564,0.5488166332614776,0.6057440168424507,0.6189866333831653,0.5848934598073972,0.5297869333528697,0.5564875965854665,0.5427005808038258,0.5361836136664557,0.42544193647280193,0.5771715608464248,0.5411803194762551,0.5122154141135886,0.4814817489301498,0.593307710959446,0.5521342539770268,0.44176438252844313,0.5596132597459766,0.49227345827495134,0.5693872510618545,0.5005057455687519,0.5461003176025597,0.5965988157399729,0.5220218524598204
0.5821526699198738,0.5309747075475929,0.5001471835944554,0.4825393328597282,0.4680610928004358,0.554405650674816,0.4688212733186139,0.5078079379553305,0.4938817640207882,0.5048940031081554,0.5246454255157904,0.5206157663147147,0.550930084820998,0.5206604219495102,0.4406109500878112,0.5774699706448202,0.5723900291717553,0.49819362136720735,0.5299460742338731,0.6284026362380126,0.584394118589141,0.4777151002655321,0.48731722003326233,0.4935613591758999,0.5849450451802065,0.5500305535765634,0.43225252735256875,0.5237129754819663,0.5025607576042436,0.4542761874475164,0.5245238984625853,0.5747824204273194,0.4560028687239421,0.5754721467198068,0.60757948790037,0.5317982827242053,0.577081869807866,0.5792192675190468,0.4866618905084029,0.49451327159164365,0.5002958389264314,0.5184987088843686,0.5155007555261595,0.5781707951083893,0.5570368546230702,0.5052985108325423,0.506554233377851,0.5787757500371207,0.5488987103792848,0.5345299804048025,0.5280976668402368,0.6047710699770108,0.4511050954690664,0.5246280038468234,0.5221470263768251,0.553093232346778,0.5750879422371076,0.5222563325875367,0.5201366033595377,0.5181559005207337,0.5251117474050658,0.4716038469038591,0.5228527450454139,0.5510114801737291,0.48442279899141577,0.523468969625118,0.5381181701631553,0.5009791128646072,0.4835046887436485,0.5068208869785823,0.5470008558474136,0.56421887238287,0.6273509628561692,0.5390305523434266,0.5310789062050136,0.5206504808968688,0.4985688260022166,0.5195797856974035,0.5332001972173791,0.5692616834022431,0.5356719663835269,0.5180051074831892,0.490970331481053,0.5729714739244227,0.6172003105148945,0.5828457620692031,0.5670453057639421,0.5159596562827886,0.5309218835985439,0.49834625114761955,0.5229425518026573,0.5246193744891924,0.5082599383083168,0.5480733308692165,0.5508907691673964,0.5191162741343701,0.4929987850857352,0.6215551047515815,0.5221940847531965,0.5489324715244173,0.5370419604428506,0.477007138306137,0.5207893489554788,0.49523828932911734,0.5607340426166105,0.557870969926315,0.5289117104393282,0.5841829874115457,0.4905639553038122,0.575559126624986,0.5656170772235749,0.5789162497321572,0.6209190267012041,0.5251097824105432,0.5336024319421496,0.5323683626538435,0.5776492457441623,0.5016712510120075,0.6058802296244289,0.5385051908603914,0.5494787018774442,0.48999468496208864,0.0,0.5324068485518275,0.5898294876067068,0.5148096553092443,0.5230613254250615,0.48074551608315824,0.6152334017393383,0.49881131094103787,0.5001940374162479,0.5520074468352334,0.5565377649731715,0.5705078183205605,0.5610029493391705,0.4813441393402041,0.5422274342235973,0.5054489830349264,0.49594202448720803,0.5068450783466787,0.46156460758228235,0.5877071124917442,0.5414974540672711,0.5178222864833021,0.6147746987021862,0.5802474631936662,0.5056350770341792,0.4601939836665966,0.6074254624548643,0.46109527734314604,0.5825613427984128,0.49653937551639243,0.4989554266383174,0.44861567949835,0.5530939082226148,0.52980797660272,0.48033409907171876,0.5319513485800048,0.48402879639578344,0.5507587352673108,0.4699442577058011,0.6494964853036966,0.5094440114606477,0.5606823850098264
0.6226146420186978,0.6519402807362779,0.5746074711243188,0.5897634395617645,0.5317324448429593,0.5938778828576664,0.6285719609635099,0.6062322569005969,0.5343196930422136,0.6309180955881719,0.5453560548983917,0.5985200222777983,0.6151161265873587,0.5170458249939877,0.6229237735187345,0.5901909225901559,0.5685184848380777,0.5845063040617728,0.6101015610700724,0.5779569415020681,0.667448449997053,0.5696758264786838,0.5415991284613252,0.610201391867669,0.6509683206738012,0.5697827756844325,0.4733034731285969,0.5189093007885098,0.5599653855677094,0.5021347702755704,0.6507614447640558,0.6215606493532866,0.6021645090709274,0.5311408024614173,0.5665090968324642,0.5381149523235551,0.6720792398088182,0.5727045756955164,0.6038120320609285,0.6011998587190083,0.6110664289997876,0.5220348481470758,0.610205234045382,0.6417860241429243,0.6208408987795887,0.6610277810808725,0.5779225212631671,0.5922892477740406,0.6487989170018078,0.5799090947326476,0.7067134476910862,0.6334213280274175,0.5335096559724632,0.6801154449423074,0.6074390745397527,0.5762351812711292,0.6585713747490473,0.5574850262583636,0.6145783330830304,0.5887186015809713,0.6228682622591624,0.4885201752652518,0.5741891298956316,0.4749479058538147,0.5798664886983724,0.6016682253662731,0.6180128684758855,0.6649877086138407,0.49558019708384937,0.5906937058247247,0.6943146288305574,0.5796617693963378,0.518771469892752,0.6807672308165307,0.549122192233037,0.6179020375329621,0.6101833960369756,0.6413888207776204,0.5918044393686602,0.5814973892652272,0.6057520318764107,0.6408041315433418,0.6826670728328933,0.5526160353159506,0.5810278681011389,0.6272738101063938,0.5617517207978553,0.6112387442419809,0.637949309504205,0.5630587533154984,0.5676717611728054,0.5981277648638522,0.6116402851187056,0.6277987519839836,0.6058329404008854,0.6425986136355645,0.5506302708327538,0.565013203155626,0.4646355950553979,0.6432555935556423,0.567014185580366,0.574086116578724,0.5522865230482289,0.583218330724587,0.5674776102904354,0.6228140657516499,0.6099374693350041,0.5442348199163258,0.6517259628456326,0.6291473942237883,0.6353741272187231,0.5509128704607061,0.5962666031724552,0.5298332359311027,0.5810272867604409,0.5762849993528091,0.6021204370172475,0.5780385591465578,0.5537375134729383,0.4984992263635004,0.5783415005625707,0.5712262495954782,0.5324068485518275,0.0,0.5337690203616993,0.710475154504752,0.5172643767729874,0.5620680058592983,0.5652153437058163,0.6189870086758129,0.5012974179387937,0.5775755840802991,0.5608558964943041,0.5490954542930911,0.5956280302657764,0.5506144653143051,0.5902709153429712,0.5898502901815955,0.5309614276918522,0.6720542641729118,0.5884351932818223,0.5320129586656928,0.6807725681527539,0.531126510796341,0.6351950953630334,0.5516033073953627,0.6053346194967854,0.6662992969603728,0.609110238129566,0.38643443109755815,0.6355236705211885,0.6147321703416706,0.5329363144026682,0.5558677574073351,0.6584715367766723,0.6791105690750973,0.5618361353772005,0.701833234388229,0.5605711494356918,0.6026373744339049,0.5805793226196075,0.611789042882227,0.5733369114716315,0.5918557627936971
0.5770137345154255,0.5313728525084971,0.4762582885991836,0.47834422665399645,0.4950735842837618,0.5251351805659404,0.4768441998602284,0.4790766098579662,0.5410404393081085,0.4819353796288951,0.519833228597646,0.48487943669033906,0.5024447081059196,0.5452157601153091,0.47232507952062325,0.5122092178010905,0.5054200620383623,0.5021181838808615,0.5119774581083828,0.5718769641182723,0.5483151419533383,0.5084527756683441,0.44203176543760603,0.466599317215046,0.5314145943256765,0.48486065648955895,0.41761279618882813,0.46033928095960897,0.5113055132389793,0.4479161290332419,0.5564134177973898,0.5395194942735961,0.46839092055628057,0.46001714698363844,0.6396452355497322,0.5355896229974516,0.5487411313296343,0.586902464843467,0.5294013944486152,0.46798992821173285,0.5039615615067292,0.5032418844220169,0.5064923217332159,0.6059420942367649,0.4944081051963094,0.4715399220303161,0.47416667648649624,0.5716815800905009,0.52548232001652,0.5542682015065074,0.5405207312356293,0.5335541787810195,0.4920002797386259,0.5410449147332803,0.5373637338171025,0.5226211570892323,0.5655394984876937,0.4985413068991762,0.5358121338341462,0.5049131812189843,0.5185017172652815,0.48545511773089306,0.5142178121339253,0.5446714728846468,0.5442122673291019,0.5089869600517083,0.52933393093964,0.517823146576711,0.47550373234220367,0.5045614853055962,0.5870151861435691,0.6025683670282665,0.5994034142893607,0.513643056488007,0.5148906384170907,0.5200832050044499,0.48684434755205347,0.5065741027476365,0.4822598226567207,0.5517102223105317,0.5348448283549766,0.5739510289708928,0.5009117504594133,0.5238998539942269,0.5753707375316172,0.5359655222425752,0.5523740013845834,0.5504611830589445,0.4896814869890244,0.4883614922448952,0.5286263362610614,0.5509646071469845,0.5422069365955426,0.5494829411072927,0.611698430472995,0.5317200803991136,0.5414956355577328,0.5142824248302501,0.5702767410353228,0.49532263114672365,0.5955747187504752,0.46968435985877927,0.5045264238093272,0.4743481437713872,0.5785693171091572,0.4799081994821447,0.4897389653839453,0.4819312553654077,0.4735321928485184,0.515298758023227,0.5340395296854328,0.5812807761142673,0.5929577683565613,0.5300492580656629,0.504491755414834,0.47591913838541977,0.5243096376936555,0.5117360518204126,0.5186128106897324,0.5334644953689818,0.5966817101061745,0.4994473047793879,0.5898294876067068,0.5337690203616993,0.0,0.50523798301568,0.5140268310414929,0.46137823151559,0.5176964982722667,0.5232670615698273,0.47917782573986095,0.5428731975005414,0.5612553596832389,0.6673855876887854,0.5826167453893656,0.5708003985080902,0.48761630994169375,0.5102536837204458,0.4551856135963106,0.5309682147463552,0.4941139561746652,0.5999298910113664,0.5678656388382202,0.5814107698370142,0.6133203984193155,0.5056605222489529,0.5395274193427818,0.46387478985543373,0.5343775840444746,0.4290850189026728,0.5948028255290042,0.5479046234571215,0.5077801179542676,0.4285321629566566,0.5068353275102299,0.5428967627452783,0.46629085279646343,0.48489244134392023,0.5219041621766097,0.5396471459814678,0.46519239736542056,0.7014568054650433,0.5328877063828301,0.5866354335827203
0.5676234952124715,0.6627407982806539,0.5655331230751195,0.596717624168483,0.4971957437247466,0.579456816837936,0.5826620985752892,0.6075441614375846,0.4924080526492764,0.617924714041954,0.5435309228259779,0.593064099366551,0.608166085035393,0.527383952838774,0.5997299179283566,0.5803037101255833,0.5467887277248232,0.5383052845120385,0.5658929428768963,0.5526774423478871,0.598588618915133,0.545357247913922,0.5196664430244173,0.5874000567708416,0.60569406697806,0.5765656390362102,0.4786191110748339,0.5094552863769797,0.6279810117690937,0.4663255426559755,0.6346938660156486,0.5876801782238489,0.6620298689030543,0.5336764326200918,0.568526686366979,0.5656238774310749,0.6423933940617609,0.568640465089027,0.6060577800858092,0.5946934911672088,0.6406165125462236,0.47449385567421765,0.5673701508957132,0.6361387658542222,0.6519392502782322,0.61411452228054,0.5395169105444662,0.6017078789168525,0.5998998475593473,0.554782744040369,0.6273994649463589,0.6032135752713556,0.5044928632907496,0.7002898683020791,0.6546522695375394,0.53287926573421,0.5895948918419335,0.5410637540105923,0.5649970684513975,0.5898094488596786,0.6316431050313446,0.48346114576952415,0.548460810356326,0.4807085598622857,0.5145317303645733,0.5489066168664843,0.5957182269662993,0.583523444635279,0.48282761889564935,0.5612911513128337,0.612207082177232,0.577000849269104,0.4934500974728575,0.6256089446898194,0.5349591269190237,0.5719776617334091,0.5765233366862487,0.6220131960048714,0.5897468409042526,0.5402495889307463,0.5569016343244321,0.5611668302164363,0.6069155532545258,0.5806124905440618,0.5379519892814155,0.6182745491495573,0.5406088027187558,0.5622873510865943,0.6122215599229136,0.5421578409567116,0.5332124364795278,0.5679894530079912,0.6042818409409031,0.5774163695860611,0.5531245839920835,0.6624241122734474,0.5367513866231151,0.5553973569487707,0.4589156093676234,0.636557059629503,0.5943627632520295,0.5458012244248469,0.5254339617586293,0.5857212565175128,0.5524620259160445,0.595731000798615,0.5790042537090727,0.5264760567945265,0.6352052515636794,0.58954069331414,0.5938855070448004,0.5229501853526217,0.5650785655176161,0.5065987923837769,0.5944156897636955,0.5597613231497223,0.5604736355454385,0.54447873962442,0.5555968539991878,0.4986097451503385,0.5513876538141855,0.5657304122106211,0.5148096553092443,0.710475154504752,0.50523798301568,0.0,0.49622481406011065,0.5912837260057928,0.6141679173719223,0.6160535735285495,0.4774531607735859,0.5324391772180525,0.5588475233743906,0.5316444567653204,0.5818385162936818,0.5184398524059916,0.5764855367172537,0.6126834322208806,0.5489434173766167,0.6047269242246095,0.6167901883078974,0.5266112802916708,0.6007090977914367,0.5096584352590576,0.6223048179044373,0.5231337076325662,0.5640241435424974,0.6160184458239557,0.59614979120882,0.3953379461655621,0.5960514273706267,0.5798509539410114,0.5069895695510327,0.5381902344377152,0.6207019270686218,0.6142985676863011,0.539234038736444,0.6459856395338072,0.5849310026713642,0.5603618104040331,0.5559112991621671,0.5701251868955556,0.5162784292734944,0.5419441470808215
0.5027989257701962,0.5211351358985606,0.49948818580492504,0.5006776513661236,0.4752574566666145,0.5293322148697793,0.4713890339343845,0.523992032825924,0.49619722359308704,0.5000506884660935,0.4707149264557712,0.487176264612201,0.5127384313465816,0.5872406413898519,0.43592462992346476,0.552222176598592,0.5577398114561454,0.48380929474519146,0.4875671885140396,0.5046319193046839,0.543671616279655,0.46536848130063724,0.4638815073640402,0.4254260557987463,0.4936865730666459,0.513364988344367,0.46020941668783283,0.47949581811354874,0.49621893180639753,0.4637445747367995,0.5059378908401797,0.5996621163171655,0.482919394515767,0.49557092823921095,0.5293340132418684,0.6273466811981027,0.4943816627718542,0.5978807500641182,0.49221216114053473,0.4844472107529865,0.5214786555335966,0.4928224679000796,0.49252653813279657,0.5054835422410496,0.5272601244270233,0.5133423774924682,0.529340990057478,0.4663319500066424,0.5014082981799063,0.5968160148076148,0.5716416913563904,0.5605414938617025,0.5148537724801459,0.5367420362159385,0.5468310190760529,0.5266330725934869,0.5530820407466428,0.5425659302196745,0.5284987625723625,0.6120423221566822,0.5176197861465137,0.6626583092088378,0.5277332692957674,0.5922962129074589,0.49191236521761644,0.508333642082085,0.5210543212645222,0.48007368450263593,0.5005207769342698,0.49048250005378224,0.5379191471609982,0.5811736195143951,0.5919438109940393,0.5547918314129874,0.5596641171769162,0.4944152565309003,0.5339805792946088,0.5429095254134845,0.5020266267986819,0.5035234743813043,0.5124390353971267,0.5404046867509609,0.48246126038322845,0.5425427560047523,0.633147632438279,0.5432975229655969,0.5062134989338397,0.5959142143609022,0.5598228684361931,0.47631413574067916,0.5688605733933828,0.5843037852138209,0.564519932847936,0.5157061556898778,0.6097288844418733,0.48454032902000704,0.5536161917278557,0.5450905088918457,0.6177836808085573,0.5848934867633797,0.530556033928728,0.5030584366632247,0.537461210115824,0.4618301215618745,0.6468853001529156,0.5511356932200081,0.5886491987739098,0.4884085638217492,0.5198239345526129,0.4573070516724397,0.507945861162435,0.6007357663178724,0.5627868517324874,0.5912349521236913,0.5421773447158016,0.5161586169192547,0.5294203442968503,0.46924157866716476,0.5270155752522729,0.640272431238405,0.5519219760739846,0.5853894898081725,0.5230613254250615,0.5172643767729874,0.5140268310414929,0.49622481406011065,0.0,0.5170468346399645,0.5742943148582114,0.5160235228451916,0.5123765453800231,0.5876573143966631,0.5275327488936327,0.5697480896534619,0.46910553941255,0.45826889255636394,0.4480384981583124,0.4905550123747281,0.4490397501485284,0.5250633988362368,0.4507463894863401,0.6612608552106466,0.6181748152540757,0.6276902477909315,0.5463698505147593,0.525781678763226,0.5067595431874633,0.5010707455893175,0.5167599945073662,0.5060803139696199,0.5025730022640593,0.518793501585726,0.5053711776055403,0.47480172498314127,0.5046397440912712,0.47886431828766807,0.41812356269358436,0.5001604005565233,0.45733151683552886,0.6000630722667526,0.47779394729473773,0.5533610658962927,0.5511113855427995,0.4865404807570136
0.49870834232755734,0.5784275482112647,0.5109629852336218,0.5098774689469414,0.4857484508479523,0.510137453448484,0.5256691454380563,0.5915962968914412,0.49761434610839,0.5169261049918396,0.49171646400041275,0.57700363979587,0.5443050103914272,0.5193827657702452,0.5084562769498104,0.5531422501475227,0.4971598749830565,0.46442634561226653,0.4731565104490997,0.5044202599296399,0.5189828323024459,0.49689887757519025,0.4969564989232585,0.5127461382389215,0.5149583500902489,0.5685887017585272,0.5010144825544917,0.4596435018596229,0.5220251903662237,0.4700679964393724,0.593317620065074,0.5379274707976599,0.5423982875914394,0.5369009409112632,0.5235486437667183,0.5769520852721217,0.5762046797324764,0.5386267842568196,0.5842481610239975,0.5299077480507347,0.5338897723150013,0.46228778569383605,0.490656512286345,0.5250904327980928,0.6581612209414689,0.5344894515779586,0.518594763218916,0.5107077831391397,0.527226389869388,0.522525377440856,0.5347421592118335,0.5124215929184095,0.43596097638871906,0.556093383154771,0.5717877973124276,0.5342315024061765,0.5110874779005296,0.5271422815338259,0.47945253514791064,0.5864035230013999,0.5319576603556839,0.4970481061155908,0.46359610206784796,0.4982611566387794,0.4423956034965125,0.462857764932612,0.5714237219239156,0.5119408633759459,0.44813916997303765,0.5011909722709048,0.5433336403463971,0.5314316986587901,0.4686409573548598,0.5468613054992255,0.4834993874546269,0.47418296629038476,0.5611150420567736,0.615241027274877,0.5118223147006558,0.466983912966009,0.4513243911738443,0.5182909598327426,0.5523143340033961,0.5093309545989959,0.49999660871608514,0.5860617704025467,0.5109991559683407,0.5163484822990456,0.5456120850493847,0.6093856880777346,0.5113377508999727,0.5615944607995083,0.5321669830128015,0.4807937227952479,0.5007232687360046,0.5753008989765402,0.4919608036385647,0.5272087615560115,0.48275416794519105,0.5846009908448723,0.5640739241495908,0.517226049970992,0.48177476020617954,0.48030471465943847,0.5148572443841417,0.5739047366579625,0.5166924877976329,0.48654579715313423,0.5437378638027358,0.5186199819307633,0.5209736364169659,0.5142855780046351,0.500096852975694,0.5035480360378265,0.5109547232658602,0.539264383138814,0.4656119464655319,0.4865986350939928,0.4691434128547624,0.5189279961730112,0.5443093240248313,0.5415654091674547,0.48074551608315824,0.5620680058592983,0.46137823151559,0.5912837260057928,0.5170468346399645,0.0,0.5463315879742883,0.5376821686699542,0.4842153804883015,0.49688102329524153,0.5358511589422553,0.5242313053416549,0.5119229832665061,0.43838944273172353,0.5193635921692467,0.5608437321593025,0.5069617093136592,0.5446709903418389,0.45721256455772524,0.5363860329889768,0.5603105296437325,0.4966353924972465,0.5707299615422812,0.5294283876114116,0.5746883977651774,0.5029437544739331,0.5219314747399699,0.42132720810221724,0.524158438670446,0.45734060144719046,0.48661292417091945,0.5600751365060399,0.5265000103423358,0.543727045230033,0.47409472714874745,0.5675322448828413,0.48171428148177614,0.5085833191685671,0.4425973154003653,0.49105350378994256,0.47983400500602336,0.4949345623405815
0.5442737684043735,0.5908635741503953,0.5498258290599874,0.5594059596128712,0.48383554304647686,0.5624085606473753,0.5046411343024652,0.5652077363326754,0.47443820014494015,0.5628217341142601,0.5327488464533618,0.5600704216221715,0.5761299006592393,0.5732656075735482,0.4765452695202023,0.6182658911586224,0.616708598504089,0.5136260193402821,0.5441758884239372,0.5761103070627466,0.6021476662253952,0.49444264580708885,0.5242936135108028,0.5055995707614533,0.576205957222708,0.6063813589670258,0.48193954089770863,0.5454533038913983,0.6038610221090763,0.4562768510230239,0.5466851978503098,0.6010781670214698,0.5484956844457298,0.5985824503902085,0.6029046581661969,0.6565143828522882,0.5629030129527725,0.6326181220713843,0.5280310025597986,0.5577899892042993,0.6149752007764672,0.48599131985840927,0.5358073888596964,0.5926686039766783,0.6366927650310626,0.5609878896774484,0.5412456691303082,0.5580235359696586,0.5681125309435566,0.584319228586642,0.5796097111914345,0.6567415117935784,0.4879784301415392,0.612616916630668,0.6216906323052516,0.5281859741481816,0.5859743916464163,0.5638071434806635,0.5505442380396282,0.6143491438620367,0.5636515759413906,0.5220999816955431,0.5540615415251193,0.5913696325787053,0.4823007096346214,0.5272449177756712,0.5534711666504677,0.49690875567861925,0.5127893969819145,0.521854422334151,0.5475010453971827,0.6121820014180614,0.5704181393909885,0.5930862254043454,0.5688461510014479,0.5217644158242264,0.5369500350163268,0.5862254215919265,0.5929902882625008,0.5284411060833103,0.5385204947515674,0.522255378025251,0.5067222389619634,0.6400568740319543,0.6209117353983036,0.6301214903664183,0.5299325914719543,0.5513176629229912,0.5918689524600143,0.4960109558131315,0.5596056267328033,0.5615955901977083,0.5858710791679539,0.5463651958603356,0.570478641872244,0.5533487715010124,0.521231427172937,0.6427815662210138,0.5305629874892357,0.640015968671618,0.5724723699641919,0.5061838314521987,0.5567230886673847,0.5524182688831087,0.6100608493682083,0.618334855176973,0.6012877105520879,0.5811238621009847,0.5755256619364396,0.5380274672351822,0.5741817981121157,0.5925338471800599,0.5815661030481345,0.5481228525287614,0.6193273629753142,0.5742790190887085,0.5853309758597096,0.5094154274375386,0.6522020786553284,0.5804073154802691,0.5659312376177575,0.5612038948449337,0.6152334017393383,0.5652153437058163,0.5176964982722667,0.6141679173719223,0.5742943148582114,0.5463315879742883,0.0,0.5597268213788117,0.49799828687115666,0.5565922233146277,0.5512856911858517,0.5591154681657644,0.5384398749375655,0.4749307392764703,0.5313997256088927,0.573439173097487,0.5496451916083988,0.5429516920396132,0.5126981539648149,0.6025475523595986,0.5814166832115326,0.5506055798597618,0.624438572334446,0.5692880470015506,0.5161569400267171,0.5183169962266176,0.6278099715184419,0.4845304752137643,0.559215221733169,0.5381845550748007,0.5201090803686924,0.49970051391532466,0.5945453149553832,0.5196250867357264,0.4701613512305634,0.5659917220667353,0.5244249662641389,0.5740245225745765,0.5169458180995958,0.5914938027399695,0.5201415763989776,0.5253596830229504
0.5720919356795546,0.5989688389244995,0.5587370236673844,0.5519155865023381,0.515308032245529,0.4954195715929081,0.5422097950862893,0.5564140867310136,0.49530401989509826,0.553542765865288,0.5161495299586631,0.4937984072792772,0.5833699623784352,0.5761924852158988,0.6224323572439595,0.5494107635798376,0.5480953950247806,0.6086648366569907,0.5089346941875785,0.5715386565264226,0.5828838868158094,0.5645934094131547,0.5026789434128259,0.5591543482565121,0.5351685372096158,0.5740278666847566,0.4861697062114201,0.4898144984272992,0.5658871973196435,0.44503223691138843,0.5687351495952401,0.542696737932222,0.6121150855432723,0.47228394043400684,0.5811941560910129,0.575912535379225,0.5720599011715648,0.6114901110006115,0.5598408826784059,0.6308702922901658,0.6750734432956705,0.460789831532954,0.5952898686421253,0.5773705493345274,0.614547598173835,0.6446106700814335,0.5533053664681976,0.5485736097095839,0.5821495932337772,0.6417520562424592,0.6310775273373425,0.5886741255543289,0.5624043060344343,0.633034820825927,0.5906411811873564,0.49183096041185465,0.6169879427845366,0.49816317440614105,0.6527491457284367,0.6227731184223215,0.5744100348561584,0.5024324666117519,0.5678428386003016,0.5257691842861469,0.5874509368538917,0.5835538843931983,0.587265474162648,0.5921131984367292,0.5430870249350923,0.541480476799117,0.6577303731045353,0.6682667719831872,0.5066166943600102,0.6293491889283475,0.5370584679403173,0.5493666657398929,0.5479165922984998,0.5703931554107479,0.6061075343375744,0.4895183666843878,0.5444901011107169,0.581356415222366,0.5572553299060552,0.5772127055076233,0.547105337578588,0.6187921768584247,0.49561611946862755,0.6176124780549889,0.5717157580106134,0.499212490487584,0.5533935273618743,0.5318796432750332,0.6228277482314267,0.5763264301626496,0.6088989422849425,0.5478874320670859,0.5580483330485304,0.5042573370846267,0.4775478669037817,0.6064447946477312,0.5809863420157777,0.5220543533507838,0.5185331937744462,0.527411553160252,0.5898097360052958,0.6020821276970448,0.5830206349250674,0.49735957678404935,0.7095924257362305,0.5221992353594559,0.5196663039781094,0.5563432470644193,0.5357784652796145,0.5054131866864312,0.635197591684833,0.544832211645283,0.5333367859888866,0.5362884291744738,0.5180493260028742,0.49442390749581133,0.6264489656102888,0.5502947382863367,0.49881131094103787,0.6189870086758129,0.5232670615698273,0.6160535735285495,0.5160235228451916,0.5376821686699542,0.5597268213788117,0.0,0.4621863108258505,0.5356290225705281,0.5373384170052297,0.5250148792402475,0.5739944912336661,0.5981155189915585,0.5355342388285363,0.692972418811773,0.5888641691826665,0.5972589153141123,0.594851254013465,0.5187017707206902,0.6071809366675724,0.5362091242389276,0.5925605406354252,0.5149266007559651,0.5525981032386454,0.5984339820289217,0.5604844101132685,0.39177729215963025,0.5606609512599028,0.573693804778094,0.5354379821555977,0.5573480054497281,0.5449741710395567,0.5917955883148974,0.5071883316077627,0.5428688934583152,0.5758876578551066,0.5311301379320974,0.5985756876969356,0.5483592143219969,0.5263464240403772,0.5418349446131819
0.5568147659365194,0.5697802835879925,0.5502284244553566,0.457033599553891,0.48376720347055396,0.5779841958969894,0.4566384723120479,0.5672414003004389,0.6427007525243446,0.5586139557074568,0.4903654280539935,0.5229569729375461,0.5401227795491532,0.503490544590796,0.43579638733828846,0.5738414400647245,0.5606611556688089,0.514557615082403,0.5008507554403688,0.5350015367552698,0.5154132263593895,0.5185771990636827,0.4817470231395456,0.4397672081489014,0.5475954034899626,0.4448299214227851,0.4925897513443241,0.5189614273150692,0.48269141705490454,0.6179107077215763,0.5046740310069068,0.5551719026284462,0.44812563576598474,0.458312651484693,0.5108978950580352,0.47889602012553245,0.5077774552759461,0.5484679802031968,0.4448144584000204,0.46049330489697143,0.46250534384266895,0.6192102242534798,0.4601637704111431,0.4571492436725885,0.5025871778586022,0.4809088457330034,0.5307681957636403,0.44561264506917475,0.49243798861925336,0.5001623405407797,0.4850433352905807,0.5145894091363628,0.46246997995295264,0.4707483342436928,0.457157222811357,0.618929393286641,0.5144508874539908,0.5810090359515994,0.47348352516775294,0.5060282468431893,0.48511295541256055,0.46309893101882466,0.4849655515969047,0.47851928368363245,0.4441820650245265,0.4502866310999358,0.46763020187444027,0.49333253251662434,0.5115426596412591,0.5484396294516426,0.5027933239963943,0.4799238140140315,0.5127777347287111,0.5119862667372481,0.5941514902478867,0.46794978485445077,0.463316020640835,0.5044088316361421,0.45731236075520615,0.45764238880863667,0.4876510442781871,0.5109000129847991,0.5714234829560405,0.5117854214948784,0.5069661297455849,0.5907186702704427,0.5020645605555989,0.49140887956808876,0.5428526314795156,0.5166105067556276,0.5380908283337545,0.5128292708611751,0.4941853487797193,0.46622656164424753,0.5069491006208954,0.5141198240096725,0.45506255342876234,0.5348883810563622,0.46711286060136736,0.5058666862810225,0.4472551959950985,0.4474757395478563,0.4432858143583976,0.4818275920424735,0.5176187127159088,0.5271205705648653,0.4773536711592121,0.584957010823962,0.46873055025430377,0.4884341833640395,0.4644940844925199,0.4839036646962691,0.5060397701128826,0.5623800390114365,0.47054433030737514,0.5945597653971534,0.5228306337046834,0.47717585661037915,0.47919716922566274,0.5625194106955411,0.487675880427213,0.4892503812225715,0.5001940374162479,0.5012974179387937,0.47917782573986095,0.4774531607735859,0.5123765453800231,0.4842153804883015,0.49799828687115666,0.4621863108258505,0.0,0.5648353190999973,0.48731414867145134,0.5200823118267819,0.4529375523057262,0.4230477339870277,0.5106775959875466,0.4474377920495197,0.45318869896208014,0.4980699534264663,0.43162132093325195,0.5431339901876162,0.5520990134452028,0.49991110023033275,0.4873570044406785,0.502650626664669,0.5521114550333953,0.4792554022188959,0.5754084134699075,0.45161785105906305,0.4747393797725802,0.4900155124545281,0.5138502098913659,0.49313090103081636,0.5103170509782678,0.4873144630506259,0.4553358161313768,0.5338022591594715,0.4273455218619335,0.487778692493754,0.4476117116658437,0.5349527088948631,0.4845084084597654,0.5140804453571953
0.5908590420883963,0.5514477120854537,0.6228568850998855,0.5180933724546604,0.525042486794207,0.6159869529685292,0.480480901398816,0.6049666701084081,0.566016405721645,0.5692069422922126,0.5538982655298555,0.5302933131006551,0.5821281008194341,0.5249128412343925,0.4738903637822979,0.6599049615073885,0.6376400172638625,0.5665991301287665,0.5725845622442611,0.5791657888954663,0.6707249565616529,0.5578019376098982,0.4803927741821268,0.4719286309170323,0.5875757145843497,0.5211351794563472,0.4628935080673637,0.5305099581497598,0.5077196542177075,0.5288793864310802,0.5327934926241498,0.642577733238967,0.48254051613460197,0.4777310495761703,0.5330437199637587,0.5393221506155013,0.5667115118739765,0.6483394176980918,0.518762406753926,0.4992245228358182,0.5250331017491404,0.586774508205306,0.5749124576472759,0.5410243973673022,0.5361974331047791,0.544411548381062,0.5317779903761327,0.5369498921849722,0.5404581324535955,0.6039748698029986,0.6152216472226711,0.6104595750902541,0.5224860651509078,0.571443413156347,0.5426979651388364,0.5541628259192979,0.639062389572195,0.639270646102277,0.561996723902416,0.548023667545197,0.5977535561028019,0.522896633522949,0.6369585452289556,0.5168789855054459,0.5457408997766909,0.571724290818656,0.5360407787811602,0.5688889697341147,0.5724306107572498,0.6300684599505266,0.6220325558910961,0.5419376150098482,0.6187077116676054,0.6331528505352764,0.6804098830342724,0.5124772157330171,0.5712719610320283,0.5498987708000898,0.5383130721824704,0.5438398622249806,0.6168614200736329,0.6084500011345644,0.5618813217566468,0.5892384509806705,0.6545847785249465,0.6051851288207487,0.606260785512014,0.5896913612067495,0.569681035368141,0.4932814644398025,0.6135396819365206,0.5317978741109745,0.5733094823460463,0.5488288046170132,0.6393104182769733,0.5286229552760753,0.5751698987869426,0.5457844777417273,0.49726235505522565,0.5453433108074217,0.49875798056455944,0.5767694675283906,0.5294801421705443,0.5124938088856635,0.6258139156422365,0.5893411268038117,0.6236773437007704,0.5630017168001714,0.5207379336437268,0.5243033005116792,0.5452476925672738,0.5897184864200354,0.6149911203962913,0.6431443034989165,0.5365323994058421,0.5562091858397367,0.5733598603018989,0.5416656655164817,0.579604210648877,0.5525926577099044,0.5660558567081329,0.5980756872958501,0.5520074468352334,0.5775755840802991,0.5428731975005414,0.5324391772180525,0.5876573143966631,0.49688102329524153,0.5565922233146277,0.5356290225705281,0.5648353190999973,0.0,0.5633124142911358,0.5760923068168455,0.5462963477134927,0.5010800790727904,0.5007538632602228,0.4828928821926251,0.4841718991195863,0.5914580180419241,0.4893939216679581,0.6063797528447351,0.6139431232629411,0.6213584702654834,0.5867963357423447,0.5237203688376233,0.5701366865985794,0.5515655154383668,0.6071138764084116,0.44688596930276353,0.5623018884930778,0.5649990697519964,0.5719332459356147,0.4871850449265054,0.5825413171451553,0.565142813365566,0.4807207300910642,0.5717662593771344,0.4615613039467803,0.5908903028796182,0.5190990127375041,0.5948736518103481,0.5944912791049157,0.5776034698280802
0.5591569895312212,0.5475700081045004,0.5071952010002351,0.5272610016547116,0.46234008718697134,0.5482056408021474,0.48311635881955367,0.5602706142703726,0.5058194058858023,0.5130184713362724,0.5787813062185593,0.5017320882804531,0.6114313687426518,0.5840008464674755,0.4674596662175985,0.601702823268246,0.5548694539081301,0.5096046228200317,0.5038557280069901,0.5625785528955314,0.5416420682493696,0.5098065961323138,0.47680441953987285,0.48499708884595644,0.5414674750914054,0.5466506660278521,0.4901036517637396,0.5346232056446857,0.544107773738604,0.46074030127816373,0.5357842360082482,0.5841316435489732,0.4981205795720754,0.5078830081322151,0.5652627825595021,0.5356046884040493,0.6197534299245032,0.609904636593696,0.5406886510943237,0.5233389654882192,0.5026117847035608,0.4847053318247396,0.5002792674851353,0.5433992593761486,0.5693969871198206,0.5121221101443425,0.4527431437189235,0.5690307796775621,0.5483045549618089,0.531744448985568,0.5521236247910758,0.5278624212625104,0.47004689161123436,0.5626269897927467,0.5891057532535117,0.5123332561623456,0.5728974040221937,0.5284234883419211,0.5228148391371044,0.5596823278820238,0.6567769709170169,0.494243949420346,0.5167418223981398,0.5110349814340265,0.47555427342829076,0.5194883428628583,0.6182416138213517,0.5183281055857509,0.49335746640379485,0.5626674152168454,0.5628531694448724,0.5799050682105097,0.5850009805823939,0.5823717266852309,0.5641978630046088,0.5207930867101082,0.5990330053569091,0.5465126965232877,0.5159954747955932,0.5704526124037674,0.5117596058460947,0.5230924904213551,0.5144479645775071,0.6121420641282593,0.5654664820366115,0.5690423630314664,0.6176924667251242,0.545020391749878,0.5549634974931035,0.522044090182744,0.5266341497460648,0.5034572627322107,0.5452560134856315,0.558367646051682,0.578296553022407,0.5251646075781471,0.5275351293631318,0.4984409398035214,0.4986562104431383,0.5666148634179982,0.6272794057154819,0.5355881341788333,0.48372954205835944,0.4529039649429588,0.5663190303283205,0.5318787343129673,0.5367634124275836,0.5115124852609165,0.5019939074195783,0.5246871810030533,0.5360478282154677,0.5441414034384678,0.6262418091287612,0.5923599881190832,0.543028666287886,0.5388705732566704,0.5135352768133686,0.5073250049379925,0.5226596556906776,0.5579580455654768,0.5607904639604585,0.5520858647846425,0.5565377649731715,0.5608558964943041,0.5612553596832389,0.5588475233743906,0.5275327488936327,0.5358511589422553,0.5512856911858517,0.5373384170052297,0.48731414867145134,0.5633124142911358,0.0,0.5926825557012333,0.5595851405792905,0.4784798651540433,0.4945590470254132,0.5179801530201052,0.5004472518261623,0.5350115952756467,0.4977587760618041,0.5977761135748413,0.5609767614759199,0.532558348703696,0.6142821439571068,0.4882189108654218,0.5047900684169455,0.5011885743550845,0.5255707556361203,0.44110141861586677,0.5884982178548434,0.510429048087917,0.5220721287392464,0.4521157788147962,0.5150194215004668,0.5766329731116606,0.550218340110515,0.5355874274542552,0.535995813788007,0.6198065129487744,0.47157365899264747,0.5885304241242881,0.5081326781502079,0.5659959274966795
0.5604652623412901,0.5671309334526938,0.5104755704382465,0.5428294627733838,0.5427118209509496,0.5496064354536326,0.5089854043469592,0.5351880028210251,0.5824523723989817,0.5034736456421722,0.5623027102951887,0.5484020540301228,0.5182132563394709,0.5779837375687807,0.4826592566923299,0.5565901900584931,0.5379721819719767,0.4996724398975731,0.5253240150451993,0.5493767699883866,0.5761960339979412,0.5367250241760274,0.47896135547308816,0.47705298707890353,0.5467851091146188,0.5313106512405188,0.4720194606899085,0.4857031302274673,0.5402053596520453,0.4858075440331788,0.5840187590711156,0.55177769216475,0.512412338441172,0.4928765402796875,0.6459020529078747,0.6142828970920228,0.5658272017355187,0.6509244436710024,0.5809586046414005,0.49582869166752036,0.5429319252387284,0.5423629296306346,0.5008217190782523,0.6098046380236462,0.5342126904590595,0.4793313021476523,0.48163461502340854,0.5568709114892201,0.5418991743136548,0.5700617093346191,0.564806822369882,0.5560549726835385,0.4765376202519923,0.5882360292352815,0.5855675462162007,0.5527730021480068,0.5662939021331188,0.584404323635576,0.5199711891558922,0.5439508946005478,0.538943788823511,0.5070696642373607,0.5152272191170024,0.5797191666765423,0.4986383590659247,0.4802771908955914,0.5606124254839149,0.5091283257782903,0.4910369339541117,0.5429302129682934,0.5812033308764165,0.5920466254424532,0.6207920096491686,0.5482725623572442,0.5465394450729717,0.481708480718791,0.5307023932391685,0.5753429942216709,0.49255224302535033,0.5225851290945703,0.5068199191686035,0.6094253657755807,0.5268834084744412,0.5407681198735641,0.6102228370845565,0.5875069848279785,0.5816483428265822,0.5561307391481607,0.5073585416734998,0.5374231041293069,0.6033218683046699,0.6091767644115507,0.5722470169707774,0.5128763624031746,0.647538890150861,0.5712601887173715,0.5349996020672341,0.5541679530674171,0.6159598230990585,0.5261411438451421,0.6035832035852667,0.4959049407832656,0.5388740779298077,0.4969425716569745,0.6057637372319215,0.5053948649169104,0.5062620154696632,0.5152412051942905,0.48693321733702716,0.5131341783687681,0.5682255822334363,0.6428589316743204,0.5896271729278351,0.6167662644739972,0.5129442997721311,0.5250917850205307,0.5077209804670954,0.5088537819300891,0.5400960791569293,0.6413956574759065,0.6339421641611277,0.5771004857920405,0.5705078183205605,0.5490954542930911,0.6673855876887854,0.5316444567653204,0.5697480896534619,0.5242313053416549,0.5591154681657644,0.5250148792402475,0.5200823118267819,0.5760923068168455,0.5926825557012333,0.0,0.5661552107507671,0.4929523229727193,0.47855510530358636,0.5357405995315164,0.47972293710937597,0.5632926130820212,0.4875041597452115,0.6491921255648792,0.623084521763046,0.6594365072311268,0.6497156334376151,0.5374762482347055,0.6018805362274147,0.47287573787132814,0.54492404112825,0.4694747534894821,0.6058165663565424,0.528858444413877,0.5545301229116386,0.459360877639277,0.5477248837158661,0.5477577272588824,0.4679260137918691,0.5255203122969077,0.5349091114997835,0.5634066451754992,0.4510823675959719,0.6480349602405124,0.5592628379141176,0.6231289353224793
0.5828796392680785,0.5516256998396428,0.539539963164522,0.528866721856732,0.515683019824449,0.5150362940604898,0.5305088756573065,0.5456123346496738,0.5135165970971163,0.5322400203223608,0.575157035312533,0.5542244438292615,0.5461126311424107,0.4893309818614311,0.5585888673097755,0.5481836713032799,0.5163254126068615,0.5305854412795914,0.5562506698671422,0.6029795866994763,0.6348411306831268,0.5703699256729622,0.4908907809190535,0.5903755413766694,0.6116142296363235,0.5655471091646204,0.440158014398174,0.4795256851535615,0.5167273092467275,0.445789300064137,0.6072785981452602,0.5380858811028253,0.5061452927595351,0.5038870521026491,0.5856826160436854,0.5275972466899909,0.6565840482782147,0.567292274840038,0.6272197647091449,0.5298165620201603,0.5390670481985282,0.5010884010960899,0.5931437827172741,0.6572316632253908,0.5841416142437355,0.528409797095386,0.477657286786732,0.715820705919517,0.5968588804131343,0.5524688548475013,0.58655258436728,0.5480736926180232,0.4557853193177328,0.6227005034115076,0.5868630252750294,0.5062014246789202,0.5927399697088743,0.519205018653946,0.5740904300677412,0.5052047016061973,0.5860025532581874,0.4373338369843746,0.5265447126448118,0.49834873878781516,0.5492822798216939,0.5455530242777465,0.6113833107040337,0.5876775532166749,0.4893290562192436,0.5675247743956016,0.6425905238132716,0.5566414887991342,0.5424746570256994,0.5890288922582781,0.501850755795136,0.506055816693565,0.5632110342299962,0.5453924138496022,0.5416557805161595,0.510915865961438,0.5260508710223613,0.6097811505163372,0.5393706120947118,0.5212726874078005,0.5607131236931615,0.5763436448048913,0.6050621791524664,0.5502444883365004,0.5028026806357796,0.5274614331793553,0.5276060251846715,0.5280352906721648,0.540026470681117,0.5422851408878896,0.577910243124242,0.5877366778672902,0.5360296549498722,0.5297462137974653,0.46399407866761483,0.5214731121411115,0.5666887313831889,0.5676652037993999,0.5376934095900191,0.5379295276159191,0.5345127102244123,0.5305766640087679,0.5341096179577582,0.5174729650976351,0.5182205640937625,0.6248994748490346,0.6170995708257937,0.5739575951085588,0.5753146058999631,0.5120757261453845,0.506611593592396,0.4915942677711993,0.5071936160677687,0.5914897440982091,0.5451462010606392,0.4676368509190863,0.5853382689381846,0.51836672473705,0.5610029493391705,0.5956280302657764,0.5826167453893656,0.5818385162936818,0.46910553941255,0.5119229832665061,0.5384398749375655,0.5739944912336661,0.4529375523057262,0.5462963477134927,0.5595851405792905,0.5661552107507671,0.0,0.5486524001625335,0.5329121874174997,0.5603812816316213,0.5507892116922838,0.5989793034069194,0.523938221989127,0.5191071200656249,0.5644434037943366,0.5432728827020955,0.6887263458052144,0.5442460419975559,0.5766553838293155,0.4970398820130563,0.5926048545724792,0.38307125254024066,0.6930686208867269,0.510791168516957,0.5388637446899311,0.485501990751434,0.59369856901719,0.6976989302600031,0.5365904474596068,0.552124558812732,0.5322588964658073,0.5183283276876757,0.4862524761157251,0.5747331071231943,0.538966302464318,0.6192038675142163
0.5484452702160411,0.5098921286518974,0.47027993392539896,0.45013232232728484,0.46392518048860604,0.47674926316889965,0.46233027934489496,0.4612460219936602,0.470490541463518,0.4717293655475499,0.45652050621729706,0.4385735502894545,0.48930294138849434,0.48554440682604166,0.5360206541712293,0.47077239708308627,0.4737038753045011,0.5336141763815202,0.4965847329605683,0.543082120087529,0.5251707669302204,0.49394248506628646,0.4172224477630577,0.48002073251084887,0.4859491424544883,0.45664713322594974,0.3872136869915421,0.42760866830855027,0.48272473207520067,0.41315468966765906,0.5296103450468684,0.5041970366903408,0.48725397629049083,0.4154123679973316,0.5359862663620955,0.4848085082504079,0.5020820832144095,0.5208145642916158,0.5046883783594827,0.47492039447664464,0.5349151956093291,0.42885766318628366,0.5591017322790762,0.5557823119439174,0.48029970549714224,0.5310187150675334,0.5035685261838457,0.5259416389681622,0.4979616319932378,0.5701410775176861,0.5549412978176202,0.5289542272494996,0.5785592909117399,0.5328523080523777,0.5034122095058833,0.4555479324721691,0.5730502591801991,0.44103751105183614,0.5648251068025497,0.5054191325650225,0.5047123707788568,0.47340137538794486,0.5501462312718601,0.46521433373059656,0.6822044394595493,0.5900043487533223,0.4831866451881779,0.5465319994180663,0.46631616979274587,0.4747818949240902,0.61279517292922,0.5814531457772733,0.472421687165896,0.5076619089276889,0.4855076403857946,0.5724268209284279,0.4595812797632293,0.4660948093058504,0.5213722496711201,0.5041575539763687,0.5680563021270981,0.5439111454877436,0.4991311269935792,0.5028538258874249,0.502458949429429,0.5061601792619987,0.46631252181456595,0.5529201736473387,0.4951235969704989,0.43724015633115004,0.4760378175504346,0.4886222859241213,0.5462056842495081,0.6006824009775069,0.5406890822227776,0.4900179142364361,0.5747902320986609,0.4534969659152759,0.45542567843834564,0.4876910789736228,0.5263964538802413,0.46547455346859073,0.46608644365381335,0.4732313666128243,0.5421293779076647,0.49193721242223837,0.5115768529172551,0.43223677618004896,0.5344703910583342,0.48285431564362097,0.4766667528100176,0.4962189624456288,0.5053047641042876,0.4425437621390754,0.5416040286239482,0.4489509143933266,0.5266679888799556,0.5025878316494481,0.467436614104479,0.43141767369373923,0.5480403787466702,0.4668734582123382,0.4813441393402041,0.5506144653143051,0.5708003985080902,0.5184398524059916,0.45826889255636394,0.43838944273172353,0.4749307392764703,0.5981155189915585,0.4230477339870277,0.5010800790727904,0.4784798651540433,0.4929523229727193,0.5486524001625335,0.0,0.5060695036222032,0.5229858705426554,0.45361281166913336,0.533574830526859,0.5501852467899793,0.48266873895134577,0.5244170925494444,0.492143543549601,0.5239328207138407,0.45218776137525846,0.5027967454831379,0.5234383882980411,0.5027530671811491,0.3641174287154015,0.5322714317071036,0.5908537399140681,0.4694494254023765,0.43926449070428936,0.47867448858017037,0.5302970823911697,0.45535682522281296,0.46460054077898705,0.49767150020752393,0.4851757285755833,0.5425158051609099,0.5596147372536132,0.4885795307207922,0.49958996365222624
0.6125023911275624,0.5896029009688699,0.5151832878888571,0.45682984972298935,0.4678451368173835,0.5385455301510512,0.4881835027358531,0.5510335685610828,0.5133854192211188,0.5415838666826301,0.4846939483733718,0.544712422110628,0.5750052619935243,0.4711228519621453,0.5206190007903468,0.5562710818562985,0.5309993560946515,0.5396906243150826,0.5451235507172024,0.6415009347418138,0.5460461187169302,0.5012081372993136,0.5018173249824796,0.5615920716091904,0.58719714066118,0.49516137024819007,0.44091372805514484,0.5043032863542496,0.49947680311989745,0.49784034131604127,0.5849613827497723,0.55292903808449,0.4894339696017221,0.523692322738899,0.5513526097490226,0.4797881246228162,0.5810508422454381,0.5261603996140763,0.4960182413174441,0.5127717040121301,0.5211255638784104,0.47819266565450597,0.5485758915077098,0.5307533868506613,0.5942682439196293,0.5972687100046157,0.5874751809826626,0.5286058470372632,0.5517166742128172,0.5251774742713035,0.5219443278397186,0.568516798011679,0.475461762421582,0.5087774172771504,0.4925618354633344,0.5441252387790274,0.5751062474299574,0.49753414180168715,0.505102564873205,0.534971859609087,0.5104746834085053,0.44367945306875606,0.5126108878219089,0.45883776405960836,0.49834191852115395,0.5307085017670625,0.4944900015916154,0.5444350678415147,0.4678319231695471,0.5162816384353714,0.5612402860496798,0.5303036804315735,0.4608908320471118,0.52897460777931,0.5123756048665171,0.5780500019953753,0.4724445776145477,0.5112388820570855,0.5730359048872906,0.5014683730012894,0.5189305642040019,0.50835767224508,0.5902634800094558,0.5358056445686189,0.49719174501287905,0.6222916076624003,0.4954587028284117,0.5030872009483017,0.5886831373122389,0.5236063731599623,0.4851821088484247,0.503217360868932,0.5169931881256473,0.5651600982520519,0.4784976697995104,0.5503869829973491,0.47973454136782023,0.5443363319868096,0.4307007842628397,0.5493546908944095,0.49734287879289174,0.4698623929116393,0.45572427854920955,0.5273601277197625,0.509855192541966,0.6119229134989255,0.513980944936682,0.5494397794517349,0.5569082652717272,0.5860655195635868,0.5046911636305229,0.47934191152997313,0.5002461466239106,0.4577713456355798,0.5497719744450245,0.5621268404798896,0.5809455939564907,0.5249563565341133,0.4826855549555523,0.45269220961862827,0.517499994043361,0.4623872583543413,0.5422274342235973,0.5902709153429712,0.48761630994169375,0.5764855367172537,0.4480384981583124,0.5193635921692467,0.5313997256088927,0.5355342388285363,0.5106775959875466,0.5007538632602228,0.4945590470254132,0.47855510530358636,0.5329121874174997,0.5060695036222032,0.0,0.5323633953304718,0.5170975825104467,0.541776609603648,0.4876006733026605,0.48693837026943726,0.5253189164212139,0.4448615523710386,0.5312647610541201,0.5247734938735044,0.5460244271392136,0.5230341281550877,0.6238470839899368,0.3881411228960197,0.5451817466211941,0.5122763019240755,0.4840500149706589,0.5086803324574922,0.5483067090378673,0.5577639729425095,0.5186539923666212,0.5680013059272983,0.469174533102182,0.48360894144867667,0.49623066060842463,0.5544086655224949,0.4624035989697896,0.5180024444408858
0.5500536331644724,0.5965841753537469,0.5207629221841092,0.5758529613575446,0.5374264184337986,0.4718912300953557,0.587532620221506,0.5242497913238623,0.48008633862105354,0.525055343979167,0.5297292238054758,0.5238714582113388,0.5481940003814327,0.5664476052910424,0.6160927126100673,0.5326120659808364,0.5297573769194158,0.5524191440830507,0.4998538526222385,0.5508141936538753,0.5561271492462698,0.5443753500289019,0.5461127716733262,0.6025256568538752,0.531049403248715,0.6081172589224133,0.5097127817998992,0.49096908360592884,0.5852785982123281,0.44179595635519325,0.5724564627632377,0.5104219530706393,0.6349635730454966,0.5088351177453002,0.6238246459507566,0.596790409841104,0.5702281841664125,0.5821033418122555,0.5749197863761318,0.6653557813496503,0.6813093226099812,0.45438060284914183,0.5439890957960491,0.6033646490227427,0.6303216962700215,0.575419015663445,0.5264686337366704,0.5550909096339981,0.6104759315314026,0.5880349351809766,0.58647009891409,0.5690060018912836,0.4905569512195934,0.6271721978451603,0.6088000292722181,0.48255078763585013,0.5696418750702443,0.49696499418773765,0.5857950550922358,0.6032404771315861,0.5210001941835956,0.4644803656471352,0.5051715844457619,0.5375069889668876,0.5110410343980136,0.5012782784828054,0.5779181196196415,0.5315609296144017,0.5019315962422323,0.5065481334923112,0.5797636848854725,0.6429932780592735,0.49251549245579734,0.5851921345840275,0.4919270161831171,0.5043402790262643,0.5310256104561338,0.604654553640752,0.5623658624326493,0.4666327967127296,0.4787342451172216,0.5474191795497823,0.5327605594605552,0.5307549541892591,0.5248175882597139,0.6035945966541864,0.4756779317558063,0.5607531630127529,0.5303477366112007,0.5083615918192174,0.5555071551733228,0.542317524135599,0.604543325224078,0.5276377549426787,0.5658240209482098,0.5590680249505697,0.486795165484788,0.516121800460845,0.48547955323808434,0.5892982347228942,0.5954768271551047,0.4816000851174621,0.5207226910180324,0.5292357511870839,0.5454848405637222,0.5633711287130362,0.5185322797171383,0.5030384816864899,0.6442880785120735,0.5281586745719298,0.5440000020903392,0.5589658518192422,0.5062262974920801,0.4869305236498949,0.5903231344951195,0.5513859751929635,0.500436286490812,0.5270612253724976,0.5160825579639892,0.49931645381430034,0.6403802993359001,0.516940332768211,0.5054489830349264,0.5898502901815955,0.5102536837204458,0.6126834322208806,0.4905550123747281,0.5608437321593025,0.573439173097487,0.692972418811773,0.4474377920495197,0.4828928821926251,0.5179801530201052,0.5357405995315164,0.5603812816316213,0.5229858705426554,0.5323633953304718,0.0,0.6257797734498418,0.5629656607281264,0.5492019710419671,0.5064082492419317,0.5837556565314519,0.5109896466673245,0.5984030845781962,0.5425555148321645,0.5483320064138495,0.517342795710344,0.5437816761640745,0.3948667667684049,0.5630373975790584,0.5175772563588068,0.5341968872726992,0.5512502745070466,0.5432602790927551,0.5538001169560413,0.5058500549286035,0.5363991517915235,0.6300644250696291,0.5146496634434667,0.5094879739332918,0.5341850505107217,0.48820929499883736,0.5558087298739733
0.5356887669500727,0.5479237036001893,0.5668476141082569,0.5570643942263939,0.5143830903318664,0.4520690426784388,0.5363666185851237,0.5399907561797272,0.46519657337588155,0.549742630156949,0.5676760313764848,0.5184487882202443,0.5650001218733055,0.5062211355268431,0.5428399387426777,0.561778489883486,0.5619264997708089,0.575023253141508,0.4986208491194457,0.5572886684223334,0.5584705447393559,0.5621432698519834,0.6078857356934072,0.6161656981807341,0.5562389346837607,0.5916737238355252,0.5612175923260582,0.5500390237458814,0.5399990148725232,0.45004497123345616,0.5009201464200291,0.48997025931153626,0.5299765239567216,0.5067310774054041,0.5439562030150825,0.5132344984312505,0.5595968886518858,0.5567565045505453,0.5084107081776371,0.6737175277358839,0.5648028159156329,0.4737312839881471,0.5309459592610525,0.5167527938176378,0.6168427099518533,0.5478336464935369,0.4785072804737972,0.5301148531517916,0.6153724035066077,0.5288866398499663,0.530420350918976,0.5290714943539533,0.4397055838672289,0.5578962533503125,0.5392607478668597,0.4590390650676543,0.5454445176361428,0.5050752964803192,0.5685360203990432,0.5297200286672008,0.5143421327862561,0.40775066576445707,0.48666209909572644,0.49951253392001127,0.46426408960956345,0.4785633527572174,0.552633858582602,0.5064483244322902,0.5496159313101253,0.5414932801618608,0.5194673384390203,0.5338820107786647,0.48863765572735585,0.5968024132875791,0.5014427490635427,0.45438054942594175,0.5304852972452571,0.5528797966473203,0.539494607325128,0.4297189663102576,0.4543501646549141,0.5027787687271187,0.5075624483047241,0.5177985333066464,0.5049406358366241,0.5946716779556928,0.4768276545190149,0.507550136343261,0.5054539689332086,0.47979572018047456,0.5391212244974245,0.46591611693696944,0.5304651816687664,0.478558403654215,0.5233508661725926,0.5095019819312876,0.4374188535442207,0.49869701473589584,0.4237847826975286,0.5402573399068892,0.49183665584992653,0.4876306583743544,0.4900203335967916,0.5255578485920539,0.4934841153023612,0.5603700404007271,0.5047542056096611,0.5731942289384505,0.5691405248709857,0.5364701303732805,0.5213410500364913,0.5218514713700831,0.4832040392566858,0.4965874782459782,0.5233855244495021,0.5689787282672824,0.479664328171833,0.5437168200020362,0.5252024879405679,0.4654358200725044,0.5518461697858766,0.48356355638970044,0.49594202448720803,0.5309614276918522,0.4551856135963106,0.5489434173766167,0.4490397501485284,0.5069617093136592,0.5496451916083988,0.5888641691826665,0.45318869896208014,0.4841718991195863,0.5004472518261623,0.47972293710937597,0.5507892116922838,0.45361281166913336,0.5170975825104467,0.6257797734498418,0.0,0.5286343390647971,0.49397092818934923,0.466674340026911,0.5257064851097235,0.47742938840852533,0.5509977872961492,0.5306235072731427,0.5020600343305877,0.4861218087462149,0.5705623592543426,0.3837769303124899,0.5279316785212799,0.4675234274000633,0.5666459114737644,0.5571805386167608,0.5495004093944085,0.5440872526248561,0.5404991791510406,0.5338860667899401,0.5356951644070891,0.481412491321387,0.48824536363526055,0.4843718573969168,0.4685121145340801,0.5553655785771683
0.5830595894593111,0.5689006856181095,0.5477656470258413,0.5556786667183697,0.562486331163875,0.5252814913620214,0.5729659740265753,0.6080795241823043,0.5577376172063108,0.5704947570376848,0.532287407065346,0.6113034245862337,0.5338213740441928,0.4923165628123112,0.5922862766619578,0.5775278859904679,0.5554154241872995,0.5759935530688343,0.6480695603068825,0.5780620070813425,0.6801666759807938,0.5522301858602158,0.5483774045860189,0.5419970617743262,0.6188686096420682,0.5419425464620835,0.4748540663022433,0.5021868657445611,0.5117806770739549,0.5255684642643657,0.6682425634140662,0.5955369678626604,0.5390099940291542,0.5201903058706016,0.5591334375168244,0.5683739742219789,0.5887584553208499,0.610468069325371,0.665301605552725,0.5386142896601341,0.5985808293688777,0.5204527155974799,0.6708728014012617,0.6018145965570152,0.5890060033740956,0.6149698729708524,0.5461128500368172,0.5497831846688045,0.6302820823662871,0.6320759035542839,0.7031190898528071,0.5797878603458102,0.520711235664239,0.6285766593132933,0.608746566817866,0.5234002653988802,0.6793855759070888,0.5965240926127912,0.5982898228316218,0.5835250094038452,0.5579944788050422,0.49316347443741815,0.5699491742124091,0.5049558081758722,0.6029034487202513,0.5734502798008929,0.5551399226171954,0.5756745451638839,0.5161942978945918,0.6022110500463334,0.6486292620458192,0.582727889275777,0.5175582230013814,0.6322533094268318,0.5469595644129615,0.5474215569417975,0.5937455638078699,0.5966822759270238,0.5978332841227698,0.5071851273670358,0.5464108381891125,0.694293532701388,0.5961050439741452,0.5193862853174899,0.6239654934830181,0.607053898525195,0.5609102314873919,0.6578087853152415,0.5896349261912189,0.5215579014699488,0.6035608044696883,0.6058908609390448,0.6377150512208158,0.572648088176667,0.6157836775636718,0.5759112373041442,0.567766577562356,0.5511967629784135,0.4866216671769556,0.5623529785712409,0.5420667048432941,0.6314600294552767,0.5978252242424933,0.5929097909138478,0.6014934354734138,0.5908698409306583,0.6208207854404036,0.5280527773953442,0.588475711161115,0.5399556804727504,0.6112737829288108,0.6212985242422822,0.5311883726187709,0.5730521410464634,0.5487757265637894,0.5249452610919969,0.5655761975549545,0.6318968790120358,0.5155847562902953,0.4968249404470586,0.6073302238494883,0.6138406021182286,0.5068450783466787,0.6720542641729118,0.5309682147463552,0.6047269242246095,0.5250633988362368,0.5446709903418389,0.5429516920396132,0.5972589153141123,0.4980699534264663,0.5914580180419241,0.5350115952756467,0.5632926130820212,0.5989793034069194,0.533574830526859,0.541776609603648,0.5629656607281264,0.5286343390647971,0.0,0.5239669652775505,0.5350016275208056,0.6691509148250457,0.5942629058679926,0.627545660411015,0.5619851946502805,0.623949952576218,0.5876654254104842,0.6100156566187652,0.39859007238247673,0.6607771948088145,0.5937105945615261,0.58493094215618,0.5263306593621206,0.6553506943460916,0.6303366196070601,0.4917612729734788,0.5868953855119573,0.501152670179722,0.5717114759835603,0.517864749030849,0.585428817600883,0.6291057474451413,0.5867447518967901
0.5412879488395107,0.5568547779295012,0.5128508099879475,0.569911400847201,0.4542388979139032,0.5182249661290921,0.5118962105813687,0.5203006184501567,0.45991964577420746,0.5385792683316412,0.4941542141412738,0.46884961632288996,0.5393856875954955,0.4968111201970179,0.5844242925043517,0.48652637738091137,0.4910646477081612,0.5491201901279101,0.5113001991705002,0.4992804379816809,0.5280575066242178,0.5202029131215566,0.44949722666730246,0.508303326259968,0.5242683234186983,0.4943007887050365,0.4298531996812461,0.4687313313048794,0.5416936517855685,0.41399921437235565,0.5313411389859006,0.5030562880451803,0.6408068542386474,0.4337762990237069,0.5251725759432151,0.4904643915180345,0.538709603821233,0.5163979337815313,0.4976345044447874,0.5331597024107877,0.5901679593734039,0.4363166699328215,0.5315735758065117,0.5680651473065057,0.5191030215993682,0.5454192938549185,0.47976014707114034,0.5318339150490792,0.5171218063772323,0.5151154095347171,0.5718436912783742,0.5601938415038914,0.5319978880806878,0.6142557551740655,0.5427922911951695,0.4649459428325415,0.5390029732311282,0.47080138347228107,0.5613436376978058,0.5048589993434183,0.5815614678386049,0.4461880671032024,0.5634283383384268,0.43395172350131866,0.5390426449976359,0.547289749060738,0.5233325015165808,0.5608041604999681,0.4813174610523143,0.534700171886823,0.5787181768385725,0.5319494807212957,0.4724918366762845,0.5565644200718892,0.5085807192162193,0.5438365404893156,0.48839258149853243,0.4963660271001034,0.5375760789941433,0.4871530071717266,0.5648215374365124,0.5364760805168302,0.5244446848139337,0.5460394120829101,0.48887268670084977,0.5318095989220517,0.48991065192195055,0.5340460041583478,0.5307456077436263,0.4535767062314393,0.4946317957481645,0.49668261011977033,0.5392379393102481,0.5474321989865222,0.5376312480443899,0.5555495779955422,0.5199173301470735,0.47753749978472576,0.42036578884650866,0.544263899634049,0.5142200750809495,0.4825473070354337,0.4931256056035414,0.544867219206159,0.5241042993584535,0.5010448377432872,0.5129349965170249,0.46507909733195085,0.5660446576777083,0.4961056581503391,0.50437835381106,0.47317285732503295,0.5377941082026932,0.45649886149288604,0.5679209426531188,0.4922914580357877,0.528244429242521,0.4813403301614094,0.5217677945421746,0.4545651643941094,0.4908848815365405,0.5244622477402564,0.46156460758228235,0.5884351932818223,0.4941139561746652,0.6167901883078974,0.4507463894863401,0.45721256455772524,0.5126981539648149,0.594851254013465,0.43162132093325195,0.4893939216679581,0.4977587760618041,0.4875041597452115,0.523938221989127,0.5501852467899793,0.4876006733026605,0.5492019710419671,0.49397092818934923,0.5239669652775505,0.0,0.4586960759502022,0.534852864398192,0.47771403442318877,0.5195799246997665,0.45925297636474877,0.4933486280463026,0.5684295526470954,0.5117875290554623,0.3541471019227376,0.5381098736060088,0.6041424837286138,0.46431918637914316,0.46125464517965065,0.5300927768427963,0.5505490005329164,0.49395846463304327,0.5272492090040265,0.6098329440288549,0.5006446419053294,0.6027989839185085,0.5361837460640241,0.4778258163905329,0.5035515230688872
0.5499764172367805,0.5599782584900427,0.5189415154048741,0.49268727260197454,0.5030134729678966,0.5719975927689364,0.47828976895733394,0.5300604553521712,0.5374343625785589,0.5177768479983251,0.5339752054468964,0.5223254021247493,0.5470012744982441,0.6293738002664541,0.4442853876847555,0.6127776796034893,0.5817966108824424,0.494412426725408,0.5112045122998289,0.5631183733684334,0.5584181789046103,0.501201769353556,0.4717478830692254,0.4473466953981698,0.5327026516765444,0.515578409702405,0.47086663523588873,0.5040931165904051,0.5582499570954725,0.49447234831219355,0.5433079522469912,0.642866387292066,0.4770317588440283,0.5104341631536219,0.6065356042301477,0.6350596935842654,0.5468221149916531,0.6573326966435825,0.5299908897726255,0.48614778766773464,0.513474283094774,0.5235554280527075,0.49983705651127336,0.5520958346100291,0.5412876248804261,0.4935045322403701,0.5126025298350633,0.5314382718309568,0.5329788612055356,0.5964993370612175,0.5591363626215281,0.553592473111974,0.4953802931268593,0.5505031147400432,0.590637778430242,0.5521373776148217,0.572377716476099,0.5742305493950034,0.526370191707801,0.5948152007326326,0.5417520339530966,0.5879332425014131,0.5241712258037031,0.642492405969376,0.48726833927512947,0.49667006953691434,0.5366882350633836,0.4950882718707492,0.5107439768900911,0.5157145600529545,0.5538191031688368,0.6169926628775569,0.6366099880114171,0.5525308835476452,0.5848661149293948,0.5074853352352495,0.5420357894156925,0.5667333959298848,0.49222583121587193,0.5462007962082327,0.5167183674340803,0.5393496866074435,0.5081640174682155,0.5746651891848779,0.6226515009767055,0.569881005713339,0.5568388039730876,0.5783075263364774,0.5474562814996774,0.501647775475696,0.5776709877535336,0.5764425230872282,0.5945068302414721,0.5337097708622185,0.6084058329047237,0.5254194676754601,0.5448038801083077,0.5506644712797732,0.6570883505144498,0.5535297273242961,0.599381727913051,0.5002109745087667,0.5092233990784384,0.4672335544731163,0.6414046230730516,0.5364826480299849,0.5465029727309233,0.5170595915020451,0.498083268951507,0.49838029124844785,0.5351569139307726,0.6102817124631187,0.5984025689786261,0.6234274827702947,0.5338238552391773,0.5302865560073762,0.5360366144938471,0.5147896605596557,0.5464814759353002,0.6654592723839889,0.60597465918982,0.5488166332614776,0.5877071124917442,0.5320129586656928,0.5999298910113664,0.5266112802916708,0.6612608552106466,0.5363860329889768,0.6025475523595986,0.5187017707206902,0.5431339901876162,0.6063797528447351,0.5977761135748413,0.6491921255648792,0.5191071200656249,0.48266873895134577,0.48693837026943726,0.5064082492419317,0.466674340026911,0.5350016275208056,0.4586960759502022,0.0,0.6034411505255168,0.6326445560493716,0.611569215552839,0.5315190941931823,0.537755854887537,0.48432512717432863,0.560913795610592,0.5420149775650344,0.5427397082917119,0.5287103590263332,0.5381557772535783,0.46477537131860575,0.5139297207115869,0.5074260765519439,0.4551008843542579,0.5114519064941184,0.48364127165141735,0.6164773222583257,0.45933274473527175,0.626178046611354,0.5311371118519563,0.5413259992771651
0.615689221414926,0.658487528028728,0.5802282181412671,0.6006501637867597,0.5684911543391177,0.5766727511973465,0.6196911386510265,0.6040292827836583,0.5931918665684054,0.6228601376395982,0.5500815181653782,0.5922038977996673,0.5850414775392435,0.5824916333401845,0.5646122397026871,0.6003035922779433,0.6028436849834821,0.5919777599281634,0.5944393321661612,0.5804547583505577,0.6646389905813365,0.5847086882432769,0.5589336385050954,0.5358561079165087,0.6204918990473112,0.552387707256565,0.5125117091105132,0.5322694167292746,0.5625544121721325,0.5306872256668054,0.6302499542746884,0.6443897067192496,0.5751670144803661,0.5264942104658116,0.6091126197016372,0.6082957947571347,0.603011815332542,0.6350148075185635,0.5922098639898417,0.5858832075686392,0.6071472628077321,0.5745564507504345,0.5729443414159561,0.6011519917871884,0.6043217424355654,0.6004062980690634,0.5807918008418833,0.5381257624808593,0.6451211812903748,0.6442996217019367,0.7095167200945274,0.618167563307777,0.556279995626009,0.6653624328366164,0.6174836698823828,0.5983143150247945,0.6629704016916195,0.6005480361795908,0.6528069931956113,0.6409073162178485,0.5839033269584079,0.5327943743775845,0.5626301786556459,0.5470063657378069,0.5796150803017203,0.5584418593092307,0.6129359375536455,0.5933886018316971,0.5382498746554071,0.5886364825543335,0.6589604598731906,0.6249253790458222,0.585949835553909,0.6833043345629166,0.589029790666096,0.5612164875685918,0.6090767593289721,0.6517130295266211,0.5475263907260284,0.5310351295391796,0.5630853581287004,0.7039644614233961,0.6244624290550065,0.5462451278890746,0.6461844648968308,0.6407661885541744,0.5551930971526302,0.6846132231499941,0.6232210357365331,0.5581333866182256,0.6509527326615672,0.6813281321297489,0.6571931812006991,0.5841373356992654,0.7187068648628805,0.6002626768778544,0.5625451030896671,0.5876021728081089,0.5380795264045514,0.6469352705284257,0.5736212112150819,0.5574742970344428,0.5858852756400938,0.5611334833522087,0.6361767100383044,0.598350888902782,0.6079052349100171,0.5574988270654289,0.6144072343496023,0.5602077010524417,0.6180443775280544,0.6279393093261014,0.6024291766085089,0.6136424386248522,0.5667388551241487,0.5898700857614557,0.5887481585341364,0.5771483714555348,0.5603144684931284,0.5809094436014662,0.6270808084576767,0.6057440168424507,0.5414974540672711,0.6807725681527539,0.5678656388382202,0.6007090977914367,0.6181748152540757,0.5603105296437325,0.5814166832115326,0.6071809366675724,0.5520990134452028,0.6139431232629411,0.5609767614759199,0.623084521763046,0.5644434037943366,0.5244170925494444,0.5253189164212139,0.5837556565314519,0.5257064851097235,0.6691509148250457,0.534852864398192,0.6034411505255168,0.0,0.6395995866443521,0.6339745878962594,0.5876660895276505,0.6299069370670125,0.5932177470675348,0.6110760726067832,0.42610955335502465,0.6100940003596991,0.6117337783727269,0.5959883868195396,0.5648992598720904,0.6215808063825126,0.6060444632651358,0.5086797283410724,0.6149343541995415,0.547285726512186,0.6301060686496577,0.540319369682659,0.6342753930796954,0.6201411875583928,0.6061785303289586
0.5263238614885983,0.5250243713416642,0.532361634754802,0.5405917309749578,0.5556643382867845,0.5145711211162417,0.5032615617505416,0.5322481767349537,0.5447329778428838,0.5159004258047671,0.5328352244783516,0.5243762999520232,0.4957177471400182,0.5509469999658195,0.47733185750025264,0.5532467062465573,0.5488365306242982,0.5129260231807715,0.5320696139499718,0.5226534602243652,0.6062392395783901,0.5313681354043107,0.47980026487115807,0.4515033899253512,0.5337260421769046,0.5195344630730899,0.4659083789150678,0.4756830991654251,0.5142084391758676,0.47975541758834145,0.545291070791136,0.5651737059781772,0.4934786882486233,0.47133139991646666,0.5681229861313167,0.637330281309798,0.5211692256403013,0.6499876332890755,0.5681096860733369,0.48812755142907227,0.5438511115948331,0.5370013574858437,0.5363940898831696,0.5662696609494219,0.5156371596870227,0.48987942047248006,0.49002921781481806,0.5195820170879115,0.5389817849342601,0.6219400584935002,0.6070569577503697,0.5457822795908059,0.49828989355660214,0.5917798628093407,0.5941046663969833,0.5078395064406829,0.5777090070836662,0.5960084643234211,0.5654288242030203,0.5474362706639059,0.5259314923175534,0.5325912352430402,0.5418060475584205,0.602543563818427,0.5343966606504155,0.5003121324517257,0.5361894338998167,0.5065505719627891,0.536208108468788,0.5463916640073874,0.5767932457870153,0.5808659816067424,0.6256813265473351,0.5738930502599908,0.5570276886416227,0.4690460332310231,0.5545732905788819,0.5615534434359891,0.4954249674715545,0.48484566379684396,0.5149282050264246,0.6349676128229225,0.5004495057725046,0.5163783384789818,0.6629059089330265,0.5496916268281213,0.5528569704257158,0.6220812701574474,0.5056344815116367,0.47895810044305176,0.6426927876197948,0.5966637315419908,0.6014331817859556,0.49973275411307944,0.7094028009932298,0.5234580343730745,0.5611349157365568,0.5344697199872156,0.6004043394932719,0.5173300800180984,0.5408040379886866,0.5446722815813128,0.5940916591899938,0.5084829761773807,0.640168325402824,0.5096007270710052,0.5565761742771274,0.49953447002409385,0.49854124933959887,0.477646162562409,0.55886175983469,0.7048198420638507,0.5596688390861566,0.6549317355668696,0.5045944410804891,0.4916621415980889,0.5054898197043305,0.5355802571643359,0.5480543256545212,0.5938568913428374,0.6133509233938964,0.6189866333831653,0.5178222864833021,0.531126510796341,0.5814107698370142,0.5096584352590576,0.6276902477909315,0.4966353924972465,0.5506055798597618,0.5362091242389276,0.49991110023033275,0.6213584702654834,0.532558348703696,0.6594365072311268,0.5432728827020955,0.492143543549601,0.4448615523710386,0.5109896466673245,0.47742938840852533,0.5942629058679926,0.47771403442318877,0.6326445560493716,0.6395995866443521,0.0,0.6127608898377694,0.5391148288124816,0.566359518230465,0.4897419853232571,0.5469472167823161,0.46048068033354017,0.5661533423985774,0.5425636509782751,0.5793082126116677,0.4713649395818929,0.5501218423649383,0.5251628750859533,0.4340953825730913,0.5033444305545866,0.48719979814280323,0.5712661087261034,0.4701323293642395,0.5798594252537573,0.6210355558861318,0.5646178996870383
0.5746806908585488,0.5895510765429316,0.55290187545157,0.5757245486701935,0.5459812517484721,0.5506362984480172,0.5676440926813542,0.5660344371192819,0.5245498073450099,0.5614435123830694,0.5865931027487331,0.5974768159006381,0.5665906601614019,0.5498323623924857,0.5314421453180164,0.6012233936865237,0.5611852553658586,0.5235820686075883,0.5555868469768864,0.5870480847290349,0.6708761452267684,0.5519677602760273,0.5264162198111806,0.5646938132560618,0.6253611709181724,0.6488918509106811,0.47402534073428854,0.500466367714868,0.5726934913627753,0.46859652665485624,0.6238178645693094,0.5876294619637645,0.5382635581566835,0.5607512133577938,0.6245879967275694,0.6161119954103917,0.6739203047000114,0.637178927775185,0.6548301719263577,0.5642022058526244,0.5865740042483862,0.5289628138328115,0.5746929110612395,0.7117818850533714,0.6234212749803092,0.5450976976628155,0.5145089265999486,0.6829388090940263,0.6293356668891693,0.5847440688208438,0.6287410984541432,0.59612851111416,0.47050013622980547,0.6647927514844677,0.6614060232099072,0.5601270344906873,0.611344386315212,0.5710913494517428,0.5837902914028807,0.5621475697199352,0.5917600598922563,0.49185477433214686,0.5341828468984489,0.5667513306398149,0.5281156170738215,0.538073465764834,0.667885033666727,0.5759613306885873,0.4995940228627208,0.5636967795712065,0.6443162015405435,0.620790344901424,0.5983056476101831,0.6252737637564925,0.5291108768906021,0.5216970687204762,0.6155544111185924,0.6598140845738445,0.5604058186654175,0.5715003961269669,0.5476205389861836,0.6195755888998825,0.5594726976317269,0.5623057004818306,0.6478378641238713,0.6200014579832066,0.6191017632630651,0.5872260093591797,0.5439154746524042,0.5682208932078283,0.5855444917891647,0.6038112774412832,0.5889782964609241,0.5513679148858711,0.6512433323351801,0.6266623658174764,0.5450944187577882,0.6005246553528837,0.5406306704836094,0.5818240605748329,0.646585538790473,0.5716062868962696,0.5978406066598423,0.5518722391305385,0.5854202283556893,0.5750812828606598,0.5751373881051135,0.553405614129877,0.5531203099259249,0.6185106487006736,0.6739962352616017,0.6695810290289474,0.626728480584291,0.5857746342249807,0.5428700613315022,0.5338223058241713,0.5365478269319865,0.5735539217504763,0.5995885574971891,0.5531997066088062,0.6542171564414633,0.5848934598073972,0.6147746987021862,0.6351950953630334,0.6133203984193155,0.6223048179044373,0.5463698505147593,0.5707299615422812,0.624438572334446,0.5925605406354252,0.4873570044406785,0.5867963357423447,0.6142821439571068,0.6497156334376151,0.6887263458052144,0.5239328207138407,0.5312647610541201,0.5984030845781962,0.5509977872961492,0.627545660411015,0.5195799246997665,0.611569215552839,0.6339745878962594,0.6127608898377694,0.0,0.5951788780970004,0.5978940145613383,0.524983650107775,0.616420675475973,0.433350785345743,0.6783961526145857,0.5370843604137919,0.5496006845130036,0.5135922386706642,0.6406289381933482,0.6482493080684789,0.5149151208040325,0.6027915113004156,0.5576460777362265,0.5939680635264765,0.5020055482277574,0.6346592533847796,0.608478634161212,0.6309140647091903
0.5686373569599482,0.5313795270165321,0.5239691700520324,0.5240326920458598,0.5362621546075834,0.5111678378527947,0.5534661183756433,0.5507640908416432,0.5256252692465747,0.5354985434655942,0.51384649363857,0.6039787547675661,0.5241074376925958,0.48824050816049436,0.4947624576249383,0.5583899148243634,0.5432519138935109,0.5151382586556675,0.544227993437995,0.5661857931071402,0.6094833100365411,0.5044156849270452,0.5688410129648316,0.5223878575961971,0.6228129120380169,0.5876741162155583,0.46886875005702766,0.4989449053769902,0.47708285929455313,0.4920990184263719,0.5803939360862891,0.5621494258722893,0.4868987230780501,0.6024960076054914,0.5831223713879227,0.5592452773297097,0.5864136675803432,0.5539685063069993,0.5197837467697156,0.5191668486474976,0.5195330744532146,0.5492375385596486,0.5652550264591166,0.5790943836723187,0.6099226440747595,0.531232357968265,0.5595000259710183,0.542014522914242,0.6065952255627887,0.5559183351653957,0.5734125091017528,0.5835795017501925,0.43425600075986015,0.5459169319482448,0.5401419729435389,0.5556173828325126,0.5597356635884031,0.5696381480854883,0.5431338191136026,0.5251692827976248,0.4918449796183674,0.4596549276264297,0.5062200258160537,0.5362639833194438,0.49088270875486034,0.4947177108000109,0.5464088738798526,0.5334527904196221,0.5049442161918869,0.5351124165665732,0.5645107478819278,0.5351747379868955,0.560137340077558,0.5723794450794295,0.49470316888976157,0.4852617082542676,0.5307307319815472,0.5723577160201276,0.5318196061488992,0.46653119423168987,0.48057215711553397,0.5846157846387617,0.5220660811975113,0.492270526728774,0.5962168185439926,0.5873944744730888,0.5484441164618803,0.5694839114097162,0.5338608448985108,0.5226692365751414,0.5901332999230922,0.6035816563236378,0.5256477367424771,0.4905468646492068,0.5498371951059965,0.5607542941371371,0.469521938880569,0.663099280995392,0.5022338133793287,0.5640193207064479,0.4961425006748344,0.5229253189549539,0.6231447043758392,0.5724280775848857,0.5495551945752931,0.5802806572621187,0.529669377965503,0.5807451926423591,0.5202538829813939,0.5575601671867875,0.6144315280672815,0.6139082145198652,0.5445457516741821,0.5214564751192065,0.5039338931148301,0.5307350955321075,0.5271001760928805,0.5477811011989457,0.5604482456932957,0.5204632472251483,0.5501675596286363,0.5297869333528697,0.5802474631936662,0.5516033073953627,0.5056605222489529,0.5231337076325662,0.525781678763226,0.5294283876114116,0.5692880470015506,0.5149266007559651,0.502650626664669,0.5237203688376233,0.4882189108654218,0.5374762482347055,0.5442460419975559,0.45218776137525846,0.5247734938735044,0.5425555148321645,0.5306235072731427,0.5619851946502805,0.45925297636474877,0.5315190941931823,0.5876660895276505,0.5391148288124816,0.5951788780970004,0.0,0.5675833574126126,0.46594997005211053,0.6218118180053966,0.4118442360173376,0.593377381046308,0.47618791922210935,0.522999500294221,0.5244359214447284,0.6153090944596488,0.5499458399949719,0.4575394725243505,0.5661005414669517,0.47625196230966177,0.5281007877438512,0.4576087049789825,0.5536047612450634,0.5266263429499066,0.5580248378521887
0.5858500361945632,0.6172518175288759,0.575574852035149,0.5221619167692959,0.5982934483088657,0.5559610212209426,0.553254770418393,0.6033876315991165,0.6627336850022969,0.5562658214960595,0.5282420282912595,0.6189281827285227,0.5318389737710304,0.49925148140021886,0.5747072246820578,0.5552281963715913,0.5194714571647489,0.5319491759006651,0.5420238647828992,0.5555012308077543,0.6069316129828457,0.6084794531134492,0.4993323938808688,0.5380506218145388,0.5894769210808205,0.523254502236588,0.4722408052669574,0.4640090735696374,0.5085039089308844,0.539673460488194,0.6697052688056812,0.5431841083892487,0.5355448273844075,0.47853583852811726,0.5740783973303071,0.5484640825694045,0.596259888876945,0.5804004355755054,0.5981871143446311,0.5108201089685427,0.5566504710838504,0.5729382636002325,0.548892232316593,0.5859980196177849,0.5719155209484619,0.5289115275435073,0.5640589073260652,0.5442203218367468,0.5540838873722539,0.5670506383331834,0.5781816886935144,0.5604703303213141,0.4736841811677331,0.583017674265941,0.5374660302311506,0.6023556481255397,0.564602555165019,0.5964341525244097,0.522731967690695,0.5306661351955351,0.5232621481023911,0.47132796421855344,0.517616106534964,0.4976469729526592,0.5222878627774643,0.4895048976515027,0.5441807823004436,0.6010856715461796,0.4932292824761644,0.5802642755906002,0.6472756882116075,0.5321135637700125,0.5082759880474081,0.5668167210278758,0.5248125481217436,0.48586202111775006,0.523018543345835,0.5965277439912541,0.511799502014839,0.4755738700735064,0.510377628124485,0.6814679789463867,0.6675363936553329,0.5003903557201261,0.539428975873021,0.641426860943698,0.551227039018865,0.551287323330065,0.5248256635096359,0.6077502856623591,0.5896869815199296,0.6198999963093447,0.5561161197654584,0.4964577258206845,0.5697896033112464,0.658005671411209,0.5216903095431419,0.5612815886247522,0.4921067286398869,0.5269572813943451,0.5173301579820869,0.5189260777569735,0.519814456143617,0.5630481851922422,0.5479583492716967,0.5539715156975418,0.5102988707789388,0.5283976937091729,0.5287583229183992,0.5600662882161705,0.5543931175421634,0.5611002779833114,0.5269985754806062,0.5358547540157614,0.49664811275912774,0.5467260667488848,0.5027120337266747,0.541736335572839,0.4980619872440705,0.5209437691202352,0.5935339654530843,0.5564875965854665,0.5056350770341792,0.6053346194967854,0.5395274193427818,0.5640241435424974,0.5067595431874633,0.5746883977651774,0.5161569400267171,0.5525981032386454,0.5521114550333953,0.5701366865985794,0.5047900684169455,0.6018805362274147,0.5766553838293155,0.5027967454831379,0.5460244271392136,0.5483320064138495,0.5020600343305877,0.623949952576218,0.4933486280463026,0.537755854887537,0.6299069370670125,0.566359518230465,0.5978940145613383,0.5675833574126126,0.0,0.5181586267114973,0.5937092455335902,0.4018085894691837,0.5838696080191244,0.5170082949373118,0.5465406541282282,0.5552380421209873,0.5996752216506557,0.6134716353459418,0.48010351638832566,0.5963396140718922,0.49036001186309996,0.49727048455460804,0.47035425169329625,0.5607380473891991,0.5492235664216988,0.601339605134782
0.527072725123535,0.5854689454558831,0.5514409008771335,0.5253067516792572,0.46439402588575873,0.5404758361592713,0.5223479983885747,0.5651984053612656,0.4774248592375968,0.6058823890476508,0.46917062148364713,0.4964884424441993,0.5635863780115877,0.49036844632118914,0.5526635664873517,0.5327971927858919,0.5322592822314282,0.555329596020314,0.5288793729750261,0.506048726512667,0.5685828951246201,0.5120625446642487,0.47956258846045147,0.5112627961617888,0.5377070464043551,0.49645725394477824,0.4497003014657002,0.48164646963465674,0.5232798879393329,0.46226613872348155,0.5331137409713813,0.5603319346177307,0.5653994317053673,0.45742042578892955,0.47907039828607323,0.4912187996054647,0.5332319233862209,0.5253424574554258,0.5095711474236265,0.5522811812889151,0.5805095533402687,0.4653592018889454,0.5468127822147133,0.5126779664739022,0.5415596307915455,0.6625714029285136,0.5588865326145517,0.4847101306933436,0.5314161387497671,0.5388843099730406,0.6070512837435293,0.5670888689588727,0.5778522263579144,0.5790324994508942,0.5249847389758117,0.5152822530554169,0.5806482650730717,0.49647698983044913,0.5734786527854919,0.5652555546962228,0.5788177959868747,0.4940622043497461,0.5552148549286929,0.4392716175087313,0.552349391490384,0.5964839408825223,0.531975713105776,0.584416587262603,0.4815082973253979,0.5332252766044588,0.5910615470666494,0.5301938736991854,0.4622913637618111,0.6047326984479775,0.5412672559500697,0.5870656087138869,0.5372789694047349,0.5477379886913144,0.5672443532569227,0.5282205962425768,0.6163684443679479,0.5463590202650511,0.6030532615495675,0.5398782602574677,0.5212503217341259,0.5627511828691409,0.4818567227346612,0.5581413474839857,0.628316838268227,0.4921781601542221,0.5029030687277654,0.51661707167365,0.5590340712445017,0.5792123400080289,0.548747174677279,0.5340347984609167,0.5453130613722623,0.49690913566364425,0.42600851139770696,0.5984624927328339,0.49841662705144607,0.5276578770771051,0.4869930009399004,0.5280401055655952,0.5296333092373939,0.5933992991966714,0.6162406130283045,0.4915697162823831,0.6648717475551756,0.5161575339811851,0.5044106241402215,0.48375317328926853,0.5221676598920011,0.4949382242619982,0.5676626753416237,0.534340956390138,0.5730814940056794,0.4995379831492409,0.4968175894103991,0.4635727304636422,0.5038089930717469,0.5427005808038258,0.4601939836665966,0.6662992969603728,0.46387478985543373,0.6160184458239557,0.5010707455893175,0.5029437544739331,0.5183169962266176,0.5984339820289217,0.4792554022188959,0.5515655154383668,0.5011885743550845,0.47287573787132814,0.4970398820130563,0.5234383882980411,0.5230341281550877,0.517342795710344,0.4861218087462149,0.5876654254104842,0.5684295526470954,0.48432512717432863,0.5932177470675348,0.4897419853232571,0.524983650107775,0.46594997005211053,0.5181586267114973,0.0,0.541046728167735,0.3743721065012554,0.5076337579892231,0.6185087074541411,0.4812297916133666,0.5414669595861942,0.5599327224560829,0.5605594391450769,0.49404067980008787,0.5966016913914566,0.49166040711579345,0.5360519590923642,0.6743084929907888,0.5238966598607716,0.5467755000887984,0.48742445850549676
0.6507804204494501,0.6256809440694969,0.6278367693703197,0.527410123621474,0.5318980138747301,0.5932910499665057,0.5311506698318856,0.6229018522157264,0.5662653680934643,0.6577746800415388,0.5606027482574542,0.622910243370883,0.604922408121174,0.5139871316986603,0.5211816676533572,0.6542536903239815,0.6354089922358566,0.5963367296760825,0.6298994779502605,0.6792898499528993,0.6865677220177189,0.5699272156866869,0.5636074792078986,0.5530464168907423,0.7425103096168275,0.5469359334006513,0.48421884699899526,0.5663269209972545,0.5489279416511909,0.5375065564417827,0.6020490270817163,0.6316895247432484,0.5099489214799695,0.5578725252631497,0.6031971683927676,0.5505236947550562,0.6211839242095556,0.6218753866503383,0.5322471430467306,0.5452011787566324,0.5631576619541071,0.5839370317732541,0.6087236188097458,0.5854000992262314,0.6277093266494121,0.5901870785123513,0.5935176662244965,0.575454452111351,0.6278965065730855,0.5915671001396436,0.5946550779620933,0.6390424248177352,0.49196056476095457,0.5828015839007633,0.5571394886646126,0.5901283140421993,0.639636102053165,0.611489640157821,0.5901929564143229,0.5579328178920585,0.5581924052724183,0.4697188139373244,0.5744031748995432,0.5323744061823525,0.5322637742922168,0.5537757961674951,0.544410968637192,0.5755474415519051,0.5615304457489658,0.6127210302297412,0.6042784350835086,0.5654559320780543,0.5628542517677848,0.6225974762959763,0.5983065350293645,0.5440499906453493,0.5333565871363457,0.5733298476523938,0.5843123437277586,0.5113557414336966,0.5705875326869915,0.5900322859573058,0.5991559423949652,0.5771559881118175,0.6083123871031682,0.6926043705728474,0.5716808574520768,0.5747758671105301,0.6061450337898238,0.5282513029516402,0.5869322716290689,0.5656379225352923,0.5747512328925424,0.55314060237171,0.574166545322728,0.6010526628600564,0.5134340915740753,0.6554978614001407,0.47976227043701875,0.5831263540972876,0.5118034193054981,0.536843368450754,0.5488256514063391,0.6353485746458725,0.5837426542292522,0.6410721323895392,0.5846777003160345,0.6863221789714331,0.5662259087439481,0.6178451489889653,0.5898732413663517,0.5773814990862808,0.5745841426855414,0.5597373441160556,0.5537952657046453,0.5942848667166437,0.6275262011458911,0.6055928428324806,0.6030222542070528,0.5230534859535287,0.5634987951447574,0.5361836136664557,0.6074254624548643,0.609110238129566,0.5343775840444746,0.59614979120882,0.5167599945073662,0.5219314747399699,0.6278099715184419,0.5604844101132685,0.5754084134699075,0.6071138764084116,0.5255707556361203,0.54492404112825,0.5926048545724792,0.5027530671811491,0.6238470839899368,0.5437816761640745,0.5705623592543426,0.6100156566187652,0.5117875290554623,0.560913795610592,0.6110760726067832,0.5469472167823161,0.616420675475973,0.6218118180053966,0.5937092455335902,0.541046728167735,0.0,0.42803737149283444,0.6015213845331936,0.5597948565038562,0.569334484407474,0.5435232784721504,0.6768135987126798,0.5969652409323815,0.5108570751728008,0.6214836730334297,0.49215610563753603,0.5416492889011552,0.5297001034723698,0.6185783753368348,0.5517472457432199,0.5900563449921734
0.40240652295505097,0.41779616546990545,0.40168197653543214,0.38579552447377713,0.39217042089657805,0.4256542311649042,0.3616182563815159,0.4112330107168624,0.40855378201214565,0.3933454091177078,0.4077801357413347,0.4083993002617463,0.40977246906598785,0.4775202493359427,0.34031170302897384,0.4619572166448224,0.45978115613619736,0.38163260768343993,0.39547789287469404,0.427243902234852,0.41266148306844913,0.37791990161537525,0.38926586752410197,0.35074149889376594,0.39740057884532026,0.408384468661612,0.40650366426321555,0.4217867677300444,0.4336143505764823,0.40713310749095744,0.397561956159692,0.44736525866675597,0.375906894722315,0.4270543800592075,0.44535098524680045,0.49052820478030207,0.3930157925328977,0.4873564299471201,0.3955962095221632,0.38357352465034367,0.40943825095099023,0.4079154650728766,0.37933314096476645,0.40063645527262803,0.41656116056976816,0.38497194966986964,0.4053539984772586,0.3889606019245595,0.395880702559253,0.44205028424408543,0.40154332421580186,0.42750539577104857,0.3927111102683505,0.40160960978997107,0.4277435791148272,0.4197143010383174,0.42099163877465634,0.45034214491216007,0.38751119703757075,0.4594063830548973,0.3987253848023644,0.4782111575277353,0.4048901464583234,0.5365062001042311,0.36536652703226996,0.3784019648823392,0.3926047138522333,0.3598162815316599,0.4118881404486366,0.39150122813082455,0.3920059794220311,0.4528285753762623,0.4649149393140444,0.40453900722181596,0.45892043793445864,0.3833597717819282,0.39795393560157877,0.4229158279895257,0.4000840415922975,0.41239912017757496,0.39319192126098695,0.39024723557998475,0.38025274399702735,0.46018630235816077,0.46392440078542035,0.44024697920474737,0.40833428310785386,0.41137184149250433,0.42182266170319277,0.39106590024548177,0.43731297439034994,0.42431709678326535,0.43527562153283456,0.399210835894929,0.43104377416667433,0.3889933361459696,0.4099404737284354,0.44214927899502465,0.5361307370363747,0.4212474339892206,0.4361451646590569,0.37832166019264957,0.39710469387137987,0.3737039176537462,0.469839049373357,0.4243183761005704,0.4211329596566038,0.42812491475084824,0.3885324946548161,0.3760721915536957,0.3954792665905042,0.4604468075422922,0.42152239638410327,0.48178796662808393,0.42750629055781963,0.43235125176061134,0.41929209955448554,0.38392103706230635,0.4271914131061574,0.542857324983336,0.4454271578213315,0.42544193647280193,0.46109527734314604,0.38643443109755815,0.4290850189026728,0.3953379461655621,0.5060803139696199,0.42132720810221724,0.4845304752137643,0.39177729215963025,0.45161785105906305,0.44688596930276353,0.44110141861586677,0.4694747534894821,0.38307125254024066,0.3641174287154015,0.3881411228960197,0.3948667667684049,0.3837769303124899,0.39859007238247673,0.3541471019227376,0.5420149775650344,0.42610955335502465,0.46048068033354017,0.433350785345743,0.4118442360173376,0.4018085894691837,0.3743721065012554,0.42803737149283444,0.0,0.3971265772490865,0.40014515748632457,0.4234077672813068,0.37212647515572134,0.39714644723329473,0.3706248691265728,0.3535303181769711,0.38996114650354496,0.3735791219294124,0.43924252047242945,0.36361255453892777,0.44472881729367275,0.4081771345603714,0.4028319431636781
0.6289658698181423,0.5510964173175313,0.5172098693950994,0.5620985342378828,0.5235319102046436,0.545056420354675,0.5507369541069035,0.5794762412337459,0.5418595694781084,0.5304560783276316,0.5745041023401757,0.5964921022427145,0.5525439868215538,0.498904675143571,0.5530312165357525,0.5707878017429914,0.5429276587782087,0.5488148564216618,0.6362045292194235,0.6212751209946193,0.6558437622358698,0.5367451213358464,0.5227316248077915,0.5535632350097764,0.649059599225888,0.5721219019514082,0.45279522832062613,0.5142467465794764,0.5072789670854746,0.48177978709067215,0.672665496150612,0.590555771003665,0.5244491013608567,0.5574516708051495,0.6260929583512982,0.5575944444331662,0.6657023925592994,0.5997411720898191,0.6353475538953064,0.5244847346964767,0.5543622794933447,0.514334408705514,0.6370899671557182,0.691880661124194,0.6027093568804908,0.5574933411302226,0.49799731045349727,0.6556632612765648,0.634839726174439,0.5871631625244136,0.6514767350042933,0.5935266776152316,0.47743363988628884,0.6333638629502142,0.6227764605535151,0.5224383616665162,0.6554497718323334,0.570188218265831,0.5743067159330434,0.5420001017703703,0.5921140532179713,0.4685304109535485,0.5683648244825398,0.5069968113056833,0.5680221236731461,0.5708824014805647,0.5924564960880309,0.571493234011871,0.4985626632076003,0.6025860365229867,0.6520766776626005,0.5845501259668765,0.5730307353072747,0.6094494563068296,0.5304584193739241,0.5508825280727188,0.5830132239453681,0.5583675967937538,0.5839233097987901,0.5358627011609789,0.5372942093532361,0.6576347503403429,0.546266423250142,0.5403472124149928,0.6267268372336599,0.5944726101613941,0.6545764745439521,0.6134515783157543,0.556416979607643,0.5239492488338435,0.5757091547286293,0.5854958127400993,0.5800157083795743,0.5888053511020194,0.6012011660375527,0.5918492658686398,0.5533898135294449,0.5704952565909612,0.4935812527275748,0.5595734823986311,0.5793088005963825,0.6016262071891411,0.6064238704580099,0.5640954393796248,0.5967304354523029,0.555255402592756,0.5669120961177209,0.5340597368276082,0.5295665661973977,0.5811729281923684,0.6769297100398464,0.6240320694080579,0.6012987421778622,0.5459723587107393,0.5475462182708906,0.513921002628027,0.5612290774094318,0.6033035452393072,0.5563181357258598,0.5016618717197914,0.5921567593805147,0.5771715608464248,0.5825613427984128,0.6355236705211885,0.5948028255290042,0.5960514273706267,0.5025730022640593,0.524158438670446,0.559215221733169,0.5606609512599028,0.4747393797725802,0.5623018884930778,0.5884982178548434,0.6058165663565424,0.6930686208867269,0.5322714317071036,0.5451817466211941,0.5630373975790584,0.5279316785212799,0.6607771948088145,0.5381098736060088,0.5427397082917119,0.6100940003596991,0.5661533423985774,0.6783961526145857,0.593377381046308,0.5838696080191244,0.5076337579892231,0.6015213845331936,0.3971265772490865,0.0,0.550061472627167,0.5542977404369043,0.47023300756893693,0.6337221462018472,0.666025644589094,0.5218907105657085,0.5715359553969964,0.5422350676549588,0.5849928195904209,0.48525516836559646,0.6430422636547731,0.5587682034921506,0.6375090707822784
0.5805971839036826,0.5737234283992426,0.5179558232687103,0.5229604844787261,0.4858757239885763,0.5567232741792381,0.505011919613132,0.5229436543487961,0.5076425370430924,0.5604102723133142,0.49369057687412177,0.4945157421845622,0.5312972818328907,0.5214863733813664,0.5271347579817397,0.531564586226858,0.5558380133030655,0.5854703816346524,0.5989823901143406,0.5481440417799792,0.5787760694191124,0.5128081636792851,0.47203273909918453,0.474875716327315,0.549725046479409,0.4678739663792367,0.4349725819139821,0.5037818640929184,0.5467542942102003,0.47753812466015844,0.5526656927520083,0.5902373319439552,0.5425963374807032,0.45508848844902794,0.5512076045822012,0.5250205711831761,0.5171591773044871,0.5767348641534215,0.5133249634425431,0.506807773881488,0.5886671872294947,0.4798237505049002,0.5658774330341942,0.5607350774168492,0.5045172581236393,0.5744059320932376,0.5363369799774024,0.5043125448536828,0.5450802335727783,0.5959148314403019,0.6287986539783635,0.596143849092893,0.6764371424921706,0.5886309879175128,0.5545659280613174,0.4996829595056397,0.6387595311899879,0.5195940295211527,0.6015099838113718,0.5673517204771757,0.5520480441948927,0.5147424252629017,0.6168683519673104,0.4804973017579363,0.6245934049840852,0.5970421689112793,0.4941573471365792,0.5358655892984179,0.5108861416052909,0.5380575971331082,0.5883019010048834,0.5907877643440687,0.5121913976226272,0.5700392938722556,0.5879904172892617,0.6263410541428528,0.4993967170023286,0.5154154584737333,0.5505015240373695,0.5442595020439426,0.6435995724180797,0.5747853743189406,0.5473695124134741,0.5578762331664187,0.57033717342459,0.5518847195456431,0.49546931916956766,0.6103564263356963,0.5980407918220451,0.4510832501754966,0.5432106339112192,0.5464619303901253,0.6334925224721164,0.6415435310027249,0.6008107861893182,0.5262679889689496,0.5755478274956519,0.5079986335263239,0.4774556698946058,0.5527329509377269,0.5256706292272472,0.49757249908689344,0.514457588136672,0.5427346144960873,0.6123625203558303,0.5315960518074102,0.5808821260323199,0.49337286511680134,0.5767623907855853,0.4900297082298904,0.5222536625572325,0.5261050275124852,0.5459006173028836,0.5190004227364013,0.5958519565565386,0.5129360421710594,0.6556498505821046,0.530938258408774,0.5279901915213923,0.4958250055898325,0.5381243451532918,0.5411803194762551,0.49653937551639243,0.6147321703416706,0.5479046234571215,0.5798509539410114,0.518793501585726,0.45734060144719046,0.5381845550748007,0.573693804778094,0.4900155124545281,0.5649990697519964,0.510429048087917,0.528858444413877,0.510791168516957,0.5908537399140681,0.5122763019240755,0.5175772563588068,0.4675234274000633,0.5937105945615261,0.6041424837286138,0.5287103590263332,0.6117337783727269,0.5425636509782751,0.5370843604137919,0.47618791922210935,0.5170082949373118,0.6185087074541411,0.5597948565038562,0.40014515748632457,0.550061472627167,0.0,0.5158383988751468,0.4612123100552781,0.5480379218817706,0.526576766780141,0.471427085931488,0.5251840539270227,0.5238728557644843,0.5732412307758904,0.6048971018190312,0.6348815142618114,0.5457485729862838,0.5239216512329061
0.5872296480631873,0.5430400726930362,0.5788712175934395,0.5405834656652373,0.6219778791220911,0.48430584514283,0.5277326187925765,0.5431063646179002,0.556109569236771,0.5391800608231181,0.6387191213423389,0.5431217101635497,0.5416290544785655,0.5304920948767055,0.5084052116095518,0.622138113899413,0.6392860773412149,0.6184509774314847,0.5772472293883031,0.5860011262933273,0.6047094359265334,0.6167632409732745,0.5844226171973903,0.5106466999275214,0.5640141182326216,0.504484341549094,0.5627626780081911,0.5916977219553435,0.5283376662899385,0.561312833769769,0.5169823045311809,0.5534886110860299,0.4857399316964104,0.4792753575844852,0.5751843180430791,0.5399481241465904,0.5353903128358971,0.6337822289138614,0.5391242305800636,0.550744985900778,0.5292835843437975,0.5595573934578131,0.5491289354556077,0.5186383148936162,0.5313861467577617,0.5117102115128616,0.4795390239798544,0.5129820782594151,0.6271109613222461,0.6104258468386202,0.5833220656513317,0.5299143684337123,0.4889153727047275,0.56265964927049,0.5637293227678798,0.47179135408161527,0.624316239297279,0.613490440667122,0.5858572490202537,0.5564816433603867,0.5143959760826836,0.4438415352177658,0.5296526240180084,0.5415544842613474,0.5098947355349138,0.4835181939623242,0.5101932443469563,0.49800533729604685,0.6250218438266806,0.5943198225600624,0.5369181258704923,0.5486250314977978,0.5590997462045317,0.6140661479987183,0.5921303710084749,0.46097423607829147,0.561835608030493,0.5539659891110885,0.4928716370697626,0.44582781733780025,0.4692357252689258,0.568863085908971,0.5231273805753173,0.5038335832038883,0.5705605497094665,0.5727836299007404,0.5081413950859563,0.5757038142391864,0.5104648396686375,0.46053828235418537,0.6766776880466195,0.49794813783313835,0.6262066180507584,0.5046498535585459,0.6030416959158946,0.49191754942557053,0.4712255060471398,0.4859497651087762,0.47689145460675697,0.5056280467454748,0.4904044305931449,0.5155288684352498,0.5019454773922191,0.49656589712141763,0.5619309580482158,0.5238294953311464,0.5219963598306719,0.5605800514522321,0.5128013819655427,0.49585840721424934,0.5441337792854855,0.589488708982831,0.5002804514475352,0.6097707282562089,0.5049180128059266,0.5647299044332866,0.5043594290942164,0.6350713893310391,0.5208194802554998,0.512785166868891,0.6228044426932865,0.5122154141135886,0.4989554266383174,0.5329363144026682,0.5077801179542676,0.5069895695510327,0.5053711776055403,0.48661292417091945,0.5201090803686924,0.5354379821555977,0.5138502098913659,0.5719332459356147,0.5220721287392464,0.5545301229116386,0.5388637446899311,0.4694494254023765,0.4840500149706589,0.5341968872726992,0.5666459114737644,0.58493094215618,0.46431918637914316,0.5381557772535783,0.5959883868195396,0.5793082126116677,0.5496006845130036,0.522999500294221,0.5465406541282282,0.4812297916133666,0.569334484407474,0.4234077672813068,0.5542977404369043,0.5158383988751468,0.0,0.497760332583904,0.5362289008176866,0.5237175262608349,0.5130853740968981,0.5081766155034689,0.49573645650476034,0.5470624296902562,0.45517454736171953,0.5335777311677848,0.5045995449753167,0.6447311760927517
0.4988074978836169,0.589679572691418,0.5831773803435006,0.5111129479251038,0.5147621001069228,0.4723086548258431,0.5739813920088717,0.5484015250969191,0.4909127934206339,0.6000033877032525,0.47569920354974093,0.5293583091534668,0.5378779155737171,0.48470455329372475,0.5497840650408294,0.5223583969626308,0.5088846451967194,0.5192780403077681,0.46449526973935257,0.4889830395270237,0.5342495855006903,0.5520962351679286,0.5455493224753358,0.5642628404475608,0.5296143754273305,0.5273274026704146,0.5214434267808595,0.46494497222471376,0.5054062823384384,0.47385204167863126,0.5128349581348636,0.4950504020419869,0.5295238812274634,0.4706966250400162,0.4810362058877284,0.49209157104426565,0.5315498078622551,0.49832547375547254,0.4934975361295361,0.5999853430361214,0.5338975326570494,0.4986339584054016,0.49031273887247434,0.480817462332525,0.5818544897661513,0.5570789075644706,0.562905824522957,0.46692049076527103,0.546769846519834,0.5030398820071229,0.5231955411243137,0.5069658654096647,0.44664858901676274,0.5300528696578691,0.4915116920407634,0.5298619346223494,0.5008190661577674,0.49437995294476805,0.5339898186086628,0.5265925922605947,0.48576652432803163,0.430961881572838,0.45489231821638226,0.4600277513584416,0.4587704673683725,0.4612303264141417,0.5424617773670994,0.5523326173729195,0.48485146830222464,0.5023824428144915,0.5310337837140859,0.48983213698357486,0.4477897239531151,0.5710497267814822,0.4751575972771918,0.4555457555246357,0.5191191440380499,0.5968687293570822,0.48694566511206633,0.42734658671081605,0.4604960512879549,0.5197366298084637,0.5949159126383672,0.46579141334678364,0.47436240748034536,0.5747630676651104,0.44972788666965835,0.5014265130872932,0.5194129543329342,0.5491577418982914,0.5139374371494249,0.5107002106294201,0.5044686921599594,0.454583301167517,0.5058668091137609,0.5422532156380508,0.44115688538186437,0.5067732145126495,0.4210609179461689,0.5565122907500718,0.462841844298927,0.47628265181090523,0.46885561271582127,0.5167615443975893,0.46825668940049786,0.5738688635717972,0.5003947400837809,0.5234140466664201,0.5972574002157104,0.5368081274681406,0.4935401198985152,0.4802893113457256,0.4684793104388126,0.47705641163463053,0.4773722580385362,0.5620031467329027,0.4657623980614492,0.496437672355471,0.4730709114576365,0.46431291821300147,0.5105288856492363,0.4814817489301498,0.44861567949835,0.5558677574073351,0.4285321629566566,0.5381902344377152,0.47480172498314127,0.5600751365060399,0.49970051391532466,0.5573480054497281,0.49313090103081636,0.4871850449265054,0.4521157788147962,0.459360877639277,0.485501990751434,0.43926449070428936,0.5086803324574922,0.5512502745070466,0.5571805386167608,0.5263306593621206,0.46125464517965065,0.46477537131860575,0.5648992598720904,0.4713649395818929,0.5135922386706642,0.5244359214447284,0.5552380421209873,0.5414669595861942,0.5435232784721504,0.37212647515572134,0.47023300756893693,0.4612123100552781,0.497760332583904,0.0,0.5391432498607965,0.5347888681064982,0.4834343834628741,0.5853974653567328,0.4691816018282737,0.4632702224534883,0.49846292024954064,0.45921012320126553,0.4894203948902069,0.4930876402537208
0.5724968083197912,0.5833178595606174,0.5893914739925565,0.6034963314098437,0.5379886731367919,0.5682916089804835,0.583451325681183,0.621094293335619,0.5267960013381471,0.6278002536187438,0.5466055014303706,0.6739471325039728,0.551529959372961,0.4742548786663057,0.5482310825231502,0.5866110274946337,0.5696281629828085,0.5461959442944274,0.6349682782245137,0.5589444342348078,0.7314880988315731,0.5467552810076012,0.5719272624843722,0.5775043050816097,0.7243249952381482,0.5931996638529965,0.47059035549686584,0.5206472170421785,0.5203804809239073,0.5016194218565827,0.6087989956524879,0.5719461256586639,0.5469626281729144,0.5652781980024938,0.5456141414833239,0.5401884886893722,0.6221330369805553,0.5720166144674673,0.5733617729370717,0.5540138008904533,0.5883170307527746,0.5618698562383161,0.6037233135013912,0.6235711263401382,0.6077524441934602,0.5814189477052665,0.5459479080763027,0.5765395038964327,0.622139585686375,0.5461611614666559,0.6295908661167264,0.6346966777823124,0.46558776205614133,0.6325386814768174,0.5709392906012208,0.5709222997315231,0.6036539420268001,0.616297775422565,0.5660832737778044,0.5256104469661436,0.5610979563502374,0.45234788267451626,0.5545980254547208,0.48342263952495806,0.5220800797691723,0.5408686851864296,0.5737034731013093,0.5814562035462113,0.5022021806167172,0.6110673024390236,0.6055366949088571,0.5253314573713359,0.5336728044136512,0.6360264032141292,0.5358163266643832,0.5150921858970883,0.5684314523963997,0.6160797196021212,0.589655509231582,0.5182361033568321,0.5662448201421084,0.6318022230847247,0.5978260135491789,0.5307940232761243,0.616001118511449,0.6325254396131238,0.5835978762645145,0.55889676892504,0.5719732600150274,0.5449047308088685,0.5863688752824191,0.5931258005478571,0.5503261590499278,0.5256022388858012,0.583662481939374,0.6349813325823557,0.5063590258133385,0.6614433796256992,0.4599065309131397,0.5793225984640401,0.5043257223750632,0.5797201594071685,0.6301786059214425,0.7135826536326277,0.5469270747891518,0.6062682094266926,0.5893233869277732,0.6203836382270732,0.564488629283562,0.6177386968590969,0.6731782928120462,0.5879362179010199,0.5681259854857885,0.5543148539661301,0.5271243141286921,0.5560714453916006,0.5751481077485047,0.5663473890845171,0.6083222168308962,0.5054018712125705,0.5416035536216156,0.593307710959446,0.5530939082226148,0.6584715367766723,0.5068353275102299,0.6207019270686218,0.5046397440912712,0.5265000103423358,0.5945453149553832,0.5449741710395567,0.5103170509782678,0.5825413171451553,0.5150194215004668,0.5477248837158661,0.59369856901719,0.47867448858017037,0.5483067090378673,0.5432602790927551,0.5495004093944085,0.6553506943460916,0.5300927768427963,0.5139297207115869,0.6215808063825126,0.5501218423649383,0.6406289381933482,0.6153090944596488,0.5996752216506557,0.5599327224560829,0.6768135987126798,0.39714644723329473,0.6337221462018472,0.5480379218817706,0.5362289008176866,0.5391432498607965,0.0,0.6285221611922962,0.49910914731774664,0.7007303573865997,0.5071337601596078,0.5453056849839654,0.5292859854992641,0.5811392833824591,0.613758658124641,0.5913346400715377
0.6086324973021299,0.5912928637855002,0.5696621728690224,0.5529422630809473,0.5106927198365769,0.5526343708099236,0.5698312421491355,0.615172714418421,0.5524324435563813,0.5889453379455357,0.5576111398108756,0.5691919181658238,0.5985808578066536,0.4915154860496454,0.6005226036949148,0.5614833710343516,0.5222589952383359,0.5595757332948298,0.5547199626330869,0.5818230387405232,0.6342017508554788,0.593951158619953,0.5080556181680653,0.6099060380785307,0.6518923057168055,0.5684646400868404,0.46291961488131367,0.49034728107405395,0.5092566248545464,0.474470079758545,0.6369372453094451,0.5601530574331923,0.5366303340962228,0.5017539624780762,0.5506031414794077,0.5041642542197552,0.7370484946765054,0.5553466250801731,0.5981927262748459,0.5570672839640639,0.537630247642195,0.5300664103176967,0.5911601982290057,0.6078771887834016,0.6155364473904192,0.5777650248963402,0.5079372247283465,0.6285876688153987,0.6068549201971908,0.537775388855476,0.6101341564634392,0.5578339709988457,0.4689867804603045,0.6189919843098047,0.560924697438395,0.5635496028113601,0.5956731157274182,0.5328480819688126,0.581405604323402,0.5177400072732926,0.6346105255792293,0.4461183494804471,0.5330030197475272,0.463887405206517,0.5507638981265749,0.5672005881163102,0.6697755932818763,0.7046083486362278,0.4933158531686409,0.6279082533128852,0.7033345267726824,0.5386660988229407,0.525916612603797,0.6364050676647222,0.5182751126340206,0.5382919706090545,0.5987212311236572,0.5752337172919546,0.553718512754155,0.5268716860825422,0.5541765627650678,0.6494443493352058,0.6336939927611818,0.5298825733093441,0.5497508523875557,0.6116763947278064,0.6308193873283306,0.5680037437714747,0.5535222541129453,0.5974470677030801,0.5347169813929029,0.5490650314983332,0.5325247040966263,0.5515585145726484,0.5826346910472138,0.6407888888595299,0.5365603107121588,0.5398021069575039,0.44496906186305496,0.5667100755738386,0.5468613238450687,0.6002904583073884,0.5334211244410562,0.553987503230805,0.5294462214890518,0.5701163479902914,0.5512890058669485,0.5361777844430841,0.554133292249455,0.6584614578307673,0.6025523033958233,0.5412042377920306,0.5996272806971324,0.5259454193458152,0.5143648013488439,0.5297368251501728,0.524448492590707,0.57196457729356,0.5265333795716148,0.47712748764724694,0.5537626329814889,0.5521342539770268,0.52980797660272,0.6791105690750973,0.5428967627452783,0.6142985676863011,0.47886431828766807,0.543727045230033,0.5196250867357264,0.5917955883148974,0.4873144630506259,0.565142813365566,0.5766329731116606,0.5477577272588824,0.6976989302600031,0.5302970823911697,0.5577639729425095,0.5538001169560413,0.5440872526248561,0.6303366196070601,0.5505490005329164,0.5074260765519439,0.6060444632651358,0.5251628750859533,0.6482493080684789,0.5499458399949719,0.6134716353459418,0.5605594391450769,0.5969652409323815,0.3706248691265728,0.666025644589094,0.526576766780141,0.5237175262608349,0.5347888681064982,0.6285221611922962,0.0,0.578367884589751,0.6420306278586227,0.533482759290557,0.5347481311638138,0.5235527684844709,0.570703981904961,0.5651162540726485,0.6110171897046487
0.566893084446805,0.551301973706058,0.527281290219476,0.5107540576220848,0.46666489900995395,0.4929044341253425,0.5264876417642221,0.5120145364713499,0.47638467118070715,0.5459100694159288,0.5899405674305277,0.4912775520206562,0.6201296860782216,0.48057627891358534,0.5153020115552875,0.5440211043266323,0.5235596319513407,0.5470613488856166,0.4962971952735292,0.5361184016301257,0.516100457432954,0.5659768011152423,0.5146769717752879,0.5972479593039179,0.5574708636166162,0.49148367159975964,0.4966607218176513,0.5498709750331832,0.5199199862954071,0.46229611271330306,0.48834235667136033,0.5051829621823587,0.48644185309154186,0.46329822418391525,0.5016688366399152,0.43377649728701706,0.6125985692096396,0.4900229563839153,0.4833930103810571,0.5762980770858032,0.46821628034996576,0.4849580301732236,0.47894381914647854,0.49523746015167974,0.5282533544667224,0.5052535807164855,0.43830436658097355,0.5408990677119576,0.5814103005026359,0.46457932028268073,0.5069104268865579,0.48477999678792644,0.43669583001078094,0.5248310957456885,0.5007283557885236,0.4764435897485727,0.5272833627121349,0.4735505710804485,0.5245585258729198,0.48073182497162703,0.5666304614738755,0.3882897597276616,0.46557084827668105,0.41842712310163654,0.45429629530914006,0.47897456633961705,0.5614178990117317,0.5420650824124605,0.4764165996294573,0.547000698395842,0.5170270445657101,0.4795218461707393,0.4750494888130164,0.5709611843621428,0.4967551059103676,0.48869170356551683,0.5438312388503886,0.5157981529732363,0.465290556215151,0.48323913157121245,0.4692763974338316,0.48353560425006176,0.5498867520493985,0.4931167244748065,0.4615747984709155,0.5253156540432761,0.502445817453757,0.4758745694160342,0.5015265035566315,0.49421991184335445,0.48067881952406666,0.4388301892225258,0.49114934945335853,0.5113558037905888,0.49509825477026037,0.5090221099100688,0.42903774984535886,0.44652216311181114,0.3898777280389519,0.5115326941038845,0.48661827291123894,0.4740253052888381,0.4261095247133418,0.45363658333788637,0.45240743415390605,0.49569998002553467,0.4662783009589053,0.5209863710071868,0.49974847495528446,0.5872642060648812,0.5138249595970088,0.4483881413741887,0.5177229942078068,0.47430349271232713,0.4744226008330282,0.548721253375524,0.4778915177342847,0.5278552341277719,0.4839926513034572,0.435127636690729,0.491846520871243,0.44176438252844313,0.48033409907171876,0.5618361353772005,0.46629085279646343,0.539234038736444,0.41812356269358436,0.47409472714874745,0.4701613512305634,0.5071883316077627,0.4553358161313768,0.4807207300910642,0.550218340110515,0.4679260137918691,0.5365904474596068,0.45535682522281296,0.5186539923666212,0.5058500549286035,0.5404991791510406,0.4917612729734788,0.49395846463304327,0.4551008843542579,0.5086797283410724,0.4340953825730913,0.5149151208040325,0.4575394725243505,0.48010351638832566,0.49404067980008787,0.5108570751728008,0.3535303181769711,0.5218907105657085,0.471427085931488,0.5130853740968981,0.4834343834628741,0.49910914731774664,0.578367884589751,0.0,0.5496417015808456,0.5359747305544009,0.5060532900123473,0.47010405901792424,0.49617405486810373,0.4396333124728516,0.5702589339312238
0.5757043677657396,0.6365330470829108,0.615971435350218,0.589551356034773,0.5154038377110438,0.6146990818392392,0.595614594443075,0.643202628811623,0.5294973194268562,0.6707284251589117,0.5450064646871287,0.6330928004427854,0.620681300501817,0.4905084252602689,0.5464722713581701,0.6033150699365757,0.5665763756667082,0.5392248057515706,0.5601135083462941,0.5396602728468191,0.6411044220208907,0.5620707028729028,0.5523433741308126,0.5968405326467383,0.6770503262263408,0.5870867527812895,0.490285897614879,0.5236343136935729,0.5371618603954326,0.5096557703180646,0.5838475558580323,0.5795982793103803,0.5645552691371594,0.5425034550043034,0.5226363868081867,0.5078167176130924,0.6713439667567848,0.5431768168300449,0.539200874526771,0.5841097874511373,0.5556133723465788,0.5636590039432791,0.5422066184580931,0.5756180190276244,0.6229799776496959,0.5897693310512022,0.5580164331328592,0.5603805466987593,0.5982584477866045,0.5137454978945417,0.5959977421888341,0.6097252079774301,0.46272694864368286,0.6096725892053076,0.5463680039501472,0.6292470791590284,0.569163373170646,0.5826191320352426,0.5427077676814348,0.531685682413256,0.5946399255540173,0.45308155951605766,0.5275451522433715,0.45585993416529247,0.4882327862672912,0.5253727924535861,0.610865600195629,0.6311339386188837,0.4860743648028155,0.6025423542293857,0.605873702254658,0.507871750614094,0.5119828510134721,0.6489545639252801,0.5374127774854814,0.5247276301338364,0.5869005125422908,0.6506648805894666,0.5490673277309643,0.5406584580490449,0.5621488943224001,0.5824365523956424,0.6868913898111787,0.5401368629327875,0.5501847706480194,0.6408734345629167,0.5701801762193518,0.5301204380661562,0.5967481065966292,0.6078897651794493,0.5534811550430105,0.5636122726129269,0.5293607675089304,0.5239159871214527,0.554892060056266,0.6627423539568856,0.48850359753404976,0.604994674936231,0.44021969109228865,0.6191578399187153,0.505758534943081,0.547106296568234,0.5317032454066979,0.592484887372442,0.5151255220571582,0.6253946520696801,0.5616016203782451,0.6089473476934554,0.579727485476719,0.6636345884647886,0.61000075739012,0.5205388023309032,0.586090012321059,0.5342969151893268,0.5225620047984829,0.6144684827683835,0.5530878132367815,0.5266069843038411,0.5714666532344956,0.5081665267716912,0.5218945648836562,0.5596132597459766,0.5319513485800048,0.701833234388229,0.48489244134392023,0.6459856395338072,0.5001604005565233,0.5675322448828413,0.5659917220667353,0.5428688934583152,0.5338022591594715,0.5717662593771344,0.5355874274542552,0.5255203122969077,0.552124558812732,0.46460054077898705,0.5680013059272983,0.5363991517915235,0.5338860667899401,0.5868953855119573,0.5272492090040265,0.5114519064941184,0.6149343541995415,0.5033444305545866,0.6027915113004156,0.5661005414669517,0.5963396140718922,0.5966016913914566,0.6214836730334297,0.38996114650354496,0.5715359553969964,0.5251840539270227,0.5081766155034689,0.5853974653567328,0.7007303573865997,0.6420306278586227,0.5496417015808456,0.0,0.5138269616781714,0.5488357587006132,0.5363770510343505,0.554640974496867,0.5527595094501002,0.5723623757885699
0.5305168599645796,0.5700408127244254,0.49116125015077616,0.6161767542260665,0.4874050900486359,0.4793476039319929,0.57097606768388,0.48502970748780433,0.4593050977755886,0.514204449485942,0.5513126375471326,0.48193673001822046,0.5368559416649638,0.5596056006227836,0.5580038125331426,0.49436729402452834,0.49846627505143737,0.5215766838097781,0.48148945353961775,0.4978696419536779,0.5116644991116625,0.5342514246451338,0.49374207908980505,0.546362191327656,0.5144355407005645,0.5335438579615374,0.4845843235892536,0.4889871932226995,0.607274089949887,0.4155571681537255,0.5178851807488183,0.4862901625819997,0.6278079381641214,0.4609991224743252,0.5846741706886569,0.5185650223120504,0.5577619278998508,0.5288453157912905,0.5216892599427112,0.6025769779188892,0.5751899274993904,0.4468953198419583,0.4792354813087865,0.5861722232252679,0.5306283562495894,0.4949937633889797,0.44880549788168017,0.5522693457551302,0.5659459022229317,0.5034416704240315,0.544310769902093,0.5226507999551026,0.47366659050633475,0.6183831416083403,0.5844554079608432,0.4641315971907254,0.5200744702136224,0.4698278713061315,0.5564528992280776,0.5179431383144355,0.5417149497078062,0.428667421870565,0.4823740187586121,0.4732634530770031,0.4783422176748542,0.4726086602603405,0.5763852267062962,0.5120667806367697,0.4721305622983782,0.5019492264549663,0.5342227900581311,0.5638958696729629,0.49849256481755794,0.5526226895867541,0.4809976067769579,0.4907894052913521,0.514284443400455,0.549765227841076,0.4845559277257954,0.481134897808766,0.47782396102348557,0.5141230450676395,0.5042454763641061,0.5151583349036403,0.4896516440776372,0.5273677293119908,0.4790175886571187,0.5148851185118026,0.4916041954569254,0.47687422632469756,0.5162814267517166,0.5019604934079628,0.54885672450683,0.5114812169878811,0.5590559115332853,0.5491698712205143,0.46051339184115464,0.4732107132366053,0.45366373055979853,0.5426459312878906,0.5826558385616303,0.45233943453503916,0.48617084776819924,0.49237547371929685,0.5023721710483663,0.47715820098649675,0.4694892187148221,0.47636335120842604,0.5379449277598644,0.5119904625060071,0.5343338634025075,0.4993541655609481,0.5330763041072467,0.4768891017357261,0.5301087600797275,0.5143013329837957,0.48053557972581534,0.4884166458865714,0.5238337957948159,0.4907482221509646,0.5429347719453231,0.49227345827495134,0.48402879639578344,0.5605711494356918,0.5219041621766097,0.5849310026713642,0.45733151683552886,0.48171428148177614,0.5244249662641389,0.5758876578551066,0.4273455218619335,0.4615613039467803,0.535995813788007,0.5349091114997835,0.5322588964658073,0.49767150020752393,0.469174533102182,0.6300644250696291,0.5356951644070891,0.501152670179722,0.6098329440288549,0.48364127165141735,0.547285726512186,0.48719979814280323,0.5576460777362265,0.47625196230966177,0.49036001186309996,0.49166040711579345,0.49215610563753603,0.3735791219294124,0.5422350676549588,0.5238728557644843,0.49573645650476034,0.4691816018282737,0.5071337601596078,0.533482759290557,0.5359747305544009,0.5138269616781714,0.0,0.5212131298834286,0.4985831189840489,0.5381868969576279,0.4634953928749789,0.5552742688150993
0.5704934814840433,0.5387253958847493,0.5144488073865067,0.5578773651731099,0.4971806660149976,0.560144150709546,0.532967923654485,0.5367236672275711,0.4931951846727437,0.541285185044118,0.5579239125379456,0.5245182259733179,0.5801983936131024,0.5645390308411031,0.47351166087305574,0.6166757264835955,0.6129000268495794,0.5371402988820237,0.5706814890842131,0.547992091966257,0.5947261351647918,0.49777933015022496,0.5197562426774386,0.4776023985016883,0.5660899278278934,0.5392573685633918,0.4800791216401421,0.5633771653394802,0.5407837335614345,0.4918885590747785,0.5332722291691406,0.6896155040660377,0.5042593868484272,0.540182172210519,0.5588141369763074,0.5607781205347171,0.5773064883100562,0.5963050624717843,0.5339088524159167,0.5341445006632316,0.5229646596796935,0.5069144766770679,0.5449701071109163,0.565753680393873,0.5468786692084625,0.5471184486910001,0.49739956473649544,0.5418617961040004,0.6061806020086348,0.5838441022594315,0.6577931910506182,0.5779794708150066,0.5186775030040807,0.5945681922010477,0.6336814415934756,0.5097277348793015,0.6373565598228419,0.5662249801096256,0.586262433954396,0.6016726400166745,0.5942983677210628,0.5346497285975067,0.5639468672808757,0.520926954173079,0.5208545809417102,0.5575414796752288,0.5691446572642469,0.521038065202066,0.5163093009918299,0.5487454454217618,0.5659195974007839,0.5918947016942118,0.6127671480773367,0.6377368153493069,0.580879105411527,0.565406046430978,0.6453171929492725,0.5819206976960951,0.5239841032707141,0.5920802712039559,0.5437691856033613,0.5527196495126449,0.5151953463989781,0.5593978248234039,0.6505371550891856,0.5402967806770257,0.565735155368403,0.640506360461561,0.6026035792517581,0.4733208186526358,0.5907944209635104,0.5497544668350145,0.6246236158056889,0.6072299144297078,0.6307392263407254,0.5108265532618309,0.5283827224800274,0.5236366746126527,0.5194179012573877,0.6059233438203425,0.5700384506207122,0.5620018173880135,0.5514177615730478,0.48107089663324165,0.6160851078669174,0.5530120821327003,0.6097385584729672,0.5193769096792311,0.5391261468565908,0.5120284647540813,0.6037027343861429,0.5873052431052183,0.626927771493209,0.6014589294450715,0.5655561247502173,0.5387681575223621,0.5829317437710168,0.5528402354997602,0.5730481158986287,0.5557705269813962,0.5670261430605927,0.5693872510618545,0.5507587352673108,0.6026373744339049,0.5396471459814678,0.5603618104040331,0.6000630722667526,0.5085833191685671,0.5740245225745765,0.5311301379320974,0.487778692493754,0.5908903028796182,0.6198065129487744,0.5634066451754992,0.5183283276876757,0.4851757285755833,0.48360894144867667,0.5146496634434667,0.481412491321387,0.5717114759835603,0.5006446419053294,0.6164773222583257,0.6301060686496577,0.5712661087261034,0.5939680635264765,0.5281007877438512,0.49727048455460804,0.5360519590923642,0.5416492889011552,0.43924252047242945,0.5849928195904209,0.5732412307758904,0.5470624296902562,0.4632702224534883,0.5453056849839654,0.5347481311638138,0.5060532900123473,0.5488357587006132,0.5212131298834286,0.0,0.5005189946077573,0.6144337741115262,0.5411825916420542,0.5572979545278431
0.5174531421005558,0.5402990004847045,0.5300341439219449,0.5076394031702017,0.43770071136959043,0.5062586336143154,0.4837030458610441,0.5066983069778667,0.44258040402298854,0.5663650994071286,0.4517934551536987,0.4465311123970724,0.5419904531400033,0.4861531671520947,0.5172620630049556,0.49572660307452604,0.5193407690658741,0.5614064737782988,0.49466410061840965,0.5006154888892134,0.5445807014853972,0.4889725858807098,0.4542079177012169,0.4923680635990061,0.5146383810421842,0.4885908618082073,0.42163640109540373,0.47173033186927305,0.5053903609464895,0.41524198711597954,0.482698488971322,0.5155286900936302,0.538300550227541,0.4352041621725237,0.47689842038046154,0.470481674776852,0.5019897743525824,0.5078322092090044,0.45487725004030155,0.5420928658081048,0.5687522574889979,0.4442754293750143,0.5316756051067075,0.5028541862594441,0.5096738194814691,0.6131472100603766,0.5348587206141259,0.47831354588028263,0.5054730613083316,0.520780344151273,0.5615473406358585,0.5772386636232589,0.5744260526357575,0.5472594502046124,0.4893793175769566,0.481789503247156,0.5522724498385179,0.45551144407179583,0.5949126112921417,0.5179359411428596,0.544880856392974,0.46587395312298696,0.5646385847070478,0.4376098851691976,0.5584700851809936,0.6131377867432249,0.5094763459519415,0.5599292071839398,0.49146756152843674,0.5022749529580409,0.56392944126334,0.5262627885366026,0.46900185943167305,0.5683408148312482,0.5209695708377242,0.5690213838356049,0.4830337326631516,0.49340277223176826,0.5632431231665256,0.50734063413789,0.6466620904571925,0.5125679967564201,0.5238259096035304,0.547821732527188,0.5097455769363493,0.5352917377078281,0.4580999195685898,0.5311548526715092,0.5674721975395768,0.44606883540073194,0.4801831186544654,0.47853879554776324,0.5168202406556653,0.5621982014147848,0.5409065455906599,0.49690585769170625,0.5182691407458161,0.4887568163243427,0.4147728674075666,0.5693490762994423,0.4737770421594185,0.4776815076663565,0.48312152078173937,0.5232850299685022,0.5168630155478897,0.558126600421255,0.5770115930092181,0.48576205457245475,0.6321597435917247,0.498031040756898,0.47775667344182166,0.47145760601318004,0.5254569679774838,0.46113489987667905,0.5750067513267363,0.5057004800361365,0.5764117650089855,0.46857683465524436,0.5216396559253547,0.44713531505996995,0.48088571006885233,0.5005057455687519,0.4699442577058011,0.5805793226196075,0.46519239736542056,0.5559112991621671,0.47779394729473773,0.4425973154003653,0.5169458180995958,0.5985756876969356,0.4476117116658437,0.5190990127375041,0.47157365899264747,0.4510823675959719,0.4862524761157251,0.5425158051609099,0.49623066060842463,0.5094879739332918,0.48824536363526055,0.517864749030849,0.6027989839185085,0.45933274473527175,0.540319369682659,0.4701323293642395,0.5020055482277574,0.4576087049789825,0.47035425169329625,0.6743084929907888,0.5297001034723698,0.36361255453892777,0.48525516836559646,0.6048971018190312,0.45517454736171953,0.49846292024954064,0.5292859854992641,0.5235527684844709,0.47010405901792424,0.5363770510343505,0.4985831189840489,0.5005189946077573,0.0,0.5181973069992832,0.5166272678591137,0.47010941368619275
0.6556625109264375,0.593116773281751,0.5167639596561812,0.5214212109546483,0.5050728864554807,0.6107991449476522,0.511963547404823,0.5398822022991356,0.5643878125830745,0.5474378818197948,0.5421389563142867,0.5426294383466609,0.5641630063817962,0.5603247799664496,0.4952151466198852,0.5802983914986128,0.5818661324284514,0.5547130437026235,0.6013491209649755,0.63600128701066,0.6147132204992576,0.5202389211814533,0.4928106816662452,0.4962050536015458,0.6156611171466948,0.515876351955981,0.44599600226498853,0.5281441775759036,0.5482499858196354,0.49727061602057737,0.6051072354539124,0.6353441904882581,0.509010285082726,0.5227327021616934,0.670016344977862,0.5630752549594685,0.5952988694616118,0.6356189385153024,0.5375429279708025,0.5069104274728203,0.5520954216952432,0.5391777741683723,0.556909196019674,0.6372296583669336,0.5489897607609273,0.5403517611873919,0.5368869212421283,0.5792132937711205,0.58339713186453,0.5955217642850171,0.6055072738708872,0.6306930404848646,0.5376032276606744,0.5839163475399312,0.5737209834846666,0.5800495498946193,0.6529480594842633,0.5589148955142511,0.5748691135383098,0.5649853013160552,0.5661720158831466,0.5178904598712692,0.5813058978202942,0.5439075805234576,0.5675542924236462,0.5684391823910149,0.5469080085316284,0.5483065575277665,0.5073119791242313,0.5564965323463043,0.620175281783339,0.6349700620449067,0.6201663562444182,0.5731619883020442,0.5874799725530919,0.6084010528034586,0.5195068982235622,0.5484598295435127,0.5495241573738449,0.6144401810979697,0.609061111064472,0.602101099956573,0.5543723453149785,0.5920693729092348,0.6490100181186818,0.607098045813189,0.5856432343608604,0.6006953541466378,0.5886284104412793,0.5105418210399729,0.5732369309809706,0.6020998460926675,0.5952319141916841,0.6329999347043089,0.6340096860591393,0.5738919057031691,0.5618419042487528,0.59480213835422,0.5549275007675503,0.5722475927515746,0.5920776565327395,0.5035438089662448,0.5474516679297116,0.536233009056678,0.6454643267470952,0.5520149791958061,0.5572164464658396,0.5526762739812744,0.5298871049822845,0.5566871404575571,0.5860844722413123,0.6012629404128038,0.6479723185773851,0.5682928675711306,0.5778554121738537,0.5432298192440241,0.6562761008173826,0.5454045861501761,0.5790877164662425,0.5698925921693158,0.5934280275473509,0.5461003176025597,0.6494964853036966,0.611789042882227,0.7014568054650433,0.5701251868955556,0.5533610658962927,0.49105350378994256,0.5914938027399695,0.5483592143219969,0.5349527088948631,0.5948736518103481,0.5885304241242881,0.6480349602405124,0.5747331071231943,0.5596147372536132,0.5544086655224949,0.5341850505107217,0.4843718573969168,0.585428817600883,0.5361837460640241,0.626178046611354,0.6342753930796954,0.5798594252537573,0.6346592533847796,0.5536047612450634,0.5607380473891991,0.5238966598607716,0.6185783753368348,0.44472881729367275,0.6430422636547731,0.6348815142618114,0.5335777311677848,0.45921012320126553,0.5811392833824591,0.570703981904961,0.49617405486810373,0.554640974496867,0.5381868969576279,0.6144337741115262,0.5181973069992832,0.0,0.5648993849360049,0.6045936936362711
0.5021854983186976,0.5131015674852881,0.5111200684285235,0.523148497758251,0.5009435548637382,0.5059940399817057,0.5118744048468962,0.5284342300933916,0.5097566685966497,0.5359356085801197,0.47914104983892203,0.5250270382777031,0.4831816340351399,0.47493293685890137,0.48403664570779315,0.5161646577357912,0.5124130142323651,0.49778419842376775,0.5338723141501696,0.5000264798903551,0.6245423861326256,0.4933670654997602,0.4841212315468344,0.4744339766015412,0.55632581540284,0.5212615333570368,0.4335730520993664,0.45412981951893927,0.47372714898062435,0.46056263141888804,0.5405565849001259,0.533868757563944,0.48034214401801345,0.4801532332038225,0.49684890529779807,0.5277794924092549,0.5243256670962145,0.557675555537468,0.5469132893092518,0.4901555049284308,0.5329293375139174,0.5270251647541317,0.5388133512874322,0.5457649797102966,0.5100279605012338,0.5225043179365407,0.5013629823921278,0.49976596121848527,0.533183216724109,0.5386152477830557,0.5891022540059979,0.5416099282656625,0.4801926289151573,0.5572747760208707,0.525253069622138,0.5388370319177671,0.563941558314516,0.5368366838611162,0.553016958564919,0.5066992207938579,0.5173945003052834,0.486901213373944,0.5137536427366094,0.49512934438839556,0.5425614961980031,0.5316296110512583,0.5495873905309363,0.5334882836680496,0.4742284813577362,0.5305049864421623,0.5791131770566577,0.5291924205129225,0.5375624299950621,0.5640716761633292,0.5069921044378811,0.4929883955558302,0.5431966893357114,0.559552348993092,0.5235488763500062,0.524365679537787,0.5645042609620089,0.6262268403896304,0.5278991309719187,0.4929856944876186,0.6422408837544714,0.5433646620103627,0.5407400050335719,0.5667873970878506,0.5210281653203027,0.5092132077787008,0.5468593201223778,0.5823819513884156,0.5251868989133769,0.5061491432481828,0.6372674802634535,0.5297235882292043,0.5409150481339389,0.5577759669537373,0.49914532356443136,0.5231617667127536,0.5058037978583606,0.5589854220755403,0.6048765588265892,0.5406053286572561,0.5482954562283571,0.5309577574038091,0.5803600126504633,0.5092664347378464,0.5176641765080915,0.5127878326397753,0.5639260428792043,0.6137022643272243,0.545332514761861,0.5890337182337876,0.48745351303978013,0.48026433729293305,0.5266593614494416,0.5105683856580631,0.5239894056319122,0.5126111976294484,0.5405541164763727,0.5965988157399729,0.5094440114606477,0.5733369114716315,0.5328877063828301,0.5162784292734944,0.5511113855427995,0.47983400500602336,0.5201415763989776,0.5263464240403772,0.4845084084597654,0.5944912791049157,0.5081326781502079,0.5592628379141176,0.538966302464318,0.4885795307207922,0.4624035989697896,0.48820929499883736,0.4685121145340801,0.6291057474451413,0.4778258163905329,0.5311371118519563,0.6201411875583928,0.6210355558861318,0.608478634161212,0.5266263429499066,0.5492235664216988,0.5467755000887984,0.5517472457432199,0.4081771345603714,0.5587682034921506,0.5457485729862838,0.5045995449753167,0.4894203948902069,0.613758658124641,0.5651162540726485,0.4396333124728516,0.5527595094501002,0.4634953928749789,0.5411825916420542,0.5166272678591137,0.5648993849360049,0.0,0.5327485055432881
0.6502694620641617,0.5729715606976495,0.5775432410458167,0.5724898662878394,0.6311618614380585,0.5305224198241905,0.5706620877564188,0.5464614813173977,0.5885837549018543,0.5520566136153896,0.7016105529050809,0.5738804151398117,0.5693000213788532,0.5236143320458896,0.5386332769397085,0.6053641025196408,0.591130024418719,0.5953939174272581,0.5778704400090007,0.6004362723252266,0.6455282516552269,0.6520224034752204,0.5580032781988421,0.5735285592605759,0.6358689920334581,0.5500732550543168,0.5090981498922507,0.5527819875446436,0.538165978216738,0.5316942819965024,0.5610035372103193,0.5486031053902866,0.5082378650721737,0.4936541214219767,0.6221661827476249,0.5204345001040487,0.6391726563333341,0.6139149212360014,0.5630046038830475,0.5608024473440643,0.5330416727292727,0.6089973042064617,0.552462011367557,0.6098118379130063,0.5451682482130138,0.5067237479573935,0.4845550593997251,0.6130546534744854,0.653271458328395,0.5585195103769004,0.5908153098230363,0.564954445113992,0.4655562179999788,0.5959887544951121,0.5647752300061983,0.528612228393509,0.6141283687348057,0.601706582432528,0.5755257405234006,0.5143893654996944,0.5468902062832244,0.4314316193454145,0.5324108232573945,0.5089419150385945,0.5188612552324559,0.4962429009790446,0.573256014187214,0.5698343463792439,0.5490208335468892,0.6276308206203167,0.6006378627177851,0.5476186885231633,0.5946112153404145,0.618185899279268,0.5543131123813562,0.48377923094556774,0.5682047731854049,0.5935232764087242,0.5004496404506952,0.5044493587845851,0.5090152855488135,0.6199364325527741,0.5783515768373229,0.5183013177184819,0.5790674154966455,0.6006805033152735,0.5805783120379234,0.5538529147173973,0.5058600634426131,0.518766502010817,0.648442579238296,0.5276539588516782,0.5733265416040434,0.5203750269955432,0.6304459124611163,0.5706151481997505,0.4757308125149876,0.524412944506666,0.47923922670747066,0.5159673673157539,0.5255668275307362,0.5151292776883635,0.5263862936992662,0.5272632037419882,0.5430543067710667,0.5242298855179384,0.5027850076038425,0.586441259442805,0.5069854457859847,0.5864071733179091,0.6144598969469877,0.5948284054320814,0.5714854824459439,0.584797796223196,0.5016389446432945,0.5709561032834556,0.5160179002922847,0.60577959356478,0.5639925917571695,0.5225041518765688,0.6324327278908065,0.5220218524598204,0.5606823850098264,0.5918557627936971,0.5866354335827203,0.5419441470808215,0.4865404807570136,0.4949345623405815,0.5253596830229504,0.5418349446131819,0.5140804453571953,0.5776034698280802,0.5659959274966795,0.6231289353224793,0.6192038675142163,0.49958996365222624,0.5180024444408858,0.5558087298739733,0.5553655785771683,0.5867447518967901,0.5035515230688872,0.5413259992771651,0.6061785303289586,0.5646178996870383,0.6309140647091903,0.5580248378521887,0.601339605134782,0.48742445850549676,0.5900563449921734,0.4028319431636781,0.6375090707822784,0.5239216512329061,0.6447311760927517,0.4930876402537208,0.5913346400715377,0.6110171897046487,0.5702589339312238,0.5723623757885699,0.5552742688150993,0.5572979545278431,0.47010941368619275,0.6045936936362711,0.5327485055432881,0.0
