0,1,2,3,4,5,6,7,8,9,10,11,12,13,14,15,16,17,18,19,20,21,22,23,24,25,26,27,28,29,30,31,32,33,34,35,36,37,38,39,40,41,42,43,44,45,46,47,48,49,50,51,52,53,54,55,56,57,58,59,60,61,62,63,64,65,66,67,68,69,70,71,72,73,74,75,76,77,78,79,80,81,82,83,84,85,86,87,88,89,90,91,92,93,94,95,96,97,98,99,100,101,102,103,104,105,106,107,108,109,110,111,112,113,114,115,116,117,118,119,120,121,122,123,124,125,126,127,128,129,130,131,132,133,134,135,136,137,138,139,140,141,142,143,144,145,146,147,148,149,150,151,152,153,154,155,156,157,158,159,160,161,162,163
0.0,0.28170346129545765,0.26606317981599054,0.2657262395371974,0.29671302378604514,0.2937504309991493,0.26697168358468654,0.3014615521932095,0.37151047484561567,0.2727544346335891,0.3088304171225639,0.2603042060605365,0.38804783064338055,0.2852695506709632,0.30037942503388837,0.32317679499716434,0.3509191908461903,0.43203491064025457,0.26668087901152054,0.40886775373371315,0.3356296261640834,0.28484867088687926,0.2968400041801649,0.2667904286336889,0.37077903149428176,0.2848884996543845,0.24504313416467727,0.3456420072207608,0.20791587146064983,0.2725746147406181,0.3315036854826784,0.343998220366534,0.2474815606334325,0.34825960232808156,0.4141578383746826,0.29635812988037546,0.37225622968672983,0.3421304659731465,0.24524185192250347,0.3164965866037832,0.25515698600721437,0.3541110830425582,0.32507301159995605,0.34534092631488916,0.31744614239191876,0.3951116092768334,0.28625719009460726,0.2982462153956792,0.3563776864829153,0.3630918558010107,0.37703789384731623,0.3579808641714099,0.29234350438610185,0.2578368251532363,0.2776920238432224,0.37188161155239197,0.43365922929920164,0.2918337949677837,0.2906941535774386,0.3384743236526869,0.28165105445707317,0.2890449331264477,0.3460875308512967,0.2561389787149837,0.3333427940223775,0.38388546580264615,0.34549447456263516,0.33231513858038725,0.2716920611882915,0.3358932070184343,0.4696457834281612,0.31585476462934914,0.3684519016471322,0.33813739282077193,0.34413300455430407,0.3658761162363883,0.2740687474792449,0.2668167780178835,0.34129636081178966,0.26496281910302105,0.3372389365985381,0.37442570430507677,0.31476950342879656,0.3188213476725506,0.38328956075363674,0.3832102199267036,0.3224391079882932,0.3335705404208036,0.38786881183259236,0.33995766915471415,0.39908353450344436,0.3212109467452743,0.3322403838758861,0.3811097495352397,0.38910903914082884,0.2644187688295983,0.2280069269011289,0.3127412570407488,0.2705421976439861,0.37656516743845814,0.28479132952019803,0.27233639256067355,0.29052765222093085,0.2353649153286985,0.4059803663858059,0.37261653711786297,0.3165146101741463,0.34848705161161725,0.3178961408747257,0.3007974086327563,0.31162036450057196,0.3988947725384878,0.4140055798862397,0.30126482995397547,0.3708515897526007,0.3463945682284062,0.3577988933555309,0.29061368811777016,0.27171222234011383,0.3122898355909835,0.33263015302224536,0.2763957902606016,0.3757229623004018,0.39894092482826066,0.3215942149076743,0.24948253501170445,0.28578477466883634,0.25140374881192795,0.28034902584930255,0.3071033271360543,0.2908924870789044,0.29429130570946127,0.28208118694549816,0.33634774563253134,0.2836883607115856,0.3395269674280189,0.30065413303952043,0.3176884550955849,0.27298343502654215,0.33436905190168753,0.2421792802294107,0.3026301090993498,0.3816653800685654,0.3042453541882862,0.3387566735123135,0.3290177410790802,0.3267928811266151,0.2722214704801335,0.3272091308066669,0.21135177363062502,0.410803432544545,0.287043745802552,0.28788539604417956,0.2255081908641024,0.33619093181814563,0.3729078418645959,0.2870247025693444,0.33250352918354703,0.2737542246095294,0.38778377051598806,0.27526560119075577,0.3574468782447177,0.2658851944794365,0.42620619532052945
0.28170346129545765,0.0,0.32663389623077893,0.28194244636430055,0.2515561930469161,0.34640738943207644,0.2782462064123589,0.3366079404081359,0.2526185997047882,0.3607163259503504,0.3369251552718239,0.3231413503551498,0.3052943007285261,0.2764792748946965,0.3240932863491207,0.2908544230493414,0.3246996614520777,0.27696328475377163,0.29400737849052894,0.30729241539046487,0.30385861703414996,0.40677130163432484,0.28603453404583495,0.32147876140710235,0.33379895764088346,0.2290314506276737,0.22916265981901,0.3401994795424154,0.30704907201183046,0.21830478593436176,0.31980070554778023,0.28523576635196546,0.30519509736786643,0.2792222034870895,0.31228469141518517,0.3196601728668517,0.26508033380416823,0.27964634102048214,0.3198930843309343,0.2860930159687403,0.3496074820355982,0.2953045610523829,0.22546827333208902,0.28188368126897323,0.3375691353360446,0.27530045755759064,0.23721146323441888,0.2736641209838405,0.3052740273973602,0.27551954064500206,0.2793888285148784,0.27830020099070674,0.2930896910740473,0.3600813218241838,0.3242213618828562,0.29865510268310536,0.29029941900755785,0.2701742553976969,0.29557341418793837,0.3130962215291499,0.3338128753834774,0.19950594873387456,0.25500857343393213,0.2400931850902109,0.2448882400825828,0.24800978781427213,0.2706381238243486,0.23630880207575578,0.23511998211180735,0.28242306929487987,0.2650494631932484,0.2669980118027264,0.23437305593955352,0.3197355567084557,0.3392836094404418,0.24553661290044304,0.25134840601008396,0.30231409132221915,0.2507600676449252,0.2103181149233316,0.28101598279170914,0.2682510035834644,0.32030495639155293,0.28338695383827295,0.25322112535568386,0.3653262489005292,0.23107430839458665,0.21585470808992704,0.2684184430580253,0.2971018903336257,0.23816224865221322,0.26520400032810304,0.3289131912632622,0.28355123498631113,0.284095651078943,0.3248075003276156,0.23736820484696713,0.2915805152981337,0.20746396339932885,0.3149701267296795,0.2833733832951323,0.2250461605879508,0.19356395112201932,0.2613125607132924,0.25110573091469385,0.26280595834147885,0.26712191592679146,0.3760035971892608,0.2911015615899426,0.3751156727329789,0.28263642331204897,0.2397356130717816,0.2658234311285388,0.23741664555436534,0.29507907031907044,0.36943712219555563,0.29509865117192247,0.24184333093847973,0.31269831610186255,0.23928796791353893,0.2689455599327414,0.22212772713294007,0.26752441608716565,0.3271701118252538,0.24699823260794587,0.34548365028082595,0.23584270004014185,0.28819555026688454,0.37622369985392606,0.26401252686191856,0.281054453377962,0.2711273616439392,0.22267931072229533,0.2982443005291113,0.3187067773959791,0.26942271104109483,0.2781091209586075,0.2872922979545795,0.2879153927860161,0.2585485128387335,0.269356093472818,0.2737591019172281,0.32563062206091703,0.2698823577929735,0.30122282518211935,0.22226090110888222,0.3183086456669939,0.29828939392651377,0.3379855733567907,0.22925499757516063,0.26611107708323994,0.29406384245575784,0.278023454480058,0.27792007119315093,0.30595217763523147,0.28700800047352104,0.2881828115132696,0.32576921390529984,0.2528586024247836,0.23791085964257586,0.299263465482288,0.2744131099311078,0.2220731058866902,0.29009403460683303
0.26606317981599054,0.32663389623077893,0.0,0.25088489122242774,0.27488073758018033,0.2892958735654014,0.24280898784069976,0.282054677678822,0.22805309457295375,0.35251479444180617,0.3519062679897678,0.3046657797038855,0.3106942871260219,0.22851815844173404,0.2898744545585189,0.3456023869472686,0.33534001488146037,0.2816335186618629,0.23973902887281495,0.2554658345819079,0.3228198512525819,0.4440480395295871,0.23857826939019156,0.2821601575622544,0.2756537188132334,0.2520721687254701,0.21733345460165898,0.28712044468362263,0.2496553098514845,0.22690940981390295,0.24713691085142667,0.28405878112948824,0.2406395548170326,0.2403317715278833,0.24158617631703724,0.28598749902651893,0.27675530506714785,0.2546032822168993,0.2897432595052658,0.26525703625097186,0.25926064259377596,0.2743752773644698,0.25931682765779285,0.2624546827376191,0.3086272121815463,0.2752461524857386,0.2328325864340959,0.3087699581255834,0.2811347450507096,0.2741860705379908,0.29430410475464636,0.266102264637396,0.21620402620641102,0.327962032096037,0.325814598298389,0.21986915590747771,0.259916092109197,0.2779665178635505,0.26133061479463626,0.2743662594790892,0.2765300530739794,0.1995114096060535,0.2764988416579081,0.21859674095432202,0.22705815485214764,0.2456150694481322,0.25122244704744773,0.27392163616782184,0.26497994874877623,0.26012404982535414,0.2875163256514729,0.21971546316852084,0.2262046287536363,0.37749973574128537,0.30321995859094203,0.197338230793591,0.29099441271434734,0.2759957968409124,0.2258470008370722,0.18270648538395007,0.2410848078950589,0.2595162585598363,0.2874897072773503,0.2469073678832437,0.22951485965114077,0.30341031802417257,0.20988987267233652,0.21069556204303524,0.24221170831080413,0.2304894322075074,0.2617000314127708,0.2122484467933998,0.30227885427872714,0.2178996434877884,0.2562387907818136,0.2652869282663066,0.20560683255215886,0.23267977622415892,0.1833224805906623,0.2686053478142304,0.2183652309801255,0.24381553004740808,0.1901904738181845,0.24715858236618632,0.2434167679278322,0.2933549331332814,0.27405314574278217,0.2662269167382076,0.2635707887734629,0.33074468056660866,0.2704203870071629,0.22598872251790875,0.23674091175101827,0.2165492201859446,0.24368177731880303,0.2904803913915619,0.2120335017187557,0.3133377056544472,0.28819788324625845,0.2064050983031852,0.25796459842592023,0.1933634989212645,0.2179339964672172,0.28864247921852615,0.18686868714782093,0.31902320605034273,0.21354081831673002,0.28667268930908374,0.3144318246370053,0.24958790613942905,0.22482099232456498,0.3103694135213979,0.19119662725677922,0.21760182371130204,0.2897420749164257,0.2253111916547184,0.22990831737411768,0.23769753757032824,0.27712717939554854,0.242146268095265,0.21732763009065156,0.2476224410714148,0.26228150230291225,0.26364688308694945,0.2627905924364131,0.20044239821023066,0.3102257422879362,0.2704851973007707,0.3153897991628186,0.1960886889273429,0.22433520260583642,0.20769169011076838,0.26774392096140115,0.2738460348733254,0.269994731332853,0.2600704707184132,0.27098738924473864,0.3045216071136099,0.18819983539443852,0.23192469570275942,0.25363094636381917,0.19061489095302983,0.1919667687812872,0.27078977895001155
0.2657262395371974,0.28194244636430055,0.25088489122242774,0.0,0.24628426715290355,0.24983175850943373,0.31077936274954576,0.26445249612709165,0.2317592491741528,0.23591897844624035,0.2855734406159659,0.2600873532706599,0.2732335057241343,0.26261280371278223,0.3650506806993558,0.2372062456486693,0.287085846701983,0.29072843242502594,0.257286561656892,0.2559085670105947,0.29307103146320096,0.2878808136078227,0.2890572356748371,0.2767287123371487,0.25729428914437585,0.274716438198811,0.2605694120583592,0.3086515459639169,0.21774365340395396,0.19615581701999663,0.26111080859228414,0.230354505582063,0.4289846700452186,0.27972695677947607,0.2861295855709934,0.29075622188311157,0.2597591697265466,0.2712431019667085,0.26639297331230355,0.3139519513094597,0.32966664783323224,0.253255884403297,0.24088056976732253,0.2906650364764104,0.29462565897368814,0.300958776048898,0.1967187745296801,0.2378372091524201,0.27999214300231384,0.28456443143571325,0.343296940615469,0.3062779392504917,0.26855510843892055,0.3523917383247516,0.28272099859967215,0.23109104993009483,0.3040357465386177,0.2544111087998241,0.26992773004819787,0.3246543003681208,0.28996323200524116,0.21517010438604597,0.2944884089312399,0.20899741554842627,0.2694912678766908,0.2788090595709599,0.3204233614797851,0.23088147146477572,0.24266570309069202,0.2570037712810901,0.27186834755104894,0.2510182811313962,0.24420693789297748,0.3667070431976396,0.28354402362357434,0.21982986682914413,0.290675427357911,0.26527180911317105,0.26281844163765755,0.18004546640208283,0.23199897279409457,0.3276284068946687,0.2387359950608626,0.250602884686911,0.2803795211584798,0.29375690817064165,0.24232918514663981,0.2521239673173927,0.27331842752263386,0.2521153569945588,0.28302211519333914,0.2772593195323564,0.26490472584439545,0.2570570481277844,0.29847858579933223,0.24341231555449586,0.22012514226983404,0.26363104900449463,0.20797142787222792,0.31113063631860227,0.2488495655645818,0.233875354215488,0.2713243442617867,0.23761858582706508,0.2800155202306488,0.26850166289909544,0.28229214282984805,0.2516783207187787,0.30024170944232054,0.24689455904103141,0.30747313649485736,0.2651824150878643,0.2864619411682044,0.25586229975184627,0.29542632810106256,0.2876880198554786,0.2538724566006581,0.20811830395619024,0.27532135350346026,0.24806919011798878,0.2609085395419021,0.2597821043856353,0.2393417816968175,0.2926738720544993,0.21091032727238446,0.2529175350420237,0.2458936839827986,0.2537427999857809,0.2733165203239039,0.3103603674724706,0.20887761656568105,0.260411125530423,0.22798713062264894,0.27743448220966277,0.2640560895594925,0.2306883289004121,0.1929298958474065,0.31428683518027,0.2819330429165298,0.2619559864539623,0.3305594421035581,0.22097410100253437,0.3263234161939004,0.2718810427106803,0.25403585888812236,0.23545514266125056,0.28377537696735317,0.24435742601440383,0.21933099046893761,0.17620922212120746,0.2923993230688647,0.2470858267311156,0.28019731905158574,0.2254135973133535,0.2832187141788829,0.2800189650537645,0.28480381945038746,0.28233854632731203,0.33323273209066223,0.245099334693401,0.266664030329896,0.22876294579138712,0.22610337705103387,0.2739133713361086
0.29671302378604514,0.2515561930469161,0.27488073758018033,0.24628426715290355,0.0,0.22897637292583828,0.3306155420781419,0.24812625097375884,0.24610326429029508,0.2714649718519165,0.292928214805209,0.2398014081747238,0.27487885325076095,0.2569745372801122,0.28981051197885793,0.309565657658261,0.33290585229119796,0.3207675697802847,0.2192884121441888,0.2503956228847154,0.30738893833263486,0.2726051484755329,0.3396657779261102,0.26337141622139326,0.2808751735295261,0.2712776664105007,0.2490696864281455,0.27038638455822867,0.21054862483287137,0.28442281452384316,0.2714858357731421,0.253502611221492,0.23212357199700862,0.2723268837676549,0.33368377816064754,0.2993996528897831,0.30290722647813706,0.2902770816944772,0.2480267384579294,0.27400152276993267,0.271083757906977,0.32688877263843785,0.2915437000398174,0.3171606460965687,0.25284408035298955,0.27844568745457005,0.30789252646988197,0.29916960128177544,0.3503207252086324,0.2880273258651485,0.3161849808832744,0.2722775399382301,0.2476126024639229,0.24528836412716817,0.26978756264750847,0.2658826857508512,0.2578695214839154,0.30114064930732687,0.27104755109588646,0.2727080962119863,0.21451144603353395,0.23005096061963523,0.2667762847881423,0.26042764499522253,0.244888039486866,0.222472122857134,0.24432093318464077,0.287892784119182,0.25789905690310644,0.2884125487968302,0.2894102719623602,0.2674869240728644,0.23167495618050965,0.30015881477953804,0.24965349370894463,0.23499365454423565,0.2776253904613004,0.3994221396800833,0.2525549607365533,0.22166837497878605,0.2845116939714396,0.2701750140017014,0.32685986041692144,0.23887550882155853,0.2632824342131848,0.27800969087735744,0.24135567468644992,0.25132560639453516,0.2676033683681677,0.24094390875151817,0.3978683282019465,0.2917853416882532,0.35042434869751166,0.2196211619262186,0.29946954524041414,0.24294179869429205,0.1839134731265283,0.2648428039779128,0.23873411009247694,0.2541263291588113,0.24279476433684716,0.2340873950423238,0.24966216308290978,0.2289200747192945,0.26144660637640804,0.30682711787394995,0.2503919283933668,0.3253249599056819,0.32353895097208535,0.2790458031208941,0.2804262241016411,0.29702649040918855,0.2505305067860089,0.27337326307269344,0.2593426954024635,0.27395504913748614,0.2593969307870011,0.2555496252284003,0.2505625133746238,0.27281903932061985,0.33822283336204617,0.24022945934298912,0.23732661284067588,0.3581247211466637,0.23029847384260624,0.2350304201680135,0.23109080581290514,0.2664451630340574,0.2589092159213542,0.26501711244342324,0.2578751404562289,0.2591029349176403,0.20674749284849508,0.24345833290585037,0.22701325228082908,0.27782471058988834,0.2476645864153072,0.3016845449132974,0.2532871206608562,0.3006591183891084,0.2127295254797497,0.2726209952151978,0.30411596393144624,0.2782533190737125,0.3043483650373746,0.2550835944218308,0.30276263811986154,0.2892390591633876,0.2589624722350832,0.20675401377325583,0.24396610017609804,0.258270938509709,0.27535501356871767,0.26783733313295865,0.2982075179598223,0.2847204687434934,0.2270531435694294,0.3504153499152775,0.22715315483840254,0.2663443001285847,0.26691764279125335,0.24178203850030444,0.25098164132034784,0.3276382956073362
0.2937504309991493,0.34640738943207644,0.2892958735654014,0.24983175850943373,0.22897637292583828,0.0,0.2298985385779419,0.2962846232909471,0.27429716984459673,0.24186399780030787,0.32953746183483945,0.37352094854982476,0.2924321133310112,0.20308489536962598,0.2829639375736728,0.31640899301568315,0.29728634064157655,0.22027025952657328,0.34264067755957384,0.3095558011943911,0.3295805805437186,0.31470182187391993,0.20173202549653532,0.2515852647123972,0.33347804539032233,0.21215416276857701,0.19030191936909885,0.26603837923155277,0.2269584119798348,0.25175248109888654,0.3290289981265148,0.35623554413469605,0.27955330933761463,0.26698739515193565,0.269433365013403,0.28063323497717174,0.27795681118749505,0.2577041497508099,0.2928267340413152,0.215439336813985,0.2798840433560994,0.3041469725659344,0.26118328663553625,0.33770179812011675,0.26218610359652395,0.24055506296007576,0.2292958691369619,0.2959320899208767,0.2304484392942175,0.2791889840497252,0.29492461724437824,0.31790077189147314,0.23746864089410277,0.32271180610496886,0.27551962070459773,0.29330620824749143,0.28931900017852624,0.3808159035044054,0.2157770683592186,0.24672532735811517,0.31277908681058564,0.2345024102810277,0.32915809438568516,0.20472507184336208,0.24380302117258285,0.2604276501385254,0.23461510036481562,0.2557973564777294,0.21033626239517736,0.26834316301924566,0.28778277597997554,0.20760617065272216,0.256881221519037,0.28360274231957666,0.347615904208257,0.23624965659459143,0.24492735588778589,0.23931539064415683,0.23058557075184483,0.24382177311510556,0.32851015536516753,0.2852755760418371,0.2816349899889428,0.26865933124066055,0.2647119733489123,0.2885894568368762,0.28685860155281734,0.22061783128111664,0.26192702332140216,0.25323812443326915,0.2583739062203059,0.2904453442544586,0.2994013445407694,0.26615771452384973,0.23683384002040975,0.3198396533705383,0.2694672555736537,0.3157570894488278,0.20433368830820203,0.24726029390736454,0.2338356737422804,0.24350472262016384,0.222297405526394,0.24047989705119663,0.2786611769298445,0.2729543259688087,0.29008228668825464,0.28354688041294207,0.2253005772206355,0.3297400564047185,0.3256386846326909,0.23596035521330724,0.30500107017423544,0.24226316715554413,0.2453287906710007,0.277402391026439,0.2944468388782981,0.23427158257556974,0.3322583239701025,0.22552242406705764,0.23739223214473038,0.23563951241996933,0.28279797993225125,0.3055944261350288,0.259429854960054,0.29852062945800234,0.23919213218038976,0.25130411950888,0.291455174294262,0.21233484890153656,0.2747461598572478,0.3764776804507855,0.21723199860892115,0.2896552109859745,0.3100564086467663,0.2539403874774141,0.2710795045076224,0.21701797165443715,0.22405981966037936,0.26169043663921127,0.2493991328853851,0.2923100610489908,0.261931990876627,0.2874361570847468,0.287514454812247,0.2290408788446309,0.35374507316174847,0.2568777166871589,0.2868652791556088,0.22312830023903324,0.28783135108139624,0.26696870074524304,0.23740719869932472,0.21463468770958663,0.3381194912205402,0.2742520296452674,0.26027809073850006,0.32198803590877534,0.21436698332958382,0.25108456678749497,0.21580415598696026,0.2813748918911359,0.21660647312067322,0.2805567984012167
0.26697168358468654,0.2782462064123589,0.24280898784069976,0.31077936274954576,0.3306155420781419,0.2298985385779419,0.0,0.23278522901149204,0.22312786968938328,0.27476319562774076,0.2701743763843925,0.2591673112839538,0.3010702839580874,0.29271692121224907,0.3663250520529002,0.2463725671142812,0.2762725378875672,0.29818575995873636,0.22730133088519666,0.2247688242583652,0.2654383998168218,0.27650619380406,0.4066536781038978,0.29004884663421077,0.28206046425468956,0.2946558184887195,0.25486654059427316,0.2659343198467102,0.24357774086514902,0.23293209964200987,0.2685186977695672,0.2607454044496026,0.2966373388930439,0.29184083323173293,0.2933507772885745,0.2630227537547584,0.30127925810782374,0.24973663989081107,0.24035822168198948,0.33357751141624215,0.31586651067800836,0.29052695039204657,0.27123324591362713,0.31279319804218564,0.29380587319610657,0.28732313166411555,0.29452965659791486,0.24946716000017227,0.39771668925538056,0.25389794957788375,0.31686053383594875,0.2619597623431773,0.2306262468699637,0.2826906062915094,0.2903442515726005,0.2712666166839152,0.24243944921571597,0.253608131687012,0.32360848912849005,0.2658298745241238,0.21525974260268158,0.22184972754520385,0.23569822150738134,0.25404214212602977,0.2343637042736443,0.2156631168050241,0.3026659441457578,0.2936990272482188,0.25862566514222873,0.24935669588452825,0.2752969809926194,0.25688799686057434,0.22582117787619957,0.3288639017983675,0.21534144986196796,0.23916102754873875,0.3169216984183453,0.34789683409963523,0.23959582205514152,0.20475254818813204,0.2650903657916715,0.25519914710718594,0.29101078303790007,0.2227497051640303,0.2416911671025616,0.2713440603781907,0.2234354049089223,0.2584206964897492,0.265203980419617,0.24640535626476923,0.31799717293389307,0.32930058714816024,0.29553655044896837,0.2214463653886488,0.27865607781361,0.2707898719184418,0.1792486097202053,0.2996896838468925,0.2311060796082674,0.30786423451947187,0.25563922238365305,0.2341853502443345,0.2815463131118272,0.24064603667655549,0.2331634007716579,0.2850465190259128,0.2328134286611488,0.29494632011475364,0.37026844333788483,0.27524558356797674,0.3221376446832226,0.25700154798970437,0.2555715010167523,0.23205490461546086,0.2630497208407387,0.28502590608183004,0.2603903353463878,0.24752443535937899,0.2752406065285487,0.24150949242376052,0.2771040339044454,0.22841146686346964,0.2281474319304996,0.33738087816900814,0.21936341355867395,0.2788377528126126,0.22676500194194024,0.2844934384632739,0.2562079246963671,0.2940273480723081,0.22834574462945528,0.21648255670443733,0.20152666388182125,0.2211571235157421,0.21279282940661964,0.2693336685013019,0.23668222089548083,0.3357648131531475,0.2677489452620466,0.26999385286124816,0.264791711590871,0.2435068221463063,0.2924323891689328,0.2403514784120528,0.2791347852571906,0.29091656579086367,0.2709091669138713,0.2982610147540608,0.24056351900927622,0.1849158846113727,0.2397878632092973,0.2689548308105489,0.23858920343287007,0.32333884014874964,0.3182607579679627,0.2786639179772381,0.26214102199754746,0.34185347836222396,0.2898879017796878,0.27880161074582704,0.3016039221356235,0.2357782709822398,0.24142480668602903,0.27301589252810027
0.3014615521932095,0.3366079404081359,0.282054677678822,0.26445249612709165,0.24812625097375884,0.2962846232909471,0.23278522901149204,0.0,0.31041346360659205,0.2808839552443616,0.3077317006603242,0.30577587798581396,0.3126420862309189,0.23682058856395047,0.31160857938867853,0.3289720576352479,0.3279284513112011,0.28166799170154844,0.28154589437233996,0.31727412279789763,0.31546879963720853,0.2854189947692806,0.2524459468918543,0.24995521988605324,0.31744830069967983,0.23700913212779628,0.24956330405454305,0.32390868723555977,0.20913125322592482,0.25096861850810753,0.4120459109585515,0.2992430396324597,0.28154028433022865,0.2914532223329885,0.3044845863376215,0.34569003268158305,0.31165114901973745,0.34892959973005655,0.33316937738025154,0.25654245387539976,0.2897164462619458,0.2738365140795552,0.2940105775336067,0.2831950071477037,0.3901835108943878,0.30179409364705473,0.2353928524141346,0.2746064242247674,0.29190431717789134,0.29337493919564417,0.30339437582146817,0.25964136583876235,0.26315766133117696,0.2815536347557905,0.3009115293261517,0.2696125612311597,0.29797212522689714,0.35918976298019567,0.2845916259297365,0.2899204543134791,0.3997675755375934,0.22125020367095455,0.30307598703258,0.254107987854582,0.2403733055552402,0.2608779502952308,0.2758558932794563,0.2581567398013753,0.28262905692460677,0.4383972534297668,0.29921843650486146,0.2631636911295041,0.24734071188883483,0.32466483042233085,0.39353478253084717,0.2442629965757331,0.30466518932389225,0.26030452050342096,0.33746882516237775,0.19687541717943868,0.2754414919795239,0.29009993356215213,0.32381599451692694,0.33433768371672357,0.2894654865715955,0.41053164575900697,0.3474325378064677,0.26151667065496836,0.33793448054990677,0.3015638786776152,0.26525293929321275,0.2690345571236124,0.3202227333623181,0.2559930479076957,0.30197939270847207,0.2888673326679967,0.2815710400795532,0.2958331910209639,0.2116163563513817,0.3068166122103086,0.2679628383054136,0.33066269714633484,0.22656309718408207,0.2642906030306193,0.32030913934052807,0.31041894650250734,0.3081037873801978,0.35629929900350077,0.26673838741898964,0.2889615647564098,0.26158344919893833,0.27018132980882625,0.28574397079576225,0.29592341996233046,0.2935757099866728,0.29671054779775186,0.2934089540466412,0.24710209611973533,0.24918681617898703,0.2505056722017077,0.2657180469733026,0.3279559949638064,0.2459476952966227,0.3199627497734404,0.23822771209402901,0.27873400277335647,0.23158036137851734,0.33819370406875954,0.3064985742583036,0.2637713695756105,0.30797340586980937,0.30048486609202935,0.27253447524534447,0.2710531602095571,0.31137484200398835,0.24924995373832878,0.2805014013022953,0.25627122846411626,0.2854669721380036,0.3255529464574075,0.26313287431017485,0.25957132548817513,0.3133695682219484,0.30503466215934194,0.31824916329878944,0.24416885764757554,0.3651002070367687,0.2967934281034327,0.3119009728291986,0.22022813029205815,0.33711718985525096,0.29649234798544616,0.2836519147699934,0.23695418001193058,0.35857120870264575,0.3542419513820032,0.25981507440349616,0.3293403192820918,0.21659250092339535,0.24950694862359282,0.26131979160039476,0.2615165644698686,0.24239122935872098,0.2940366365341113
0.37151047484561567,0.2526185997047882,0.22805309457295375,0.2317592491741528,0.24610326429029508,0.27429716984459673,0.22312786968938328,0.31041346360659205,0.0,0.2298461053962672,0.24114001105777766,0.25606672922071577,0.2678553842597929,0.27157693300598823,0.25245048142795745,0.2801296593597792,0.2777557637340974,0.3216283207854131,0.2555067484814303,0.312617296278273,0.26953679208316905,0.2594274209557384,0.23663145253679432,0.21186913933879425,0.2848924365211777,0.23674538192153113,0.25266914104553523,0.2865539564570002,0.18616383587552476,0.3397545253679368,0.3609974257901056,0.31016780073259037,0.2267033358493216,0.26686772650380847,0.31275122252690435,0.2503390471804748,0.261971578274978,0.36275914291595385,0.24861709962703415,0.23761083130661265,0.22814237890620076,0.3466502960471721,0.2666093754724355,0.26160616394353864,0.2784176449426628,0.292900777383788,0.24214788211734037,0.22185022435455098,0.2625512476027597,0.2816237456015445,0.2768727288664971,0.26486829481873436,0.2753489736569779,0.22227617868506377,0.23177697027593508,0.36607487141892264,0.3258402808518811,0.2994628384488172,0.24893665285510966,0.25896997115091885,0.24404674992809916,0.2956780222190866,0.28087696888334596,0.24202551936796157,0.3030867007284246,0.295921877947957,0.29454050158983425,0.2679401658121257,0.24585121928372045,0.3162484273494225,0.3505514260933239,0.2818672596740119,0.3305087270395521,0.2662621297808773,0.33954384468239535,0.30218319815876427,0.2364617568830609,0.2242194918538538,0.3200814716385017,0.25922468801570014,0.304792956732111,0.3624237833365705,0.31877547037542237,0.27744563020756774,0.3724336796892583,0.36749434159576944,0.3144482615277636,0.31531641731291815,0.33380408806506284,0.38093542014505294,0.31373993006907464,0.3317799017589816,0.26091436783037114,0.2901522783088077,0.3500318166377934,0.2529444213640536,0.2764155375664433,0.305056580685685,0.3075425630348157,0.2824790846093377,0.27160924843857187,0.24434715145505156,0.28266240466879655,0.22479532134940056,0.37542116639364514,0.3006681627225943,0.2524185995872027,0.3017696200928786,0.24785224144693732,0.22767866979020804,0.23173101556371753,0.3607355017988408,0.3168503253798261,0.3823564562992812,0.2975072946674046,0.3004270163304175,0.3359244920537928,0.2380906269314795,0.2028805123523547,0.31333556947665414,0.30068226668439496,0.29332523631648294,0.2991614299787109,0.3124141385106821,0.3946063957183122,0.2253916344013502,0.2852933715569445,0.24136653845892023,0.22984136977687303,0.2584691226433894,0.4336485979625239,0.3268230609299436,0.28594545542784694,0.35652763297070894,0.24631381934806912,0.2791569783724116,0.2641810699780928,0.24753195164617475,0.2483408933102156,0.337171998294542,0.22919184041807972,0.288419047997547,0.3215445413738747,0.3326732921480238,0.2879282100680364,0.28821724587075553,0.3637462838080638,0.2588702560794908,0.28291649707076527,0.24078170903100754,0.36331324550669925,0.2792709264528271,0.2501235851346331,0.21465961016551394,0.2965248158776097,0.331719721906318,0.24382656738999287,0.2921058281443698,0.23761395447923087,0.30660127813132954,0.23055841900144428,0.3616827327107654,0.34989062993495473,0.32297578997475695
0.2727544346335891,0.3607163259503504,0.35251479444180617,0.23591897844624035,0.2714649718519165,0.24186399780030787,0.27476319562774076,0.2808839552443616,0.2298461053962672,0.0,0.2780790152291168,0.26362458698841906,0.2802076031751178,0.2668156335551273,0.2726538292403506,0.2801401809021206,0.2789162977718453,0.3102127609102661,0.23473431931253727,0.24385005879832697,0.2559906491564335,0.288839568879405,0.3214566268588046,0.23844982367477174,0.3723839064408944,0.23298685360642157,0.23851994224536313,0.27472616831337093,0.34070454384997456,0.2242692259709409,0.29599768892089295,0.2769536116153748,0.22310611714178033,0.25451272984066137,0.29560222091983707,0.28396595065379454,0.2999621585698968,0.2688569109315514,0.2361953259794051,0.2564225962670231,0.2399457978427941,0.26762730055300776,0.255834292520878,0.2589104799907582,0.2894765932987759,0.25823177965679045,0.24722154202574398,0.2838091680851973,0.36322915713606563,0.2299717584445485,0.2534397573341945,0.2270236185328123,0.221804964499408,0.2742445289209559,0.3386491342495918,0.27185561122201474,0.23328757557452776,0.2360802200188973,0.29225517773846044,0.2531150894685831,0.2551919465498317,0.20142055191609534,0.22148795730412427,0.2444222971449737,0.22137237123064513,0.21869597709694444,0.23994989379508005,0.2632010171868266,0.28416888497278736,0.2986370732472447,0.24655178758630455,0.2919117334768915,0.2080602527601779,0.2808569294881647,0.25155746196036405,0.256401306498465,0.24015284629735828,0.31155419715371985,0.2327542904407273,0.19982132430779112,0.2571338171614777,0.23786309792894283,0.3125904904187838,0.2697904329266823,0.23628945702971618,0.28977969042588675,0.23462136765046715,0.2454447261351435,0.2885507959895311,0.2368261294536693,0.2502395761758726,0.24996857839043318,0.30724272097470234,0.21384135758774586,0.2703317100436108,0.322905616850714,0.18468670808488236,0.2735254413429737,0.21933899902736406,0.27050725936078207,0.26958086544276727,0.2342900565467021,0.21988961998589718,0.32812976639991687,0.23587756355466669,0.2553256786498984,0.2321334207091592,0.35281260299637723,0.27255641478896486,0.2940944412556047,0.24489772769863383,0.2378173593829406,0.24384237708137696,0.2461457934207072,0.25342511904295467,0.256795044548145,0.2635189266174568,0.3473360244078091,0.26331283641396047,0.2539629365939813,0.2422507525734617,0.22447081834246935,0.22044439998443668,0.2941881193658032,0.2203199431870029,0.3446386981665622,0.20387273764126898,0.25092378609694865,0.349766999271522,0.2776373054154207,0.2793296680432733,0.2203016084209806,0.2192537897478097,0.214924432017938,0.24823403582052705,0.2414395267498143,0.2644472973319835,0.28326163073674704,0.2934355786071947,0.2598185381538256,0.258470415128724,0.2761304971780823,0.27389003421938357,0.23951807592483634,0.29421048197978694,0.2486065402153826,0.23825566539719062,0.30218338126429534,0.4354549744654729,0.204600565286438,0.22846830225824677,0.2919090646554059,0.23232209108499244,0.2705156402042127,0.2867473303775118,0.27256307578400857,0.21950477632242993,0.3041240873810715,0.23797509781108914,0.255861623988709,0.33037177309829174,0.25939402982271087,0.2353639301372679,0.24308554887622463
0.3088304171225639,0.3369251552718239,0.3519062679897678,0.2855734406159659,0.292928214805209,0.32953746183483945,0.2701743763843925,0.3077317006603242,0.24114001105777766,0.2780790152291168,0.0,0.3138088684894183,0.3608565165203201,0.24272573462774996,0.32901263658205265,0.39144992722036287,0.34896195788827616,0.2923770988795282,0.27017215929792143,0.28632198534065517,0.3266392114523925,0.39596563782101935,0.2696848440783714,0.30803011597494384,0.3370195081081221,0.2878704782029261,0.24611955577276148,0.3449034754800455,0.26334365397518367,0.24295858660338698,0.2949808828297654,0.3011738510030135,0.27412858375246213,0.2698861725804767,0.2949844559295081,0.32792730207006665,0.34481284590362565,0.28820637230912977,0.34359329300308533,0.27738777043328816,0.2896232617036091,0.286369769145904,0.2793438801093533,0.3440567407017076,0.31702462459288105,0.2852232619037579,0.20796659736103404,0.4052914727897833,0.31387484408118,0.26269840337452416,0.31762457409992195,0.2644701854826193,0.22601716763305485,0.36237826439490567,0.3735566278652769,0.23889355505866502,0.2855013960785105,0.35709306958343656,0.2719743836562951,0.2770328754096811,0.3417790553700098,0.19918672500951548,0.30518745209178544,0.23032454871659927,0.21503589589718533,0.24637753210910396,0.30062699807734566,0.27341480977875876,0.27949188641027994,0.30867253518121784,0.30345226788485646,0.23290637159001373,0.25035866993486167,0.3591344085138781,0.32579193894297126,0.22849274313552798,0.3446655255488005,0.301826272965732,0.2576855160081328,0.2094499983443077,0.2879051187825624,0.2518179578733166,0.2973121872182377,0.3061915261552068,0.24841695342646256,0.3075470294273195,0.2746498880433581,0.22493311323566786,0.2560940867965091,0.2690302052941515,0.3090659329846214,0.22236301269538544,0.3620590283351506,0.2524032605223377,0.2640987275301159,0.2993066711355382,0.21202572316989868,0.23959592716781428,0.1917047658796637,0.27291654679080213,0.2811079726664239,0.2696732000331597,0.21339905137042656,0.22617678261184124,0.2595423734367841,0.27744331437599945,0.2693504226256184,0.3221923018153889,0.2670908993847847,0.36037242259508667,0.32442520655363694,0.24639215574267592,0.2837605258165856,0.2571914211222619,0.2909524951440842,0.305803085052808,0.2546323111853685,0.27297135199289185,0.3133216470806573,0.23443617852831888,0.28928204307727023,0.22545859515005406,0.24881247913073018,0.34657471368790455,0.22346909158297765,0.3399730658380446,0.2010760952021517,0.3135540874616143,0.31940396095690354,0.2555378024293212,0.23021415435806583,0.30610473452721315,0.25076191293129835,0.25903225342565894,0.3610043973094257,0.26440753520527466,0.2687465768480117,0.2645646064020841,0.29973937626236774,0.27973997898928427,0.27866647080672274,0.2703921612202866,0.24879230885906758,0.26648238020928017,0.3485644642496108,0.21438847540553477,0.30135846541536104,0.29323516683344525,0.2771599233732494,0.22031907102500456,0.3198041948952551,0.24928549167094535,0.31743557460856564,0.2559367222392688,0.31194352166481115,0.3199171145394366,0.30300124810537366,0.34490382005365755,0.2441700583739616,0.2521447251948363,0.2608985633967762,0.24301620834297394,0.20675295448183284,0.36670462199590076
0.2603042060605365,0.3231413503551498,0.3046657797038855,0.2600873532706599,0.2398014081747238,0.37352094854982476,0.2591673112839538,0.30577587798581396,0.25606672922071577,0.26362458698841906,0.3138088684894183,0.0,0.23784508275418254,0.18116966708609208,0.2800655345718836,0.2944907534773303,0.2943818333792363,0.21935944882447156,0.3513040549093238,0.27285104506603547,0.3406744024561146,0.29853106690715775,0.22949330690700032,0.2563332571021565,0.3377084571735535,0.21553900107087376,0.20697383309270134,0.25898133985733357,0.23349004573900867,0.2644527033032898,0.32711670821581595,0.28534752207782177,0.2656169357638902,0.29105795503340554,0.2441157077238681,0.2922508565656572,0.2561287719552781,0.263799303165204,0.3753037170548258,0.2257096618183718,0.3010378468872038,0.27422076154845726,0.2661711529929118,0.3166520831663325,0.2568946281143816,0.2541785529296087,0.23540525743794458,0.2910734236469084,0.2502551657542081,0.2704382422980189,0.30739887793191956,0.2943800314788769,0.22432816278263196,0.32619510445379934,0.33364528420702,0.2435913319313923,0.2968240740713703,0.3890575274686297,0.2133749236768473,0.2466107044266338,0.2500430618683216,0.19996302133052116,0.2903192746950427,0.21365617578494137,0.22613215052120084,0.240995905501726,0.21506400265499498,0.21702656967097633,0.20918200147659374,0.25435980031726163,0.25474226783289805,0.19990806604582334,0.21936660390759713,0.2768498880994436,0.3133587573396654,0.21469828975389418,0.2524436958473727,0.25583594049303243,0.24383227764578966,0.19687471287956065,0.2659925879867218,0.27593550098390474,0.2810636521297276,0.22772262798941278,0.25507546900535505,0.2908536218614101,0.23004239847123903,0.22021208995048536,0.2622038984672868,0.25217476877323103,0.2695171532303992,0.26935894110679703,0.29783899099490013,0.25067541350085204,0.23189114912647085,0.34465473215346204,0.22161334600366298,0.2916607827281765,0.18996812424276813,0.23638362903689114,0.21486416806941713,0.2531712447913012,0.23572281104098444,0.3091663581045133,0.24690125764164045,0.26230915812849803,0.29242658373041286,0.28051639277111506,0.23249417057291244,0.3150291857861776,0.3749454042646712,0.25295157031715726,0.24605905002001016,0.2592807200770303,0.23739014811056133,0.26845446654215877,0.2580534759617727,0.2941846187709188,0.3105994330625777,0.2157932127630391,0.23484632420612753,0.23684431371226028,0.22879064075186994,0.292822771575304,0.2014688131194889,0.3476770067121214,0.2141353506865821,0.2695128851040949,0.32777370381069065,0.21120138704613337,0.24745025840895277,0.2869811918893746,0.19566217049264537,0.27380076938627707,0.2925094556074525,0.22297367970639118,0.26859962422952316,0.22457087539986356,0.23289981213370084,0.29549326927480607,0.2204913859439142,0.24257602260130323,0.26634319232381565,0.27267323320052606,0.28545757571538394,0.24914251946442667,0.3941480368498408,0.26261969729656254,0.32324789580243024,0.22604364675916536,0.28558714701340543,0.273063873462177,0.26590482014223904,0.23261679711573724,0.40584397926656746,0.2436167970474945,0.23927201671443032,0.3193791228902497,0.19686382665589325,0.23660368615233326,0.20297453113801808,0.2286259758830524,0.21628729210379635,0.2808291261526567
