0,1,2,3,4,5,6,7,8,9,10,11,12,13,14,15,16,17,18,19,20,21,22,23,24,25,26,27,28,29,30,31,32,33,34,35,36,37,38,39,40,41,42,43,44,45,46,47,48,49,50,51,52,53,54,55,56,57,58,59,60,61,62,63,64,65,66,67,68,69,70,71,72,73,74,75,76,77,78,79,80,81,82,83,84,85,86,87,88,89,90,91,92,93,94,95,96,97,98,99,100,101,102,103,104,105,106,107,108,109,110,111,112,113,114,115,116,117,118,119,120,121,122,123,124,125,126,127,128,129,130,131,132,133,134,135,136,137,138,139,140,141,142,143,144,145,146,147,148,149,150,151,152,153,154,155,156,157,158,159,160,161,162,163
0.0,0.33495286392184914,0.3046940343177133,0.2911905224173879,0.32679906595324415,0.3165677151920663,0.31154921041045575,0.2995877529845116,0.37224639490834893,0.3116113381157942,0.32654865593576166,0.29276966569257556,0.4208156966263492,0.3087315569119629,0.36048769726515806,0.3478333640193867,0.34606201258353303,0.4899039998347567,0.3152646416092481,0.49618076381251974,0.32803259341453284,0.36435630952900694,0.31429998235236384,0.30823805696047796,0.39035720662605733,0.26273679259079236,0.27233063491732684,0.30858805352096397,0.27518612405569215,0.28023852296155993,0.3573902845732616,0.36347704603805947,0.32537670050567713,0.3094092732700561,0.3979625661122989,0.3236732144677909,0.38485459067270333,0.3463596372862372,0.26366374178608004,0.35430987286406795,0.29984953791655744,0.3106298450524443,0.3696928778997194,0.3407752055879276,0.3521367452453155,0.4061955744078981,0.28882260159478707,0.32338125501860415,0.37088440749166973,0.39874543521790734,0.37574825614648477,0.3377157834477981,0.2933456274058978,0.2969004440499457,0.3110703387548839,0.2912293179858703,0.43516507164245316,0.324729620677323,0.3296343241550784,0.3956489337795087,0.2812092840430796,0.2840753363712073,0.3139633171723003,0.27678856062469964,0.3237083533114384,0.3207163886458793,0.3183569883453714,0.33870428407164166,0.29113547670649853,0.3477525119737047,0.4470394144961572,0.33417528395160356,0.29769147408105445,0.3428364637724255,0.3238394030345133,0.3197083062293325,0.26056599662228036,0.2963069867992798,0.31906421303761334,0.2424801750939244,0.2775801544192682,0.39412097835734117,0.32620007460297124,0.2877505492491132,0.32840822445222534,0.3822261383328997,0.30253265094077647,0.3638977861037415,0.3587652826406121,0.2816549725800272,0.3980501981155678,0.37040945189849706,0.400405464464999,0.33082977779160744,0.344647193160471,0.3027250026154619,0.24040908938902558,0.3049108299586987,0.2722759619121868,0.3561192313050265,0.2987668213153969,0.27571511444245006,0.2770450620520371,0.297440592042881,0.39565065192388293,0.3748086336125433,0.2985745808881522,0.32402498505025357,0.35724961043878395,0.31251272978727673,0.30317413572710156,0.3575371202226483,0.33329721313021493,0.2798652091756775,0.34993871204004673,0.3402551792232443,0.3398514175916113,0.34280583799852543,0.2561957173619546,0.28150846642582145,0.3315816214394536,0.25292738828608563,0.337578912758181,0.40569168489884644,0.29827118657733775,0.309983466486404,0.26596320100103943,0.2871315545957556,0.29194874002036425,0.35759841899073186,0.26712605286635577,0.2896402497493962,0.2714300336937051,0.32789064548828495,0.2934500079622061,0.28399935222130757,0.3373358403636153,0.3428032795736668,0.3624479356786728,0.3839766106419704,0.28096820156921243,0.3219979146805966,0.39003368201294397,0.30731930424096654,0.32188593885884464,0.33299370156836955,0.31740994206119866,0.2828296920644725,0.3723872068021987,0.2101495846980912,0.3736813816596672,0.30508217100082713,0.33783304486375193,0.2543626643764291,0.33947762055950453,0.3821513715254571,0.3243612839672198,0.3053722467456021,0.32085371680314717,0.3019374917463722,0.2456769663422378,0.35671084140015996,0.24465862175464484,0.42440531885001853
0.33495286392184914,0.0,0.3325057817200364,0.30964812185618107,0.2601598072075132,0.389011162331132,0.2993904755001643,0.3797558978919664,0.2984116629078198,0.388137132333435,0.30248239236580915,0.37002881320006087,0.3296838856793367,0.30382319358121096,0.32243269433069527,0.3002469017269843,0.3282629547736732,0.3133582587297041,0.3401508573213616,0.37025850679547906,0.3482318941415274,0.38088311773414446,0.31438623486308753,0.3514976518120355,0.3802161567214689,0.2414876558302588,0.25738671484316006,0.3019945867672013,0.3446548488632301,0.2582693509198774,0.3305933510540243,0.3059728331563441,0.3737674252865012,0.28532387638142914,0.31118405137738675,0.30807171384084797,0.31183764786271506,0.30431690467558,0.2762590709449015,0.3470874543619583,0.36102396799013386,0.3267721165522099,0.2556421623728058,0.2831976096367209,0.38220449800546386,0.31863906541305587,0.29781113663862596,0.2703716907029451,0.3124708940849412,0.3073863790659874,0.31882334363610526,0.32758670339884166,0.31813339440298044,0.3480493486354638,0.28810793713371063,0.3275549063644966,0.34893228565904244,0.3059894983649434,0.32613731779484373,0.3765740414651635,0.32289896076393776,0.23542301637715346,0.27527382629871755,0.24324688552629117,0.2657858788712089,0.2759223158977252,0.29460538883222387,0.2932267696973686,0.25267823083261537,0.314230839919606,0.3021974180351671,0.2913410069709115,0.25407897055924994,0.33623291704716485,0.3299807920602444,0.27113305763500245,0.24507471329959443,0.31601255552553226,0.28689520631277693,0.23621530456766415,0.27517897998347857,0.3162857628056974,0.3879177450375719,0.27729133596687394,0.29648214131396095,0.44219377864790715,0.2721144245329198,0.2547353235240051,0.2909021731070182,0.31899475195906435,0.27926375757214805,0.327927551856167,0.3163775871361858,0.30709490789611177,0.32150968511140066,0.35701208921555877,0.25574671410269506,0.3346005224497899,0.22964652663300997,0.3274599320441049,0.2710721002075734,0.24028972950271502,0.2310608968895913,0.3348147006938557,0.2942069789610684,0.316274312188182,0.2813697490870107,0.3824289289131824,0.3406825394269005,0.4387993639493619,0.2940714545466935,0.2693575310045205,0.29203672658646374,0.2511788909492868,0.32270695719023806,0.4249776609508594,0.32169133158604835,0.2520317320794235,0.2949375432467485,0.2534480519624112,0.2838375058211377,0.24370908693093596,0.33699005447225644,0.367874351587213,0.26948657375147167,0.35816709240606304,0.26803292624344494,0.32586377363827,0.3566696181221852,0.2803440843409614,0.30053577550269595,0.2932220152011263,0.24931873413910163,0.30955760216288136,0.30322762149245314,0.24597614017661057,0.3143540064003912,0.2988411991235566,0.33585565415107704,0.3000697045714616,0.281703205807556,0.30245772446092056,0.4114576629743387,0.2838451176190835,0.3053644073850846,0.2759771736760004,0.3401126712009594,0.2939256970607331,0.4195769258384633,0.22648891057227252,0.28205924743040633,0.31424703256633124,0.28448914998668706,0.31624190059344537,0.3432929870547204,0.3440059269398859,0.3476238961062439,0.3434383782588191,0.2816560695190467,0.24188827494031856,0.26088800724503886,0.3399682911467673,0.24979754290149836,0.3117157092125093
0.3046940343177133,0.3325057817200364,0.0,0.30126879047915295,0.27514067407862663,0.37814479502153797,0.25013148513809913,0.3346678371444484,0.2620442583864639,0.354677661057885,0.3132549242869424,0.2923620399746803,0.3786654885617389,0.2663510672054159,0.27438823759031955,0.3982828986712547,0.3741390298184892,0.2961281625243001,0.2565809330201541,0.2881816554961196,0.3468084709518651,0.4205572426949821,0.26291862168882546,0.2764925957071781,0.31305280889394776,0.2823946859104973,0.26054325326991706,0.3049020108382223,0.26379757966939243,0.24525021095330965,0.24850154459503127,0.3163748539481575,0.2856262839377503,0.26704999296527243,0.25030013716184524,0.2846706701156449,0.3031173514887339,0.2855653196792151,0.23969773001698766,0.3077910826210914,0.27543160891967733,0.33529976436221304,0.2578486306981496,0.25589888490371215,0.3301699278334383,0.30398956096422336,0.26377575087822086,0.279803506136546,0.2653510704619199,0.2860836409592262,0.3049853746155721,0.3297532130626799,0.22493418342918498,0.3078517113787922,0.2687549574950895,0.27668932257083906,0.27726231260721734,0.3417543595531299,0.2581969021173589,0.29717256591295704,0.2975644271228173,0.2513666338083358,0.30408180914063926,0.23200036369361318,0.22971593929582104,0.2688572906917165,0.291114592664581,0.31594713061478386,0.28491258328463914,0.31640351684852414,0.3191011733643804,0.22312079322710915,0.2789322407603993,0.4019669606017648,0.3383663772694513,0.20865819005306385,0.29151005602638963,0.2900070861979525,0.2491692387201913,0.2138526172154075,0.2748661645684095,0.30505849741139673,0.2931162589821604,0.28609203934504507,0.274410873326921,0.35969951175691195,0.255923600476703,0.22980704221281018,0.27618997652046173,0.24956739741269787,0.30462166302998006,0.2568302013072178,0.2737649741073575,0.22442945199473796,0.28873363468456004,0.2805028029748851,0.22444355767660007,0.30728178847862453,0.20779184343673537,0.30724583176350306,0.21149806168475033,0.2616831685370524,0.22444926481412186,0.29250113777488507,0.2748725864124676,0.3805492803130104,0.29828864229554747,0.31902131555573976,0.2851600554243095,0.33338260279933396,0.26787832501147385,0.24655261764120376,0.30747652191806624,0.2575798547751966,0.25607974538354744,0.3684353642086986,0.2470820965938361,0.2684904521505126,0.3252716021389197,0.27370704384548245,0.2556338815416859,0.24702536891667035,0.27407661683290807,0.3033010389866619,0.2084802514588092,0.2984084338317271,0.27833182864929656,0.28333169902535493,0.333864784417937,0.2592590027197287,0.2714106833301138,0.4028667688480483,0.22670624558479685,0.24704784612192213,0.26660270212974696,0.20821464545361426,0.2289650962600552,0.24472705445514367,0.2997126304506383,0.2580241226357701,0.231321239212856,0.282704343004206,0.30925194856078275,0.2900627760389377,0.2587117361145487,0.23795790681371104,0.31703279549896574,0.27715857249291576,0.3486819489746846,0.22943403355802905,0.23492989065972814,0.21616376387074918,0.26417348200397284,0.30330901803307975,0.31825012523092183,0.2915218296405131,0.3179137136069934,0.3343797693507799,0.21213442440029986,0.2539485249146469,0.2563928687932268,0.22493849481490513,0.24088514544960815,0.28658243871931605
0.2911905224173879,0.30964812185618107,0.30126879047915295,0.0,0.25003513944675637,0.30296428473319165,0.28955912873263134,0.30120494285852145,0.23932814991624649,0.2854768638399699,0.3434006016782216,0.2975405077305812,0.3260415025231608,0.2971909316881442,0.2977293162806223,0.3180479544774491,0.3554603091867936,0.3038415661614696,0.30229726020448505,0.3033120646872062,0.3826664294716272,0.30090431299212267,0.29983148602043047,0.284744286242969,0.32912325482860827,0.3320945971411464,0.292827062695288,0.3227291378730916,0.28548184391097475,0.2118687768183495,0.2670318509156243,0.3078006737779619,0.38466252678606333,0.3318347313508077,0.2939001378212679,0.3445731129777632,0.3131077392380001,0.3116144086929336,0.2969326738138994,0.37736522326530897,0.3268217378404713,0.28836702806551395,0.2825335720378753,0.3170528480756497,0.33447750951542166,0.34048240223598925,0.20915388968589627,0.3088028684505834,0.30528759732799104,0.315788527912398,0.39705469651329856,0.3599350706082371,0.28675822698657427,0.41186465475793915,0.3316003547963915,0.25889549086397495,0.3714613043097976,0.3245579454230336,0.31719191942394603,0.38467367262094443,0.3855612858592477,0.27802023586885416,0.32240328993784667,0.2425224025067908,0.2821249777657448,0.34733252431589806,0.4085649739162302,0.25268023493799585,0.275280970790134,0.30104055557017184,0.2977837729116087,0.27595319207576063,0.3267543606452043,0.46564306578119996,0.3353137208936924,0.24874507209807822,0.37008295644868394,0.3150407792813988,0.30165736250411646,0.2337576490337948,0.2715477320796508,0.3540545733058045,0.2578093956349449,0.29844635018038895,0.38943213612133554,0.3092206856372645,0.33883990817061177,0.3015423566974481,0.29949522022255565,0.2665945030880258,0.3287321268127897,0.2944379322777955,0.2976867261439613,0.2998228594375606,0.35741126678242413,0.2638369846897131,0.2529493011327143,0.3087305747213564,0.24239657533779027,0.34640350130606473,0.2852803276272865,0.3271573793854343,0.3207145197755955,0.2625446356341383,0.32199302607455377,0.31179141663089205,0.35793723790096516,0.28999536789988184,0.3172727299646076,0.31256451648415906,0.36237480911660575,0.31885455442089117,0.38870605641866,0.3232763598594603,0.3309167271077431,0.30652317551197034,0.3124727069502095,0.24820706198289327,0.3392691588814608,0.29681879867313904,0.2903925001814571,0.3190512436165916,0.3423071032705432,0.3143164153261513,0.24832703946966797,0.2968845975853169,0.32170480993204126,0.28767617324227657,0.37829800226728033,0.30676907731554603,0.2233409028026654,0.3344936288736795,0.32118614100597476,0.3238381416143641,0.3246240194820383,0.2239919557263591,0.21154888635700117,0.30167711024401206,0.3435424435018007,0.30893349052219443,0.3169456909414726,0.3076937180707709,0.39164237859287404,0.3280955657227814,0.31797402446421436,0.2622961960036397,0.2734340781717784,0.271477293596265,0.2790314418556971,0.22406169234545276,0.34053871295484295,0.2811903945354258,0.3193777847496632,0.2512155921002166,0.34232614362816244,0.31459357370519525,0.31541174102120745,0.3039391305468772,0.3402697973348988,0.29863946500000016,0.2740478593782399,0.2873423550260138,0.2970047060697696,0.31569190429013316
0.32679906595324415,0.2601598072075132,0.27514067407862663,0.25003513944675637,0.0,0.2331087273615438,0.314499003433992,0.22857352375043863,0.2777608664013588,0.2591554222661621,0.31329225617373413,0.25250467129421594,0.2661388571882811,0.2766740398881414,0.3008554186357514,0.3057341516712527,0.29063850590138085,0.3294988951986374,0.2285144365030815,0.29611124873278966,0.2952648613464267,0.32267618704474754,0.30143072020489303,0.2841932000645364,0.2854555463778231,0.26971431449647837,0.24997481003112926,0.23695488546809462,0.2491327349933651,0.24794550715319763,0.2885494206356418,0.2487366803553989,0.25420924047403,0.253486241247913,0.3925509818620753,0.28952590295536523,0.2986524061974175,0.28589427939596485,0.2735493087916841,0.28658545890014325,0.2611911439360484,0.3107943796067513,0.2883027108710226,0.34473354748872387,0.2592484031638278,0.2556295118163978,0.25841972700879895,0.3364383140416307,0.33213802833132994,0.29067028581608473,0.2729340406585951,0.25867142808620724,0.22676141830434848,0.2517970695496897,0.265714425795426,0.2405567625080842,0.25774043883945397,0.312501974012014,0.2608313946136921,0.2600371361970362,0.2076827026578387,0.21665854997739165,0.237406454465193,0.2872844474276614,0.2601512926582857,0.21342830992892212,0.2627559010773909,0.2721585361135823,0.2482575035353483,0.28051943660425965,0.29804028533385213,0.28236266542758537,0.2469292705172738,0.2681111880516875,0.23614150170655213,0.22319659602231784,0.2447122836783536,0.3638108084000626,0.23324960029489958,0.21044321906650904,0.23435676947732942,0.2960336142924101,0.28025133409104425,0.21856047489819336,0.2616329669195704,0.2671719664331359,0.25916524562531223,0.2478323578336846,0.23086634127104402,0.2347436840675991,0.39168044972545196,0.3102030084115877,0.31762681096520423,0.21383730698701958,0.28967534909447035,0.2631505791900162,0.18515404713437156,0.26038039950361636,0.2701796323413155,0.23622146703301997,0.2577780372662661,0.22444379643980622,0.2508234626960728,0.25280838085719537,0.25877822610780093,0.27330808642748194,0.21831273284651373,0.2995627755804097,0.29270164507987917,0.2806257569438112,0.27745108798606744,0.31198806353157565,0.24434092837089436,0.2670581442520406,0.2437187628322552,0.2643480425030325,0.2373801000512137,0.30207988426008825,0.24349265444393076,0.27347425395965946,0.3941137428720728,0.21887084447807564,0.2685990358708162,0.3023159947911719,0.284547709035754,0.2474600519486363,0.22154321810845717,0.26509530476519905,0.25675230535176474,0.2722431498269343,0.23219637291435605,0.24608467170999798,0.2159866527931991,0.28223141465403984,0.27444244359541825,0.26585289066582996,0.24797474026727537,0.3542939340005886,0.3175828108558638,0.2916514691668549,0.2239976316649674,0.29952254290984065,0.2999432259162777,0.2772837417145646,0.31433584018565813,0.28141519152380823,0.29721348048865875,0.24180855338386478,0.2856698570608973,0.21467781375585732,0.2676938084447501,0.23659496838317454,0.28952117900269136,0.252616819798943,0.2911025209826303,0.291344207334784,0.2380320014477513,0.27761207600939786,0.2705824059967222,0.23114725854838156,0.2151489308441851,0.26416796211726634,0.237583174428178,0.3837468822702274
0.3165677151920663,0.389011162331132,0.37814479502153797,0.30296428473319165,0.2331087273615438,0.0,0.24160479184025985,0.37377512422286,0.27605709642196763,0.32658415785738926,0.29009292919167395,0.339775000679356,0.3823137118493228,0.2364623963299415,0.2944261018377916,0.36059197534467513,0.3527685848919911,0.2602902788676931,0.3182606395299701,0.33378117975805704,0.35582523854974946,0.33237989200323176,0.2377062442543347,0.2678202544570326,0.34524796925753876,0.24606215366645964,0.23893569095866965,0.3090713802005475,0.2613086872902593,0.2519671138742641,0.29770911990656385,0.37622946600960827,0.3426760123556969,0.2829601188191101,0.2565337924270858,0.2730882816497345,0.29907472207732355,0.27736583839753726,0.25479980202060803,0.27625849996640806,0.29473635491192185,0.31717733833996625,0.2699857532816843,0.28120548116710364,0.3150171629312749,0.30771527218517125,0.2578662493423475,0.26716540629744573,0.2423908216279651,0.3029728825801279,0.31212953322315623,0.3631932591615817,0.2555763196189197,0.3095756523461132,0.2565748171619018,0.312374346487734,0.32472844497802694,0.3835321290790197,0.24478889210306007,0.3071388654427639,0.3541762545980919,0.2758390826859895,0.33043135344011365,0.2060917418690569,0.24563987954597272,0.2898183754546917,0.27815125097944865,0.2979958072370048,0.23821590087685168,0.3109808551309847,0.3107217737702171,0.22819561855239667,0.2671696131297092,0.3495994122525728,0.4053905975602522,0.2405619248147669,0.27156436678043694,0.2717631473594374,0.274295516987379,0.27152945598863665,0.33315311486778926,0.30591046639683445,0.312765454165062,0.31427823223945317,0.30059725131914145,0.35599385160680214,0.30225989919769636,0.24451123263700486,0.335465453630167,0.2672997723950336,0.28082750912132115,0.2977617215562553,0.2857158305361589,0.26765559049516685,0.26632816701828144,0.3092089100167435,0.2616305635414098,0.33687656377447445,0.20712734234215807,0.33040100857221866,0.22706926551012266,0.2591261292194413,0.23407812311699136,0.283291414482776,0.30416084784623565,0.39761066781310744,0.3558419595410762,0.3486117076394706,0.28127758408620757,0.3341925958566003,0.2829655929393188,0.24550787363727242,0.3487404639674592,0.2825628170901921,0.28602502936415003,0.3823769357278776,0.32083849168987216,0.23513529125226687,0.3415189692132638,0.2598392581511076,0.25216954150915794,0.2699865213408653,0.3066105308018053,0.3382532288585573,0.24041628030361312,0.3207033256044648,0.3016774250104632,0.2778773567404821,0.3266860235053065,0.24308592149384367,0.30108786413982863,0.4286278421881846,0.2519034221992242,0.2780496554254708,0.279645061689787,0.22280926731361606,0.27082153948749266,0.23775592055621433,0.2721701384645412,0.2791929168713658,0.2610061389964585,0.29621569620376853,0.3117889645808096,0.27213097222215077,0.27795876493120103,0.25289188253193856,0.3239333885728371,0.3244112971216618,0.34475896499764147,0.24089928752150147,0.2690832909347594,0.26163074072124315,0.24493638868819156,0.25952274307254136,0.36705203083567767,0.3066341321044081,0.31638557726928973,0.38727317329998007,0.22660798961466,0.27129164726444915,0.2504494002273643,0.28439612205239234,0.24739167779400192,0.28129325586287585
0.31154921041045575,0.2993904755001643,0.25013148513809913,0.28955912873263134,0.314499003433992,0.24160479184025985,0.0,0.23618496950593018,0.24476920718569325,0.2892956611170514,0.29541754335189463,0.31370151761781245,0.29825738546314373,0.28120852028946647,0.3273064965706408,0.2657593793108632,0.2604706266760682,0.3012592070060622,0.2673263596821656,0.26656528750768305,0.2804769634630702,0.2993476628033017,0.42895079057068464,0.3476602776948018,0.33787716437547854,0.2897607624597988,0.2737262900752968,0.25095364171741813,0.27870898461956545,0.25511984436047586,0.29862587016597864,0.29279535045649124,0.29929270101962296,0.33423756451776065,0.2897376417990549,0.28170949113754973,0.3599664251629102,0.25158879785950816,0.26377075332433836,0.3572422253653295,0.29465068693498087,0.28778394044286654,0.2877299567277917,0.315488613961882,0.3317815408807784,0.29338481831502533,0.29982430245742514,0.29634523548722425,0.4630968922591453,0.258451472281764,0.31905183193422393,0.2542241819695071,0.22451553368466887,0.2875477617231917,0.32825914943184403,0.27229857919049527,0.2703764856814824,0.26862029229962026,0.3222204634629754,0.28384576023222474,0.22043938335017743,0.22815261883595014,0.2190245615699495,0.2689296981346546,0.24101585029438752,0.22511926267138396,0.3226437972072255,0.3205657537232074,0.24221412549921625,0.25444544829437565,0.3044707732834028,0.2651847276189132,0.23960144951955767,0.30483026935554663,0.2073171449638759,0.2735808811459381,0.32130738607277115,0.3529385912597943,0.24107427028542822,0.22547939706011647,0.24059768464138692,0.2846501107901093,0.29031258455588355,0.20850741679611484,0.2555132988668173,0.280566228893586,0.2549055272287028,0.288577266663965,0.27018852976597896,0.25939303681131315,0.3235047030360979,0.3828809618608496,0.3060862891920376,0.25608246948204055,0.27867820029075946,0.3148600916504452,0.19122195923608715,0.31680238016939244,0.25224849521419335,0.2991678814175002,0.2779532780281775,0.2590488983022942,0.29542619230392275,0.29021418163699264,0.24135256636519187,0.2895410916433653,0.22922943502153212,0.2933463708412595,0.34570317823135255,0.3398446563906278,0.3617325178871977,0.2852090683261932,0.2616075186453856,0.2277980344553686,0.25290795888051204,0.2694840601982421,0.26457931552390296,0.3092916824352829,0.2592564232267556,0.23664709123500094,0.2815057432819645,0.22215597567348008,0.2731840095307808,0.3544319949429741,0.2415186880203534,0.3048732318667022,0.23105447718781857,0.32132321139964165,0.2626486841660516,0.2836350267745134,0.21791181270256446,0.21563337224369597,0.2297278208500336,0.24459921666706333,0.2500595780063268,0.2401904891697175,0.27650373468370104,0.32602846919874484,0.32499013875561095,0.319351748264011,0.25709493274324885,0.27289642383567864,0.31799174038561845,0.2517552607202002,0.3156715814840149,0.3538296696641988,0.27156499137832235,0.2664131651380993,0.2932688451088629,0.1907732948767286,0.2826173031382541,0.2583594348815621,0.2649434727704157,0.3295086496098123,0.32751064996102075,0.331240147499112,0.3089722403252363,0.3148687407809594,0.30915922121377276,0.2804239813747407,0.24042289710008646,0.27388101768224843,0.25194369738969613,0.30862431142387076
0.2995877529845116,0.3797558978919664,0.3346678371444484,0.30120494285852145,0.22857352375043863,0.37377512422286,0.23618496950593018,0.0,0.31493041561427926,0.3429878615350155,0.2761366973866073,0.3129451686424781,0.36128925737649553,0.25360041641739617,0.28328631481012945,0.3453137569741001,0.31799724768545684,0.2725807224458165,0.2791289261409946,0.3140826643119133,0.31429181957029767,0.2927732965487202,0.2622747101731985,0.25808285394038843,0.3480980221743183,0.2546475108061506,0.2770376023386522,0.3027721597322779,0.2442058412739976,0.2530925387412246,0.34623518559206123,0.3143892018211646,0.31755573947105553,0.28863722438555145,0.26897728192442766,0.292090860444657,0.31950685423936115,0.31033356951927976,0.26049626613296256,0.2903552926252938,0.2779338735554865,0.30655283326596094,0.2697430711063261,0.2562824789023562,0.3952874738603518,0.31502429747378646,0.24881602281170703,0.2583302220213601,0.2623164762412259,0.27295402578450756,0.28744779762727646,0.28688443039705863,0.24278574327268876,0.27581657968242507,0.2621392410555799,0.3129295577780303,0.2883779597195201,0.3731457133447119,0.26710426333883885,0.2968325219727584,0.4017922383290973,0.24940771680133583,0.2918414423834813,0.22201941604302677,0.22638319773938495,0.2674585931534519,0.308943052247435,0.2871992660707973,0.2625665956679989,0.44565472686160146,0.29993697867866564,0.2452362762593642,0.2605722431856811,0.34246235050081175,0.36425644186844847,0.23638107704278588,0.2973972294698148,0.2669321409616719,0.3220594645074354,0.22319207897263293,0.2762600139362195,0.2967814268759056,0.3329921005217577,0.33391183590908047,0.3091796377140672,0.4300042170216981,0.38921579578761467,0.2561226724251205,0.33499643258490835,0.3109302642692412,0.2676521467040344,0.28912840378518095,0.2665709273059914,0.242731686748499,0.2936242843925701,0.3155608350159671,0.26157365424223467,0.33549829868191905,0.2082861633514278,0.3286624852953638,0.24155175622821473,0.32470272381152215,0.23950981088838938,0.30592179295079835,0.304608093818328,0.3669849951042581,0.3020594867225065,0.3756970521066608,0.2785226040180669,0.31188565841624527,0.24518385928686187,0.2573189702102412,0.33546374302326765,0.2971004947605568,0.2863208668344753,0.36671839793743305,0.30666721313773415,0.2320111501885898,0.26609174677556985,0.26975500481967524,0.24768959014998726,0.36163659040653384,0.2839739336418708,0.31615829490751035,0.23745889949486348,0.2984992860456276,0.2646285225890091,0.3401794772995868,0.33072099737887617,0.2534140175070163,0.3256910193491673,0.3290491632098827,0.3031605572207059,0.26480166910595493,0.27989147622447996,0.2105130076512498,0.2697006047401888,0.2479572798979487,0.3043074334252352,0.30736346333331,0.2667098309145546,0.2700467533032341,0.32486222094773476,0.27222091672611737,0.28368780180146125,0.2639383381818447,0.32493523593913565,0.2944358456027918,0.3598893541655628,0.2239993765544914,0.30364645755928515,0.2658081885368464,0.24751474137561888,0.2746116213633612,0.3753942936027289,0.3659025153255182,0.301876514184633,0.36751085695590124,0.23379515304706905,0.253950116911392,0.24552546000371506,0.2822698898521709,0.26698456879256816,0.27700033012471953
0.37224639490834893,0.2984116629078198,0.2620442583864639,0.23932814991624649,0.2777608664013588,0.27605709642196763,0.24476920718569325,0.31493041561427926,0.0,0.25345613691075297,0.26672594549939743,0.29349419291982165,0.27034170537344,0.27931948279167895,0.275701057154324,0.28390580848145475,0.259467238170921,0.3159276630169647,0.2572417451647187,0.34316334434889345,0.26800271467495806,0.3466532840686539,0.24824605210491593,0.25893083062214434,0.30450407547808744,0.23074366254152107,0.2704749318441112,0.25420733897403164,0.22959323774401189,0.33973545975776176,0.363373299734661,0.26701345477940036,0.2696492968532294,0.23651638215610482,0.3234180975885571,0.2774369874466705,0.2797819879737092,0.357549195486262,0.24634572987434825,0.25061010782354626,0.2591226617314545,0.33282045027149565,0.2668412576655325,0.27956489577823107,0.2972105966664401,0.26567537191633583,0.2537961451795788,0.2581192576213808,0.2640075301362427,0.2918583080983012,0.2568395628890835,0.2508357051641597,0.23865200508677117,0.24291986226990347,0.24316180818904307,0.33267938047180834,0.28565437823296164,0.3123070264374491,0.24474978034449604,0.25713129192973083,0.23006125758512272,0.24516879366860556,0.24852400497375604,0.2622834914000546,0.2586775652315103,0.2371761307216909,0.27089674402904657,0.27941225600023945,0.25672041964923953,0.3197113148087862,0.32570607197479984,0.27431688268986987,0.2787866259721973,0.25191687993212375,0.291837710613017,0.23894587993324226,0.21121563449544145,0.23385160497171953,0.281328329239719,0.2114473140057978,0.24382820110162765,0.3615397998849241,0.34275816232149875,0.2560504586084092,0.28834927419812734,0.37541753479358764,0.2842054861857509,0.27960952155716656,0.26886554514784944,0.35878800176053,0.324261329306459,0.3373169538272509,0.27587775674035375,0.23779635037209843,0.30109758906544487,0.3258123538268212,0.23952946001655537,0.293326234575986,0.27738892998039005,0.24873300999318304,0.27144466193401434,0.22444207173397304,0.25924247491495556,0.2847132409257598,0.32204226154743393,0.28608371211065586,0.2211283038264511,0.3113793064486377,0.2480091255450634,0.2585190289864751,0.22489787929812513,0.31318190311017186,0.2779960680272958,0.3053882491087067,0.2668783909354834,0.30798221263860076,0.265025620217103,0.2627991806013855,0.21186856984280478,0.2800808108512375,0.2979869413648497,0.26077688899447754,0.2830577882692354,0.2868067321407688,0.3356910228879371,0.2527583124858654,0.24554610614319247,0.27315855815318824,0.2461983236445459,0.2774121874802335,0.3844879362171734,0.28142431024453896,0.25795327726352957,0.3366751315565905,0.272260363887395,0.23919045877716325,0.3058120090962371,0.27133792175505955,0.3050469854478727,0.3318802864575547,0.2510495525374275,0.2781495969760039,0.298759713977009,0.29495846774671075,0.2807682974415793,0.2964230880503994,0.4041715801237254,0.23244444686036606,0.3206714004889742,0.2260516006248231,0.3288089210244053,0.25075663517406865,0.2762517487703277,0.2682966428317972,0.3037101998949412,0.34369490586549833,0.26896559561369576,0.2926013851558778,0.27163784881795405,0.23317775534286964,0.2028353950008614,0.3213526674425144,0.26991674942972943,0.3416660647030852
0.3116113381157942,0.388137132333435,0.354677661057885,0.2854768638399699,0.2591554222661621,0.32658415785738926,0.2892956611170514,0.3429878615350155,0.25345613691075297,0.0,0.25742275405364756,0.2754418981219337,0.36635864664089995,0.2924872847111742,0.2703885219222863,0.32690701267007,0.3317056783433285,0.3271962644814303,0.2569453444759163,0.28354377625250243,0.28366888486353703,0.2833259437894846,0.35518028904668136,0.26443770724961,0.4284184213064363,0.25376623500583406,0.2940116278154205,0.3038696221185317,0.33586541500303707,0.2539678699921881,0.29363010627097746,0.3261156817737433,0.2615907930310591,0.28298118580905396,0.2861940329162865,0.2635723082006919,0.3386152984432951,0.27518950507521706,0.21328421495005492,0.3203485986167552,0.2481636417644196,0.3157943224932136,0.26711563890101325,0.2518576113493169,0.32651173687527724,0.3051393958656182,0.28506469746074276,0.2647307270715095,0.337155570677054,0.24470164689585458,0.2743733329737731,0.2679408571136111,0.23353470413001856,0.2688803530441365,0.2758793692635985,0.33832615958885315,0.26537803103462443,0.2770934727401598,0.3006057939553094,0.29426145432031975,0.29684765156995213,0.2441449189002736,0.23524440076039166,0.23422816655860842,0.2259868534145665,0.24731611146821464,0.2836100322709481,0.30560056356308324,0.27897435407326315,0.33370979869359757,0.2668892402745183,0.29134028221028463,0.23818383977169472,0.32717060690639066,0.28222185638781405,0.2750258374374329,0.2588571360445324,0.34027658185351844,0.2536827930651835,0.2598957361923122,0.2862863779241269,0.2617650205327089,0.34785443403887667,0.29625809340408943,0.28324212015949046,0.33007942088902786,0.2826039184241168,0.2725623836196731,0.3616437579378948,0.25604679846072187,0.27398453502970965,0.29058630302641253,0.28545975090835024,0.2307541061184612,0.29078669833717924,0.32484464808072566,0.19385807514870024,0.33463980298267004,0.2304164443162793,0.33877206605667665,0.2570862069577096,0.2607629088433518,0.246254723787103,0.34984432519208125,0.25931094738173666,0.33371275566333236,0.28064364736888314,0.4398837719724562,0.3155323203693517,0.3396806531512895,0.25081794720500067,0.25128145844363,0.3062679395503411,0.29228507106198476,0.26831639471970403,0.3507697448082185,0.31218146272005615,0.29703243173074023,0.297316488318018,0.2920039481898806,0.2451158232819589,0.2622383650064326,0.2742344556973252,0.31948720301061956,0.23445114324262778,0.32963529054764296,0.26466804870059346,0.27991051965417996,0.34631046093069706,0.2779524987447027,0.33455632481617475,0.26768890968735815,0.26380591653857527,0.22532907472512703,0.23460275890635698,0.2153097450409654,0.2856354346370832,0.28454849477429806,0.3224955141227349,0.28313173116443086,0.26154994747680527,0.30360364776695836,0.3333546579300933,0.24303824909340646,0.2838027806884749,0.2876326415370109,0.24469751396066217,0.3486424217988976,0.4560808466225031,0.22810183130556996,0.23841017874962908,0.29240716566383823,0.23330259973427925,0.31310451058702016,0.327431318437207,0.3044777214399067,0.2709935030795848,0.38396370664894647,0.26740862675511995,0.2921807303370739,0.32133297587904497,0.30722054339785615,0.2779238504900617,0.2571519669445209
0.32654865593576166,0.30248239236580915,0.3132549242869424,0.3434006016782216,0.31329225617373413,0.29009292919167395,0.29541754335189463,0.2761366973866073,0.26672594549939743,0.25742275405364756,0.0,0.35187511147472167,0.3244100505891701,0.2828557066711069,0.2899744421221396,0.3934391263578201,0.3659448258369033,0.3299943313481093,0.3136119643867682,0.31380081552555483,0.34827323284513867,0.36558654132534746,0.29761151386980184,0.30026918351624154,0.32792548294924584,0.3121269709135753,0.2972668922654512,0.33054918752519674,0.3200381305067499,0.27191438593028194,0.27927445113301036,0.3169688188652059,0.3199410576781763,0.28807708577939467,0.29886223456760885,0.3353555657934045,0.3492002066731724,0.3387866757435093,0.35311664091996153,0.32216375914384826,0.29867459356931253,0.2988966372746816,0.30322724195425055,0.3334260350324927,0.3129524706524144,0.2913157245240241,0.21116423012664723,0.38205460372254046,0.33726538637040626,0.29242931928372606,0.3623399122702782,0.2833655165736895,0.2518539838543377,0.36620309712797183,0.3908673682713267,0.22435432605836608,0.3565939042768112,0.3976142267958771,0.2979975330327294,0.32955544032711703,0.31075691011890644,0.22809954619922054,0.3039819784585543,0.25878503876538583,0.23176269169013594,0.2589256267316833,0.3196767524943511,0.26761323630472417,0.30036876596539963,0.3136222908684873,0.3144425052495152,0.25130701901933883,0.2843508103372172,0.3586300022116806,0.3251796990171074,0.24551734844451392,0.3635795980095145,0.31715198988007826,0.2781801246625108,0.22811980738876192,0.2542457977633123,0.28561188860164094,0.27634645671292524,0.27653989754665903,0.2908395910646426,0.3010865384416072,0.3068550121764421,0.2751184972000424,0.2587533676365934,0.2574829378564568,0.40778600886333505,0.2589336604758689,0.37806549268335016,0.28238520230062114,0.3054725971665694,0.28777007773527974,0.23193465332765612,0.2456305533686482,0.23211255880608572,0.26436104679360084,0.29068552828712185,0.30037423190129336,0.2617643931790792,0.25336241113055513,0.3054506633737801,0.273948319625899,0.2701111569696245,0.2930890022265863,0.27941557502888004,0.32068276035507304,0.3758408130872117,0.3014473055122853,0.29407997588703155,0.3113380583533046,0.300544850906727,0.29803240589002233,0.2694432403941672,0.3074169600639858,0.286055166840452,0.272135842159572,0.31909242909871355,0.25096553867274035,0.2985619191465053,0.34552621304706377,0.246840193424067,0.3389860311579778,0.23242581016348224,0.31655708748648903,0.31380534321321407,0.27020748501796715,0.22560317140933395,0.32444127006213863,0.2997885772814487,0.3123462718943445,0.3416300790717945,0.23161926963809262,0.24925553410997134,0.2763558388719601,0.34595017971202474,0.3274413679918825,0.2835079567742686,0.31834431177863826,0.2906007986988413,0.3185774270904751,0.3748215924783092,0.250095718291269,0.2806847541455915,0.2597031517145029,0.2881292096055201,0.2452866285183101,0.3635418559815533,0.26660779136377144,0.3996117410534635,0.24201587291165397,0.3088568391683064,0.32690756073252997,0.32228922277980165,0.2880047701651601,0.28678903784837173,0.2710143937405392,0.22487263346150743,0.28838361971683274,0.2384423444779468,0.4161475249894297
0.29276966569257556,0.37002881320006087,0.2923620399746803,0.2975405077305812,0.25250467129421594,0.339775000679356,0.31370151761781245,0.3129451686424781,0.29349419291982165,0.2754418981219337,0.35187511147472167,0.0,0.2696819106108011,0.21043465810796716,0.2886279323104594,0.29859185551438006,0.2803789848318799,0.2464482648594665,0.3485062163612925,0.3023278189918187,0.3386783041939217,0.31996044828094267,0.28535992382016967,0.3318567861988857,0.3655730613147165,0.25137740188844393,0.26498858506140577,0.25736890963486003,0.26782697817411527,0.3004327536744929,0.32829567713082747,0.29264811556884496,0.30898549509587075,0.32354334052164596,0.24565420304967478,0.28637684860526985,0.33414545316634076,0.2739837139465949,0.352988006962961,0.28388730528182116,0.2950814897720518,0.3088116556064458,0.2631361521456591,0.29591176847444123,0.3128571796043408,0.28698713407989607,0.2601448967791036,0.29599690085617686,0.28792545842572104,0.26471376922047557,0.3319185678800197,0.286048026058654,0.230231081294739,0.33005466910085646,0.32464746611200934,0.27108363633652155,0.324481209862477,0.3620667000699213,0.2376942209998701,0.29460031449888924,0.262131104205678,0.21467562636265666,0.2585910466156145,0.21496597008552898,0.22649811166941938,0.24692437796931518,0.2729207216593761,0.26607608156981405,0.21074192071638148,0.27116964776734315,0.28102343091175186,0.21634943771386075,0.23436753506489175,0.2977820287750289,0.2736997512093307,0.23851716255742422,0.2831149760438801,0.3067715056246819,0.25658295102061307,0.21904443218967826,0.24204091152263799,0.30294069852845107,0.3327643938643173,0.22432744476423438,0.26795442040683926,0.3332394602925615,0.26949104234379956,0.24212282888117545,0.27864605149054317,0.3230468890028762,0.2911391988715398,0.30045362679989984,0.29007959262112376,0.2795992483174051,0.25375305516265173,0.3767765033647944,0.226861391593568,0.29745831633434644,0.20711794400502978,0.26059438043216804,0.24525984247457497,0.2632437764006783,0.2540811191678751,0.31793520509032597,0.25290099159632223,0.2865307414406444,0.2654318548194445,0.2915096362961022,0.26306637130952426,0.3938083805194966,0.3969054351698766,0.27266570883901486,0.2593018178574543,0.2645451096645163,0.2552222084961246,0.3075130710748869,0.26209504810456924,0.2826479223646877,0.26493689469448556,0.22645400085453102,0.24978779172264318,0.240002536296024,0.2722299347211422,0.34261274138238274,0.2187287745365641,0.3576388691507668,0.22416284628308178,0.3522577485268139,0.2921766475522394,0.23097362075076067,0.24693183380544062,0.27286693263136585,0.24337580698709538,0.2990525915277556,0.2982771261088744,0.20581677940968543,0.31115747328887267,0.24560553211019603,0.28616090191010507,0.32991348603985404,0.23778698591260747,0.26100331551457356,0.3120550879545115,0.27833869140876655,0.3165289017666027,0.2963918771539564,0.3964404078645351,0.258393409281962,0.3263002098277486,0.2132356547031109,0.31469454074529113,0.2592522331031396,0.28848981682034236,0.2733512366825482,0.37734150748656,0.3090233360911936,0.32266832596856443,0.3446083021478051,0.23800299849158896,0.24042225002167125,0.19425922879416163,0.2613775841171267,0.23473233893910558,0.3273046860008745
