0,1,2,3,4,5,6,7,8,9,10,11,12,13,14,15,16,17,18,19,20,21,22,23,24,25,26,27,28,29,30,31,32,33,34,35,36,37,38,39,40,41,42,43,44,45,46,47,48,49,50,51,52,53,54,55,56,57,58,59,60,61,62,63,64,65,66,67,68,69,70,71,72,73,74,75,76,77,78,79,80,81,82,83,84,85,86,87,88,89,90,91,92,93,94,95,96,97,98,99,100,101,102,103,104,105,106,107,108,109,110,111,112,113,114,115,116,117,118,119,120,121,122,123,124,125,126,127,128,129,130,131,132,133,134,135,136,137,138,139,140,141,142,143,144,145,146,147,148,149,150,151,152,153,154,155,156,157,158,159,160,161,162,163
0.0,0.3192223581614246,0.3119408691818162,0.28760061345717114,0.2854772354720381,0.29447869190035864,0.27471635380158854,0.2860719970269827,0.31280614690347086,0.35553867894016916,0.31840975540781197,0.28249128179245997,0.4026260900142066,0.24900629550009706,0.3243723754586573,0.32509502636174986,0.34493281382990504,0.4352079666257103,0.29630679972088264,0.4442426993025922,0.3242478806524518,0.35221508471341967,0.32067832856054346,0.27834615440414334,0.4055879958760955,0.24437080784865525,0.2617599926203291,0.3088695869431199,0.2611649092786275,0.24718683594433197,0.3241741078584837,0.3337006765395084,0.28424321548371057,0.2975782158404389,0.3555726584759594,0.2847880782397511,0.4152392181718284,0.3017335449082594,0.2498668610088188,0.33802217907147664,0.2559920312616476,0.3193965257760757,0.3352401114235938,0.3178455677462667,0.3275911403374551,0.3974471239278508,0.24650105763487531,0.32111843557201036,0.36834962352192163,0.35374582275703803,0.35154165673824017,0.31060187535927863,0.2791706186877641,0.3152864885780071,0.3033194575358002,0.28767505050207576,0.40708624199422067,0.29626685002341907,0.2693883477189389,0.335670353740086,0.28921064090949866,0.2282653782925043,0.3053555258371003,0.22975520565702592,0.30403368420176813,0.3230947580151354,0.30014449821822425,0.2971951687747022,0.2713498620047609,0.3238673374965153,0.41651388161731456,0.28932316865721597,0.2678127632947014,0.3334954851117232,0.30933936014670577,0.31129391417557795,0.25227048348841025,0.28256319245034245,0.28168090186073563,0.20681086230877704,0.2637088058187525,0.3906157230048064,0.28636540451337844,0.25254262441163094,0.3211907668273292,0.32933273549195874,0.3084656399484453,0.30338785441381566,0.3353887120025253,0.24843997067005805,0.36347068327539933,0.31366599400613815,0.35808035781811626,0.3141981005001034,0.34197060737029555,0.3034565798208342,0.22341707857513923,0.29266027888623175,0.2238185111461135,0.30274769140105867,0.2550167587271449,0.2782112028411034,0.249101427752606,0.2785775429034538,0.33344062640798067,0.3398328924175005,0.3097115202924945,0.3365922529143443,0.3325277108123311,0.31768967680467985,0.3101178654272195,0.3406534330973578,0.312238616300954,0.2597963597849504,0.3037687183154228,0.2990260789175141,0.3144138469196048,0.3469902553516747,0.2589481386802811,0.25004838987539074,0.27925219295215703,0.23805483156682608,0.32550771481512913,0.3605921406527847,0.26249791210306206,0.2864187661224982,0.225872685973704,0.2469258292726103,0.28583284810546367,0.3490790983294714,0.24233462102938602,0.2774953003236283,0.2332713936902272,0.2767605648953619,0.30165157203874343,0.2782042883581448,0.28479097759861394,0.32510294890640573,0.3506565095220326,0.33933970791534346,0.2556482665794824,0.2915085836665392,0.3839848443513209,0.30034992185289033,0.3186989379946998,0.28578241378206304,0.2892679438169915,0.26844479611049626,0.41345371458920627,0.1715890826014053,0.34215109302648383,0.27898539333861117,0.3476660042456919,0.2338213354839376,0.31798441247244735,0.3491111163574565,0.28884522435215537,0.2860093774551513,0.2806852012903541,0.28350426740199086,0.2573929071010939,0.3019866269644112,0.2261131822061815,0.36607788801736263
0.3192223581614246,0.0,0.2687413438831744,0.277973727721096,0.2197485105089422,0.35773374396116925,0.24962750677248566,0.3684040403803185,0.2941922519922081,0.36539407595640155,0.27272826615635704,0.33092349590822046,0.30589470687942,0.2563326223009939,0.29198045317513466,0.2778021932523931,0.2948934878127296,0.28323242136890975,0.2913647606331217,0.3418266679362535,0.28767152892391273,0.30814686416821224,0.2986973659303883,0.2980668266933449,0.3385784585704056,0.22982533998523005,0.2619051057081974,0.29434333096925847,0.3550887939268676,0.23555734955009536,0.34902285358512264,0.27073197225592754,0.35366714827739615,0.27225841586558036,0.30434930246127717,0.2680689451119979,0.29177470512457115,0.31597027329581473,0.2552050399682786,0.2965436300293837,0.33109752508089363,0.28606535170909125,0.22089052739712456,0.2604910176602292,0.3538246328430201,0.30436455112594174,0.2572312728164151,0.23610851481042716,0.2804484633350103,0.27468256543859476,0.26276927025493524,0.2970742540743158,0.3237521787147392,0.308409736099101,0.27413799303287717,0.3488189944232581,0.32046710509366355,0.2820518009993789,0.24114123476816374,0.3257874924323333,0.30657585735396703,0.2017821833291045,0.24687451746953826,0.20707344045546675,0.23411596029841358,0.2488584529176054,0.26703967310274906,0.2400742263571137,0.21543587091753771,0.29822514890448004,0.27099025219864276,0.2786365914746323,0.22364981904162032,0.2758836558315473,0.3247805662153907,0.2824835034274473,0.21207881392818767,0.29575909969586706,0.2913621707202644,0.22532806094437224,0.25896664039126477,0.28803109949456784,0.3334689953473012,0.2792667612834132,0.2857323319779007,0.44924713510063063,0.2669783560024736,0.21992125611957372,0.30295885573721953,0.33567653190267477,0.2519048347710314,0.2961875578770722,0.2934526856071431,0.313762971604831,0.28924238065245994,0.36113606661938047,0.2521574940506079,0.3220160358751834,0.20463980005884153,0.29774727658362543,0.26942310072256775,0.20994731943769387,0.20106663829644786,0.2964898725263213,0.2706524642695496,0.2989556138469158,0.2535748578956627,0.39889529165704507,0.30868799291166776,0.34123466855601636,0.24813673233225625,0.26611132671658483,0.26705386357336197,0.2536374002139393,0.34098849004810966,0.4554571154013746,0.329900103034144,0.22163522350813558,0.23880121717849542,0.24949023827152422,0.28152126280826134,0.25900531318766995,0.3250974847318723,0.3385186622242668,0.2825760556144912,0.34828028768517993,0.22443804869359787,0.2828882865260188,0.33136476350233746,0.275441697766098,0.3062287400702363,0.2608480872532901,0.2508203331695137,0.3093066288849284,0.2801366456214353,0.24258320340136913,0.3004433814325875,0.3078540673859015,0.2923960843940682,0.27739992011748804,0.26496908096984506,0.2616439853641648,0.36138727127631176,0.25410040880006873,0.30850926581783866,0.2431906275409426,0.31589649451254864,0.2782272536324761,0.3932982916508999,0.1898174425523177,0.2803466484570794,0.29144934684960455,0.27185878340494,0.24589004967034497,0.30924469473990507,0.32060114034678683,0.2996618766773486,0.325697995240673,0.2721063500167932,0.23500276776991633,0.25957302243747177,0.3507822380705848,0.23669730570088943,0.2956129758206447
0.3119408691818162,0.2687413438831744,0.0,0.2725592552640634,0.2993147661262911,0.3022668253083474,0.25364888279674025,0.2695067707940084,0.23341451029136645,0.33708051200182254,0.30751739548192064,0.25067255067978833,0.3515359989335761,0.21866854229608657,0.2761689219505178,0.3642585311872805,0.3445429843943255,0.309051632404108,0.22773944279306454,0.2518913602013393,0.35207627104976097,0.4176414728971299,0.2734355177212123,0.28481823010231755,0.2940561383260854,0.2972403831027705,0.23624635086255902,0.26573578281158133,0.22721337600872518,0.23402284704600046,0.22077394079767346,0.2701386373787825,0.24284946182981085,0.2343032335642621,0.22840255109956148,0.23578168488503,0.32092314095550567,0.24456749567602132,0.21572488957471478,0.303112954300887,0.23407689182518776,0.3374214379229289,0.27641535450733107,0.25343611951558415,0.28981083987764344,0.3024120348353083,0.25780760597344243,0.28972585854606625,0.2741136891542235,0.2604039912727848,0.2984781719868858,0.32095903629524103,0.20980969132278257,0.29288671663062793,0.2457906314234687,0.24781955079436377,0.2626183452648613,0.2993257847909674,0.22774405699445818,0.2521551051935496,0.25606874755870446,0.2075778372532917,0.30056949484322176,0.1917973318592762,0.23340861641525668,0.2651075940243137,0.26441661138832634,0.34360630350969845,0.2670716944660322,0.2843727509191277,0.3428232923351151,0.2071706013596707,0.23224469089714772,0.3792914549744454,0.27193430008129055,0.20274424878558828,0.2815792035496347,0.29939903847630206,0.226916780506707,0.19688854582431733,0.25922154389730284,0.3089997543177105,0.28874706684337575,0.23155549718974924,0.25269587492756,0.29561819238475645,0.23539537780793915,0.20807910571333005,0.24881962158974855,0.21650335991244288,0.3162624926022751,0.22547601076260007,0.259457809129669,0.20927630276104864,0.2795536376806105,0.2555746984290039,0.19494587003319483,0.260189577110566,0.181422649204128,0.25680189520144714,0.18542944138942724,0.2504092242627973,0.20769023851476642,0.24926345245556047,0.242124787884019,0.3721812779894556,0.27466846981586196,0.2890045815526776,0.28550784837894383,0.33178386079855765,0.26739812121885276,0.24188751478406179,0.26158575964923175,0.2210760474387164,0.2343862255391847,0.3238435489200859,0.22033505642266732,0.26593758603261525,0.2811632489842107,0.22882674930473842,0.2575681740944529,0.218034589163019,0.2458572768506107,0.30506708395968635,0.18959442116953742,0.2575119815221384,0.21618431908550173,0.2557591082363223,0.26220384012809667,0.261610934821297,0.2224336310116213,0.3522094622379806,0.1922840961523443,0.20847684001902944,0.25074504435561834,0.2137671035448895,0.21455998235475396,0.2446178855522384,0.2848566128478634,0.23659793163315265,0.21262042110371893,0.2417713879329526,0.28587332010559596,0.25738514676179014,0.2486814746414996,0.21393359217597704,0.2952917968266735,0.2672094686605719,0.30666143278530306,0.16492942951106687,0.21862094174594374,0.19303643681191657,0.25856292213264354,0.27428319966835685,0.2851496693111936,0.278111824805748,0.28660511955080975,0.3304647267703422,0.19490432218985854,0.24075531479218223,0.26537018992012895,0.1986806736511695,0.21973342359279247,0.2931765045659362
0.28760061345717114,0.277973727721096,0.2725592552640634,0.0,0.2210079550470455,0.2545559064227178,0.2602116263813008,0.2696806332092609,0.21758832618807306,0.31201486572822124,0.3199127831122773,0.2616186425150352,0.28677681590830206,0.2410291476306294,0.2949573772799023,0.272407532368307,0.3121799901420431,0.3046116281593764,0.2811759198141032,0.27590292394313104,0.3300602566628559,0.27949708473925033,0.29665863752335236,0.24806046863614953,0.3296363101721852,0.28426300374279334,0.2696200007102783,0.2996031134001528,0.2731661661777549,0.18462609423861404,0.2515451256896484,0.2593234370555176,0.35829636782284685,0.27526227696710276,0.27093237433326217,0.29072593707435596,0.2929289735515719,0.27519943744508996,0.2556996401037339,0.330172837355392,0.28633375387879456,0.25175280782227993,0.2677690096195906,0.29988889449928097,0.2943902110032479,0.32528263669075813,0.17946732476013402,0.2909470375922076,0.29307163004482306,0.27245614359731024,0.34014852871007767,0.3150582556027972,0.2711745656712015,0.4102368359182551,0.3102190742975797,0.23147164619677382,0.33362434385425427,0.27055541299636876,0.26873443340793085,0.3109004817541094,0.3521664984804102,0.21620512224434582,0.29716562910078154,0.20271680902600084,0.27166475762335146,0.3282880927563791,0.33857972756629817,0.22087686969166206,0.26485341759412534,0.279028405976851,0.2795716522698453,0.25566696254786486,0.25657505070669107,0.3782230264305658,0.290907600388705,0.24657079903337967,0.29850203013863574,0.276266796375566,0.2774557271065159,0.19231328770439063,0.2492449957439242,0.3465719241208094,0.22788788691222808,0.2574713305916532,0.35098786100748836,0.26340627674582495,0.30803620358704925,0.2643135481659563,0.2771749855884588,0.22445179911426918,0.2958564219396683,0.2548083120587518,0.28227203761285413,0.2740682408684087,0.3356955886716265,0.2609058633988422,0.22711286770473044,0.27713584564787286,0.2028256231302388,0.2842763135524067,0.24774082022053442,0.2967012732309071,0.29523560478400035,0.27126515592389494,0.28327380321453755,0.2701365176636468,0.315771557716819,0.2806740145389264,0.29343408258359305,0.2773830362358708,0.3242617720898443,0.2983038663433838,0.3226179376439144,0.2759161337690188,0.30312565577593403,0.2587145454039132,0.2871272263989486,0.24519048687928555,0.2953232654253012,0.2555229818403928,0.2543806217019037,0.29415189087896276,0.2888578291688673,0.2796937082309742,0.22648616795131185,0.27825868797076403,0.23971263579976593,0.23547543739429683,0.3412213329511959,0.31631726597625986,0.19757717100751665,0.27529481631812697,0.2589990863072836,0.2652422859848294,0.31102494328296415,0.22348522196138537,0.18882367766949112,0.2935817185286985,0.35152830954794806,0.2814512792554845,0.34056698972571325,0.25088993490691214,0.3404574516034995,0.28996872376387556,0.29276436779986587,0.22645732931361323,0.23276107779999852,0.2553047899573999,0.2890656154240909,0.1707514966549059,0.31833982160511365,0.27068242040092366,0.3110850439060755,0.21847809348532035,0.30586622359416565,0.2891157285923127,0.26407499020577524,0.26862463984983087,0.3401536749040669,0.25741454235121075,0.29848826317583704,0.2591396398842524,0.26333439245612744,0.27710807902224766
0.2854772354720381,0.2197485105089422,0.2993147661262911,0.2210079550470455,0.0,0.20917642288105892,0.2608100619170511,0.19576475790413658,0.2121654346913678,0.2573963252002971,0.28015172573668085,0.22066546745966784,0.2328095472354613,0.20005467243434352,0.26034548740692454,0.27284533840036074,0.2700326807113591,0.28928499517576706,0.20641125803770735,0.23549800156458933,0.28881873123114304,0.2995190348957671,0.26756312694648066,0.25936561739068165,0.2544809102453309,0.24311473013524204,0.20373842792142133,0.20925335492229538,0.21410252897526402,0.21441391372601454,0.21947770911595776,0.21176199283027763,0.2091948038574905,0.2087456058545001,0.275280189681158,0.2258583667721605,0.2687330140653635,0.2177313834749377,0.22316094381479967,0.2553320039763382,0.21482168624539866,0.28386434680430195,0.2657365820576997,0.2845351014908534,0.21390585373439627,0.2381661330087684,0.23085486055290141,0.30992547383232905,0.2815716080660962,0.24143197530315616,0.25367461437132083,0.24877633123173054,0.20237269821040413,0.23856303128828824,0.22959964412294048,0.20260413443931866,0.23060494375429244,0.2666799239968978,0.21042422251895576,0.2152124244313988,0.18829324141768386,0.17357287929557896,0.2298139228731987,0.19927390517029311,0.23553255505383547,0.2036689233862734,0.21536225018231617,0.2531744809437844,0.21678660403252656,0.23667548016694087,0.2748983900123731,0.21942654552106858,0.19692750097439995,0.2478983594144503,0.20321431400910964,0.19646860796936985,0.22015333140675533,0.337288649263568,0.19706407953907892,0.18658317013329476,0.212368171225567,0.27430333093866643,0.2463757833496061,0.17618573351302866,0.22644376221600193,0.21226343107112502,0.21361673655646013,0.19911342897761874,0.19902333312296305,0.1842291952883042,0.3390433937425353,0.23366704360656784,0.27151253259460334,0.1903078779014792,0.25223416409436594,0.22592797298823578,0.15991387809717422,0.21323499931660306,0.19267180290089486,0.19841515105965343,0.18934374836945408,0.2083090047319626,0.20645585031458713,0.2193832010887067,0.21226628692083738,0.2518074056569595,0.2074503224837875,0.25353284742892057,0.259596387406315,0.26988498553593143,0.25547921643246974,0.2534191663236091,0.20710913101075845,0.20673602129663274,0.20517056078430432,0.23314133723577585,0.20286603888539695,0.27158203667953057,0.2237164100855757,0.2103906702908107,0.30406434591738607,0.18770893697629726,0.2231442748878439,0.27367581582905104,0.20848159525097995,0.21617892690874482,0.17819122327105757,0.21638618562814796,0.2192614527272662,0.23422114858980614,0.18453258775090062,0.226149322315708,0.1701868838792353,0.20999214096504532,0.23815566443704198,0.22889143908937223,0.20579198990329234,0.2805643130954923,0.26281065870720877,0.23427129223407794,0.1907541398195798,0.22891539197475622,0.26148180459033166,0.22805617612738718,0.2534791030212625,0.2128262615453014,0.24629898913509918,0.22331249823894217,0.25190910323767624,0.15271218102721734,0.2193346614548076,0.19659342123280976,0.2584816698216001,0.22054305697420234,0.25044867756575345,0.24026231318319666,0.2079818466557834,0.2536193093265059,0.20904774403780363,0.2036166155320944,0.20864429319302694,0.20607114407661856,0.20056173746614195,0.3233073443823231
0.29447869190035864,0.35773374396116925,0.3022668253083474,0.2545559064227178,0.20917642288105892,0.0,0.21514261781690228,0.3154585481197371,0.26184184316725306,0.2778981508135445,0.2780131617600578,0.3375326030085115,0.3268753811648332,0.19835308992402997,0.2646658324638419,0.3351593919430408,0.3131475365369414,0.22533340070240077,0.27298272626117687,0.29966867496034505,0.31431149705108413,0.28821142609859973,0.21504792435004025,0.24599171244789744,0.30080027211536353,0.23707295706118434,0.22210190968905638,0.2655129380023157,0.2765048493048606,0.24329792294831068,0.29764507416556696,0.3193080452019363,0.3168945790156378,0.25577454607732325,0.24720228545617048,0.23281196269979246,0.290878478508033,0.27213469845209565,0.24319620162305347,0.23989151609844467,0.27400131327552674,0.2779610494025378,0.24199487507943213,0.285927508612106,0.27661153864042204,0.2764624854253205,0.2387781344894263,0.2534748273188342,0.21612484017723893,0.2664523675976408,0.2688574336299721,0.3528619767304962,0.24816775137432032,0.2848390415623518,0.24830865386148981,0.3135635993280798,0.29820725666707015,0.37440397074460036,0.18563795569018932,0.2563832919365072,0.2995664807793934,0.22679197482357855,0.3093304918358136,0.17606734555166803,0.21340356823794376,0.24585763105387048,0.23547311930857354,0.25560884624672614,0.19469267029853005,0.2715448520065832,0.2881615101955977,0.2128716350345276,0.22555471343170375,0.27458469425172655,0.34147909337001137,0.24235572141999395,0.23178469248726338,0.26323479253869153,0.2565528474602175,0.26618571345623004,0.30870817940256484,0.272097977748415,0.2857965301553575,0.2798991940965668,0.27623368630498135,0.3271410893184763,0.2867189794893117,0.2059930613886138,0.3113202103531984,0.2604868760428437,0.2716968094679927,0.2758531320193459,0.27593428120730945,0.26389184482165823,0.2342186810799933,0.32586343893933956,0.2507146053590596,0.3163068225660475,0.18570021837493195,0.26591548135339743,0.21827540808034662,0.21589219705265794,0.20334024653214536,0.253517010839734,0.27077990317457595,0.36889197223883596,0.28943593653690797,0.31407033878036494,0.2550641580424895,0.2928744993048937,0.25854950946394717,0.23713024364302074,0.29086986373094786,0.25794748235083415,0.28208116402799344,0.38451547267882086,0.30697536138964593,0.2132765620582377,0.27778566261598425,0.24070393416483402,0.2631051849381804,0.26698221097029534,0.2967407429818345,0.3308908704554959,0.24773894424984566,0.3260666015170514,0.23220142279123013,0.255399818231261,0.2914691614678068,0.22467971712763996,0.2804857158891178,0.37830522786935555,0.23704135858411118,0.26997876173908003,0.2560189503560072,0.22396832619123763,0.27166077090373947,0.23679024962337605,0.22937520197549952,0.2498982766050231,0.23417350295717188,0.2608573094355509,0.2709351267797706,0.23975741940006645,0.2847900294686681,0.22227070882571384,0.31888064068988725,0.2875656946547708,0.31910832704287245,0.18962559633264725,0.25944877234848823,0.23739975963939405,0.22856099003832614,0.21351015756527936,0.3221253053366349,0.27647878349836247,0.271257459667928,0.36003044278686447,0.21643506451924993,0.2571842230897028,0.22172748452421515,0.2880434332464537,0.2209339691340959,0.2789586048117238
0.27471635380158854,0.24962750677248566,0.25364888279674025,0.2602116263813008,0.2608100619170511,0.21514261781690228,0.0,0.20089156517485154,0.19488997335839017,0.28832414443241167,0.26127303735672464,0.2701912286356126,0.2701559271834326,0.22144444370915325,0.3016311605245276,0.22411689516920705,0.23862007686627223,0.2673594249828441,0.23723215148274487,0.21752098792886834,0.26041321315875154,0.28360346481291254,0.3751559650214952,0.29557691262211194,0.2952937841920429,0.2649973810470583,0.22277272196987577,0.21922342157307362,0.24041955844512436,0.20489924702447265,0.23244575324671257,0.262567555022603,0.24677721100489378,0.26896431926906306,0.22982088688412414,0.2242809702574309,0.3146284177894468,0.196225130911026,0.2227494422184766,0.3289596661698487,0.241854638902834,0.2662323118928997,0.2680477928988642,0.26497813055171177,0.27308732852856876,0.2675215799925025,0.2661358859212328,0.2535253969929077,0.40293231834561544,0.2305816192006913,0.3068111090231819,0.23630463702274154,0.19741512682049855,0.27602847020076016,0.27765711361053685,0.22298665044115137,0.2372925397909036,0.22648523132319331,0.28430555184486705,0.22836473502957574,0.19753630924694626,0.18755704260313588,0.20686924205662016,0.209616380487003,0.2281424537761576,0.21345034185680822,0.2811946304954809,0.30510786797903117,0.23985777456069007,0.21672480259703505,0.27865460179020507,0.2115215517385118,0.21315901873803986,0.3050703756256083,0.18095836687676706,0.22982103892913203,0.3033380477668104,0.28665355338089904,0.2003002386088389,0.17979483820106404,0.21280476422253816,0.26386400699179813,0.2372648218838259,0.1694162510874284,0.2195045371170092,0.22099312333364757,0.20874013439491515,0.2500637933501877,0.2246428687299624,0.200040851410438,0.29113228499748217,0.28725353660534203,0.2594057283886479,0.2188291765768967,0.24512199756723355,0.26876927455847016,0.16284633858041447,0.2548274478873738,0.19233260444302125,0.2685301794386259,0.20218741911401442,0.23979289646488455,0.27211232261498947,0.25041917964675986,0.19868824899611284,0.25443461682655627,0.21465201969374462,0.2493064784817185,0.3076929197812787,0.30766941502174244,0.3514935247326273,0.23573343125679308,0.23819733414814737,0.1829120807323885,0.21128608390650933,0.2379425506772372,0.2194743388854232,0.29482032569122607,0.2652309146169606,0.18878061274426988,0.2279598351948528,0.18894858067413678,0.22356671290128452,0.29327145238292857,0.18881387906911515,0.2627565204776455,0.20101947354767286,0.24261452920275295,0.22436928689945623,0.24790803468441655,0.17579630039560284,0.19213506656033794,0.17708746621842197,0.19040978986812787,0.22390403036469955,0.21518525471742125,0.21933221315549037,0.27792087990829956,0.2715201749847526,0.24636239183043238,0.22080025181500634,0.21513956849418658,0.27600792725654794,0.21001625031898524,0.2535482782577121,0.2954790403523487,0.22555757272329724,0.23947045095167976,0.257228096433283,0.14054358145512147,0.2304958286850453,0.2108727598860869,0.2382004864312066,0.3153272914870483,0.2804850334633255,0.26297999845613385,0.262123098995394,0.26611455047225624,0.24300557653380833,0.25541679122281563,0.2322141549184567,0.21021839477427262,0.20668147020774552,0.26728733534393984
0.2860719970269827,0.3684040403803185,0.2695067707940084,0.2696806332092609,0.19576475790413658,0.3154585481197371,0.20089156517485154,0.0,0.3375278358044334,0.32405562335335486,0.24731938001976503,0.3106803063839309,0.3007332249572318,0.21234812375005443,0.2551119857827522,0.2911802976854551,0.27978258617072366,0.2528394560365666,0.26371535420895537,0.31407055929580424,0.2692590898381924,0.2566740320805243,0.2460371866808664,0.22932768848887858,0.3143896479370115,0.22585014015663202,0.26955989654855034,0.29758051047465395,0.2375549761675457,0.2358385568389306,0.36579774360111145,0.25394251789324046,0.28679662238651243,0.2545183557814662,0.25496591019281395,0.24512291308156292,0.2921952487874707,0.3107236366091871,0.2612033440370751,0.24658660047271155,0.2585703105816098,0.26172782501238834,0.23216570305898787,0.23331894695036723,0.3370205481171962,0.29293315142578313,0.2104591120567042,0.2288220048124591,0.23706779017100196,0.24354471551040932,0.24568532901177745,0.2593948778921735,0.25566389091676256,0.2576572861124108,0.23889675452936668,0.29014792818629426,0.28030968332658085,0.3343329976958561,0.2157674669257258,0.25476311884429875,0.38554379076295037,0.19840825371835724,0.26015277063600706,0.18977008985355856,0.21330767358790334,0.2460775919508074,0.2770523309277903,0.23497703522668736,0.22714675087245828,0.41523151032503974,0.2680549225263209,0.23334196575822533,0.22870650585702731,0.27391484867522425,0.3560525825037042,0.24519823695759085,0.23810582287822696,0.2376690140292497,0.33577978768763717,0.20061786936122272,0.2553685145932172,0.28656446083317066,0.2997083330670118,0.30779828553436744,0.2910115150150911,0.4131349418581577,0.37692949925837216,0.23221891557163113,0.3289311474841357,0.3055952973414652,0.24023353043336979,0.25867454400449275,0.24314406345670284,0.2473729199181699,0.27633556071424076,0.3235339758272719,0.2625253818655812,0.2993876662085863,0.18608217282232464,0.2781661340649663,0.23264421699719143,0.2633444320798209,0.2131660705653463,0.2996715006457553,0.27630964087372595,0.3112853378136886,0.2694617370722716,0.36588430805668354,0.25222446712333774,0.2674729133669875,0.21486755639812755,0.25120641404544986,0.2821305411926446,0.30533441278981976,0.2750016161969374,0.3369033982439864,0.31101287397301314,0.21158035057444058,0.21946917520241147,0.2487028082066273,0.2327797868526127,0.37637293459979065,0.2553594044487425,0.29047447349612115,0.24541769100848657,0.28983852519805403,0.2125008897142526,0.2679064751275334,0.28065591989191524,0.2472440050752494,0.3164524058210206,0.2838034638004819,0.29177988192875703,0.2669509040059961,0.27628226412161533,0.20846296123452107,0.257113959743061,0.23684928304347588,0.28103549912930464,0.29130558887746294,0.2567643002287123,0.22175111253082097,0.3175210355087929,0.2551954116996513,0.2783598203112418,0.23370844311518277,0.32134033230983283,0.27395535663704695,0.35813408498067406,0.18127894267359235,0.310640558731104,0.26723579151859556,0.244386108897561,0.21778816103596685,0.3308356481832868,0.3408488802092349,0.2660960406621896,0.31854687691571587,0.22864155839646555,0.2241638156184012,0.2357559045880158,0.29212237087401727,0.26173845000713664,0.26917519742989515
0.31280614690347086,0.2941922519922081,0.23341451029136645,0.21758832618807306,0.2121654346913678,0.26184184316725306,0.19488997335839017,0.3375278358044334,0.0,0.25242930988496093,0.2390195165276881,0.2995594917815494,0.23872612359433074,0.2219819632377454,0.23825446099703262,0.252579964815664,0.24156572827788705,0.26717573246222615,0.25712456794451904,0.32961526021837506,0.23988636542352385,0.2890153302446135,0.22375495369699597,0.22144561569140173,0.28370546095343036,0.19443331519044021,0.26151648464887034,0.2597163212102142,0.21878858008954824,0.3143852111616494,0.35628303994177496,0.23386205447816985,0.24045587220837147,0.21411160335678753,0.2740091749688819,0.22713243708661968,0.2487585535048421,0.3331145819416354,0.24184734560745563,0.21372083486923715,0.23727951745921735,0.290638975672897,0.2242139546484647,0.23699508775493447,0.2626359987222538,0.24552007263671494,0.2071943480551537,0.21892234654451684,0.22696198807510679,0.2451676503136701,0.21752240958986804,0.22253202132590857,0.23931270734521845,0.22918890733774025,0.21329229214157303,0.3015329992248317,0.2690241972693024,0.294945108250728,0.20421885448545635,0.21968943827915527,0.23977470525699243,0.191778151026897,0.22677156946840984,0.2114492233140432,0.22872922739412518,0.22118304027086688,0.24163365100825485,0.22102081959339454,0.22355709250581654,0.30397037177517544,0.2682922774435232,0.23935998713739481,0.24122984041300427,0.21859501813224783,0.31084768210556984,0.23712695414670198,0.18479242026330467,0.20544670756992722,0.27294375507725366,0.19130154023115015,0.23797774139071903,0.31028795132301756,0.3097041319195052,0.2453127415733337,0.2673750863897454,0.3551522355258072,0.2806649679925857,0.24052445551662988,0.2658453622102499,0.3321389014083072,0.2561044121539067,0.27861752238722026,0.2371538411828166,0.2327592958585828,0.26745628504486507,0.3143129898144665,0.24950798623746356,0.2717784623253566,0.21893959751817102,0.21633813090676277,0.24170389604561157,0.20269384671897409,0.21961387534370203,0.27686141971431233,0.2771261154374837,0.24573308525575932,0.2138037946492255,0.3119564093959279,0.21996002574511797,0.23353682003152942,0.20135539647913858,0.2714740529908444,0.23808174587016773,0.3227603207871655,0.2361751785719625,0.278591918669282,0.27038120600926946,0.22966622968052436,0.1887992346081067,0.24629293728498142,0.24172151801702885,0.2556492188668994,0.24762180731493177,0.2544897067954721,0.3144131526240577,0.2467416071790201,0.19846621205861037,0.22126443481081493,0.22324509594808442,0.25095969424503606,0.40250994866388295,0.26856749287649445,0.24227411999691173,0.30507692898387184,0.26608170626936367,0.22345219705757693,0.28451570672230647,0.2296769994067579,0.2762630100421704,0.3043585082511914,0.24208993421429478,0.23029552815202323,0.27416206345298527,0.27724853789341075,0.265389868394082,0.2356294565563666,0.3759753677994867,0.23027530917020556,0.32811918458650113,0.19008283098524645,0.30885614627539,0.25481227675420687,0.2640709277858858,0.2179737773930358,0.28433893544614075,0.3016367721552341,0.24097665726779252,0.261817190208775,0.23749117287642318,0.20120040767013886,0.1994445025954229,0.3105448346341675,0.2700667103683887,0.2914958344041885
0.35553867894016916,0.36539407595640155,0.33708051200182254,0.31201486572822124,0.2573963252002971,0.2778981508135445,0.28832414443241167,0.32405562335335486,0.25242930988496093,0.0,0.25906938496013754,0.2549524477924606,0.3442638332601151,0.24919615106697468,0.28591251336986273,0.2815315875501422,0.319720764349641,0.3729719068059394,0.2572155740826084,0.2893410119868944,0.29232267681232865,0.2933943986070629,0.41008111339622255,0.267325713955002,0.4430927662067266,0.24261149730619333,0.2819311336788072,0.3115421501640564,0.2690738940308373,0.22192700833773918,0.28598520751140166,0.2846931569650694,0.2476288156081335,0.28471240040159923,0.29185173420769533,0.2503583178256577,0.3499078186688079,0.25234116786417066,0.2041075211369707,0.32896789981518737,0.22997231279666275,0.346067978717754,0.2668996008390577,0.24543765915395072,0.32688372005454563,0.3275991887068083,0.24537122813134285,0.25488789199529066,0.36547257071891315,0.24531918782327472,0.28224661435532045,0.26884845023626947,0.24787744914373452,0.28438401794946305,0.2655049281396971,0.31844172392859404,0.27741048658788775,0.24861482522557155,0.28429789679995104,0.28621801065609215,0.29676579958654953,0.20538900266799376,0.2431282416439186,0.20539382126297231,0.25672836515577296,0.2790852179461871,0.28955234930400703,0.28813782764311635,0.2747167306646999,0.326251914099697,0.28652521496913097,0.2792102219328961,0.22966723952623927,0.3386326581365683,0.26813186585651766,0.2791097010140088,0.25054081638646614,0.30633085014819206,0.24624039807235237,0.20825144592736203,0.2651776927600526,0.3163389469988681,0.30487871727174554,0.2532630469303089,0.2967693837955089,0.3130455588583498,0.28201782150271865,0.25258150171669236,0.3352465583471548,0.2454773696990909,0.2772269572001776,0.2824511352079398,0.26893844357245217,0.24062752089613107,0.3240764686228447,0.29851715531486317,0.1912112603879898,0.32573701499689645,0.2068830273402697,0.3181326581670694,0.2304975197182161,0.2629944780777958,0.2420589762693322,0.31144497136160254,0.25729410735505037,0.3155369722409855,0.2809152031285191,0.44310273674582273,0.3135034239758012,0.3511398806147857,0.26629553921429966,0.26919663556637907,0.2991529905779372,0.25888356271606394,0.26260666569468805,0.32542094228031465,0.30651601624191255,0.28454674121184165,0.2724704738843586,0.26103888626534527,0.2356262191027109,0.24749782331804174,0.2759225901999744,0.3104343808459469,0.2259554170777664,0.273846749703364,0.2319038517043503,0.243958576093109,0.3080792810760965,0.2903477800885336,0.28182507847684257,0.24702119079185536,0.23002032880441062,0.2218165614677825,0.25245826628475343,0.22397821539713406,0.24616323018308717,0.29410152702126524,0.3414616916093705,0.2723246332254759,0.25363272156012884,0.25935470861942067,0.3694450913719763,0.24955496669762284,0.2702487543290217,0.2684026570743712,0.24013320810575184,0.30678944097342614,0.4352938291936822,0.17181247373147393,0.2539936039355725,0.27050975186841125,0.2579186799460579,0.2722275929019811,0.31042374262621697,0.31923797492418265,0.26391978693956947,0.34553785542531634,0.2608938278439625,0.26834065863228657,0.3428899367394072,0.2793124615085717,0.26308645921672486,0.2699067247854433
0.31840975540781197,0.27272826615635704,0.30751739548192064,0.3199127831122773,0.28015172573668085,0.2780131617600578,0.26127303735672464,0.24731938001976503,0.2390195165276881,0.25906938496013754,0.0,0.31194469415756393,0.30085619579573536,0.2212108737543148,0.2875302093947718,0.360798596755968,0.3588446705800641,0.3093289340009665,0.2833752191632434,0.28746825763800016,0.3545653045700829,0.35231384849801045,0.27778229759612316,0.30077138397074465,0.30248948091091604,0.2941292503914425,0.25754350055125097,0.32338392594262716,0.30692220826777106,0.25210749974326624,0.25138559158159773,0.26384775166328794,0.2840825320747179,0.23800819945194035,0.25983330875144295,0.25222163243320656,0.34262591552559113,0.2917846584192224,0.31268662686061593,0.2985654724633206,0.27079687106795847,0.27686629445187716,0.2937867740280538,0.3237805845935738,0.25652740309554334,0.28695004875061775,0.18980278146266297,0.3640257883296786,0.3080384302494741,0.2571154473346893,0.3417416701975582,0.28872993788006585,0.24730384800922953,0.35099000990719653,0.32619460452623694,0.21358144941231597,0.35980580076273716,0.3518840606418418,0.2362038339433814,0.2707128378223438,0.3063997262979316,0.18878904250494083,0.3220403113479829,0.1948021399131514,0.2227043028291914,0.2559973440497401,0.27166445512455484,0.2550362643273703,0.2616363462040926,0.29383883147490364,0.3136245920295297,0.22290035188148793,0.23213096312725887,0.3402256385613844,0.29659352584329934,0.23970478406945414,0.3270081349955941,0.292264238478924,0.264335146485474,0.21733425167992781,0.26929481948141415,0.2771989933982599,0.2720990210222369,0.2479952077630775,0.2638068383614669,0.26452635843252176,0.29098548355553205,0.23050685242120025,0.24237402209262388,0.22444738849655668,0.38205434636912666,0.2122525870360082,0.34344436623985747,0.2790217921763298,0.27678104678364657,0.27607143105392407,0.21144079012618694,0.21262789869585486,0.18565233298582962,0.2260778544855105,0.249811731528033,0.2640058982910789,0.22499598521818084,0.23130782001276662,0.25332046529233443,0.2680859579542237,0.25570146413431405,0.2877252725245658,0.26549648614355353,0.31375246353034636,0.34735337675010286,0.26483443208916857,0.2568668404455779,0.27059637040974044,0.28942424797408633,0.2991264840323304,0.2600962609805322,0.2831560456610597,0.26120101830736525,0.2343686660044681,0.3100231133607851,0.23920317581899606,0.2635548678139933,0.36552522329670556,0.22851793914235236,0.3244522409926593,0.1890663771021564,0.2598471978978181,0.26798715427163455,0.26065027243372907,0.20120400045490577,0.3276055679669113,0.25765500166483973,0.26454698967624807,0.3283125469243171,0.25010660341934626,0.2380651519689215,0.2632401504641616,0.300158493839269,0.298053063066525,0.27097994895833366,0.251799593297396,0.261088369888806,0.25777382683813677,0.3548639802119591,0.20564503091704017,0.2707036178672194,0.27120759951692824,0.27828946575336233,0.17879952445172967,0.34250282363538526,0.24492874134626996,0.4005458882257881,0.21353032807589045,0.284226514496956,0.30694867982731,0.3052337776339837,0.2973632010740725,0.263674279488944,0.25181549541914594,0.23626943238718043,0.2630214430244011,0.22375425810490526,0.4218746839044334
0.28249128179245997,0.33092349590822046,0.25067255067978833,0.2616186425150352,0.22066546745966784,0.3375326030085115,0.2701912286356126,0.3106803063839309,0.2995594917815494,0.2549524477924606,0.31194469415756393,0.0,0.2534107440286267,0.17422529751557475,0.27536842748169177,0.282329840628348,0.2750177124317076,0.22409484220930684,0.3246595871494727,0.2784860371865149,0.3079290913288999,0.27817320420427594,0.2551562055386494,0.2921585107468131,0.32199410702486697,0.23430869909146942,0.24058473867916544,0.24491944006669814,0.2633390903029068,0.3124898460738926,0.3286791261500213,0.2548270223653672,0.2913693319557971,0.26945305140661696,0.22262656379074808,0.22806612218384126,0.31774115833438743,0.26826707106021636,0.3385366237871089,0.2547516268234078,0.2940154570132266,0.2768915767040447,0.247608160612545,0.2948614632992593,0.26027018572236377,0.2814415510810406,0.23712148455780382,0.26264901127884543,0.25162489313315284,0.23730656520345414,0.2977819726413741,0.29104811994508883,0.22810316013399268,0.3073245909387415,0.2749354089158632,0.26584973224185326,0.31561118030178054,0.37958025174962484,0.1877257793841707,0.2435777024634907,0.24814408255406203,0.18410167919569714,0.2581209653930444,0.17288083727071996,0.2064500349018306,0.22647588881106234,0.23232298779016716,0.23636155598452477,0.18396265098917744,0.2600789879736615,0.27303662566353565,0.19695407868112486,0.19744954265526907,0.25816362067511545,0.2731376622084298,0.23698033330855398,0.2452303959905233,0.28327558606592906,0.26902984148213444,0.2212198345582206,0.26107540930778117,0.27663251135345507,0.3400600200144348,0.21711552407737109,0.253263956102633,0.325595337713728,0.2544863709312333,0.21297647758103502,0.26963430707697483,0.30221637282366404,0.2805363367281152,0.25860661297430176,0.27702466045810376,0.27355194070097777,0.23013202324489757,0.387931860881732,0.21373399915525673,0.26859340599381964,0.1742254973474573,0.2231099831711351,0.2182495847428714,0.22737685243356826,0.21758264832762927,0.28691658127944886,0.22446928379144063,0.28434458250518707,0.25232096014246697,0.28820198551269166,0.25387987729097383,0.3312262515119037,0.33826603948906087,0.2513693219116662,0.23217411750806705,0.2622264489291289,0.24780431658814134,0.3234860964867344,0.26631229760918057,0.2455118030447015,0.23495853579771292,0.20642146716867132,0.24502381863060632,0.251698552161405,0.2425459279309462,0.35027531750148355,0.21344604402732162,0.37264187712261515,0.18461238754762122,0.288675369697695,0.24886534983832106,0.22417004167018423,0.24719699456162025,0.2687457053464495,0.22820724040994694,0.2751767046592286,0.26223711154965546,0.21302820771052713,0.32689970126466467,0.237379373683068,0.24034697737371313,0.31819226053195354,0.22563136358284958,0.21951627792707115,0.28025461435181076,0.23659650334869453,0.30695002283078676,0.25116220210409657,0.43004894032717766,0.2787260855201837,0.3024707495963854,0.17321090101746567,0.3001998208220717,0.2621612235580563,0.26755965621853595,0.23095274499664853,0.374980134042135,0.27784511177063115,0.2899400417980277,0.35553164489376377,0.22433633986213206,0.23061373533365406,0.19140765264986823,0.2627923625391739,0.22783934600695493,0.3297518010355374
