0,1,2,3,4,5,6,7,8,9,10,11,12,13,14,15,16,17,18,19,20,21,22,23,24,25,26,27,28,29,30,31,32,33,34,35,36,37,38,39,40,41,42,43,44,45,46,47,48,49,50,51,52,53,54,55,56,57,58,59,60,61,62,63,64,65,66,67,68,69,70,71,72,73,74,75,76,77,78,79,80,81,82,83,84,85,86,87,88,89,90,91,92,93,94,95,96,97,98,99,100,101,102,103,104,105,106,107,108,109,110,111,112,113,114,115,116,117,118,119,120,121,122,123,124,125,126,127,128,129,130,131,132,133,134,135,136,137,138,139,140,141,142,143,144,145,146,147,148,149,150,151,152,153,154,155,156,157,158,159,160,161,162,163
0.0,0.5482302538828536,0.49298978241090013,0.44894292523296375,0.5158206836960529,0.5158044888982259,0.48147280112485624,0.5312373484636566,0.5959528139322089,0.5048336370694597,0.505928045940586,0.5153872793987168,0.5341177096087132,0.48510575546903567,0.4986382163147855,0.5618514393155197,0.5693568273931248,0.6357221768121685,0.5666878854651646,0.719986877448157,0.5924054623676821,0.5149943426688268,0.45573523038853414,0.46329949410315646,0.6007785424656169,0.44713361523729117,0.384740519851393,0.498641335701704,0.44857731136500384,0.5754593147439077,0.64683402165982,0.5787372546674802,0.4500820010279949,0.4683523248888735,0.6011809773729487,0.5246842840711781,0.5837579884071817,0.6053932736616943,0.5120365824539653,0.42040481590338713,0.5255757297736088,0.4827808006452218,0.6861471877047836,0.615569360582215,0.5403085165683719,0.5968034337489576,0.5840451609647994,0.5822920550143876,0.5585708646515185,0.7077609880470237,0.7213209241468754,0.5945649776559151,0.5055488182172106,0.5377616495009456,0.5426319923989601,0.507036519787118,0.7612276866018474,0.529301015207683,0.6241073568376371,0.5701169470666492,0.5099614048203911,0.47614635857586446,0.5916774773028141,0.4797055738380398,0.604845801604668,0.5961316370733776,0.47571890929158656,0.5958645178070326,0.5824603278830388,0.5648395492440001,0.6696294933898154,0.6003301345953146,0.521901761036525,0.5583542829216439,0.574461815480645,0.563116099750736,0.4702528374669733,0.4746977697437572,0.6103552704247415,0.5173726624333418,0.514391622446376,0.5950640663841319,0.6340494586346247,0.5133245526105352,0.5550530439511909,0.5868867887942648,0.488552233842316,0.7324551586550904,0.5596467951200269,0.4907504749083313,0.6082492161473323,0.5616699767729912,0.6717530566260127,0.6194784148050329,0.5801393272813598,0.5436105621855407,0.5082485335867581,0.4984332319838271,0.4406566845708849,0.5277176443564776,0.5183784452662741,0.49414136417115057,0.5312204062934708,0.5546159779907198,0.6521077389213623,0.5671463163768666,0.5574533812504578,0.4990834398026677,0.5202719131645184,0.560438311333157,0.5174532937289124,0.532983801100445,0.5567501238540999,0.475138689630215,0.5638745167492353,0.5049667669627012,0.5644499273074028,0.5571752695992416,0.4945192156020392,0.4483848099534499,0.5575243893911851,0.49307145074659453,0.5295631680834432,0.6749318637713448,0.5409091406703244,0.5520791758521332,0.4801033375707501,0.47049217900185264,0.5094971391130463,0.508478622964375,0.5213855085001122,0.5133817678828123,0.5102052715116078,0.5008745862710582,0.5484862304582983,0.5407040739894147,0.6658861869328718,0.46042013253060504,0.42154174571793357,0.6941944721098493,0.5019467036354789,0.5066720819584327,0.6154066631236346,0.5038271398990181,0.5371597755328372,0.538780433887348,0.5603961251761493,0.5031810045911734,0.6030975801329221,0.36660308370237593,0.6300125547294749,0.6079566925378409,0.5477762347064252,0.4525527655702853,0.5577023252527319,0.6072996181524258,0.4548871233701808,0.5267023222748711,0.43982117840682305,0.531661540408936,0.4477921362239166,0.6271096216887111,0.47808068420295546,0.5674864697092687
0.5482302538828536,0.0,0.5877572660741929,0.5453975657017971,0.4945657460349065,0.4887411087378787,0.5332828725303568,0.5249805035146721,0.4775455276185099,0.5819431426468124,0.5371932578991578,0.49267916535168704,0.6021431243771076,0.6266170572412227,0.5173801570590365,0.5533730619070006,0.5968917624860632,0.5639307131498229,0.45264129470171793,0.5355472748563831,0.5413834898401547,0.598136534387699,0.4760335188061451,0.534535032169332,0.5162060229109102,0.4941944191496097,0.4551363877916938,0.5152554680244712,0.6088718434141303,0.45201649920782816,0.5073933764596462,0.4888244183747906,0.5821014817616498,0.45029771164591487,0.5505400854857518,0.5740027295514847,0.5450109925259677,0.574251344359521,0.49947524504087326,0.5301698637849642,0.6854402955106395,0.4530901128518738,0.46984487969164196,0.5474462071837092,0.6023294824312497,0.5689025489361176,0.517632743578847,0.5323897474083726,0.5339643966836684,0.5685273060550524,0.5908252837173733,0.5682639597708934,0.4860220222632788,0.664728937346911,0.5773141293509467,0.4979922407565876,0.5518984103710901,0.47963344528631885,0.647211458214542,0.64766457785066,0.554865939334808,0.44499623818037515,0.4804033816993834,0.4943452669311314,0.4587044038850131,0.4805216994712197,0.5630722907276873,0.533017858041858,0.5489308142538872,0.4958857330405995,0.5498812532172919,0.5807784638590281,0.48662957422224473,0.6143140599891513,0.5545875743780352,0.4564384134753467,0.4906785374892618,0.5488566168335883,0.5247022068091308,0.46816525745836374,0.46796463835475866,0.49921889982720624,0.63067386139858,0.5424510886234764,0.4790316048655647,0.6362952265668584,0.41983162458193246,0.5213561999040006,0.5132966519850968,0.5520996318360102,0.552772711790231,0.5084893429287352,0.6260198943977316,0.5060136583744262,0.5927635952739897,0.5622860486485765,0.454963437006826,0.476162726309214,0.41871879206069396,0.6268053787692042,0.5551777483943424,0.4294324255016739,0.45693297863246257,0.5112313500345693,0.5206165629303713,0.5591798615067004,0.5209056311919501,0.5134959958566526,0.6293968526323775,0.6039794072455164,0.48816283860378784,0.4763435445799162,0.534797332927645,0.46626408517139706,0.561815428566268,0.6313785050955004,0.46837040897099186,0.45730685470527505,0.5402458096993524,0.4786973894204881,0.5491299137222256,0.4669901862182634,0.47982915711325846,0.6292622603098312,0.45887149946044575,0.6443686778538645,0.48961188385834903,0.5335660846303798,0.5991036264290127,0.5621891070974843,0.4893198454754846,0.47000945296240826,0.509436186286598,0.4894554636617561,0.513989566353354,0.4588733405059608,0.5274474701141532,0.5300126995339781,0.4888027594006122,0.5213041047553402,0.5329795124366796,0.4883159781551308,0.6324773088407268,0.4806237743896018,0.5320688769293614,0.46354292727939655,0.5188234681953586,0.5419705291968971,0.5347850925606853,0.37985352072345985,0.4816402718549809,0.521314678550644,0.5477784639874174,0.5961191442212813,0.5251967204655315,0.5491356270393973,0.5047003851798915,0.5707485422155574,0.5304070399847761,0.4841329309269541,0.48160403883769454,0.49555420870945877,0.4448434340007728,0.524651766249969
0.49298978241090013,0.5877572660741929,0.0,0.5428918978444596,0.46399855811572643,0.4982968105478259,0.46244202899187875,0.6042677311741167,0.4603493423091303,0.6093071802162792,0.5261251691964515,0.478491698379748,0.5894116187776242,0.49904524910397,0.4595952192101152,0.5707713893835087,0.5841138188640563,0.5262558957255424,0.4332121456099271,0.48784327194671695,0.579697867149418,0.5927969375093073,0.4421681598909577,0.4851304538700152,0.5278966889296589,0.5252394769263652,0.43337853682684924,0.48704260971891805,0.4942855330947552,0.4310675616735143,0.4580595670547902,0.46591651243784926,0.5044662223202495,0.42579644978490316,0.45601581413199316,0.5094579876625197,0.5387683746162013,0.5516829737098512,0.45803743884199893,0.48177244056345836,0.5644657136849929,0.4806332903588373,0.4776382054068433,0.4939744361656525,0.5766967042077841,0.5319813982992804,0.47962541609167186,0.5221964268296377,0.47481960091900194,0.5062134767507227,0.5479715468149652,0.5579664490752869,0.42224870301200335,0.5980917752538971,0.5044061757325962,0.49580792522519723,0.5034311957294423,0.5100943821552278,0.5676055911972414,0.5036748545203525,0.5963861209196225,0.4181508627401448,0.5013089655476857,0.45069310347292135,0.43032771363040856,0.48204186590805637,0.5663759536004541,0.5648486219672825,0.6046330320558748,0.5664120444884094,0.5438915161101806,0.4707181744132666,0.5006015275904349,0.6428091177989875,0.5702535471420859,0.4041922389542145,0.5027475503392013,0.5110499160538383,0.5317942630239932,0.44131984414112985,0.48958729280278673,0.49762518166306585,0.5811651921144805,0.5535259450553315,0.4859961299454261,0.6247341833483404,0.45619491761170966,0.48085035930457826,0.4790128423934173,0.5372064580200364,0.5398529012423539,0.4589962042081194,0.49672866865559995,0.43695832446195365,0.5675178641820189,0.5429095601990369,0.4522566005577547,0.4880796759759261,0.3822079112717181,0.5544445427517742,0.45213668976501903,0.4787855717273424,0.4769379456631198,0.5401152045650031,0.4887178170002589,0.5822868111149759,0.5539536916152142,0.5548122290067323,0.534102014472721,0.5905069784649575,0.47055336253895663,0.46991786108793515,0.5564718495668706,0.49003180530198387,0.49066611165355994,0.5725530090218901,0.437945732860291,0.4316236440548508,0.6037601616560005,0.4618426285884583,0.47345903815089396,0.5152555337473445,0.46431944662978497,0.550798730932153,0.4158445450552323,0.5593510320031974,0.47823681269407553,0.49519913140244826,0.5711796297143238,0.5099747564726725,0.49328323017160186,0.5288445712609741,0.487809891180914,0.4546056813879657,0.5143854481789668,0.409958295426987,0.46560204709774067,0.4485705006150965,0.4845081913711247,0.5028404815004491,0.4949541891545295,0.45600076555312896,0.5451426071575299,0.48906778841153176,0.5201709843996302,0.46300656994238976,0.5049914496139031,0.531172837434708,0.5505926826931331,0.36862869691658545,0.4608685766272834,0.4600159051942072,0.5062459187233618,0.5971361517613223,0.5798344108571516,0.5769143329534691,0.4607610472618901,0.6226478184999366,0.43968965967597656,0.448032824142078,0.4888676673916057,0.44650750381499044,0.47751217368545196,0.4952251578276614
0.44894292523296375,0.5453975657017971,0.5428918978444596,0.0,0.47207261640379705,0.423250190953493,0.5713006742932277,0.5114326230374963,0.4146387352207535,0.5156027458319317,0.6047268596725028,0.48821044133155933,0.5384675938922537,0.4940158398728276,0.473869672570231,0.5057648185007785,0.5140340994154943,0.47139060603545957,0.4083355365462002,0.4276727804350964,0.49266955189547107,0.5546097846077753,0.5179413069727411,0.5507218193824749,0.48301453434347263,0.5685417213855621,0.5304449570408118,0.511677932342228,0.509274742754844,0.4083755564805034,0.43432218958959495,0.41648721257247723,0.566917208314984,0.45013547742292864,0.4498905027380464,0.4830024188116704,0.537700887943508,0.48082411220688315,0.47574633110405934,0.5649502124260747,0.5329492028006736,0.43658242830280847,0.41358629345478093,0.48233454412780535,0.5623702825716532,0.46559301409028336,0.3962405385848893,0.4989312791917538,0.5142847753484205,0.43862712906047213,0.5113371270390922,0.4715805569965783,0.3709572097168294,0.616670295870827,0.5411667032009793,0.4318146286811972,0.45353389888288076,0.47255616268255746,0.5093838930035882,0.4859251099189451,0.5353079492135381,0.3646057271009089,0.4102438285866408,0.41521977551441147,0.3738683498272684,0.40000875409122144,0.6433558725365011,0.4708626915580679,0.4828871782429443,0.501983938234595,0.4589021470432831,0.4431185211316878,0.4566952304957341,0.6085471062739758,0.45802173763228116,0.37014684375835033,0.5572085957168469,0.5645977385703799,0.4504606638892595,0.406263089307028,0.389249318172159,0.45137280185309503,0.5118503664104712,0.4568078701906496,0.43560752376793377,0.520413952018052,0.4206459986342884,0.4396809810611673,0.4326911171951616,0.5384060239967665,0.5268372274693479,0.4366599159172944,0.47886955421783867,0.40320047719908203,0.5180616783395677,0.5103253880478783,0.37671001377262553,0.4314559776989497,0.3632606428476591,0.5404634878043546,0.46794118847484545,0.43788207583364047,0.4550523332987915,0.4645376613221095,0.4235381337717243,0.47591287323821374,0.44964723484527064,0.5007289801824099,0.49553233566981975,0.5509033786610047,0.5013968663681849,0.44409977184183674,0.48785816675755506,0.46386055470062837,0.44550425178352354,0.5792059826988537,0.3844366631193972,0.41655832643381685,0.5228672626086857,0.44675144744618883,0.4641194431681199,0.46976108089811847,0.41994698899970107,0.5287445328224113,0.38525351629561977,0.5470362857137208,0.42535503281855397,0.5191205987914481,0.5052828921145107,0.465469007789006,0.41480072187258815,0.4207071708970169,0.5024066868306287,0.4492503427019803,0.47360986499210356,0.3592014067680217,0.41339339931130775,0.4856616850209776,0.5184111704811218,0.46221643581163735,0.4677595538561185,0.412685242252877,0.519363660176896,0.4352616056273083,0.49675002132851465,0.4430212638773479,0.45326100417493725,0.45086644920333446,0.445963814616436,0.33987324474080577,0.4565281445888502,0.4055787777560947,0.5131107609173543,0.5523575171321417,0.5166317770584136,0.5260943391609788,0.5375765796878814,0.5833068158943308,0.5375256693627345,0.455460855668346,0.4067675373566208,0.4095470476795877,0.41612496132431803,0.5192992285850659
0.5158206836960529,0.4945657460349065,0.46399855811572643,0.47207261640379705,0.0,0.40479922722440476,0.558384448539311,0.44324915236823664,0.5414095710056331,0.45269567725049453,0.575891817281766,0.5373931303216077,0.4351386564710373,0.4655731375852333,0.49796156930713464,0.4758923491558789,0.45787059436731287,0.47537922819613493,0.4386210189426883,0.4998103102635057,0.5269299659590561,0.5694692232235053,0.4810074352604567,0.5052456758999028,0.5277971423051042,0.4916386464287507,0.41212803893709504,0.4145144106545203,0.45876726029539416,0.47095652354214756,0.560713133071393,0.42598229668249665,0.4345502092798118,0.4368539491942768,0.5986560073464446,0.5374743216021529,0.5620619852334972,0.544112733970569,0.5999789860202207,0.42884387800334556,0.49488078270929775,0.4932359964656735,0.48661159008915855,0.6688071575663525,0.49213895274787084,0.42336350260179006,0.4351989216933826,0.6527117449703642,0.5616132401189178,0.5110939585457908,0.5218574699381993,0.45289307405236895,0.369689916164417,0.5230136052409443,0.5448095572794118,0.46127402269385476,0.48748300374726933,0.4944752195674651,0.5232042497410501,0.44898740734964293,0.4222274790384304,0.3773430434203258,0.4101332777453653,0.5239545751621978,0.44023944627866607,0.3981359956436736,0.5123001398152441,0.5059035611557603,0.49096438890377636,0.48502266959970414,0.5271213524725822,0.519765193793424,0.49443269165016224,0.4854133684026416,0.4216658817495864,0.38490600465989316,0.4628846383468882,0.5456461075109021,0.43882180475512045,0.41733270069902934,0.39156776520442127,0.5534452029592982,0.5305534751661465,0.409007486344313,0.48171649780585907,0.510156510682923,0.45223602034267624,0.5076530147770673,0.3978228652029682,0.5456865317278955,0.6215673900254303,0.5363880812846156,0.5324556021917844,0.4088280162267603,0.5710808157469994,0.5843864680652908,0.3958747991914396,0.46173948795075853,0.457630902454101,0.42818063623371955,0.5345785918197166,0.43465041750600986,0.5361073303344945,0.5183950203802283,0.4664326537414157,0.4373324061877457,0.41409331054567744,0.4704012321281679,0.4344998815802786,0.5662885704309002,0.5421331134436763,0.5886187768328887,0.4663544327441791,0.47519988211194664,0.4128248572202795,0.44311148681312124,0.3923651113750857,0.5326544043021849,0.4657464404942752,0.4493679534232405,0.655007451437399,0.44952695959979433,0.4781023234656168,0.5146439924708228,0.5445038677009205,0.4827922958842094,0.4198860455229882,0.47923561863754377,0.46241355914356413,0.4715291787242001,0.4365313952497589,0.42931111093476065,0.4671123614092323,0.5616661628788648,0.612640347814003,0.4377572210009353,0.46414456316854985,0.5005833089055555,0.45649255767660396,0.5695853759799511,0.4241053614450981,0.4722242116298688,0.5361845773214048,0.5339701085443199,0.6326580141639132,0.56217098266838,0.6045595260662482,0.3957729441988883,0.5063233874656918,0.3557683591915282,0.5671390119184269,0.42918908489614616,0.5612151869290599,0.47196330436382145,0.5293298341520292,0.5759813856539147,0.4321773213657902,0.4788042507153423,0.47445264188018116,0.43855665967127794,0.3683911461571222,0.4949560302994707,0.4748857080923098,0.7151130920924578
0.5158044888982259,0.4887411087378787,0.4982968105478259,0.423250190953493,0.40479922722440476,0.0,0.39505771906418485,0.5593381288289374,0.5119449155632158,0.5039591203771472,0.4325867510920226,0.4893561594159078,0.4930324301600158,0.4354274571118094,0.3732489881707054,0.5505030587861841,0.5552930158233154,0.44961954263061576,0.5161054441963643,0.4964457645514682,0.5565699454574273,0.4265236116514556,0.38334587559871075,0.3701840810520697,0.5342312352821572,0.4073986618634281,0.34736980668530454,0.4634995740136469,0.40515946391662067,0.5156915109767618,0.48663517465880585,0.6317317251913879,0.39824341772845745,0.4519215506331649,0.44058376273654115,0.4821238991230113,0.47974397271386576,0.5135471465479414,0.4237217962482806,0.362960292461333,0.43826946719862914,0.5146797093751455,0.482948675011688,0.47662561262617165,0.46576036988586306,0.4876188208012659,0.5193630967113112,0.46000705240931383,0.4256187135063909,0.5100036613713852,0.5581497930745141,0.5844357260357925,0.4568729656977919,0.4832281124187778,0.46248148651346543,0.5877332886962869,0.5379495457471162,0.5759461905236192,0.4688477164251099,0.48739062786418663,0.5385252370219639,0.5526645590122568,0.58183288630119,0.4292920117630684,0.4589175012647731,0.5453964168452902,0.4377941534937365,0.4893838559409737,0.47706609958930707,0.5206592762076624,0.5204331692431071,0.44548018150226104,0.55877402895481,0.5086976104658814,0.6778408259752985,0.47833772376779216,0.4509398135788929,0.431503784120342,0.5016446937061527,0.5687913670179252,0.5954556431056965,0.5097838332556811,0.5226402371497154,0.5249650990491583,0.5785389203433926,0.5127326091569775,0.5218142993938196,0.5235485796485277,0.5548457355721242,0.4688526922847348,0.5076000090460998,0.538310793657217,0.4847805374930664,0.5046545783450689,0.5202456698988214,0.486851245266548,0.5489185105699365,0.5563226966909017,0.42863860679867277,0.5159575810198942,0.4262158766496545,0.4995188297630133,0.5026882144855667,0.4922517826053175,0.594377849210926,0.5346451447372047,0.6388739261230096,0.49527771779145524,0.4312128052520252,0.4912019667707172,0.47667884127290483,0.4713111693112894,0.6660618174863157,0.5090815677064626,0.4739896739464937,0.47239245053074275,0.5655127081177744,0.4201167277261214,0.5498047879221014,0.487252536913087,0.4203182780652441,0.5357880478833342,0.5192823363656881,0.5283419288264299,0.45150911876943967,0.4763542891772021,0.6024874352276941,0.4354717685766293,0.5278297805258662,0.39969785243608136,0.6308281872229663,0.6535636906563516,0.4760386435793619,0.4732067798064332,0.4409643927528316,0.4037100644399338,0.46490536132923777,0.3604997284957559,0.35164367319966944,0.5093406150576656,0.42369600087568066,0.540137483232794,0.5524071890353476,0.5148350626496592,0.47011337538462644,0.4681958365994198,0.47923951730541636,0.4913237508051453,0.5444456539922939,0.42308645485336205,0.48039379860068937,0.5270374430542145,0.4430849248194344,0.40500600743967446,0.5439538508928736,0.4833758091029858,0.38099351140369164,0.5384463836402854,0.3611223386415389,0.5272094563407146,0.4290743657086497,0.5413732101998834,0.5035778371137523,0.4420580433118226
0.48147280112485624,0.5332828725303568,0.46244202899187875,0.5713006742932277,0.558384448539311,0.39505771906418485,0.0,0.43985279769679514,0.4363138696581942,0.5064310926986053,0.6276454023595694,0.5068869769677117,0.48758388314789813,0.49040402578875913,0.5151072742262207,0.4859488757413689,0.48476667573822335,0.4940180350412983,0.4271081706119966,0.4497076079375672,0.4760537008164033,0.5442983549345891,0.6175166427516555,0.5854060027336113,0.5104558039491627,0.49304786060392747,0.5131299972175719,0.4926557495893374,0.5408936287355128,0.4537754096083348,0.4742492830198762,0.4261582580530263,0.4931049780556756,0.45692929723895204,0.5029893179477801,0.47140007546477875,0.561757528783679,0.47839863514259107,0.5208109080277185,0.5343123867418231,0.49824853520927276,0.43916814374980434,0.4320533545859628,0.5273055928519792,0.5086344226448298,0.45089466874641787,0.404801873932471,0.5343290753553742,0.6687195917240704,0.4495434691003333,0.5186054447210868,0.4324267489943508,0.3746511063992994,0.5452613470001663,0.5811540330854824,0.4259690651137371,0.47118048276528535,0.4519205556465824,0.5535037423186591,0.4812428395760678,0.4512232194474765,0.35578060007727175,0.38633962459518745,0.43355446960945876,0.3944373065704796,0.3897629240602208,0.562103923814771,0.4740321787126942,0.4708371917860575,0.4699673343319195,0.45629316596770514,0.4896813606857773,0.4392920242643154,0.5358558848249587,0.4210316613518214,0.3981777953805628,0.5272416220004381,0.6107310651411346,0.42526522701574987,0.42337174568192554,0.3764341154519409,0.4532711508582045,0.5384141172025048,0.41107964252317536,0.4326085664531263,0.478649542268518,0.4056794112158897,0.4763785531211625,0.42632026870845907,0.5093459194309434,0.5401461617921732,0.4593129321075979,0.5426334858914427,0.4209967456733339,0.5184680419912352,0.5244313656453147,0.3584887638276429,0.41473490407045005,0.38301584754154133,0.481100542906234,0.5290256285801723,0.4184212821080887,0.45702336315897796,0.4680244501213166,0.4189007311757172,0.43840169547257646,0.41517924378987237,0.47716426917532384,0.48556584508177353,0.5682377592550723,0.5316674995716326,0.4603036599862387,0.45086937971350016,0.4558239514363778,0.4270411329464075,0.5018736246781791,0.39333908830587516,0.5052536273955718,0.4594445914382573,0.4257213952969955,0.5218695890082463,0.4221845720293803,0.42268805691514216,0.5608251457778705,0.42603959757111187,0.545391478637918,0.3983958896613291,0.4879148250622474,0.4622775926637427,0.4718031635585135,0.40934816255622236,0.39282090505517425,0.49446289034962254,0.4542428439445058,0.48634800736131784,0.3892321762013759,0.4491504372029121,0.5236718696590026,0.5013143649925745,0.50659950970957,0.4533366338447705,0.425188967964589,0.529551678602762,0.43231165562201757,0.5265769879163209,0.4633407118270369,0.45813453501241513,0.43590616949457267,0.45718101749039897,0.33116275508808346,0.48633419154152274,0.4324429003521835,0.5399129568145025,0.5165560365722165,0.4958464270424121,0.5292494944177388,0.5687929981382931,0.5194886004773474,0.5894877630867139,0.48065683100692075,0.3899121267567965,0.44489664774714743,0.42016054956865695,0.5834738395723957
0.5312373484636566,0.5249805035146721,0.6042677311741167,0.5114326230374963,0.44324915236823664,0.5593381288289374,0.43985279769679514,0.0,0.49902399593052016,0.5381970886468337,0.5290555708866861,0.5104193116996544,0.6205621425494785,0.48513203182860326,0.4355830970080355,0.6522753017898467,0.5840828474558358,0.5086479466905917,0.4672361048454688,0.5154715356891595,0.5671598636932754,0.5076965071905986,0.43356987505132233,0.4344327928775725,0.5516787108251949,0.5188301427282013,0.42245033931817577,0.5105907099440619,0.4473820139970954,0.4854276493874742,0.5111606164028474,0.5411456053774004,0.47128276481536097,0.4694232869589704,0.4660457549062686,0.5287600837762777,0.5997821037018054,0.5890705544012276,0.481655061419284,0.4298657077191719,0.49957141707686875,0.47445148669314463,0.5287043866343721,0.5029138118235964,0.6213419742244217,0.5515131259844771,0.4764522118075823,0.5406791372308857,0.4760275485887908,0.5330228522903471,0.599655328753142,0.560306292547344,0.4184542664670209,0.5607245346362365,0.5425845104074771,0.5046045908197531,0.5424742637356444,0.5936308366425862,0.510602244729499,0.5354509813322669,0.7034831855843304,0.4736219845276113,0.5588459367719129,0.4465433463388572,0.43453881422451796,0.5204880583469094,0.5486282342156302,0.5619452163447307,0.590270726445773,0.6879670594567344,0.5720835193919976,0.47894135588362713,0.5331941942891708,0.6359993657467797,0.6359184284031655,0.4362711051041663,0.5543740582100437,0.49146834226998004,0.5919678723128772,0.47473482490141095,0.4861333116618515,0.5168304140955473,0.5694380092053072,0.6039457416985345,0.5270224844644434,0.6121541001925473,0.5599040488239656,0.5438426140915837,0.5474628669158745,0.5431900803291231,0.5666671272860454,0.48707807863238584,0.5167429579436436,0.4694153824645905,0.541641975734925,0.542130088875527,0.49774840623907013,0.5002851265092785,0.40025244695276646,0.5794338265111109,0.47380401725019095,0.6018283724478578,0.5130588048237019,0.5110848242459283,0.5624435967102552,0.6240689990406763,0.6229342413977125,0.5264371188272852,0.49130123654824076,0.5331476375581268,0.4884701532388237,0.49139399461082295,0.6211374241816007,0.5334477458213237,0.5200422689645746,0.5462476975725398,0.46187679962846684,0.4488933817897087,0.547014355337742,0.48711038763474285,0.4665916971973013,0.6414507427172728,0.47943161568084774,0.5709101826050095,0.42512633219430374,0.5675294401802838,0.5154768428184362,0.5512594826136838,0.5576416940055026,0.47586768057359674,0.5235932252730042,0.5711748096302574,0.5834261146085449,0.4736103185176899,0.5064846876959682,0.4011611878906263,0.4859700241291846,0.42312808038300137,0.43629298701484537,0.5536844938794222,0.4772163173886229,0.49391031021472687,0.5458737676136615,0.5009207455454926,0.5256230522037613,0.49187315783003793,0.5100243573916897,0.5109365788085596,0.5445006125956509,0.3855492422440912,0.5231912297538869,0.4652634842193897,0.4985357110559027,0.48408093392790613,0.5790717963342172,0.6093633576838482,0.4513803620678286,0.6189951969264691,0.4146371979493543,0.5116407149056015,0.43901979018130616,0.47409825448696097,0.4747880749801412,0.4921705976674113
0.5959528139322089,0.4775455276185099,0.4603493423091303,0.4146387352207535,0.5414095710056331,0.5119449155632158,0.4363138696581942,0.49902399593052016,0.0,0.4492562613964227,0.47450361693588533,0.5228105993954919,0.44459356364774183,0.4504396788485738,0.4277343427367136,0.5061755474459249,0.47945024095337385,0.4748234131193048,0.4998117279045068,0.5644970693229553,0.5738964226179595,0.48425616639152186,0.400608990566536,0.4008182933522722,0.5534647791509923,0.43078111335751956,0.354049343499596,0.4096103239783497,0.4028446584100559,0.5589949760501345,0.6635157610518777,0.5258014629821365,0.3959190973580391,0.4351607394138136,0.5614543867259508,0.5428396843229877,0.540422184221274,0.5963506285267768,0.53068446247093,0.36581237667070216,0.4541167434423987,0.5514895462296969,0.5644539929621992,0.6190867390270373,0.47214730480093653,0.451221365139766,0.5108819494174034,0.570415529897187,0.47422982005890413,0.6013067884515522,0.582101485468032,0.5132073750281866,0.42271233516176504,0.4886163892176122,0.4987901266518433,0.5634191097268025,0.5619786008732188,0.5717635981631405,0.4991767788034908,0.46893920067099976,0.4588131515247507,0.49042266248284916,0.5093729279262661,0.516009741511125,0.5345219242612496,0.4844366547474491,0.4613239430329455,0.5512649051582031,0.5018165308632923,0.5353508713942343,0.6474856565286528,0.5226294340908847,0.590318428742084,0.48092680421158335,0.506235161242278,0.44934883619717403,0.44714189709326524,0.46224696636334883,0.48515517803826,0.4971327655664182,0.48166562782266525,0.7036103126962416,0.5565775484645606,0.4542621546043775,0.5960446800711348,0.5293459326737018,0.5622163769823757,0.6244856089912422,0.45637482956525377,0.5308825659686097,0.617107707795131,0.6776269706105976,0.5350994386442118,0.4729213500072194,0.6036752190997988,0.5613770238826178,0.5257705656443927,0.5271243546723723,0.52950948527242,0.445274757790037,0.5001586755448164,0.5001584771925426,0.5914598283222415,0.5184376159961931,0.6294361653915023,0.47852717109977555,0.48980715463957825,0.462982083765332,0.4189066200569556,0.5139785173580695,0.5136347411083713,0.6280870661347502,0.5680471571578974,0.522346593823619,0.44308159176257467,0.4312242676467502,0.46890617927522443,0.5023883677813542,0.47340612226427037,0.4895032219619805,0.5519440511460396,0.528962968986611,0.5426776843692644,0.5338193268994024,0.6781181702932593,0.4625782756196467,0.5169811348207803,0.4592716645335526,0.4690949281250743,0.4401272783296018,0.5520725158493439,0.5535966311186351,0.490221892001243,0.6191596025577748,0.559889973454136,0.48326342290469004,0.49406908385935044,0.4076316227758004,0.373674399662796,0.6518607786532646,0.42080099413686,0.5761258459396127,0.5856225321485379,0.6586406614221334,0.5794425373234446,0.5757578890456184,0.6823989479943147,0.4246719793309394,0.5570064424114484,0.397028897127625,0.627131972993487,0.4999702264721806,0.5039756916204122,0.413339546546918,0.5452533462213968,0.581064426859685,0.3842611681050237,0.4838284349972912,0.39020543731054075,0.48602743010871546,0.38522980036622184,0.6307355760197926,0.5578017140635645,0.5679612314494026
0.5048336370694597,0.5819431426468124,0.6093071802162792,0.5156027458319317,0.45269567725049453,0.5039591203771472,0.5064310926986053,0.5381970886468337,0.4492562613964227,0.0,0.5198918875473568,0.4848617409018498,0.6105292150511252,0.5082610407646415,0.4406658637725773,0.6008786750729949,0.6108642330450178,0.5431908310354768,0.4478549910969966,0.476638411673489,0.532200888240036,0.5085763945004165,0.4968039406443364,0.4618521114085604,0.5874037486584839,0.48499869060324674,0.4534577717689635,0.5418120229630352,0.5519793408260703,0.48483500794177364,0.46038939083889846,0.5159752839738977,0.4754467219429619,0.45260558504736303,0.454305652043109,0.47533131166615783,0.5626227511309724,0.5314714803616336,0.4374608163871715,0.4808132421767232,0.5098508643532841,0.482271266463477,0.4733320818913007,0.48684494107927917,0.5344420930085193,0.5422681831475114,0.4972985223097212,0.5033106830266514,0.5331014427825619,0.47521615485563445,0.549817106733742,0.5140455417946361,0.4281969977080812,0.5271660388996496,0.5226708085459539,0.5167068935781197,0.50631811948331,0.5030308133519353,0.5959049902787816,0.5106650473463027,0.5412379254294697,0.42213627507583673,0.4694286848191533,0.437152771820074,0.4189795000103246,0.474294914553902,0.5347810567226777,0.555852520462627,0.5866187891725582,0.5508826714141107,0.4968063860509847,0.49008657693138846,0.4824082179832169,0.6093283725103603,0.5537778659050433,0.46006548226152577,0.5140412113353641,0.5584626664487473,0.5076612187672706,0.5149681668663045,0.5034389527221758,0.45508142945751984,0.633774302415114,0.5376302961099318,0.48802914954095766,0.55119486324884,0.44698563224345594,0.5128802504163568,0.5476856754396968,0.5038013177688646,0.5334232815772402,0.46767468227123954,0.5309262795338735,0.45974029538811223,0.5465833907420844,0.5527279220389303,0.40935236700708283,0.4859930247792328,0.3844760263769904,0.5760674054789596,0.4740647503355021,0.46643555797296526,0.478928298431581,0.5547826681803895,0.4758701745264576,0.562135142293181,0.5383138442337473,0.5942845584492094,0.5487404947522894,0.5866255786346641,0.4801170749824436,0.45321518789237336,0.5524202759345955,0.5159391302387957,0.4923189730400375,0.5682910724471468,0.48675727432650095,0.46869216119240825,0.5717303199220923,0.4723214414455648,0.4559240289819776,0.494137787688982,0.46228741083342023,0.6103375128097689,0.41835336700349973,0.6125595257974048,0.46688819479361565,0.4723578767233938,0.5641669074715011,0.48925961717645755,0.5258068274877699,0.49012272497000425,0.5147799769570325,0.42941946376434154,0.4547206898169357,0.40375964405584447,0.4984822388040708,0.438225540082188,0.4583853592998286,0.519771145905568,0.5036924194554727,0.4739981348819083,0.5476331387043188,0.4565481123643794,0.5189598906556758,0.4654383083486498,0.4517206351832979,0.6081993375616177,0.5758146989889988,0.3711327931544589,0.45345350232590365,0.5219685380952156,0.47308959982823423,0.5604240995028464,0.5828144438495519,0.5420800511942755,0.48442342961163143,0.675331650053896,0.4530110407902183,0.5216114089521091,0.5229573219974022,0.4840730380303251,0.491473207201447,0.48128991651981395
0.505928045940586,0.5371932578991578,0.5261251691964515,0.6047268596725028,0.575891817281766,0.4325867510920226,0.6276454023595694,0.5290555708866861,0.47450361693588533,0.5198918875473568,0.0,0.6134381782371706,0.527957595247254,0.4886380754691674,0.49349710754396436,0.5775220750750972,0.5337896321130194,0.4918169053325833,0.4628911137416354,0.4946328649056716,0.548964337731765,0.5880643671639652,0.5865043216693909,0.5684991217366612,0.5710523399752521,0.5675781243698049,0.5094840624346304,0.523514598284423,0.5107582967264507,0.4848788860164228,0.5209611028893526,0.4650022715109316,0.48330249405474196,0.5165867284702177,0.51945833932919,0.53683580683546,0.6651653636759721,0.5414736135748027,0.6195536150521086,0.5006863058994455,0.5061993627797423,0.47954135284686483,0.478377047406924,0.5703467708606945,0.6066440318189591,0.4697521119530386,0.4130028892529311,0.649543990328274,0.6469269575883195,0.49054696392135966,0.5694635625915037,0.46604065872189754,0.3696119015576072,0.6162335169890276,0.6876255589215796,0.4508551189479969,0.5091629597102572,0.5442553113305695,0.5424229389482197,0.5052413519840121,0.5212993598220577,0.3787557813487822,0.4216860642407532,0.47096732683122333,0.40328145067300947,0.41507839658909756,0.6376170288580791,0.4979809098164749,0.5173515964876415,0.5547936817163978,0.49786170513908123,0.49083978152439367,0.498485942367123,0.6115663981363845,0.466504693761788,0.392856412445664,0.6401787571402815,0.6216055380880923,0.4682882826785039,0.4320461795750603,0.39127728646612864,0.5002209860429172,0.5487688420396946,0.4486471900152678,0.48387406846649433,0.5361959430595664,0.48183591659272734,0.5051527385195067,0.44511624475175404,0.578049265542673,0.6118774965290023,0.4863115534591936,0.5550544616386189,0.42857743635236817,0.5505132997769289,0.5673265032557033,0.3950530295245166,0.4573533090452816,0.40204533590050767,0.5048682762838799,0.5394011877549332,0.5093453492926732,0.5133287100541176,0.49889317760954915,0.4606989988808461,0.4855927080022701,0.46654953752506306,0.5261362637307695,0.4734335642931477,0.6367374711172786,0.6103205993652334,0.5225560383186689,0.5022040996477004,0.5198176402314129,0.44086100756222896,0.5223761224597177,0.4020325367686293,0.5389353440699028,0.5129433900292792,0.4556183473391197,0.5470834332694182,0.4853981646542014,0.46420140466218646,0.5713830463349975,0.43800779746125745,0.575007573548353,0.4347871811394723,0.5797485800066503,0.5179403584765875,0.47147886468453676,0.4399299459856311,0.4454127029854026,0.5656398140402888,0.5013161431979698,0.5829904789767281,0.3854919734572285,0.4637186460503714,0.49801692211641396,0.5227632612047048,0.567624843120081,0.4419039517243095,0.466711638131444,0.5560147413079103,0.489036747091807,0.6083092037650035,0.519868462676527,0.5130853388406994,0.4346772159232404,0.5072963577924613,0.35983657793995066,0.5630234775395354,0.423146385600437,0.6311645066930983,0.5223726487234504,0.5702208458737058,0.6204415724099525,0.5501792171251034,0.5727994584666082,0.5040328802485604,0.5030577645347718,0.38184137991417383,0.4561853587050437,0.44953248131166657,0.6427536728256305
0.5153872793987168,0.49267916535168704,0.478491698379748,0.48821044133155933,0.5373931303216077,0.4893561594159078,0.5068869769677117,0.5104193116996544,0.5228105993954919,0.4848617409018498,0.6134381782371706,0.0,0.4641901358142376,0.4373553209528084,0.41446172715142743,0.5750142352195967,0.5326537273151936,0.4408814660784584,0.5501759855249728,0.5200139644482361,0.6009288478304844,0.4874028888731974,0.49998710795135204,0.4531439504719666,0.6293153843347468,0.4740793719484941,0.40442703742576636,0.495440552983901,0.4431891685555869,0.5580499833349108,0.5597316026598724,0.5253382015337619,0.4079062785819217,0.5929111880531996,0.5222866775939278,0.5480524947874844,0.5769524141850866,0.5311035031471513,0.5952806481695729,0.4014025892825978,0.44915911018042676,0.5564763404067266,0.4870408458777221,0.5958362171220148,0.5206398892036583,0.43609208518706355,0.42677830168667175,0.6138016276847584,0.5602258416512576,0.5002009421567655,0.5667739385773793,0.4850370222677581,0.36860066712189016,0.5473799912243227,0.6056455602943495,0.4983068233676163,0.5293314539846122,0.6635867564534651,0.48624455849156234,0.4758082239944084,0.4829000582609767,0.40523109474659863,0.43793098554444204,0.49033573469582714,0.4159636439541435,0.42379115901402886,0.5053918166544077,0.4581420033223214,0.46655434555251807,0.524740858951461,0.4876561830380486,0.464371172976546,0.5725348765716103,0.529126095693677,0.48392868457554744,0.4035597280297434,0.545020778228129,0.5273983356050049,0.45224159974346023,0.4695345186608429,0.4104878180226727,0.5334831264520313,0.5085601151092277,0.43114656120207606,0.5668472846794194,0.5052568807012348,0.5437549428140059,0.5128077419593448,0.4470688157253871,0.5380968637845361,0.6079266032103645,0.5696237316041978,0.5308905500082758,0.44225911847464205,0.5388374160030559,0.5455925267168813,0.42325328940202017,0.5365133689444047,0.4500221617718115,0.4693991253772512,0.4941723727717669,0.5264637894225583,0.5834830268686377,0.5140342789412198,0.49867403039947145,0.4686666695240561,0.4868880726537226,0.5356612406095597,0.4139673918074588,0.6145380978214077,0.7645069047413143,0.5807520019662323,0.5381570043664153,0.5517277357958474,0.4169169465498201,0.4660317624224598,0.4382286876498358,0.5468287968157037,0.5438222227395206,0.47404802134485696,0.5064793562330626,0.4862073951953495,0.5436212536157294,0.533613486176036,0.48077442145702354,0.5009317140557372,0.47825473125326606,0.506991618069776,0.5321328750252339,0.40318948404545174,0.4887178379599912,0.4908369394258183,0.515068941985151,0.557370114012236,0.5679702907492463,0.37969821212853955,0.4621293864549741,0.41317330529716384,0.41339753036945354,0.5844739904923669,0.39462794212183305,0.5334111418577433,0.5692116078526079,0.5529817783509738,0.6015106601434591,0.5848879095535651,0.533094230181642,0.40443486038976006,0.5512460913051802,0.40524293881450774,0.6209669507734173,0.43445331734997716,0.5913462245012242,0.4309206602377516,0.6135699886270516,0.5444291279751633,0.4389731171772687,0.5363082692677509,0.4109001877656528,0.5300730053713214,0.3570212282159962,0.5142872094541282,0.4838296540434414,0.6006623095719001
