0,1,2,3,4,5,6,7,8,9,10,11,12,13,14,15,16,17,18,19,20,21,22,23,24,25,26,27,28,29,30,31,32,33,34,35,36,37,38,39,40,41,42,43,44,45,46,47,48,49,50,51,52,53,54,55,56,57,58,59,60,61,62,63,64,65,66,67,68,69,70,71,72,73,74,75,76,77,78,79,80,81,82,83,84,85,86,87,88,89,90,91,92,93,94,95,96,97,98,99,100,101,102,103,104,105,106,107,108,109,110,111,112,113,114,115,116,117,118,119,120,121,122,123,124,125,126,127,128,129,130,131,132,133,134,135,136,137,138,139,140,141,142,143,144,145,146,147,148,149,150,151,152,153,154,155,156,157,158,159,160,161,162,163
0.0,0.8088260465202882,0.7016790603502003,0.8665911445190694,0.8413329127501192,0.8209990401259127,0.8385089778998551,0.8115182558937857,0.8337751928592998,0.7700196598841104,0.9322715146652389,0.8566109713795986,0.9499665442940156,0.812184616472121,0.8404101739616772,0.9136091819932396,0.9367315140063034,0.9680157036765691,0.8936593892539832,0.9221363342126366,0.8857036984039859,0.7842509412202261,0.9001035611296374,0.8817084136779388,0.9056422749620505,0.8019660189842309,0.9237906683122858,0.9471338117318627,0.7485776350706282,0.9087033701584282,0.853712969770036,0.9099420736529549,0.7724816976794969,0.8837354751005428,0.9316566008373786,0.7649530794051714,0.9306597179418625,0.8481858872159007,0.7936855889770936,0.9372068003074209,0.7457283569205375,0.8671527608450885,0.8750696162552176,0.8461510604639625,0.8721924876118755,0.8998066775950648,0.7301537664289928,0.8477895445596253,0.916843195665261,0.8917556127647828,0.9184783970404112,0.8135365480860298,0.8550419966658552,0.8265378451975298,0.8525466312047915,0.7655618721266202,0.9605977117711997,0.8812264540238491,0.8762772392491267,0.900446992008017,0.8379228532868905,0.6837319445484473,0.8456172690863959,0.7074131710724719,0.9103283296273177,0.8916018486561575,0.8674509581001871,0.7745627091638577,0.8163819689870767,0.8710701365976129,0.8031539612959905,0.8938196237451537,0.8834987742727276,0.9411877667616434,0.8833281036640425,0.8736504004046685,0.8684586805462371,0.8586645854579282,0.7871590461136968,0.8141001433304585,0.7235758558385333,0.8318531314673585,0.8505366008981607,0.7910646868672215,0.9385300586244119,0.8148817199886749,0.8496009913285325,0.9068185790338088,0.9232068138056474,0.7707429841872933,0.9211283943118238,0.7830253897360916,0.8875003104042382,0.901481760677551,0.8846883382060762,0.7271057990554566,0.6429081010317187,0.7298701591246107,0.6813211174889173,0.9086745007256025,0.8256570098067798,0.7996114726757211,0.8038200538101753,0.6891345966845457,0.8798024135537732,0.8403314943025136,0.8545379914256005,0.8658575576987894,0.8785623541706016,0.8484461552016087,0.8961776126865435,0.8860769032566618,0.8817176685403778,0.8884092488890928,0.9016290757017801,0.9453177776249271,0.911923599344726,0.8583901442198358,0.7836964567463923,0.7330877630157859,0.8947074820861011,0.7079947127990859,0.8340290147475734,0.8844821722616801,0.8043131262308981,0.8045212273396082,0.7433303762666295,0.8067160298270734,0.7744104451177878,0.8145477781548529,0.8044755582824384,0.771278202859927,0.8809472836652983,0.802335791710904,0.8028483577085989,0.7667217222556895,0.8747699457709283,0.9036955685266832,0.8524049473987032,0.8732882888306572,0.7613320733006995,0.8159983180993757,0.9009494721718042,0.7027468620193982,0.8624099060300519,0.855827605774666,0.7238581056582741,0.786695932069395,0.7850156294448798,0.6617933273259662,0.9295469119160519,0.827743280911345,0.9225004302568496,0.7220205290037558,0.8241929218358972,0.8548648907466834,0.8979897859613283,0.8837163085123411,0.8663262864504099,0.8986063198268499,0.705958471501591,0.922061215695417,0.7955617973750873,0.970614471953937
0.8088260465202882,0.0,0.8158712183165777,0.8251206052508788,0.8137948973669147,0.9232568809251318,0.8126652482688297,0.7880016794147904,0.7578396052264974,0.9419760358216271,0.891854751201516,0.9142126176032598,0.8585888074832608,0.8264667045377113,0.8381113121291766,0.8691682164409972,0.8480447570491227,0.7806820746532278,0.8495253701491045,0.8042999090080237,0.8548882461041043,0.8687801583718875,0.7787640451459029,0.8229480233139295,0.893526204040088,0.6823151556130914,0.8251164273919154,0.8049684874176897,0.9722145903781042,0.8137966612792589,0.872720400184664,0.8841594238526387,0.8462518414181115,0.7765522496800576,0.8730309595662402,0.8616629081885068,0.8390254146474805,0.8056113907738994,0.8554305585566213,0.8307172187327273,0.8365866797114424,0.828698576832458,0.7613272647801931,0.8807425426325641,0.8153621808290928,0.755212323158929,0.741886156200424,0.8769410319523334,0.81915386355344,0.8122389953310754,0.8167047274873311,0.731969910164143,0.8599753548937374,0.9231182962624604,0.9127457662638662,0.834125355217436,0.7906171667800123,0.8645152573802686,0.8378723023001576,0.8283860958958857,0.8325495118409268,0.6900178310642104,0.7464533015157928,0.7547213522321143,0.7521528110815504,0.7198052157231297,0.7801842683801195,0.73132856453278,0.7494718005490857,0.7804627015837577,0.7172213822903328,0.8261968794019495,0.7435621269116195,0.8385088687295108,0.8598952338498171,0.7789916486034669,0.7823808890941347,0.9014441736072688,0.6681419762556011,0.7580234042242913,0.8216055714273042,0.7313648952532877,0.9004416468290336,0.7750685675623957,0.7645410675858098,0.7778488081942612,0.7579995398122908,0.7794494410216303,0.8186527438279654,0.7799191379954704,0.7859109920183661,0.8457343902397062,0.9090974859025186,0.7700876720504464,0.796357087751936,0.8951222242270981,0.7001557720630149,0.7602420701026256,0.6980237761920073,0.8060228052009349,0.8620853832647714,0.7385686941540682,0.7068401092638849,0.7986710414696703,0.7837869501644799,0.7261588924862415,0.8036869462442578,0.8156635083205053,0.8442058849701846,0.8854465756354072,0.8522601941235981,0.7378939618344991,0.8030740132746006,0.8282395101700308,0.7630538962914274,0.8006974465565563,0.8311198959763132,0.8517378451597691,0.8412909183016862,0.7257364462597857,0.7883450940692278,0.6660973655906831,0.733919397086213,0.8301581136014325,0.7851685543309208,0.9231988882998297,0.7076068499209948,0.8266051553046401,0.8780808783612524,0.8010302732555477,0.8377893520336319,0.7691190586867094,0.7506764615598903,0.7766314331885206,0.8394618922591829,0.8205258555983531,0.8234640190929402,0.8375368384018003,0.8039727307811054,0.8175440980172392,0.8327760838434546,0.9038071197562307,0.8525013795167043,0.8011150388054507,0.9075672401325299,0.7250397400613002,0.7828788310034064,0.880601969365486,0.8702900201408573,0.7426226024058299,0.7700723622199942,0.9224710854614875,0.8360862572166564,0.8311229982438438,0.8465407129154874,0.774114872319034,0.7867400188178488,0.8686920847877242,0.8370285957940079,0.7708364909603095,0.8244202010834002,0.8455771561966643,0.9033167138406037,0.7884584072412645
0.7016790603502003,0.8158712183165777,0.0,0.7032387518669364,0.7973887029096419,0.8450574528225656,0.6269877355994837,0.8124486248307061,0.716932436245902,0.8468867918583816,0.7953327698898152,0.7703258181749147,0.7766729193206642,0.7098227428098709,0.7287256311677736,0.8184628560116223,0.7710249437317083,0.7211402383642863,0.6943775163834757,0.7345982752160136,0.8483845890668085,0.9221426337582471,0.6305363824901646,0.7007650525520535,0.7761854284111044,0.7137144623761235,0.6955407079365871,0.6675457493220783,0.8129959112214566,0.6850064814210275,0.7232752777387498,0.7357697462820255,0.7384075230695597,0.6316181062071815,0.728812788665937,0.8299161667997123,0.740577323131188,0.8202067900841126,0.7220238271052277,0.6892431811639335,0.8032360584405959,0.8053473664445199,0.7734785190340076,0.77125537599624,0.7620339559719953,0.6678947602167428,0.763430224907106,0.8453246079365562,0.6563774556934121,0.793185095265772,0.698882934772515,0.7356566250695291,0.6640477390740794,0.813898990636308,0.7571755224249607,0.7360295300047176,0.6715695629497865,0.8431831573988752,0.721833380574445,0.6698043882060527,0.7653048814644658,0.6549287310614118,0.8216072864891183,0.7700551849879308,0.6790186444678973,0.6728653502178163,0.6747620345497655,0.788526306709852,0.8605716887694217,0.7946004612162467,0.7604799954207957,0.6718629060580018,0.7219832905490964,0.7615052150788758,0.8384233255569578,0.5847803123479187,0.673272584837033,0.7444971125239906,0.6714171424274927,0.5798129796257661,0.872252613683162,0.713414045741024,0.7714459045915272,0.8081643027876584,0.6908216671776551,0.8098350278847181,0.7485635484693298,0.6694847799193618,0.6584097134641579,0.6726277719702912,0.7534477253207197,0.6670997774372741,0.7402591897662517,0.5954645386961734,0.7099101995946373,0.8383585381083208,0.744589873415108,0.7437748751195794,0.6205092731685781,0.6586289355335971,0.6495558677994313,0.7226764902558848,0.6756165767249437,0.8173465645813475,0.7450714679122947,0.7390915916622258,0.7633180013830683,0.7778379464117708,0.7220398552032917,0.7670099825669893,0.6885519281150055,0.7174272024055292,0.7318045984004532,0.7387406022924755,0.6809675798299202,0.7051506637784902,0.6608686405010222,0.7315722835614926,0.8629251445329084,0.6736289824613753,0.7149876058846443,0.6999958756144704,0.6765136214579597,0.6589690051087803,0.6438333236316888,0.7813035917665874,0.6643565731400142,0.7482265822940876,0.8340204241739769,0.829849314938047,0.8021117680928228,0.905810955872708,0.6249686889691294,0.6736588204360491,0.8405262690839213,0.7722567402687011,0.7170820577333163,0.7168415287918358,0.8029658360040558,0.6982388399119958,0.7515768793115297,0.7953122338706359,0.6603338202649741,0.8645076834024433,0.8199371840760865,0.7027593056707813,0.859601729560895,0.7323648266342324,0.8758407343588079,0.7306711163112984,0.6542499359035615,0.6944575921846184,0.7432962034968406,0.8779669680174493,0.8029159471324204,0.7272956958505828,0.6328010925754937,0.767640511054093,0.6315059555810154,0.6037766091082989,0.8462308440386718,0.6459407308369051,0.872814247038634,0.6859829622097795
0.8665911445190694,0.8251206052508788,0.7032387518669364,0.0,0.8060413773105837,0.8688490958003281,0.8727681025118506,0.8240249342597995,0.7742162079015777,0.7929542815456363,0.8801214866544724,0.8804897633619274,0.8512722622018976,0.7424027639194305,0.9170202017435058,0.8112879581201008,0.8087143813981794,0.8309967724158238,0.8731768853302746,0.7547345633575407,0.8394806001250952,0.7807312423043191,0.815135443769286,0.8218129095090738,0.874277057151772,0.7613686894323316,0.839033490275219,0.8318674559967022,0.7727131351569678,0.8153773003975218,0.8896937145709007,0.8452528955748172,0.9401374907512775,0.8083534022370361,0.8525178468586363,0.7827769385851505,0.881397122458139,0.7597516347131447,0.8231321077285007,0.8552966327098259,0.8086254812654649,0.789220895791697,0.815700282069452,0.900606487466567,0.8200120652252201,0.8081169238600139,0.6787002622206316,0.8330532444340678,0.838069171293055,0.7897570632038712,0.9166107667989448,0.7908780179784947,0.808578286535235,0.9179719142869325,0.8808868566767921,0.7434734121270161,0.8295049723959628,0.8836782151941056,0.8036926047624222,0.8119174101012511,0.8527571848252906,0.6666983146571226,0.82664095194584,0.6254621691513808,0.8176373663360242,0.784512822913594,0.836533349144902,0.776684631700898,0.7276913342155166,0.8632871199773963,0.781964203414817,0.7722789631226724,0.7768977209055498,0.8899877104837449,0.8106800916643453,0.803208386877564,0.832573142635636,0.8576892928903581,0.7302450093289784,0.7499194050414694,0.7400913223889996,0.8828388704910898,0.8543785650110425,0.740120595011372,0.8195110909626554,0.7478015061405026,0.8371184272503377,0.8552574962453666,0.856471290126497,0.7597909779660433,0.8770825799501611,0.8792310671199587,0.8603111282371002,0.8011630049336766,0.8384114852067026,0.8330051972015902,0.6680755304290013,0.7338030805147463,0.6351365226211896,0.8703344667801692,0.7981012918298085,0.7970580858641979,0.8665221227977108,0.7723014272343444,0.8232015637839033,0.7333201854178152,0.7980203503553457,0.7666569526862058,0.8309968870839242,0.7915744397591761,0.9050771962529122,0.7819372054668452,0.8628255373987658,0.8070875071363265,0.8259463907728448,0.8280424825158522,0.8276752554245714,0.7941738797125963,0.7991739600361887,0.7202752753309026,0.746071005301997,0.7936471798428311,0.6997964203531986,0.8852741338052731,0.7164992115734842,0.8629429411871378,0.7014401871227183,0.7984015023450504,0.765400472497223,0.7609460559412236,0.7234778378157035,0.7139347458774926,0.7916595182616296,0.8006206558589286,0.7676452500513392,0.6929081415917411,0.7581423987049435,0.8595290354332457,0.7635827279318453,0.851951590510284,0.9199297767039153,0.7455839761511422,0.8856375306863367,0.7279337408664018,0.8229177928501968,0.7915580614984365,0.7527293906945184,0.8214371169272441,0.7385475912347129,0.5940040081690866,0.8914817154866651,0.8700000966015532,0.8091339507027543,0.6974552890740049,0.8680733430995233,0.8291839087843027,0.8077609222670079,0.9103659651109468,0.9308764500894748,0.8384070899997136,0.7366527556164952,0.8453255710818078,0.8271722707826936,0.8613723834824498
0.8413329127501192,0.8137948973669147,0.7973887029096419,0.8060413773105837,0.0,0.8209009798418158,0.7971673641358337,0.7343943447818904,0.7809551426943758,0.7890361886041257,0.8766169218173318,0.8178557568436707,0.8271542039873342,0.7594313556614002,0.8162539523466045,0.857651538425163,0.8684946604344365,0.853594655277855,0.7950687520369711,0.7669631020400212,0.8735046584054121,0.8662698895096466,0.7792672996990446,0.8053113652477586,0.8144784578862198,0.7340515158728006,0.813164925020031,0.7898481757773836,0.7901112414831717,0.8595288820048913,0.7572366675427772,0.8155109163093405,0.7744920311761152,0.7217695569789508,0.8128051630261619,0.7624467657212031,0.8058458018013397,0.7950616132607985,0.7547929090710865,0.8383199895830425,0.7822440390266963,0.9030684680920897,0.7970110161908511,0.8307666353492842,0.7432532141945956,0.75371662454279,0.7917444769520678,0.8176562229345671,0.7993084740547823,0.8397735033707651,0.8409156893148568,0.7862480943336783,0.8230477205163532,0.8236611240200861,0.8016528260791703,0.7510489196522823,0.8101469747969969,0.8808129565073457,0.8013507398539307,0.7784483922847033,0.7359828584382195,0.6636853677842447,0.8151079202316835,0.6962275103920423,0.8102821713767158,0.718215242372236,0.7198448932003301,0.7908048346374317,0.8056035318889039,0.7887159906699913,0.7695959663936504,0.7578821227297703,0.7691998479788944,0.8523673871761096,0.8309035368258105,0.7116562923551117,0.7745677696295109,0.8909706882222106,0.6665250778431897,0.7263284760081075,0.7729227578823731,0.7865333750621831,0.8796759503199255,0.7138158671124933,0.791495065562891,0.7530254737309463,0.7229083350714162,0.7828375879553547,0.7538474851449333,0.6774944232982935,0.9184897424137815,0.744441935100601,0.8624510837714162,0.7322118097935544,0.8444195299217965,0.7592197634890708,0.6125802004120244,0.6883876531180745,0.6631581383285657,0.7491638863286137,0.712079789277303,0.7126248622818316,0.723718450478388,0.7132596902149713,0.7742952222176861,0.7536367657108972,0.7620661035056828,0.7913100809927989,0.8174737177488054,0.79234399839235,0.8098596150810506,0.7905632954155837,0.7646373840906909,0.7968002227939167,0.7587654386346424,0.8496635404560663,0.770989057780737,0.8011084870741931,0.8033068945209014,0.7041643777710045,0.8711068427799594,0.6693484929343492,0.7112315312807544,0.8072160352456724,0.7194901395810416,0.7788793693152852,0.7127906613371157,0.7547286498081426,0.7504122578751179,0.7789570600712792,0.7958721039310536,0.8107920737751128,0.702516279428223,0.7491646761787155,0.7358661165378412,0.7855566610264832,0.7694036260074482,0.8201579469440701,0.7651138280338096,0.7827959256057789,0.7342551697741253,0.8008653877522125,0.8180917863903837,0.7556268954591269,0.8073071231388104,0.758282488564138,0.8035452464268139,0.7895571302829492,0.766712740090535,0.6652246732799635,0.745533346310721,0.8030067246585239,0.8536352558353126,0.799990452695528,0.7909426789664501,0.7298619300440787,0.7591467024950895,0.8471133223936204,0.768072566859026,0.7698585575641494,0.7387697811151454,0.7793712036376269,0.7913954305318567,0.8734627058172819
0.8209990401259127,0.9232568809251318,0.8450574528225656,0.8688490958003281,0.8209009798418158,0.0,0.7643358650086184,0.8697936877274758,0.8080805095276492,0.8654382506218635,0.8934423697703194,0.8893789778768174,0.8797501236373286,0.8004219513372128,0.8464567221926861,0.8726784684480643,0.8218756768195373,0.76982599284072,0.8135855130506139,0.7780082278084933,0.8736446007725445,0.881395366738555,0.7190865603898737,0.7844041418782614,0.8669724814353721,0.7560045688989191,0.7874502743392997,0.7676777767049947,0.8760231645911478,0.7899961418838658,0.8882900739539445,0.8584574657505,0.9039214335943898,0.7461879393895514,0.8513114105197795,0.8727249463562989,0.8796025007746069,0.8407138231872026,0.8463178108995865,0.7854270532179047,0.8489271214452815,0.8316370666113364,0.799629453306261,0.9180610114939154,0.8341226633528576,0.7537618688111244,0.7426583174794594,0.9175291206902907,0.7624014357671183,0.8200469671763704,0.8370000731529473,0.7949399428683868,0.7938069771925097,0.9407456101990177,0.8895444524781343,0.8625887151000547,0.7770663254572112,0.9237198350074293,0.7640780957247946,0.7916007147721781,0.8929672509292066,0.7399333511438396,0.853959050829181,0.7140482822514095,0.7526539919692457,0.7517754684507911,0.8117048102849106,0.8266316988480537,0.7686235112548083,0.8608708886373428,0.8265397237546093,0.7764901317455253,0.7849705368833002,0.8549545089614282,0.8858475795359619,0.736321790609105,0.7903064546565988,0.8757728192748304,0.7123266414625673,0.7508783102996484,0.8979391628902484,0.823755595854116,0.9098832696363798,0.8432752875067845,0.7831865143718841,0.8227562230741742,0.8637347451144435,0.7804366928209644,0.8029007076398409,0.838177701382517,0.8321225390660677,0.8463484488606547,0.8571645425261772,0.7377200606704707,0.8135622620944475,0.9397000279624341,0.7780283503705061,0.77431329951505,0.6921395777026191,0.805641943476921,0.8236523805749072,0.7873916414120298,0.7584097696362194,0.8013782532569691,0.837731609657568,0.7588936529831952,0.8160586508268306,0.787942430799195,0.8038682737216782,0.8426148757302807,0.8337807766318748,0.7673000632276744,0.8866128571142042,0.8322509368996326,0.7943681773877924,0.8086489935677781,0.7825325672110366,0.7872150166845229,0.8627603639419911,0.768770814802892,0.7794272074826768,0.7883526443699509,0.7305727614901409,0.8263224796400184,0.7772472052091612,0.9094610451544238,0.7355204361487618,0.8620389371648683,0.8547486448823263,0.8215863893902269,0.8310459523285719,0.855020014636811,0.7773789273289313,0.8399227159061594,0.8527858036470332,0.8035171969044685,0.7908416903266353,0.8202712547696338,0.7737647244238707,0.8102178462787865,0.8933507502877738,0.878178372820998,0.8176029847624098,0.8380535953831132,0.9151804928993287,0.7476290555460419,0.8791796220277778,0.8509210257768748,0.8298586800918778,0.7150732437677368,0.8047051115304906,0.8511143396257872,0.793168066786288,0.7827830748697456,0.86991540914287,0.8314846701209658,0.7556702800133166,0.914416067261079,0.8195921877128953,0.7566487771465158,0.8031550813466167,0.821226267172721,0.9395608093611784,0.8071719364013685
0.8385089778998551,0.8126652482688297,0.6269877355994837,0.8727681025118506,0.7971673641358337,0.7643358650086184,0.0,0.6846000962246354,0.6780440082040389,0.8049332309856934,0.8492129258794432,0.8663059670579834,0.8165414294013464,0.7132459404652997,0.8938197917330699,0.7846791244317203,0.7956861743665615,0.8104875895197304,0.8930314537938999,0.7385544248911463,0.7861597077055197,0.7202242666088453,0.8955215087733023,0.8755986503412454,0.8612693914352909,0.6626875634085925,0.8353780612047359,0.8491540703704602,0.7882308678282506,0.8543444162693516,0.8394900152980033,0.8850673319056382,0.7905644636960047,0.8407101687860681,0.7953002880759801,0.6872761237386992,0.8513826385825128,0.652421264051017,0.8310527142501077,0.9038752054641984,0.6899663261185491,0.7520461995239398,0.7619040072307137,0.8324013532498358,0.7521001891700966,0.8136847674172936,0.6591579908228727,0.7823923123055291,0.9363638981441893,0.7387705519642258,0.9193504620390593,0.673540193918473,0.8545787457091637,0.8480662605934383,0.8837841795513572,0.689346885037767,0.8499023936262995,0.7679063014110065,0.8809010780266194,0.8364489176870213,0.7701429926641624,0.6133775763131253,0.6733146889127718,0.5898920642849322,0.8463763591181224,0.7630095361975797,0.8192638469697898,0.7171737461379731,0.645388419531834,0.7289824645194071,0.6784697843782692,0.7837420580970701,0.6914753737513722,0.8706217073952718,0.7140154216895026,0.9120909089337988,0.8821597174899207,0.9088903577102336,0.6362590724433179,0.8430341497855857,0.6482151318981375,0.744977154438072,0.8601493601016909,0.6105186069089238,0.7648281091007552,0.6263230287306613,0.7115158863836952,0.8714291340604303,0.866862275807804,0.6952423073746924,0.7852334661370554,0.8331913200383623,0.902101022546452,0.8863983827151044,0.7855683675626065,0.7358075370387477,0.5716719849098235,0.6399677593209223,0.5994773802559084,0.8547122938431911,0.8334936810431578,0.7574436034634672,0.7489479348247345,0.6713310779885348,0.7038789217958022,0.6783256284454958,0.7712552926482336,0.7176125335069193,0.8610963529780802,0.8362821300468111,0.9495616172682629,0.7002388728463125,0.7662455670289611,0.7520098015665955,0.7389068040487725,0.774999652756483,0.8522966383734312,0.876669470966604,0.707005218748497,0.6104983150625335,0.7498197291320198,0.6157901561128517,0.6660355035895338,0.9450630071470925,0.6910075523819459,0.8394558362217684,0.6541988419679813,0.7597801938771805,0.6973996202082923,0.690905019269388,0.6544916319289982,0.6205139739714081,0.7727220689548929,0.6762643845594677,0.7149742724510334,0.7088844443692132,0.7710626607485768,0.8222686629116228,0.7158987111770326,0.857802082875886,0.7662681614139591,0.7355365616393017,0.9285130118864974,0.6271257111501157,0.7849980129095474,0.7323761049615428,0.6315718153285395,0.8747262448173413,0.6962684250422388,0.5518830429728986,0.8362937108546082,0.9015975858793803,0.8191238182241601,0.7098650100574033,0.773168577355289,0.7731311161105702,0.8909794664444655,0.8588225545390175,0.9118316359320063,0.9242871235827805,0.6865896337246036,0.8373387891895347,0.7187669655648118,0.8330298965385153
0.8115182558937857,0.7880016794147904,0.8124486248307061,0.8240249342597995,0.7343943447818904,0.8697936877274758,0.6846000962246354,0.0,0.8106907874750584,0.7773471880560766,0.8575193945228591,0.8440145935511074,0.8847643212369285,0.7309326109740036,0.8315181433998844,0.8772816154109946,0.799510585884766,0.7936330274226108,0.7939720850610454,0.8162473418860807,0.8527645630788214,0.8216389704517413,0.7111593560096456,0.7518838044567175,0.8332343750436061,0.8106306160532937,0.8080963477372203,0.7701447639982916,0.7407164274730474,0.7663621218120538,0.8906314280542008,0.8269399015050263,0.8296479638118905,0.755991245774264,0.7969803357463802,0.8531610755593072,0.8806802700203805,0.8850122534947928,0.8439807981221983,0.7531709187885209,0.7969798284658619,0.7341578786428545,0.8907108327896455,0.8124958043426206,0.9131143572709461,0.8180563017143614,0.6844616668417459,0.8724645288290811,0.7365199844053273,0.86074590829449,0.8248722958169378,0.7639683535304874,0.7077908709420428,0.8647740836582093,0.8501079976203971,0.7114152588421394,0.7973195771318876,0.919917929711412,0.7287686972238062,0.7989583289687135,0.9331761626128874,0.7388561562445759,0.9098330828074306,0.7021127949946779,0.7630509719167562,0.832616415709382,0.8228941756381629,0.8069520629272217,0.82499330031089,0.9527218144237894,0.8588836563957611,0.7610280865963315,0.7683409960437068,0.8658648924850442,0.8952003132573215,0.7034807627433878,0.8087219758719096,0.7662193812395262,0.8295041149830197,0.6509919181055722,0.761602204123642,0.84513181373149,0.8068877997021907,0.8924624127568486,0.8028409877347416,0.8695019623538562,0.9551984602148471,0.8084414969383593,0.8233500446593262,0.8212154312557775,0.8121446976978134,0.7455490983237696,0.8011845834044139,0.7219042115784827,0.7433357543164506,0.8259613539945946,0.8539151448735643,0.7378223313263523,0.6286678438485307,0.8014884351778624,0.771726962718304,0.9048838768334894,0.7843414576744132,0.764849718807618,0.8883931970142566,0.8309356190185611,0.8855932408189201,0.7710909207480349,0.786254373828602,0.7595696312926584,0.7747186066563937,0.8077938960832292,0.8252787491878825,0.8533792402197484,0.8328026095313028,0.783151971196383,0.7362096103701246,0.7762158858410049,0.7708310786027106,0.7127925106363935,0.7537842298819925,0.89341068940896,0.7004114291779067,0.7692099467694957,0.6631940196481523,0.8482848546375971,0.7097046257373869,0.8983266387884395,0.8073580580740466,0.877230113962934,0.7758246608685458,0.8715246774069567,0.8182706292925133,0.7651320014933224,0.8877993647258346,0.7147973207853796,0.7868858341175693,0.8005001537499379,0.8375859948723693,0.8574035888167645,0.8270693228233984,0.7902267625271678,0.7480020644601452,0.806000300609459,0.8673184195222636,0.7654957640224439,0.847821916919962,0.7894752792683568,0.8094442932278566,0.6786466040358959,0.8534363471066012,0.7305950388785669,0.8042046156646446,0.7494558842869278,0.8498082068732925,0.9021552816864942,0.7392448755987521,0.8478698733690605,0.7225301751912738,0.7232966455085976,0.7120835533921501,0.7266718608395908,0.89283553995726,0.7691724760808702
0.8337751928592998,0.7578396052264974,0.716932436245902,0.7742162079015777,0.7809551426943758,0.8080805095276492,0.6780440082040389,0.8106907874750584,0.0,0.6937598643872528,0.8250645349672763,0.7198509375545307,0.821568294442871,0.8355363905841671,0.7382172238555463,0.791540050230682,0.7745732254514571,0.817243704500939,0.7161706521262449,0.7513262427059018,0.7299841889906343,0.8256933417060164,0.679707758594577,0.6618100007265383,0.7315130823654249,0.6743895293443356,0.832666919460913,0.7550881843789328,0.6944837175469317,0.8090859016444645,0.7645480538021964,0.7652003881327063,0.747542846814174,0.6564844753282362,0.8086143325603786,0.7429408271954182,0.7834643604211803,0.8489145931380527,0.7157275585064067,0.7180109084091055,0.6808353766834615,0.8440985986183249,0.7157949940596122,0.7149987032245777,0.7322054605180524,0.6908735162187921,0.6353634223743577,0.7266845280006671,0.7024196975132182,0.803319549001428,0.7609849335099221,0.6987693095397279,0.8074317727358227,0.7483940719593521,0.7407591383078991,0.7618269489812466,0.7591963297408878,0.8411900027498762,0.708273365728737,0.7609333538716161,0.8006476817059609,0.7325125063638629,0.8002417188481118,0.6828619620013082,0.7535516546634521,0.7009561577783233,0.7594564011005884,0.7535659961338067,0.8084728270426969,0.8647013210253377,0.7960383991312602,0.754957465248664,0.8348829008590671,0.7877464184136557,0.8848627586314246,0.6768741226963452,0.7394592586683478,0.7268486280481966,0.6506717341921011,0.6553679219417836,0.6838370441492907,0.8531122423408297,0.7995144771806862,0.7785478975227712,0.7561771080521704,0.7773192103769706,0.824705300150623,0.7848647765297669,0.7481437404218038,0.7768720715606552,0.8599017928145943,0.7272314483273267,0.7694488872939031,0.7004213395548241,0.874148770770428,0.7179929194645365,0.7161566106771594,0.6329797230351233,0.7137979697729114,0.731174472168344,0.7341640151701537,0.7204209359624325,0.6688324342194935,0.6227435585354151,0.8507510652803242,0.6910559216264445,0.7019727621565229,0.7118157336365017,0.6829569762691252,0.6649689595918968,0.6967532490852505,0.7663518135513474,0.8166331480628518,0.9007250359204323,0.7486153323313673,0.8112493476742805,0.6951468014298089,0.7045825900525218,0.6817586393056346,0.8249563255135101,0.7911212853394406,0.7766042857326004,0.6669751382395386,0.7154501729347066,0.8088340089837076,0.7011421064801153,0.7597551775750429,0.7502015133194554,0.6714154317752994,0.7571378741777458,0.8754624532200938,0.8215486662538983,0.8091438397621119,0.8947944312740721,0.7118376374342267,0.7071248208731087,0.6823434757077023,0.7309570052418128,0.6981650944841368,0.7420794861813799,0.7382889945925784,0.8008064964675654,0.796865327007865,0.8143890924803314,0.7363655970801778,0.6889068719778092,0.8122556131117808,0.6910801761748262,0.681394850711116,0.6798906794512661,0.7619434973434297,0.7361034275271628,0.8116657050116332,0.6548555037367544,0.6850230440384787,0.7673967357096553,0.7303151099809292,0.7367339445549748,0.7527377892666935,0.7342893964287004,0.6129912958688063,0.7748121316635174,0.7743478128958136,0.8362002364212199
0.7700196598841104,0.9419760358216271,0.8468867918583816,0.7929542815456363,0.7890361886041257,0.8654382506218635,0.8049332309856934,0.7773471880560766,0.6937598643872528,0.0,0.882251952062122,0.9107403994656161,0.8326916106349908,0.7394830495972983,0.8333023920175592,0.8572103081636515,0.8274516960066909,0.7764751548428886,0.8540565219677798,0.7835991921291333,0.8584504775073244,0.8742958655459561,0.7820355830585618,0.8198612556917008,0.9153742662910177,0.654591942350073,0.8013726254121205,0.7922256287805297,0.9591114381116471,0.7915372606510515,0.835595653318368,0.873138659168751,0.7857657890983204,0.7589283452342879,0.7994326252343141,0.8073539182702077,0.8198496943595934,0.7523982969850089,0.8398896695944049,0.8059115134942182,0.7796726578802785,0.8067321765337675,0.784306717167798,0.8363720227519483,0.7978886023465037,0.7426694523741433,0.7098604447237468,0.8748941650759724,0.8228653133917624,0.776928911053618,0.7985622982686928,0.6817543873429334,0.7789762247145047,0.9021623166402996,0.904333432645082,0.7357234188787319,0.7640842780586531,0.8415920315362385,0.8663074176347524,0.772301225943372,0.815670378535997,0.6184100909585534,0.7227524041069382,0.7186057980388728,0.7387621139604986,0.7122892013562544,0.7464499544276331,0.7286232282494902,0.768061968646904,0.7828707776669566,0.6772922273928293,0.7570584211807,0.6986415312750565,0.8358485260331765,0.8232994960733858,0.7480483579301632,0.7831443636667864,0.860992199408751,0.6496568056697337,0.6955206915772267,0.7867440913682681,0.6908938258629496,0.8579207021373343,0.7240263140178071,0.7235629092454836,0.7246310058311636,0.7410323093815296,0.7685815887806215,0.7882392819393733,0.6870002547705968,0.74647077294788,0.771102060546443,0.8834627780716701,0.7317386255698443,0.7311972461192894,0.8713370137529614,0.6642601865544964,0.7306510426993292,0.6081247289574231,0.7584965567738944,0.7869863202970407,0.7675790147545588,0.7022719351759121,0.8331985214967964,0.7246176567623528,0.7041344220176834,0.8089971368587349,0.8131883728163349,0.8197730986639238,0.8887041209490344,0.8461835157406778,0.6928977712075314,0.7488400686474082,0.7909162574392636,0.7028026786759441,0.7350093146181658,0.8011614809512811,0.8974784954079039,0.8394056712166938,0.6364437071992919,0.7164359529652233,0.6340353638673414,0.6862191655021759,0.7987793810364491,0.6810275857721678,0.9162268384509042,0.6400184096518566,0.7816755911765344,0.8565326978398586,0.7730239195926236,0.7769541773644691,0.7475097879158291,0.7007704568776207,0.6618677735428249,0.8537869918192593,0.7658683831895926,0.7994651206653876,0.7791130192792236,0.826236757315269,0.8162763592110677,0.8110968163723371,0.8339110176266232,0.7934812942524019,0.7686803717414454,0.8715786759048313,0.7130240685473603,0.7232349033336448,0.8786737240707811,0.9010800947985916,0.679490631439087,0.742234974824521,0.8859300614808132,0.8278600752591015,0.8590790453503133,0.8562236850853127,0.7695749574402622,0.7753095224397409,0.8418266565477371,0.7727020342945994,0.7399108173472569,0.8466661626997791,0.7632687953010735,0.859294923944031,0.740590377512808
0.9322715146652389,0.891854751201516,0.7953327698898152,0.8801214866544724,0.8766169218173318,0.8934423697703194,0.8492129258794432,0.8575193945228591,0.8250645349672763,0.882251952062122,0.0,0.9290960720387338,0.9561972441250252,0.790964791198431,0.897748585132359,0.9577108399121125,0.930175067179365,0.925527685155279,0.9306540782201698,0.8826511957374245,0.9179831269153207,0.89154670819749,0.8657037911242202,0.8865769795698614,0.9458868079251297,0.7415439987640874,0.9263114579359697,0.918604297663527,0.8601449628591111,0.9322249655828924,0.8927528934847718,0.94373347995145,0.813737129788214,0.8306521175602586,0.8792196230172671,0.79271388654245,0.9402165878351267,0.8497134690920395,0.8857829979193117,0.901938847654573,0.7732629147566968,0.8745263118140421,0.8800379045241011,0.87053988142054,0.8600907450282391,0.85238862400247,0.6996285852574086,0.9119509118622657,0.906793725783902,0.8724803974962202,0.9193613826712488,0.7543591197829013,0.8640112068046475,0.9108220610013893,0.9314659050678884,0.7402031706531549,0.9185501997170721,0.9417455203330735,0.8793497724457617,0.8743456847111671,0.9045017138652215,0.6655949402416924,0.8392051389496316,0.6944995892166175,0.8605253209934576,0.8347102460035027,0.8415543767835516,0.7961951710305792,0.8270754756992684,0.9158589168743555,0.7846916022018714,0.835222579886545,0.8010344758243491,0.9547234118826156,0.9284276722711515,0.8354123052542095,0.8996684354462229,0.9073336882728725,0.7358875885153013,0.7947901741728849,0.7725015522835309,0.8080076766959191,0.9332828630627515,0.7920303577489548,0.8479732569628541,0.7943278413105167,0.8639855083755386,0.8771738362172413,0.8951228323434419,0.7587716738341962,0.8870081238970601,0.7708909284318279,0.9490120778926973,0.8565509116491073,0.8419936696764209,0.811871919494897,0.6852178910590251,0.7013195486334444,0.631717637047923,0.8435669539352637,0.842872648234838,0.8525926903337805,0.7481080813278173,0.743207472326563,0.8349405650730433,0.790551382800243,0.8733634647969242,0.8499929671292097,0.8648533737229779,0.8851700822021137,0.9096130240974007,0.8002761897070226,0.8428067200788604,0.9215131164555694,0.8250375056101482,0.8797482870271439,0.8680464858905063,0.9297066648713197,0.8064368410955717,0.6929136321082444,0.8516762027794904,0.716696468319593,0.7454139379079449,0.9023011869427103,0.7547740685803769,0.9004806153550841,0.6925792282145324,0.8459397185101355,0.8059513291648447,0.8212770484039823,0.8210438090442248,0.826496798293254,0.8624880635312514,0.7725208183585475,0.8693082614380319,0.7934566814559183,0.8652938459311931,0.8553767380929144,0.8586976740731499,0.9216736348743675,0.8187077150612883,0.8541495921583934,0.881281701496396,0.7569228242719378,0.9034063426039766,0.7661304874975698,0.7694749117734072,0.8922946612926675,0.83854477182005,0.6703773227158479,0.8890723162166367,0.8987899519392828,0.951776120927742,0.7750219479514007,0.8640612563367546,0.8803048342547501,0.9078450660147639,0.9175017854376563,0.8515184384297558,0.8693663458574796,0.7449207812678409,0.8633031979526194,0.8405312305812237,0.9257512987675649
0.8566109713795986,0.9142126176032598,0.7703258181749147,0.8804897633619274,0.8178557568436707,0.8893789778768174,0.8663059670579834,0.8440145935511074,0.7198509375545307,0.9107403994656161,0.9290960720387338,0.0,0.8897721252463819,0.7224477506992697,0.9167731438441334,0.914674731246705,0.8806328807155458,0.829506827410513,0.9615381689259772,0.8497754556220615,0.922114493823489,0.8113440706061483,0.8723846003718106,0.9168242588842066,0.9657056900458493,0.7433879546543849,0.8549675422575639,0.8767443171978399,0.8919312943390739,0.8717724462760199,0.9420463732946947,0.929789147193269,0.8544373115623898,0.8835912280657763,0.8565455140196969,0.8258069621313591,0.9096940583550642,0.7936857211353314,0.9293124291384417,0.8834408145616655,0.8395605779392448,0.7794050090878645,0.8814289175765607,0.9177577924947474,0.8851555367486617,0.8706476518093501,0.7274010697528733,0.918586272459867,0.9012345762323749,0.8333671015436677,0.9058878142475704,0.7622647532537244,0.8121547364830249,0.9436064884898644,0.961391032637368,0.7331025370290412,0.8818963524383352,0.9138371178725646,0.8454422400306235,0.86830638781604,0.8696892489451447,0.6535666923255986,0.7967037432907136,0.6845968402614734,0.8075444047665236,0.816997812721582,0.8022815312646375,0.7388913531249903,0.7393866921826585,0.8409486617070088,0.7337697024943446,0.8175449109825897,0.7142746623762074,0.9069548681097699,0.8476350787320097,0.8500372065675584,0.8639090639240637,0.9229535837859577,0.7678719029593039,0.7927145370886796,0.7770145921347915,0.7582563132163422,0.9069444241812946,0.7669706279182197,0.8253819938085066,0.7809790294964298,0.816049185031867,0.8346071049251256,0.9037872049222545,0.7596977179564284,0.8117835519013631,0.8267517764763573,0.9420604526108354,0.8472716196713517,0.7439728326009966,0.8611749920644244,0.6845610858072,0.76273787338114,0.6163928028062666,0.8567673172601663,0.8548077642677309,0.8442903982001324,0.7867599358199118,0.8257862470709793,0.79575600288886,0.7957622059915997,0.897475160775317,0.843147308517987,0.9065938556364586,0.9180021839818412,0.9472811389447009,0.7736884194846232,0.7847962950917412,0.8265287204059295,0.8246213519871607,0.8250636278866581,0.8954331677320465,0.9243860347017581,0.8235180264167691,0.6504324420288112,0.7891285463713794,0.7046497881914148,0.7406943877389002,0.9185917841295225,0.6900786480504832,0.972805936324899,0.6585740504472956,0.8697179292573123,0.866950452105381,0.7953574249845486,0.7557148291774771,0.7512817199150361,0.7946856241380321,0.7188830225293421,0.876338567293274,0.7602152900788264,0.9017236683555955,0.8742667773470115,0.8589889484515868,0.9409080067306403,0.8386464128296353,0.81884702686065,0.8527766590528425,0.7165662334296858,0.9251761338812999,0.7761475018247921,0.751319356014499,0.9294427676790604,0.8739505187404578,0.6661036221112177,0.882105789327975,0.9180650427166558,0.8760905718601925,0.7945770799884776,0.9372187489118329,0.8474937451252603,0.8545331760274478,0.9453542831666912,0.8387129129346375,0.8345809988160275,0.7768867262364461,0.8441001141153986,0.8772865956779167,0.831713528463117
