0,1,2,3,4,5,6,7,8,9,10,11,12,13,14,15,16,17,18,19,20,21,22,23,24,25,26,27,28,29,30,31,32,33,34,35,36,37,38,39,40,41,42,43,44,45,46,47,48,49,50,51,52,53,54,55,56,57,58,59,60,61,62,63,64,65,66,67,68,69,70,71,72,73,74,75,76,77,78,79,80,81,82,83,84,85,86,87,88,89,90,91,92,93,94,95,96,97,98,99,100,101,102,103,104,105,106,107,108,109,110,111,112,113,114,115,116,117,118,119,120,121,122,123,124,125,126,127,128,129,130,131,132,133,134,135,136,137,138,139,140,141,142,143,144,145,146,147,148,149,150,151,152,153,154,155,156,157,158,159,160,161,162,163
0.0,0.9165777405940111,0.8413294371126794,0.7660429831057735,0.7309811886330642,0.9087359548772624,0.8131672615949647,0.8891970507592467,0.8747483094473885,0.8540210152739705,0.7797333063382683,0.7746645849749273,0.9428421062462529,0.8441776382498538,0.900483977104176,0.8736600554196057,0.8868733017184153,0.9465555673423214,0.9059099443991121,0.9741774201501169,0.8917547279736148,0.8833316100288519,0.7745479658751806,0.8663267221380544,0.9057121798970302,0.7178634480231065,0.7369571618803072,0.8798690635422074,0.7848921625660813,0.8440409206483193,0.9115881901714357,0.9215197160408535,0.8591740837092092,0.7778892674295579,0.9157650463834597,0.741591781117074,0.9063111159815649,0.89059944003619,0.7464580964726257,0.8438638896184105,0.820490956868525,0.7976634667205879,0.8839529177823591,0.8305345013562492,0.8966936167661126,0.9061790598455158,0.8889984401339031,0.7864222786739336,0.8892995055521556,0.8569034089679681,0.8821073683084989,0.9055313480890018,0.7856910177684632,0.8321159511203262,0.730158370647246,0.8416828645908494,0.928028909046229,0.8076852490480437,0.8727335908006487,0.8844930639608037,0.8730763001960509,0.7602393897043702,0.8239298350001087,0.6842679594393046,0.8331014522988756,0.8347353909536972,0.8070697365623172,0.9354465256102898,0.864804161413122,0.9415095945375752,0.9544744221208168,0.83980006032789,0.7629072178736919,0.9105318545806663,0.9022490139584985,0.9009854075592496,0.7501302469987756,0.748990735152328,0.8693364136681467,0.7872127307760601,0.8379303294163281,0.9346421683283842,0.8986185739848447,0.8594520393375348,0.8324272174835383,0.9354660884711127,0.8426592962013915,0.8805230521591401,0.9123880766254837,0.7766590012486081,0.8379530674389613,0.8559076157223522,0.8214358008656079,0.8731200656242402,0.8578411060320823,0.8590588574277709,0.7883022324101046,0.8409355831658671,0.6679176014010261,0.9114147624884315,0.7889372955371869,0.8119108909082485,0.730514162581231,0.8489757695848245,0.8477882032816442,0.9061648922366501,0.8030145267605063,0.8502915172391742,0.8751579846036919,0.8613869851887136,0.7794036179672216,0.7026323765719749,0.8781908790640515,0.7416343240091456,0.8413284804156362,0.9056307117733104,0.9022561556349636,0.843699161004435,0.7511201898277737,0.7918654448350816,0.8017182401107571,0.8206568343679187,0.8571945967014297,0.9353178280561455,0.8080683938519465,0.8797064053058751,0.8094497031331881,0.801643279652942,0.802526558172671,0.8667648552239334,0.852320797256529,0.8628221569066877,0.815356872010169,0.7949876258786156,0.8299894281314789,0.8203410801617108,0.9576767111463018,0.8508365042565018,0.8082131530422242,0.9004864234458582,0.8383039057445647,0.8334167637110612,0.9375383394159369,0.6775264518568026,0.7926989597216049,0.8283917704117052,0.8494544506637431,0.8519524343317572,0.8997096042419689,0.5968064185702873,0.9052600682451948,0.8285547503137375,0.8313820954975466,0.7981908723952944,0.866643060006433,0.9269490930473792,0.9009399609860937,0.857211119580799,0.7956115475160611,0.7878929412269715,0.8079606845193791,0.947146223170826,0.9213363790059763,0.8584279643601546
0.9165777405940111,0.0,0.9234466761006133,0.8154548752050542,0.749772941354,0.916171784786837,0.8858274863250806,0.9544294524646826,0.8887589518678476,0.9649835063780968,0.7889326251378067,0.860547217536859,0.9423207462182345,0.8321463692164676,0.9249928257968082,0.8860780753997023,0.8588463711974613,0.8812929025498194,0.8602834134269491,0.9015121085997803,0.8795859460709854,0.9459253068117713,0.8290450365136571,0.9096477762423975,0.9425340413546495,0.7280387749732822,0.8243124473673288,0.8490530719441103,0.8567311363966074,0.8679218362613528,0.9342254111981231,0.8923719804076142,0.906790643632944,0.7983337952975524,0.8606235003708713,0.771391612025435,0.9172608230144135,0.843035480446357,0.7892582591250249,0.8831323487713748,0.8293473604218152,0.8444675598152439,0.8057193000506403,0.7940510374491226,0.953722673847405,0.875743305870564,0.8944398380977412,0.765977809184669,0.8934850432965152,0.7876202780884188,0.8233709578406028,0.8374718489030624,0.7210673014905191,0.8610996944529211,0.7461237099198833,0.8983004359610611,0.8255532418820709,0.8475556728006257,0.835001034547953,0.8674701049371787,0.8627049308276427,0.7051365688652671,0.731603302633324,0.6828080910392399,0.730646370418585,0.7369733572800853,0.8524182434476468,0.9305284172242815,0.8303868195979247,0.9430533939526036,0.8945333324829188,0.7686662106384563,0.6768257732577925,0.9142252350675772,0.8621950062516304,0.8153978892570274,0.7767327318527998,0.8247760211188941,0.7987487903115973,0.7104759542112238,0.7745984763655599,0.9029682635098462,0.9533621071781232,0.808281408115282,0.7158644369999533,0.9647626274606359,0.8108428213515958,0.8002392561630571,0.8917799746086459,0.8577286737721872,0.8145686174864252,0.9057210095663865,0.7951937687160293,0.7667176520216303,0.7871761372024614,0.9508871219120699,0.7275486096865375,0.8937490061529467,0.6232097169101279,0.9193600758342874,0.7690523540108314,0.8137849222203463,0.684194459630592,0.9243379160113221,0.7526554710462185,0.9023594700445428,0.7660876782562195,0.9021967003095992,0.8809219666268124,0.9111967034102391,0.7900366597896378,0.6455525424601123,0.8130406818401543,0.7768246993826146,0.7632011692720384,0.9306316552090804,0.8230440840380431,0.8492476666508859,0.7443320490884384,0.8207898368938384,0.7584705687927241,0.8178480143633519,0.7792486772029252,0.9272710778579955,0.7094046777142637,0.9343327368173873,0.7804762006315629,0.8985116544834166,0.839239499115918,0.8463102071809088,0.905493486357875,0.8277387048328884,0.7601377765870543,0.7638425615027294,0.8250966181569643,0.731985153139,0.9483908418864134,0.8565078992004692,0.8657204575421075,0.8977161411078141,0.8036148543306462,0.826668351338781,0.958242033721485,0.6820798066885374,0.808964922460397,0.8445300703482452,0.9006381281705463,0.8673837496046909,0.9469082590288356,0.6127476079349224,0.81702414976225,0.7701137693421863,0.8309703953820835,0.92008321778654,0.9310228919903297,0.9398120755574639,0.9005514766277161,0.9222273904829145,0.77668443025485,0.7082568034873528,0.7835414229329245,0.8343024202558005,0.9668417748806444,0.8184489281348607
0.8413294371126794,0.9234466761006133,0.0,0.796369008717745,0.807734467395758,0.9068438453905807,0.83313216758344,0.8976780861581368,0.7956578554138143,0.9320914173590162,0.8275636029700247,0.85095192152342,0.9084108903608874,0.7679284022448166,0.8549988973179855,0.9435653385285707,0.895768679666397,0.8263595880835874,0.822456580113219,0.8290665846708786,0.9314966595967951,0.9443765993747284,0.7851874130731424,0.8834073296614681,0.8903744887395968,0.7748133195475909,0.7793846792877182,0.8095703836591972,0.8744199852762072,0.8496528764287086,0.8276736207136237,0.867863911808514,0.855925141030249,0.7484771545840041,0.7732799727801885,0.768595006873767,0.8783207489776451,0.8339149591180218,0.7816709193661819,0.8570590585730197,0.8229111810431702,0.8324302544324071,0.8104342254644205,0.8003677937885082,0.8801623656482417,0.8237550041511508,0.8761459334931326,0.8026256351974553,0.8404927264069822,0.7724281311064776,0.8169126720501224,0.8481604785935963,0.6835787118313493,0.8674747187593309,0.7580773207714901,0.8291693899779526,0.7932012291491694,0.905784459683642,0.7763551495035826,0.8074597661242198,0.8282597237361308,0.6892962725658976,0.7512750875708442,0.6723710171510885,0.6858242722133412,0.7052475601518066,0.7814623324172426,0.9037076416070061,0.8401688646663102,0.9041314996679205,0.8559822967790847,0.7031777145035784,0.6599884926218409,0.9170767379249961,0.8531697148209685,0.7338088237495003,0.8121732436998987,0.868582079647107,0.7668922451200073,0.7217142648295801,0.780520123997811,0.8177666316859754,0.9132329353564068,0.7943931695510109,0.7149589904839293,0.9039787137166059,0.7774902629387679,0.7308559798852484,0.8083935586270885,0.7827230836762491,0.8474049118094658,0.7880399889428271,0.79684218233328,0.7124339137775075,0.7521077229325167,0.9034186138081912,0.6911228157312362,0.8355759506309905,0.5850108699097005,0.8287076180878917,0.7002238815757461,0.8343998112152026,0.6567069654826094,0.8849835657506205,0.7116568353194711,0.895852319687517,0.7803544946623971,0.88209611486713,0.8444196686296699,0.8884561237266115,0.7945634731960948,0.6488308602120505,0.775602347849865,0.766430958961857,0.7314868933884385,0.9001770152751422,0.7647885712180665,0.8403971064226313,0.8198096555264591,0.7643146746764993,0.7708264671545293,0.8037922243694128,0.7525211402741039,0.8890869749182511,0.6471584070354877,0.9178492851155076,0.7610105613228345,0.8782280825070412,0.8607136986615166,0.8041655603719395,0.8443652599356708,0.9034427585713041,0.7076746057693106,0.70961377702207,0.7979384107441234,0.7022669273919816,0.8902064557576459,0.8042937035487658,0.8382200103277244,0.8444537065538517,0.7496561285259328,0.8365648192570161,0.8507366190875847,0.6932034435338739,0.8173741664999566,0.7917660247380874,0.8710965848797975,0.8494511344925906,0.9175424265977435,0.6583538292702792,0.7376280552359946,0.7275411655442923,0.8276137260942645,0.9012730474046583,0.9252593667503527,0.8581196122607204,0.8460684450444584,0.9199149496224981,0.7061216446038013,0.7011482539865701,0.7603495580556544,0.7507974301036846,0.8894516820824766,0.8044746039711923
0.7660429831057735,0.8154548752050542,0.796369008717745,0.0,0.7334872436431191,0.7288570692195453,0.8545155925372526,0.7799140951971844,0.6878151163781908,0.7873254304961526,0.8547307134810972,0.7465989698295449,0.8296397265560885,0.8336630587710282,0.8258249308560791,0.8100434422662199,0.8118399180835703,0.7844893930912891,0.7460045480454114,0.753971745150917,0.7928226788645025,0.835362496425783,0.8217904632577128,0.8519260541573269,0.7787218209249471,0.8254083824450003,0.851038415738364,0.8360532197981112,0.8539376218483606,0.7050297092233074,0.750050234880466,0.7455184041118336,0.890056488927579,0.7615479841273334,0.7957701642059988,0.7930813291338722,0.8187518591391619,0.8088562537693123,0.7892910493746677,0.9285106799266437,0.8193144566313963,0.6907028996436405,0.724440000972856,0.7828055656544779,0.8386763736400255,0.7551364533072061,0.6967851247862384,0.7666200479424279,0.8688966032502358,0.7266986403971859,0.7923936305305507,0.7528685085211202,0.6496915517951288,0.8840068310355907,0.8282846110242096,0.6845081639476411,0.755129061305793,0.7615502913674046,0.7952288281960955,0.8024721883489839,0.8128123704664042,0.6241294571217499,0.678434972370454,0.6979030752665315,0.6445187136538695,0.6602526938790947,0.8598930838791032,0.7599429346931134,0.7838576973170476,0.8152730344860911,0.7540173192219851,0.7510991257086751,0.6996254061323192,0.8814467998100579,0.750552494936954,0.6882692538991027,0.8624483537022338,0.8144734631513946,0.731245927244522,0.6685977885546421,0.6599270528248486,0.7459141103863614,0.7571730193390104,0.7537454860145454,0.7145454358574143,0.7954610319087937,0.7228279783203897,0.7313922721432993,0.7388845505554644,0.7091172186800357,0.81414830158397,0.7192267367416884,0.7822169695887297,0.6980229129175433,0.8197418991639408,0.7813214083040116,0.6323099948357784,0.7107200280352409,0.6115545087574131,0.8174674342918063,0.7981472587240894,0.7733414651102953,0.7433866700222515,0.7567564328912848,0.6918268353132305,0.7614511442066042,0.7063933584585396,0.7728278661291033,0.7977404176801844,0.774541373036445,0.8057850583315799,0.7089761396439821,0.7464024340581648,0.7811982222565651,0.7326533935749857,0.8205248969893699,0.6871523899508165,0.7747351001230324,0.7744030141763144,0.7752621522312306,0.7763744873373417,0.8065445039222721,0.7061430292906892,0.8063756791915463,0.6541106515560046,0.8472571564237622,0.7067227466906563,0.7967195909179615,0.8117004958788818,0.8001541896453799,0.6847978892305429,0.7061614140429148,0.8001914434495212,0.7476913180042163,0.7746496605366948,0.6590255393572144,0.7492832777312654,0.8770335315836018,0.8901178662763202,0.7739686245796675,0.7671089139691468,0.7402968873623202,0.8092947001179955,0.6856555181903387,0.8050599426551925,0.7260931501885495,0.725246934059581,0.7410446984789072,0.7506129267487024,0.602782639865393,0.776807569538505,0.6859980891534708,0.837574607348918,0.7701841298085342,0.7965600149948484,0.7966080523345025,0.8617475389033565,0.7850631933810979,0.8817708409790211,0.7545817155630421,0.6996595696477108,0.7176568180452157,0.7372523734403642,0.8088712800585878
0.7309811886330642,0.749772941354,0.807734467395758,0.7334872436431191,0.0,0.7106671256379855,0.8542893870314145,0.7111298596828297,0.7360341400592436,0.7085457044074068,0.8192338826539639,0.8299391882396595,0.7173050329601797,0.6553837992896917,0.790037074237344,0.8183876919096477,0.7535404640133717,0.6961044307421448,0.7170915726364693,0.7024575767034413,0.8447489593852339,0.8495026513186431,0.7814579846059718,0.8418817062937051,0.7457838655767357,0.8075007273005369,0.7337584791958269,0.6672748379707883,0.7361436327597174,0.8226470330339531,0.7541195370735951,0.7055382990758859,0.7334615584002304,0.7069106686240693,0.72881528794271,0.7455953713582293,0.7876366003557687,0.7439560252342237,0.8515551856410504,0.7721440326149982,0.7364084607601479,0.7848286164544861,0.7352488869931134,0.8102097438124469,0.7386914271509929,0.6775141127082207,0.762345590099613,0.7786852711602845,0.80775832217632,0.7150522548400841,0.7556905512046606,0.7292930115277301,0.5773784882612694,0.7679376527063924,0.7281989707753949,0.7125837874577914,0.7067889619780064,0.8776974558969277,0.6455918984725405,0.6994555967454549,0.6294080132748365,0.5975301692779349,0.6377340238101846,0.6726895280764137,0.6141117904643025,0.5760342700855227,0.6932484509192185,0.7737922952983786,0.6930929164181843,0.7375104305639171,0.7587940116532659,0.6389484158047235,0.6026226374991271,0.7722724150507796,0.6584052837775726,0.6009499398067711,0.7983862248399008,0.9175740726245847,0.6398953439349226,0.6476194565013101,0.6124211377856582,0.778983458284534,0.8019852820438642,0.6100320667889839,0.6720193909051129,0.7549035190493922,0.6763013508506501,0.6537385207458287,0.6346062729722142,0.7272842897011998,0.9208429191025437,0.7423723485651901,0.754732498939406,0.607191774244339,0.7014325803877375,0.7894134126647022,0.5667458681208376,0.7028054919748291,0.6581311847156867,0.657403376123031,0.6607386609172832,0.7196201231627988,0.6891418776738271,0.7254715120933216,0.6185851089813478,0.7455658787492514,0.6249196544551876,0.7347299272512652,0.7084518678106811,0.7807482113378652,0.826742312148423,0.7735398462989103,0.6264629523482497,0.7019973688018698,0.6184208004898191,0.7755388439328053,0.6083999466825138,0.8031259878958633,0.6855748928311921,0.6922551350713583,0.8826849448843878,0.6886657813143261,0.6747822172530882,0.7843407977102925,0.6290959381250724,0.7533626577581535,0.6575360787552862,0.842003096328812,0.6888511897143788,0.693303365574631,0.703546013841441,0.7499004481239645,0.6244896548301612,0.7625680742562151,0.7353123407957322,0.6321619868494849,0.7581069662962505,0.7891252734414516,0.7424496823576969,0.7954898091677005,0.6011018907300839,0.7586252678648662,0.7542147833196198,0.7038921799347881,0.8122370127293017,0.7901998612064141,0.860043931838615,0.667887703106693,0.7330266738494118,0.6212415534454371,0.7133228988926832,0.5999363467316376,0.8392297095298578,0.7975089156966142,0.7979875470416079,0.7408139221436326,0.7378699596864517,0.7944104362628492,0.6558883454837802,0.6587696623194405,0.5815467497203066,0.6548921899342784,0.7439954427965718,0.8666293696037205
0.9087359548772624,0.916171784786837,0.9068438453905807,0.7288570692195453,0.7106671256379855,0.0,0.7779021222396231,0.898928655068345,0.8292408150736749,0.9055224573179934,0.7659514624938062,0.8030866227914953,0.9381655753687403,0.7697675100080622,0.8187933812709811,0.9067705809496882,0.8770854562200634,0.8400964596891056,0.8651623894855934,0.8770175059608455,0.896591048143998,0.8674567258139158,0.7205225969685949,0.8259784149015734,0.9079074389545649,0.7012321722663478,0.6961153636042402,0.8248381610368263,0.8048123360540035,0.8457202881928101,0.8564596998856353,0.9416544420353579,0.8163890477996623,0.7562491856084202,0.7917889315895749,0.7005463145441936,0.8944578566206015,0.8090020426364444,0.7179457211594515,0.7845439232079092,0.7646007739870102,0.8281078541517499,0.8167315845902933,0.7960268642537974,0.857313125519459,0.8507564638682013,0.8898556694638637,0.7863223256395167,0.8098791725127159,0.7676327501134361,0.8273090208898993,0.8825809894955857,0.7312964670291553,0.8184730774775901,0.7108002926350216,0.8810121643235624,0.8348430458321976,0.8480209749031653,0.7782651507321274,0.8101839836058946,0.8828585244408814,0.7508111499182909,0.7961561273586426,0.6197232677806463,0.7399961243759389,0.783758469434539,0.7762659323796501,0.9342687203219248,0.7953475970375833,0.9146690544427096,0.8991944252385492,0.7215013765542917,0.7129772791808031,0.8885565856131301,0.894937396491879,0.8408418529060316,0.7626432064158174,0.7757040139092363,0.7944748787195732,0.8221454189986189,0.8670787031291813,0.845006312834816,0.9158766263094912,0.8407275059671544,0.7604975720202288,0.895803080803919,0.8546596569503939,0.7709526606733657,0.8814939594029058,0.7848922562307294,0.7803151989500331,0.8209157262147496,0.768000106739064,0.7996481437593528,0.757052791775642,0.8888505944906578,0.7605243533198602,0.8612090763599348,0.600339648037955,0.8730629729058155,0.7172721785327265,0.8271617446056814,0.6461380684581566,0.8477859946012429,0.7624914231464406,0.8977164155941818,0.8060275236122242,0.8597170304451833,0.825961101364389,0.8893901366045122,0.7767070741560266,0.6113872837887271,0.8868077465011673,0.734856806780552,0.7677968039454859,0.8871827722582887,0.8628394224248793,0.7995548172140429,0.7982466710320019,0.7742762744665642,0.7165296551080831,0.8019681458689977,0.8219836826023385,0.9184105335786609,0.7158720921532561,0.8961822384844902,0.8074176555740186,0.81826875213214,0.8236487276018346,0.7785759142808658,0.8761885207120611,0.9288786071138185,0.7633934648007448,0.7257469680475795,0.782631916054289,0.745345226621899,0.9256860355642146,0.7445574404779975,0.7377724712674245,0.8295462308099909,0.7846765419742959,0.8584293260161459,0.8719108579766576,0.6472273264469359,0.7790738077762738,0.7805252331718671,0.8408939814913788,0.870622116410251,0.9087612953358066,0.6330976005329465,0.7884670204541177,0.7857543497022386,0.7482403565534189,0.8132835696230702,0.8909261554119429,0.8842965369406327,0.8589580929935406,0.9111761611520349,0.7014943072942784,0.7608441021141893,0.7946942421690513,0.8610113383486998,0.9134430166431313,0.7847895198219483
0.8131672615949647,0.8858274863250806,0.83313216758344,0.8545155925372526,0.8542893870314145,0.7779021222396231,0.0,0.8398559066163999,0.8255672170157174,0.8448487587251923,0.8275032947398492,0.9097251710418975,0.8264113895464584,0.7288530544010465,0.894658933817669,0.8368351937137735,0.7782538611423129,0.770455646571514,0.7884199872827257,0.7798462968777466,0.8370608497807118,0.9046065375966383,0.9204308172753568,0.9488596455782,0.8739559772507806,0.793189796231905,0.872505845848356,0.7795621240845149,0.7938899428166101,0.8692752016523357,0.8754939356570582,0.7759888765321975,0.8412706267641469,0.8351843224933793,0.7960930565163588,0.7355007078160966,0.8967301595024729,0.7485322645593236,0.8673543298974822,0.8888536540394872,0.7625929136020604,0.8369754355657878,0.7345495616713702,0.7926715140408911,0.8847318761644766,0.7683523708293796,0.7961966138577511,0.7611047038090554,0.9318239886331547,0.704517990608157,0.7804677941141974,0.7389670194278971,0.6090553300521415,0.8200970796236104,0.752013920865538,0.8225960932781973,0.7441189413555537,0.8556561176731036,0.72947411597877,0.7808129111920264,0.7318308447970446,0.5968978132366899,0.6263386549307958,0.6432595503159998,0.633910436378905,0.6188537469064731,0.8510605638017228,0.843529687973049,0.7126643250956614,0.8419946973794821,0.797783912186357,0.6853116604347207,0.6153314125136607,0.8566673587926388,0.7062719046077207,0.6899824305457546,0.855273905615667,0.9259973717221023,0.6917038263472505,0.6596694404134762,0.6351903781167584,0.8476593887937198,0.8999345865859595,0.6593871396110423,0.6594441116762707,0.8544908044928984,0.7508971090474221,0.7137655630131985,0.7551900502716332,0.8608109786266203,0.8525856467156269,0.8636903677091,0.7548262745140797,0.6661756862585394,0.7246976308977671,0.9011585176550513,0.5933077321180673,0.8045585183228497,0.6063132245841385,0.8035020313727653,0.7377215691534893,0.7810964133575149,0.7089524909591799,0.8236138220263884,0.6374182744373518,0.8073955737070111,0.6580255436219405,0.8404226177202913,0.7909166354803209,0.8865179262277905,0.8759663859305655,0.6863546546076045,0.6987171075034814,0.7633232310798848,0.6590686369700118,0.8744587980228471,0.681718286638912,0.8478270371760352,0.6780752835033478,0.7568084940875062,0.7965172813072553,0.7365360128057596,0.7087579548236849,0.879927673169203,0.6444851974790937,0.8545224293362046,0.6713943952229738,0.9334670394608221,0.7363552497906175,0.7497609833204144,0.7985338163412912,0.7160344093546254,0.7161730369047808,0.7710235818382762,0.7862986218189719,0.6365608712317125,0.8508376784265335,0.8591389226001069,0.8503720086289828,0.8706699112906804,0.6795975657950747,0.7479187723844141,0.8902052027625453,0.6427138902151851,0.8280247590573229,0.8643512298915164,0.8902945725951745,0.7479001129910112,0.8190093703938899,0.5650080541773861,0.798929708379734,0.6481475656627027,0.8523929320956023,0.9032614827731851,0.8952886155067297,0.8787709161309132,0.8835977725417773,0.89827691133558,0.7596780236410012,0.6952828122667856,0.6428068189404517,0.721231835550908,0.8456379824510355,0.8752015921943566
0.8891970507592467,0.9544294524646826,0.8976780861581368,0.7799140951971844,0.7111298596828297,0.898928655068345,0.8398559066163999,0.0,0.9032746556988195,0.9479390988053179,0.7402121979727156,0.8637229221490956,0.9169562266990989,0.7679281709061185,0.8736555053854903,0.8676803119363021,0.835952941990709,0.8556816931262781,0.847413631949407,0.8765321321254358,0.8448518679227113,0.8913795256834887,0.8362483255603099,0.8593524885785578,0.9368023921807288,0.7051012225998018,0.8339018066415668,0.8486537162719143,0.7731488633699338,0.888965484763103,0.9170256168977801,0.874221549780905,0.853505721374365,0.8168206634454753,0.8033203099423928,0.7282506697600335,0.8851646225823286,0.8062740520876375,0.7374734052854632,0.8321051004066768,0.7753619480818736,0.8558896471228318,0.7856644595988085,0.7226981169673696,0.9559928736472532,0.8701474638483548,0.8856627261950508,0.7045635176565676,0.8503918293996247,0.7531884858999324,0.7834594562654363,0.8110789843491177,0.6895386979987866,0.7904142140215772,0.689501519025799,0.908218387051133,0.7947637971763278,0.8615997547803422,0.7786094203087072,0.8406808766418015,0.8317692832326564,0.6898443639430711,0.7123525127043379,0.643501511474528,0.6948349972015635,0.7186741223591631,0.8148100011492405,0.8950956722747115,0.8168613282010854,0.9604423516580441,0.8528126844582621,0.7133368057922344,0.6533221369694258,0.8837583432384966,0.853037928461859,0.7873478387234492,0.7502421447133727,0.7833983988802873,0.7975776065965355,0.6629160872356247,0.7399898373694194,0.8866059889468871,0.9346587698777458,0.7837177204057489,0.7028314638824962,0.9630144140259629,0.8193345794720923,0.7779092148293942,0.9043193093202369,0.8656344458286293,0.793334333999211,0.8969072639939182,0.7398584863093142,0.7300399609615611,0.7213338590904861,0.9156727844818404,0.703176602653955,0.9188914524051852,0.5842123378568912,0.9133445366455418,0.6947470914521954,0.8338925663294746,0.6908557494452162,0.9219066689946125,0.7351026872823341,0.911585014726915,0.7599730391099682,0.921153150834806,0.8450564130508856,0.8719412721227999,0.7500518190478854,0.6219369951831453,0.7766760749771867,0.7929489064838632,0.7372107384803449,0.9281220167021348,0.8105535706757102,0.8075171131868767,0.7008490908058818,0.8171655129618448,0.6964197418386353,0.8521929059583924,0.7490002130621146,0.8829782505610125,0.6477759507491055,0.8780724308138597,0.777378302281628,0.8931948181033097,0.8009556071378414,0.7914516324104522,0.9396494788030354,0.8135508403301314,0.7285750228318604,0.7166737093510054,0.7676965307657955,0.6726980579878885,0.9293942595524942,0.7929213470090727,0.839896694890086,0.8835660577549794,0.7535531863509976,0.7715787386191958,0.9295912054226712,0.6451728774449789,0.7473487422900542,0.8662655132918918,0.8864685777935384,0.8398275506422899,0.9378139215261756,0.6044442698005655,0.7910801085345808,0.7272597083294606,0.8001650575356162,0.916029750835772,0.9335421789661317,0.9151013299671602,0.8540100593638695,0.9179096796575925,0.7026161459536718,0.6755198211905635,0.7504400428081861,0.7855452462457633,0.961583253652049,0.7719453451376825
0.8747483094473885,0.8887589518678476,0.7956578554138143,0.6878151163781908,0.7360341400592436,0.8292408150736749,0.8255672170157174,0.9032746556988195,0.0,0.8368030052017134,0.7033059909680334,0.8465109575330971,0.8159272346356371,0.7136562118235041,0.8315372826286546,0.7741184158501764,0.7330293397981396,0.7922368064216384,0.7814663493029352,0.8386186552363452,0.770949853896201,0.8642474026838046,0.7986049698629553,0.814868223548291,0.8876797532701682,0.6463407182943254,0.7899590083679059,0.7501589791306285,0.6779186426189645,0.9105622945414664,0.921992444698837,0.7853310843373077,0.7532077402757723,0.7612827583070224,0.8103103257979841,0.6648921553988612,0.8520221107741184,0.7458431977011314,0.7166953749252669,0.7392009608782129,0.683078730087204,0.9143381409150694,0.7148292213269404,0.6969299925668322,0.8607473383359349,0.764759244313186,0.8372395533020508,0.6672969586778411,0.8053402851293084,0.7004932434843343,0.7087790456008316,0.731862566785042,0.6332074352480084,0.6963140558404123,0.614622907661689,0.9362038497825445,0.7331287943941363,0.823139048833506,0.699475625529824,0.7470398037757389,0.7159880085758081,0.6303332798326724,0.6383712977599231,0.6269302524707084,0.6674844584672244,0.6428267761911868,0.7726650151455144,0.8597079969436378,0.731522568074731,0.8928667913539182,0.8236347551187163,0.6696134229901645,0.6502866099878812,0.769691668977792,0.753565541559757,0.7258105289207814,0.6716317099084129,0.7456627623204337,0.693570142595812,0.6195836812925818,0.6626833725302339,0.9296546440328192,0.9136400271500282,0.6763336472848133,0.6526675376474803,0.9056123735802053,0.808826417113561,0.7295208143784346,0.8004102068107031,0.9059267685916202,0.7829297965445645,0.9384746789032463,0.6734161796298571,0.6700440672743648,0.694912252937118,0.8926407459433798,0.6434428025731841,0.8837573478170762,0.635158521123826,0.797362353273489,0.6623611911999047,0.7151756535318488,0.6533002516955759,0.837376513238527,0.6825869099690849,0.8057126928145248,0.634957886202272,0.8624110179245493,0.7361076240451327,0.839614653957727,0.7209125273225566,0.6331478275210124,0.7269993844947066,0.7671808769539162,0.6507857350653519,0.8632544285852236,0.7322969157114629,0.765852739070962,0.6093801025897733,0.8235551554886513,0.6978641081781057,0.7420150475467562,0.7353936098759831,0.8151993561961566,0.6942753736543137,0.7593785531404269,0.7112149081454023,0.8472390686765614,0.6738108625268624,0.7124948417041547,0.9511638169546944,0.7413473298903555,0.6847684081179369,0.7903457004900671,0.7426741233718687,0.6447977635423767,0.8800772093158571,0.7445922472011448,0.7500577639331237,0.8369583845953859,0.6690236094091054,0.7401914522190298,0.9067619272577665,0.6445940461839674,0.7184153842365831,0.897833739245261,0.9307179812016977,0.7236399270686855,0.8603484300712608,0.5700255981117127,0.7916944246570365,0.6608104046945749,0.7749360085639078,0.858315069200599,0.8523442232527548,0.891117319199769,0.8005964023702294,0.8505239078274601,0.6633770608746098,0.6166890229345912,0.6468094977252978,0.7815962662266582,0.930592400361831,0.8090731103216443
0.8540210152739705,0.9649835063780968,0.9320914173590162,0.7873254304961526,0.7085457044074068,0.9055224573179934,0.8448487587251923,0.9479390988053179,0.8368030052017134,0.0,0.7693348923674889,0.8616630372829488,0.9130650160840569,0.7710112531802733,0.8588356255741504,0.8811196557025925,0.8484467650759734,0.836131383958421,0.8543413802226306,0.8507994832380037,0.853501465068372,0.9045437939089306,0.8211034000301577,0.8597034086793719,0.9409178911746278,0.6872635391756082,0.8145066818255629,0.8489425026378402,0.8539752272742027,0.854834822154175,0.8779416217588388,0.8864986509093271,0.8518873851439944,0.7907213898722285,0.7833165080723317,0.7314934586990574,0.8727219708109939,0.7901010330513598,0.7498864485457506,0.8374027264760869,0.7801492542256552,0.8329121576954509,0.7725619568489115,0.7372642491498345,0.9170363485691747,0.8410407767601079,0.8560436395925172,0.7329842652829464,0.8581955166436427,0.7366786290866906,0.7794779165235791,0.7901486531512676,0.6909061934677417,0.8262957679420544,0.7311670719845685,0.869013736228305,0.7787807701019483,0.8473204191582718,0.801872099240236,0.8198488863783436,0.8476130411895073,0.6701538076214131,0.7053778454310435,0.6468705773752107,0.6833941776911401,0.7091656854617276,0.8021407538516623,0.8767150551816942,0.8152647825296828,0.9256208882164274,0.8188431855130028,0.7067750115856842,0.6418593642064506,0.887112983360386,0.8527264502930694,0.7802094576071151,0.7673020077203848,0.7990609443777424,0.7616373131019692,0.681777410202251,0.7571515111526146,0.8219086567302312,0.9164904220508557,0.7830132322625287,0.6795815731659254,0.9128864859747029,0.7887020058649193,0.7548625493628343,0.8753848316025504,0.818235553461115,0.7641120077415375,0.8469969439358889,0.7624177177749212,0.7263967202092328,0.7178496011117047,0.9200090305426275,0.6944124328375908,0.8803436424069875,0.5626193938147569,0.8815578526236676,0.7079481191322736,0.8281563973464146,0.6515913094407877,0.9321249520469908,0.7079666464240579,0.8713470598853988,0.765983537882131,0.9097431282024675,0.8408225634167327,0.8866899046282253,0.7691687166537883,0.5937421558386099,0.7748654712719093,0.7826571658005603,0.7211665108592941,0.8903642034141042,0.8057227449507084,0.8436389418369877,0.7490552413411129,0.7705236818435681,0.6854256279509785,0.7838159447764611,0.7348607411134233,0.8787484350749054,0.6424033039189733,0.918390390077312,0.7373315443352433,0.8625133664132719,0.8418067828535464,0.7859192127662714,0.8968792071475561,0.815049995784184,0.7180619589819219,0.6838470451337717,0.781317996539816,0.6789013861959161,0.905480157615114,0.7788986534055419,0.8421286625342429,0.8580478076202327,0.769654840591532,0.793996967087957,0.8949849083246743,0.6526749328846203,0.7651092757973222,0.8030082737526065,0.8425171839580636,0.858102690792024,0.9519261490257753,0.6172816557018294,0.7536759642957281,0.7489940224269972,0.798063934124066,0.9055877075656708,0.9292691915761561,0.8850068925769305,0.8631922889305282,0.9075379978516366,0.7156064431892293,0.6856878529038002,0.7709487309016121,0.7740923982394402,0.927195864474047,0.7529528073250971
0.7797333063382683,0.7889326251378067,0.8275636029700247,0.8547307134810972,0.8192338826539639,0.7659514624938062,0.8275032947398492,0.7402121979727156,0.7033059909680334,0.7693348923674889,0.0,0.8024283450692787,0.8177987336615994,0.7791362345373533,0.7640624942259724,0.8861537304765845,0.8282216380054649,0.7325719801826925,0.767774877971472,0.7832561850397721,0.8603228047270493,0.8731339322452668,0.7870133054289827,0.8620304442622476,0.8229774193843545,0.8451456994129913,0.7735761159324678,0.807405361267083,0.8732744966795294,0.7406753680029673,0.753160791334765,0.7765316157706955,0.7595114346092067,0.7825835467069954,0.821536144778072,0.7823203752698523,0.8812810546408224,0.8231185585044147,0.8590473371466948,0.8318086378483976,0.7316098410117164,0.7622177738318112,0.735031369825454,0.8746303991950888,0.7962571473676833,0.6806853044304116,0.6790717577673319,0.9189211480989403,0.8873576838719347,0.7097927913733963,0.7667106003393872,0.7367225513835853,0.5923478243321832,0.8666745781581969,0.8633396892990174,0.6997529735167795,0.7482867019356614,0.8376330690851624,0.7374377854208989,0.7213628401323499,0.7905344506825099,0.5898302918092378,0.6674904592505233,0.748984857847046,0.6207008416362074,0.6277003272330716,0.8400753629834137,0.7713384364644923,0.7630641225526782,0.8168461403654629,0.7586950428739768,0.7123246360223594,0.7933610031366829,0.8484991738850847,0.7354124814594224,0.6529309395374648,0.910759638351275,0.8582613069538588,0.6676712703631916,0.7330700863341734,0.6586867515089928,0.735317227516983,0.7585914284968468,0.7243782404115323,0.7544074525329897,0.7681633615343176,0.830684114097152,0.6847237263208029,0.6727022025497074,0.7132451285394406,0.843578265172952,0.6970903888976462,0.7744732630376756,0.6736169253355074,0.7982334260865053,0.8098668734405776,0.610664889680854,0.7204096030347844,0.6689523864977152,0.7175863659699306,0.8126714227657531,0.8064850260043431,0.7106965398088747,0.7296757582352303,0.6626464178307451,0.7285482164226296,0.6674865527610665,0.7975787966076896,0.7045776806051006,0.849178527557358,0.9209429125684964,0.7823982018621998,0.7875619212762222,0.8358118285159396,0.6632572601154099,0.7813001240682572,0.6591051097888997,0.8649998211578969,0.8517541206414461,0.7619171671251883,0.8405385678621891,0.7052509229548495,0.8094964827345859,0.7906370250093504,0.7351195912326906,0.8290346118252142,0.6617851030700886,0.7989808952837418,0.8197027896789597,0.725498863660094,0.6900934073846035,0.7747814567673533,0.8325642944201196,0.8341756209626184,0.8803665352466333,0.6599576597731592,0.7616719501524423,0.8074253193899806,0.8396295069477532,0.7601800523911487,0.687701505228437,0.8713246930263236,0.7540294253675356,0.7521216254845665,0.9386461233497349,0.7573175632655487,0.7578043968310751,0.673737933106308,0.7860299480943987,0.6921127912664738,0.8215774003188391,0.6449917350844965,0.8807182850339954,0.7300004064483715,0.811675894809317,0.8115395252796096,0.8787868583690791,0.7891927902874718,0.8021234040555397,0.773499860664752,0.6259111304187777,0.7505937273603479,0.7256901558470328,0.916878012310455
0.7746645849749273,0.860547217536859,0.85095192152342,0.7465989698295449,0.8299391882396595,0.8030866227914953,0.9097251710418975,0.8637229221490956,0.8465109575330971,0.8616630372829488,0.8024283450692787,0.0,0.7851669138302284,0.6500502922756151,0.7994696838517386,0.8500014556434207,0.7554362564578609,0.701412024639949,0.7961162312886089,0.7686868545068052,0.8392244759804048,0.8702608956512716,0.8934153992588225,0.883958633371065,0.9160930347187487,0.7455957106097842,0.8231324921317664,0.7465613641719598,0.7533873448840315,0.9082393565158091,0.8773127376843277,0.7810214781943781,0.7388557213541029,0.8827858181165176,0.7520554721233902,0.7200274696539333,0.8771160223240915,0.7146903931480387,0.8431656934525045,0.7700848965504353,0.6870648844653274,0.9091556210162862,0.707496769059209,0.7535040482645955,0.8722685479570148,0.7124887717726511,0.7892557661549398,0.7489963197851073,0.8683586477545393,0.6595040340499061,0.709141837896828,0.7043500156258251,0.5554089534968489,0.75533834133877,0.7096925071948896,0.8646817293303692,0.6910999738509117,0.9299478930599161,0.6545303929590796,0.7121615985870577,0.6925856165091906,0.5697813234762631,0.5956889325457214,0.6472756724798696,0.5820684146385051,0.5787587547029256,0.7805872614184055,0.8012863053215465,0.6822109485983308,0.837900926475486,0.7449620363842189,0.6145573894846765,0.6092947114480753,0.7911454217998037,0.6916937191168012,0.642334616517367,0.7983833225849398,0.8930832689798746,0.6521247953164536,0.6237736851739615,0.61174614058443,0.8106190103472429,0.8831254835778944,0.6291577305942381,0.6478856740331896,0.8439974745773903,0.7985269856955671,0.6545510174033392,0.725265868222882,0.8822756154992557,0.8086561065989054,0.8771421126117463,0.6934421692484325,0.6101145897935509,0.6344010157210732,0.9226894939830609,0.5717905142587568,0.8907676938029536,0.5994823758827179,0.7444408147202469,0.6641862075350433,0.7999259135797162,0.7046489235679124,0.8628053421960231,0.6056753324539496,0.7903310042200438,0.6369279388317773,0.8934959742288214,0.7108644600346844,0.9041462755481565,0.8804979443509443,0.6702842242762428,0.6748943840154591,0.7939519416286805,0.5988556298391757,0.8333515552034616,0.6614483095738657,0.8506570372850804,0.683571817644963,0.754653109359734,0.7210045487639837,0.7049718343885746,0.726760690962069,0.8122847798000286,0.6113403573288823,0.815663762163673,0.6508797216750547,0.9403909654289285,0.7495246437750243,0.6627072185774079,0.8521144841328866,0.7332269729609919,0.6598929532945373,0.7468656176677245,0.7810359560174638,0.5804158371653593,0.845739445505838,0.7479486634221406,0.8020139082035076,0.839505533689086,0.6102910802140018,0.7717379231993804,0.8278612570874189,0.6538013993281955,0.8195017609164489,0.9205738915886591,0.9101255224866313,0.6925104246444701,0.8758267978273514,0.6306508876046322,0.7655660704761353,0.6005728356575536,0.8165355877956252,0.8948391676910858,0.9424737981971558,0.846487196897388,0.8055030835272193,0.9000706958466488,0.6412817593393413,0.6333263593530175,0.5903698719123877,0.6901479022905106,0.8618386326536903,0.8230551288155702
