0,1,2,3,4,5,6,7,8,9,10,11,12,13,14,15,16,17,18,19,20,21,22,23,24,25,26,27,28,29,30,31,32,33,34,35,36,37,38,39,40,41,42,43,44,45,46,47,48,49,50,51,52,53,54,55,56,57,58,59,60,61,62,63,64,65,66,67,68,69,70,71,72,73,74,75,76,77,78,79,80,81,82,83,84,85,86,87,88,89,90,91,92,93,94,95,96,97,98,99,100,101,102,103,104,105,106,107,108,109,110,111,112,113,114,115,116,117,118,119,120,121,122,123,124,125,126,127,128,129,130,131,132,133,134,135,136,137,138,139,140,141,142,143,144,145,146,147,148,149,150,151,152,153,154,155,156,157,158,159,160,161,162,163
0.0,0.5760827071260977,0.5385003715766246,0.5305630980719769,0.5163647731758788,0.5800597263595275,0.542066156777636,0.48661635510216794,0.6492268536947942,0.5376930670462107,0.5713874523366014,0.5432780470553076,0.6313594110522512,0.5334758321039443,0.5844106105265175,0.5858607083820692,0.6329485032713128,0.7075650176171814,0.611835289723619,0.7013876868168442,0.6315362091653305,0.6033283122149342,0.5650786766087273,0.5391129913272399,0.6432090671919863,0.5274901548747292,0.5242717145720922,0.6279079262455324,0.4647789577559772,0.5757109123838784,0.5990620369431906,0.6287731938510449,0.523609514017436,0.5633703575367552,0.6244760613635452,0.5419228821666493,0.6213388899925358,0.630786708309275,0.5215202246324971,0.5572719243641804,0.5608915018617803,0.5734273127536287,0.5780657952797893,0.5744741545328197,0.5695095194871915,0.6393329306406124,0.5320530954966758,0.5432763821077724,0.6393605389584188,0.6530617788340771,0.6562406511913161,0.6188413663692919,0.5492618645888694,0.5761973984427631,0.5334328532927738,0.5549387121193537,0.710420437380516,0.5588410047278431,0.5647169222803478,0.5961485379971532,0.5080089088455861,0.49357228817730037,0.5694468775059519,0.48576748843993633,0.6022160488295061,0.5867189061435067,0.57874073600225,0.6117695102996434,0.5903888949272115,0.5256695920426423,0.6617344988643372,0.5633563106147974,0.5892646858623323,0.6449257851884347,0.6251805280600025,0.593265387125597,0.5158250160875736,0.5366020831285189,0.5806336505450119,0.49534901771058637,0.5695152700548161,0.6817511693032052,0.6117130895198541,0.5606378868794378,0.6097900061563027,0.6725776624434939,0.483282902888905,0.6376849499184355,0.6332198103764113,0.5428210019171084,0.6621222806432551,0.5731745799084639,0.6211891571538247,0.6178807164760667,0.6173562594653711,0.5584207953062256,0.4992524204109859,0.5479750288372673,0.4663949446942222,0.6027534746316737,0.5333322241590138,0.4196561360411462,0.5432031123764761,0.509587595759564,0.6137972130278594,0.6202760728131804,0.5697065359705882,0.589917399477381,0.5900028760166663,0.5599851392810434,0.5773693322556916,0.6000990031523576,0.6427965290045646,0.5745618232232322,0.599963684898992,0.6157716592689639,0.5782413930777182,0.5708879868370929,0.5256261535871031,0.5299993874366026,0.5752149565155666,0.48002347758513186,0.5685649339327873,0.6487416682605422,0.5494459480436652,0.5387620266652126,0.5386027929411005,0.4687437530646441,0.532364925026402,0.602793524223145,0.5616997591309583,0.5854155569222205,0.5209671328343191,0.591263158130717,0.5663738722593639,0.5491733524003239,0.5958736391483972,0.5803816643221349,0.5627222485920321,0.6345749656788907,0.5224462313080465,0.5441313719821198,0.6651496946409615,0.5814222894170824,0.5968194111777774,0.6078537515725227,0.6175166536797827,0.5717257698737224,0.602377408715433,0.3922542338373271,0.6019914626995462,0.555896405636192,0.6212727415594916,0.5092551276199394,0.5929609580359091,0.5920420787546407,0.5924207156031187,0.5824998759028347,0.5218864070501474,0.6026701850396111,0.5173192676138432,0.5881706451949122,0.533045989568718,0.6605862129729452
0.5760827071260977,0.0,0.5338150268086711,0.5001304969139296,0.4879438512123615,0.5541816265783387,0.5712808023854131,0.42945827901988703,0.5243099214800994,0.6511655891469343,0.507401990475687,0.5652508767090108,0.5443279652688212,0.5539499810320135,0.5305991041354303,0.5259175441313628,0.6016153856853236,0.5492399084687619,0.5503737262408132,0.5903468910979441,0.5657687203835191,0.5619927290368185,0.5951304901798877,0.5726826931466308,0.6101957809801968,0.4718932562317197,0.5159678540515735,0.5717022227575959,0.605858198825357,0.5076923197646569,0.5347537628246574,0.5488388116246257,0.5335076625957068,0.5679743919993976,0.610013576474472,0.5482761453933903,0.5156450467704713,0.5486252366647129,0.48835944711147294,0.595219583581778,0.6241064236639321,0.5491623224264293,0.45581516829112,0.5477880660391085,0.5251898340043183,0.5492755533180299,0.5598201015550107,0.4913313688335872,0.6059404723146378,0.537415075544484,0.5227899461848756,0.5667206458620301,0.5385564095934415,0.561095597351687,0.5107120294822332,0.610172936262498,0.552876296883135,0.48763076505793834,0.5461563255235068,0.5770206288514997,0.4457866107884857,0.4526390138320264,0.4531393712660915,0.5143549573533579,0.4936813505591105,0.4740865900724352,0.5208248085880213,0.4960310117225407,0.48443662679348154,0.4304721880084263,0.507954125102349,0.553867897956595,0.4982083395619091,0.5359918541695265,0.5390222022669403,0.5516440743007001,0.4423742704859963,0.5766589277907026,0.49092827643009374,0.49199040408756983,0.5480925016830935,0.5177461011696424,0.6044944306806547,0.5124380969896359,0.5247797384442178,0.6346661939971944,0.40183692005570115,0.4941067768715482,0.5645981365339493,0.5502237582773782,0.5281687968147395,0.5873074475646016,0.5914558933229241,0.5412324897374365,0.5512815518668807,0.5889375480997383,0.4379161049133139,0.609449386146785,0.4726342741788844,0.5815412422029129,0.5415753248507803,0.3608494722500005,0.47109781411056534,0.547073370017527,0.5022550091168286,0.5467475458399033,0.49982505529720445,0.6565978140019656,0.6224095260882521,0.6295584968996529,0.5452308840666698,0.5168374869342464,0.5320089233807784,0.5102566942855171,0.5314777196068756,0.6215480830471705,0.58699559052184,0.5174228245141594,0.5473109235178634,0.5290436989462509,0.534959236485959,0.4101541730963007,0.5740611928367156,0.5919763237914825,0.5247172575642517,0.5696597821158019,0.5045857040589824,0.45026093797544015,0.6336898142339878,0.5515308642656549,0.5823926587380278,0.4925165498312033,0.4465359956326887,0.5445958813512873,0.5092812731209581,0.5105796688948356,0.6216006713485791,0.5979524111754229,0.5689432494378124,0.528427096646619,0.4927828246781593,0.5472017728974796,0.6364977470021826,0.524545006991043,0.5780972037782957,0.5297118251379622,0.553863646578797,0.5821197894364896,0.6715392304242402,0.4294158976668886,0.4769291525527353,0.5774708532007847,0.5439786248513699,0.5827388996502303,0.5812457171763059,0.48950167495343216,0.5354157725470802,0.5712923899286622,0.5408023260653517,0.506101184944964,0.5484796639200901,0.5736596066805554,0.5134825316751727,0.5440927576729668
0.5385003715766246,0.5338150268086711,0.0,0.4953146851716312,0.5271008836746547,0.5713109624210154,0.4894031011943335,0.48820673912272605,0.4880898916851409,0.5722743948069628,0.6174971312458015,0.5625431183227667,0.6050038205245447,0.44957071420151107,0.5394642824137611,0.6451362424601141,0.5839950006966057,0.5352032153475167,0.5245635796939905,0.5223136633228724,0.6090684634266058,0.6999421188330978,0.48705849918866934,0.5353987943153354,0.5713059779104501,0.5189028555920081,0.4909924626306106,0.5198900410323979,0.49108889061041816,0.5240345887677083,0.49893524746773477,0.557239551743645,0.4972834393859505,0.4735920290214555,0.46940383465062613,0.4951488672007016,0.5773856595029221,0.5290623064000732,0.5210477766727571,0.516112627016167,0.5146894859907625,0.5145313062428756,0.5426260970567244,0.5195084941051386,0.5298600009339511,0.5314505107816482,0.48405492616653506,0.5865156578648294,0.5280674499458355,0.5304777609219611,0.5571765827160309,0.5275444161482356,0.442471441188358,0.5804091387816761,0.5344843868805779,0.4696880386904606,0.5294301101533883,0.5837644689911216,0.4800743201279174,0.4920109376081468,0.5063253963974177,0.42905198667951555,0.5283573090703045,0.42880320753469275,0.4642185533557949,0.48350339035828327,0.5071013382948705,0.5879674805440024,0.5591035356970759,0.511379164992948,0.5512484312923323,0.4443940204466441,0.4695781937652285,0.6164121159948043,0.5625741817904574,0.44349414080045946,0.5335839739553181,0.5479504929616715,0.4938536155641226,0.4372902371150185,0.5116213956045432,0.5160366248249785,0.5867109427875894,0.5090882970260753,0.4807261876013565,0.5587774947460589,0.4557647813530491,0.48779796262102726,0.49697954928636806,0.4792107489022414,0.5575778511277469,0.454305262286783,0.5557114042682885,0.4643445287928103,0.48707134669036384,0.556486460364055,0.45158058479728264,0.4696225629943984,0.3871518996381962,0.49048865089256116,0.4494613428711042,0.43243763574074556,0.4550495332358812,0.4946754535808947,0.47904239774909985,0.5706977447813076,0.5387121819289559,0.534087750815702,0.5248530065074641,0.5563554881233608,0.5285816088656398,0.47984324571122755,0.5170168668080966,0.4967107401905017,0.4816274150544903,0.5363263620379349,0.453101056346722,0.5684889070575156,0.53306632732892,0.4388556406547315,0.495103545830137,0.4478840377350244,0.4570264148570457,0.5590885700179453,0.4224745260249754,0.5723875716014679,0.45231722490163445,0.48735339847911446,0.5186792433829489,0.5260244039578355,0.4831642016405477,0.5926328371025122,0.45171580359276126,0.4637059894469469,0.5466185397058207,0.4579247527690609,0.5228786453592253,0.4939885491915215,0.5579504636618456,0.5372012625581136,0.4710221035141581,0.4879766949929046,0.5011564915775077,0.5054411136380178,0.5427486443215246,0.48913918552027347,0.5735324011884576,0.5552942607043838,0.5758609449167842,0.3724267338320483,0.4781830414730076,0.4591610926148462,0.5587534206108126,0.5518967348705202,0.5629155026442887,0.5309606783424736,0.5500283250329909,0.594041540215763,0.43812014207458716,0.4878363872262924,0.4715688828600891,0.44174799350344574,0.45310624133696614,0.5309561766966098
0.5305630980719769,0.5001304969139296,0.4953146851716312,0.0,0.45480255633473293,0.5191510133266928,0.5335854466715308,0.47933421021295225,0.46912571076074,0.49229356527324325,0.5668366072431197,0.5306244069900876,0.5288590897752388,0.46702896024654017,0.5575935585010601,0.49470016276592704,0.511703472771226,0.5164969513965874,0.5416222660194782,0.4803181527375195,0.5412376894526637,0.5213673558166757,0.5170688651048246,0.4997100342220384,0.5549421258554772,0.5593233002208983,0.5080540745899351,0.5507592965963071,0.45874962431420796,0.4366510884771277,0.5233908319648591,0.4938110792162731,0.6647722211668795,0.5340641871491515,0.5220718975157065,0.5285291957588519,0.552563700114702,0.5224666343786389,0.5062078338604626,0.5325522003904464,0.5708243413585371,0.46153631523586924,0.4986867528375864,0.5702445951020505,0.5366969463667968,0.5104070144828264,0.4209634367936748,0.5275158306830927,0.5365744016899254,0.49874300048248893,0.5804272058063517,0.5566242831661234,0.43976068515667965,0.6491902507445816,0.5651516777435825,0.4485552588505487,0.5158025398994265,0.5359788251948058,0.4813688501754024,0.4923175998491526,0.5153558550596414,0.4235645370409933,0.5187891313620753,0.4222093669080144,0.4599656505895014,0.4771832104556006,0.5563631566727342,0.49945212344968726,0.497232567551706,0.5117298391329917,0.5212470657940552,0.4661495856120623,0.512395778944844,0.5827268799327088,0.5123398665092015,0.45727497244257925,0.5035769983194378,0.5014404041488618,0.5311499676787502,0.4269332312847375,0.47786418925943464,0.5600081363136071,0.48448094427188854,0.5184108360937579,0.5148910311119529,0.5398851903458207,0.47267919069610986,0.5144645519788247,0.5117477482328397,0.47095853128577264,0.5753050289668092,0.5151081267998109,0.5240498470248958,0.4756258476857484,0.5260302995702154,0.5591736987060819,0.44752227555283214,0.5094809203519237,0.4080553985971088,0.5523401065892667,0.48584850653131806,0.4172360325996469,0.5910560694323107,0.5407627513502715,0.5155847417348172,0.49662515906734855,0.5010435670519747,0.5077326337843272,0.5075741562350538,0.481469590911731,0.5885878126278726,0.5187166329188261,0.5735475769125901,0.5027512510366408,0.5330789957672835,0.5160735519538056,0.4684049282590454,0.46914517875567663,0.5603909225745426,0.4909685871772318,0.46329405188918255,0.5175139559777696,0.466512094084071,0.5470123988133766,0.4453672525353745,0.5586652469026743,0.46284206340915685,0.4463917096815289,0.5306440876087954,0.5124968053565546,0.43354089463685924,0.4782751698580462,0.4801965108220934,0.5276043412474856,0.5133800521968239,0.4300586933499792,0.4469355468348758,0.5469933529180122,0.5480640823842968,0.5260949828227182,0.611386768160491,0.44943970500372443,0.531161198535239,0.5183986461361186,0.5334757669863831,0.5262911269924929,0.5017979253885825,0.4906137264136261,0.49368760556147967,0.35554147781062095,0.5644054128274997,0.48181788659894087,0.5063359241838716,0.443850365491501,0.5949283457478004,0.5210392893259085,0.5115218168601954,0.5495382974504296,0.5965043931611529,0.5248571284126609,0.4671801991784874,0.4790518465892436,0.4646473013446559,0.5421829544880135
0.5163647731758788,0.4879438512123615,0.5271008836746547,0.45480255633473293,0.0,0.47513035790670144,0.5453194446267108,0.38289108140737754,0.45760325182049966,0.46907128076689536,0.5362138960910978,0.505921966657697,0.4723438164680183,0.4341421345302226,0.4950491283611694,0.5194084146375634,0.5471279199362339,0.4978374262452266,0.4822746036310854,0.4750888302873596,0.5755831126701924,0.5598767028769507,0.5129597812570599,0.5583693394364214,0.5029192942581969,0.49525452070416653,0.4356540218593939,0.463740573829081,0.4664107361757081,0.5273766579806125,0.4455808588415252,0.47483554286792434,0.4480867412291246,0.45348663142283985,0.4805269253201617,0.4562197757723879,0.4933724442262619,0.48113058621586413,0.4669264807797008,0.5170429766832333,0.5057622312367809,0.539771536077908,0.4719316340240772,0.5524089704098635,0.43234697754951074,0.4644016667677222,0.5172695481143409,0.5275737267320904,0.5435656807645051,0.49573754097768186,0.5192725802461243,0.5350373722520396,0.4344206667237314,0.49900898822968465,0.4637380866005927,0.4695010271772653,0.5081109529731336,0.5010459354874338,0.46242422517058007,0.45358847922572004,0.39402840270903905,0.4005354289608721,0.4560189373980533,0.4304671757510937,0.46157553019674014,0.42664738623649046,0.4486948856591783,0.5156458317345897,0.46178654827363796,0.41236052379816124,0.5001716479791597,0.44584057288911705,0.4549597559471543,0.5087027593235225,0.4551805800162,0.42979715463652945,0.4525729134412567,0.6166852281610725,0.4316479915058992,0.47918084420348867,0.4852037511090319,0.4877452332662833,0.5537522661141489,0.4226535607840921,0.4806880752536061,0.4885573173144819,0.38547430824151435,0.44757451551416577,0.428940449170669,0.4436310424652715,0.5898053803606622,0.4577316254142054,0.5394172770603213,0.4511215496304718,0.49709784886766234,0.48954747652698405,0.3824105273161762,0.4563197837973528,0.4144026754183314,0.43966221586396775,0.4335959118634954,0.3581192366627586,0.446132027297938,0.45010701315942514,0.43631591352227594,0.49338421809788674,0.44555052483023744,0.5053755060100759,0.49828381161888474,0.5450875059179924,0.539387116127955,0.49843989126580646,0.46441227955284264,0.44907740012414943,0.4455518062847305,0.5222706770200438,0.4471073101727376,0.510741887768958,0.5112028529789743,0.4329200416068713,0.5736345800434567,0.3872461455218079,0.48348561956864866,0.5473670413294408,0.455342737183485,0.47101452375745534,0.43706974340444726,0.41786980310175187,0.4652523979795801,0.47489185043650184,0.4475615918959169,0.4973467150908774,0.3999329125685766,0.47754087831267983,0.4653924849570217,0.475445724142744,0.5014917994631917,0.5109128393096467,0.47209706120733097,0.4850756157610346,0.4137540403007225,0.471903860421586,0.4968973399677406,0.4717307024986722,0.5273562165658771,0.4944564281175827,0.5447950707517736,0.4799876901582394,0.49400940632614787,0.36973464334816797,0.44261007794738616,0.4541915619522262,0.5221526614009068,0.5006958559927697,0.5113451626910638,0.4484456990271503,0.48763562009198946,0.5349066848543098,0.44710037409912506,0.4847950756379295,0.43953229970799,0.464705315844875,0.45279132382521564,0.603986852838857
0.5800597263595275,0.5541816265783387,0.5713109624210154,0.5191510133266928,0.47513035790670144,0.0,0.4797334827772176,0.5133190536809097,0.5305654825856878,0.5315518974631137,0.5495379807224687,0.6240694373471446,0.5894252880033259,0.4670016633477771,0.5053800452149627,0.610669731047437,0.5734252966613134,0.5023180674298865,0.5934315854431165,0.5397693175254155,0.5908730817677899,0.5350110674721751,0.4731672732029503,0.4807859767910762,0.5960267245520199,0.5150949724806464,0.460696214321049,0.5368339687387599,0.47770861359558153,0.5453759390185615,0.578714638393055,0.632342954312811,0.5378551473465227,0.5574003300762888,0.5174322290846679,0.5463595512765025,0.5865783371806531,0.5569991581278695,0.5249416051246049,0.47433173825021,0.5387649930747589,0.5118876283839892,0.5301378824481981,0.5728206093631847,0.5506364323543547,0.5454973256072724,0.5079087206338619,0.5624246310784384,0.5104672241129075,0.5419380810467818,0.5831107980617043,0.615674636484939,0.46913402189348163,0.5914914373439805,0.5527535659319849,0.5322660979158341,0.554544652195444,0.6477403361662484,0.45369492257347405,0.5311267739158457,0.5239583749271624,0.4987546082563126,0.5754878046458152,0.4383106357920163,0.4709390063148664,0.5077073024271777,0.503110278688678,0.544253057028343,0.49369906928264157,0.5106395140048783,0.5664748610529237,0.46876479942784327,0.5039857549229425,0.5712623566539811,0.6065400295925651,0.505843015228465,0.5006387145015474,0.5315644214964266,0.5456074156940175,0.4904557316845501,0.5590848326304597,0.5509370978532152,0.5815228251047436,0.5736218226586836,0.5310538912866717,0.6024960001115407,0.4951540497904149,0.5122013822758281,0.5828937002004435,0.5164756285987577,0.5695319458704945,0.5411659626565954,0.5653602366655582,0.5162188089540353,0.496932552458272,0.6188461110611618,0.4979767788013193,0.5586343635514049,0.4312293738166183,0.5504044780321766,0.48901086556891765,0.4262652720932495,0.5035802796718123,0.5248860545155235,0.551375111990102,0.5903184373138435,0.560789607012718,0.5402101979373916,0.5144927555397465,0.5310176901882703,0.5652043635576,0.5078115195598565,0.5965638444086495,0.5184600580545179,0.5472030362426125,0.5600432586877226,0.5218016079447299,0.5001597879055288,0.5530493199796473,0.507898999762277,0.4843799146877645,0.49960302479345026,0.5105758273238387,0.5964795027821376,0.45955249326714026,0.6081181791156747,0.5059088501089447,0.5038857852574756,0.5769909726080602,0.4964144448984623,0.5328036320875597,0.5935168949113115,0.484746519030687,0.5339572857291602,0.516225567674053,0.4572576613702849,0.5556699813328931,0.4903195070405933,0.47970157828819765,0.5552164347805187,0.505259771432923,0.5353145899803619,0.537924342586221,0.5274388302796749,0.5561238304739373,0.5292398467433043,0.598221179436159,0.5500634448473679,0.5775208358263726,0.40709946299058375,0.533182441000562,0.5047024485688446,0.5065428592797947,0.4711694085171099,0.6084377322384593,0.5216618311462818,0.4976450755799933,0.6277985485151721,0.4582311985619811,0.5444877896325563,0.4661870633290653,0.509237426204474,0.47069143783827955,0.5253568261191763
0.542066156777636,0.5712808023854131,0.4894031011943335,0.5335854466715308,0.5453194446267108,0.4797334827772176,0.0,0.39243882940870156,0.4633630999598963,0.5586951241994828,0.501250063538312,0.5332620992659117,0.49037099991924865,0.4746250862988573,0.5509978236155708,0.4755093699890437,0.5370860603405693,0.5305704425353998,0.5190330958394705,0.4951093533186356,0.5645638982155526,0.5302832122891674,0.6850345013544337,0.6362666645920653,0.5861248449275082,0.49910316618235234,0.47621576880459815,0.5154231728277672,0.5062391679048555,0.4717614669204628,0.4851001310401189,0.4912819733650361,0.5157467159185052,0.5482524988393846,0.5422434790047828,0.48180936893085213,0.5114071932458755,0.47422245091508475,0.4621969615129042,0.6313021844552117,0.5601667047034108,0.5435500301531286,0.4577802486929032,0.5784223118345926,0.47554837485260193,0.5093497661521573,0.5274927534647094,0.49641221982450984,0.678762363870231,0.4886559315336549,0.5402188996163512,0.5512725136357035,0.46447946943575635,0.544734546150393,0.4877669356383739,0.5291277579266082,0.5163370991250769,0.4621270280708488,0.5519564664839519,0.4877954585364346,0.4097662037317624,0.4015608140128063,0.43408095723957324,0.44983608532288477,0.48587591000010644,0.44940934062307913,0.516123915049393,0.5130880782394408,0.4567464950543236,0.4131393598127991,0.49517699542083055,0.490805833412168,0.48256005083960785,0.5352672970503005,0.45067116587895445,0.49859097615918996,0.4508930558373986,0.6119478966013435,0.45307364272002626,0.4770643161958537,0.4995105533983301,0.5177000423433047,0.5540530288648479,0.4327080478140379,0.5062660049664197,0.5152045113458764,0.38715500713367773,0.4861360041261295,0.4853240980853043,0.4875229972843777,0.5508448363555286,0.5537751700617146,0.5384937778631858,0.4906510026609795,0.5429250554954971,0.5465919598597111,0.38805472348255066,0.5483239600664795,0.4315882332702842,0.5309590292589794,0.47677888306504557,0.3559306329788892,0.5159181141287158,0.5356920181481816,0.4509302491766754,0.4972821824822691,0.4601179874358926,0.5750967267232038,0.5804447030901981,0.623167762527426,0.624412263058124,0.5114967149407494,0.5110816909663516,0.4583680349603911,0.47477887722044276,0.5448317624818747,0.5153762260976414,0.5127142364964071,0.559718292359526,0.4644181583555724,0.5152410612791829,0.39487456475882876,0.5243928341174426,0.597771806152479,0.4826958710878834,0.5124974637954418,0.46013286210391563,0.41490324241128584,0.5201351121686677,0.5089496723417826,0.46313184610309105,0.4487423907085904,0.40923081126168986,0.4915581532403322,0.4786478011970303,0.4771835212268277,0.515285279072464,0.5959058070585563,0.5340799923901663,0.5002732110158286,0.4768335817814018,0.4665860957337363,0.5909508718533389,0.48254750970583477,0.5493031254843804,0.579130469869268,0.5089203443602609,0.5181383034110677,0.5437322026630921,0.3608774459766794,0.4719406026094235,0.5103000009393938,0.5036957948423646,0.5562411717340601,0.5789345060719507,0.47486122397092534,0.5232215393540075,0.5722518722993974,0.5646322020216624,0.512709738067295,0.5134478549284104,0.5187968024849307,0.4952409975858103,0.5703088420728633
0.48661635510216794,0.42945827901988703,0.48820673912272605,0.47933421021295225,0.38289108140737754,0.5133190536809097,0.39243882940870156,0.0,0.5046764796784408,0.4314644058134589,0.503563613873972,0.49356561672551,0.5614575091014359,0.4061981965309536,0.48879087028437795,0.5205994522971156,0.4401624812599056,0.45545895250932733,0.4710479244368149,0.4768924873091859,0.4613059399484127,0.4837362706153638,0.4025940196225166,0.4106749685279891,0.4822914322017908,0.4879132860815668,0.4772472227977003,0.4666920707788833,0.3767356107759304,0.4499562896078417,0.5639032676114856,0.5018631973376881,0.48294153580371074,0.46089968137342235,0.4271157866882651,0.46983818117009946,0.5786093246493814,0.5034486154729343,0.5279842674368788,0.40956424517276335,0.4308559304641106,0.4040205730158548,0.5351285464781806,0.4371134142087149,0.6119670056618831,0.5028818936382489,0.38073512584125313,0.489411604234127,0.42797556989472024,0.4753761101148091,0.49757693123375496,0.43979767389432045,0.38428892394824676,0.49820147664909525,0.5058330669254064,0.4083656568493434,0.4706735751601615,0.5566990025817254,0.39517107198128276,0.4664388698105998,0.6758212498339774,0.44065640336591366,0.5254708455431967,0.3770270786430285,0.4139156954172454,0.48047995341928457,0.5089041164889309,0.502459273726044,0.49114197001311316,0.6875813082913621,0.5276958993069691,0.40709198832628085,0.43618378632561694,0.5254388531577847,0.5320122322170824,0.4153645853639693,0.5396286479431003,0.4130297042343515,0.5564589699596741,0.37002693992508684,0.41505885849485596,0.5122598614918686,0.4633475231007231,0.5455024963101357,0.4386070471633282,0.5253604511903429,0.6571799651570698,0.49328003152410127,0.5212804414233447,0.4902946890283136,0.4677347335319768,0.4288313407247288,0.4501238192051267,0.42935294366497767,0.419734313435724,0.4985930484930677,0.5345160276806336,0.42117684589802157,0.359045853504664,0.47943807043959824,0.4403824910277886,0.5732228501935731,0.4506809958742056,0.4317373524166299,0.5056171999585549,0.5129199816571898,0.5156282561436373,0.42507703441220085,0.42840306191873145,0.41529230829321573,0.44247019112677377,0.4403646710930675,0.4962573607433612,0.49078137878778194,0.4776000144986143,0.4468118143228886,0.3960962095281883,0.4520702269319734,0.4063669264243131,0.42479650130800534,0.40708214057070735,0.6243959529350517,0.3920484112224531,0.4672227082459788,0.3799655026214448,0.5107974278711236,0.4223825636483512,0.5554718931154727,0.4358530328429271,0.47098377140416986,0.43294302596207224,0.5067624449510929,0.5495492402379089,0.44794970622088337,0.5180017979704702,0.3852822431362192,0.44301322861577086,0.42828428759355536,0.4790164033169053,0.5331343705023478,0.4728963302089791,0.4248194450616126,0.4379545629157427,0.46252822636481045,0.4634325756666398,0.44907579399249914,0.5110693345888342,0.4532291801509653,0.4537045397814162,0.3396064969419227,0.5533383290901334,0.3934404228981765,0.4626479528027824,0.41118882192671435,0.4817387925657532,0.5889211162648641,0.47813614889366374,0.48502596742430815,0.3997485336588443,0.44787353999858953,0.38540515988403395,0.3967596822101855,0.40553280093348265,0.441871659447357
0.6492268536947942,0.5243099214800994,0.4880898916851409,0.46912571076074,0.45760325182049966,0.5305654825856878,0.4633630999598963,0.5046764796784408,0.0,0.4904303308409288,0.5089170338942118,0.5255327709162211,0.5465726860618847,0.48285357424345565,0.505921403204448,0.5278022223613857,0.5256434292375507,0.5645329346990771,0.5390310022407157,0.6271059729703964,0.5298608696593954,0.5422501021679538,0.5031949020756677,0.4677153029343965,0.577621595818409,0.46651945539537754,0.5178076257077325,0.5461383624077621,0.4173318036471149,0.5835253631916241,0.593132173666381,0.5430438740859894,0.4618132556701389,0.5161870686849213,0.5526289514552793,0.49749878740615827,0.5577670323186966,0.5822428604148863,0.49413633553094866,0.4676586344719386,0.4793750661191632,0.556936969308593,0.503458631018338,0.4837342962042227,0.5412451637047213,0.532922237319952,0.4680834229180181,0.4729941052072182,0.5251687231281558,0.546859436262536,0.5215884619290719,0.5040811436345521,0.4662601302757864,0.4897875867970389,0.4705396333204796,0.5493587609985545,0.5661065579677189,0.5403590717652219,0.47444372191160894,0.5234632251485091,0.47950080743397216,0.45956309337581,0.48888412788989416,0.4601584244673822,0.5019853983597838,0.4972928618129779,0.5252417158284889,0.5253828845516209,0.5288370893134361,0.5269836031598248,0.563241541605253,0.49643044482941934,0.5299806146239249,0.5314919205633948,0.5746724749383657,0.500022790380174,0.46682904565395333,0.47036571837334,0.5212693122574695,0.43230637008872796,0.48136470763978967,0.6167508746993332,0.5593372338966115,0.5162843840131174,0.5344494084196747,0.6417050995403583,0.49267081298352344,0.5439349439639332,0.5669549758435102,0.5824646152058492,0.5557499522279246,0.5383351439281129,0.5086644383189454,0.5052313957437692,0.5260043709602462,0.526114933004843,0.48039380619175054,0.5204812552655738,0.4476218656694806,0.520054824693761,0.48788905241917113,0.41210360574697696,0.48644610282900724,0.47508932971630685,0.5533021713911414,0.5423669207911122,0.49691405118577164,0.5526150775570293,0.48435848701974404,0.49642231854184243,0.4919525720360905,0.5395084315946208,0.5448683774125394,0.5810192586208192,0.5017656353580178,0.5468168102455767,0.49863344709392315,0.5068949287874323,0.44708823962171435,0.5206134044312118,0.5012429074179617,0.4739142175220721,0.5085795216836959,0.5275524618537096,0.5074109395328034,0.47721145378771174,0.4932926937823187,0.4642510288203236,0.4742970325190506,0.5111757494196021,0.6172008988460901,0.5377928299501822,0.5093481172171396,0.57335882126076,0.5269613340912677,0.46317396638250546,0.5436077554530095,0.49174061678809045,0.5099557125458559,0.5851909289698094,0.4555573675134041,0.5062838358125127,0.5714705785270848,0.5444784090116611,0.5296381583263874,0.5518476868126277,0.6139645579540959,0.4876385006620577,0.5571334369177428,0.3920216672903996,0.5616934864567333,0.4769313753690901,0.563110449919369,0.47060025591529536,0.5360930170753444,0.566692743122334,0.5162653352002947,0.5188246737390262,0.45017012071818535,0.4968168214382426,0.4393360919925768,0.5253374374895137,0.5065246592206698,0.569227260911137
0.5376930670462107,0.6511655891469343,0.5722743948069628,0.49229356527324325,0.46907128076689536,0.5315518974631137,0.5586951241994828,0.4314644058134589,0.4904303308409288,0.0,0.5110025814144792,0.5543784717901354,0.5317646548775702,0.4856765918599588,0.5143902624879901,0.5190587762341689,0.5702120998792978,0.5463154276093098,0.5522579462820894,0.540233358087158,0.5625869832352317,0.5685159223843814,0.5876574806393613,0.5386283310957402,0.667535085737318,0.4529006907931585,0.49903118721650286,0.5585570467867207,0.5686689715596867,0.4939921945023985,0.502521595567146,0.5443628730589261,0.4904136122061441,0.5226667549803522,0.5206559988577276,0.4940249258219774,0.5123137820034843,0.5060376152275762,0.46702439954495,0.5484128937244326,0.5358787401350372,0.5533046150713629,0.4665453910520866,0.5117405128123669,0.5016438736828179,0.52105342982188,0.509807588206465,0.4907678402446933,0.602091012747399,0.49682793717360707,0.5107115988193779,0.5104196890979209,0.48352034990165604,0.5403954055863471,0.5013363452964574,0.5443820716374047,0.516730956859298,0.485460283771313,0.5593176421263688,0.49937463773403823,0.4471859904268346,0.4146058145698898,0.4469745314013626,0.4672896124346133,0.47805041069600573,0.46739692151782575,0.5048981082013367,0.5063741441139702,0.5087266144354855,0.4461693961868937,0.48605145602743116,0.48862480099876726,0.48154544732607696,0.5407057483811156,0.5206245186604668,0.5107042324254218,0.44980195218367686,0.5380710312289876,0.4662435111240578,0.45463176135021205,0.5371785895527197,0.4986111701595089,0.5697156813279505,0.48007309099810636,0.49856637946884047,0.55379530736053,0.40752744172599337,0.49020525598554776,0.5334551017110006,0.49148200158544564,0.5062959307958529,0.5235362936510313,0.5452896034368733,0.48942175780426045,0.5194599862269659,0.576049270840007,0.41975410861432616,0.561656615590672,0.4187065034878346,0.5283712174467569,0.47748674274452974,0.37496936191149977,0.47568343019523535,0.5903581816837199,0.46836429624947723,0.5128598309522209,0.49777571751230054,0.6578072543035588,0.5613730963689325,0.6149984751308011,0.5410984448512473,0.48380921003469546,0.5161612189780038,0.5028966062367519,0.4744159208719194,0.5323378626004193,0.546253894362229,0.5638106339304478,0.5575313404956016,0.4702450699790708,0.47239871625656654,0.4062587176744456,0.5077856326075633,0.5542789721590372,0.4700458563807665,0.5558607344171744,0.461996154328534,0.4234672909606909,0.5763846055857503,0.5172619120208746,0.5401732925111873,0.488864792189206,0.42594189916791214,0.4733187771110412,0.5065517852893782,0.4725547694783761,0.54701868409232,0.515285786566587,0.5705340948591686,0.5206537428459528,0.49138932078491643,0.49872096867048177,0.5671056470958067,0.5086677540835697,0.5454221856700306,0.5175675469534892,0.5057191000199112,0.5763180185114298,0.72089358788921,0.3889462256801369,0.4614845169566779,0.5473863904964021,0.5231554993629456,0.5778052531292843,0.597440898965428,0.49220043191009716,0.5238848159749794,0.5616432203202063,0.4908703492930173,0.48679769422890934,0.5569811877107892,0.5119224649794459,0.5104549030104253,0.5078436463499768
0.5713874523366014,0.507401990475687,0.6174971312458015,0.5668366072431197,0.5362138960910978,0.5495379807224687,0.501250063538312,0.503563613873972,0.5089170338942118,0.5110025814144792,0.0,0.5763655681941893,0.6040714955373476,0.47210895836408917,0.5521246679577757,0.656768072435562,0.588426076257125,0.5494229594665211,0.5624366501682315,0.5396895118579561,0.6037480167525843,0.6607621504198421,0.5121711558067045,0.5225339539257432,0.5764917044057851,0.5632652123758656,0.5406747392511889,0.5783599554206676,0.48486521759320955,0.5278692160345316,0.5316119916542511,0.5615238489787275,0.5259174668453362,0.508417249937043,0.5141458924552114,0.5338459854054448,0.6289930579594047,0.5891709475624689,0.5867671540935361,0.5218538540520141,0.5262461344679052,0.5003031458735544,0.5653964835222612,0.563913398117697,0.5482015266098894,0.5181788037181606,0.4359462691009167,0.6474536303017072,0.5647670033468315,0.5554820096117317,0.6021528645099531,0.5292044095205531,0.43893828753710856,0.6278106596873446,0.6183190035345991,0.4472261808389654,0.565948260887011,0.6496453491781857,0.4801821043733181,0.5119854732387243,0.5423689960405462,0.4371750599104171,0.5529029761513454,0.44429660001376076,0.46914126643314075,0.4866492704274565,0.5432238039006675,0.5488384530166627,0.5802278661748018,0.5615244957516482,0.5622326810883268,0.4703988404724581,0.5155897948901859,0.6432404241063737,0.5841525724650933,0.4479107187752204,0.5915399662220491,0.5474970191789146,0.5189345929074052,0.44433305591863154,0.4839401680798449,0.5513146138962793,0.5374242879051658,0.5379580796329697,0.5180874679642274,0.5631724543867126,0.5055147008317736,0.5259880686912645,0.5037392755056439,0.4778675795728325,0.635738205181163,0.4684629532763969,0.6005140206162843,0.4836345092427001,0.5204489459427659,0.552077346528896,0.46454118848736475,0.46520119345085764,0.4089575265331292,0.4989819689938036,0.49446934475413956,0.4561811775621695,0.49751532867840553,0.48423377915992594,0.5223164848653896,0.5390866132599783,0.5348458883735965,0.5228114926777563,0.5007721746903618,0.5162428628837546,0.5786238031561806,0.5337986098538284,0.5520148742275163,0.55697669773122,0.5107169321488612,0.5351093610193554,0.4518230628070607,0.5898041400001152,0.5348019526174524,0.47199010640572625,0.5287802519290622,0.49557867400582045,0.4713393374638336,0.5634583017366536,0.4517800211797945,0.5770457648367118,0.4629827966741732,0.49561954940890296,0.5220167359148932,0.5326466122422586,0.46408537590274446,0.580997313864438,0.5207763377650616,0.5257970116701235,0.5867177783819405,0.4552509282991444,0.4931781182650948,0.5255652768535842,0.5823248653107328,0.5798295973801115,0.4991370338471995,0.5049534628742675,0.5155289902842921,0.5492684621240492,0.5848884713045286,0.5049804417313531,0.565876902676839,0.5085323419671083,0.5365003025299042,0.38046895753433646,0.5584556927502942,0.46669167452261273,0.6317513129056628,0.47345894300690244,0.5683546762423262,0.5577581378456976,0.5937754717631162,0.5625861485864718,0.4888474195274751,0.5478527558889971,0.4414138307149385,0.46728076766955673,0.460081200842641,0.6118757218622691
0.5432780470553076,0.5652508767090108,0.5625431183227667,0.5306244069900876,0.505921966657697,0.6240694373471446,0.5332620992659117,0.49356561672551,0.5255327709162211,0.5543784717901354,0.5763655681941893,0.0,0.5345122325982424,0.4400245413666224,0.5460191441237388,0.5675049348241715,0.5284242465602637,0.48324672601261803,0.6075999682722741,0.5201743908182511,0.590098739478106,0.5666960692379801,0.5201974303991183,0.5366683125895693,0.643568029235943,0.5095575657128361,0.4782822440681346,0.5141096356885205,0.4911753233123308,0.5488160026019611,0.6092077495074351,0.5579961433587627,0.5328453186779499,0.5799821513124296,0.5137311057769093,0.5294243515394419,0.5950356634188498,0.5205430735147737,0.5849943400508119,0.48611557726446797,0.5331479342535786,0.5233974505784913,0.5113936742969671,0.5890372778383294,0.5486817773174825,0.5091058875574362,0.47705267343926233,0.5815458053432463,0.5475279416145502,0.5030344439573735,0.551962686564613,0.53719151887,0.42597794234313535,0.6010702253387559,0.5645386639847908,0.5192056593062687,0.521128872308266,0.6256575819688581,0.4515080963355426,0.4946291676906565,0.4868865686519214,0.43060790724425885,0.4872313076487528,0.4311048040979024,0.4493935565820607,0.45706499926513044,0.5083371887395166,0.5250687937103627,0.46510216532741083,0.4965816692928735,0.528886512204343,0.4515314298117762,0.4689116510956211,0.5496090601175693,0.5182663455416557,0.46570219534158314,0.5005155297574169,0.5645124665983059,0.500901666674465,0.4542608175671141,0.4916241866481185,0.5474507394190722,0.5972581593445823,0.49068002972794666,0.49902981413727254,0.5754654014965829,0.4757826392869633,0.4843841747146575,0.5191849239064167,0.5461782371575264,0.5502307457478752,0.5465022463375699,0.5491885846045403,0.47268069643462546,0.48086486293288105,0.6986133529970957,0.45011186107580936,0.5536621321844701,0.4145658292869194,0.5084766604575763,0.48588052406764515,0.4208748064424461,0.5034606628122172,0.5691401379406976,0.4881584685308856,0.533076113740478,0.5051060936751411,0.5515624154977776,0.49803343322118304,0.5798840938348467,0.6224873920755462,0.5019628763981494,0.5253409406508083,0.5045651445621407,0.479435472078292,0.527239309874814,0.4787562775311946,0.5458940066591687,0.526816035753446,0.47146341173105377,0.48378149416024074,0.4668719983278324,0.48654419158504997,0.5918198996631228,0.44936664810757265,0.6258175068373292,0.45462503846014596,0.5101590781998058,0.5509371713532821,0.4825411224076609,0.5039637507801997,0.5223835837984804,0.45913074060454095,0.5235240835211712,0.5512546830195192,0.43799711519099704,0.5535141562919922,0.5060883912054963,0.513759973911746,0.5767290534815073,0.4829711802330516,0.49818586328468223,0.5313192657994866,0.514191750469341,0.5785706468248004,0.5411757005034924,0.6320838691393709,0.515992097844181,0.5932664635984828,0.3840293640054994,0.5386524291826024,0.476490945769642,0.5237889641608132,0.4985999833488833,0.6621453351782387,0.5362920364541673,0.517690695777982,0.6375668432129139,0.46736920979416086,0.4997625350952098,0.437668729949745,0.4855872002661058,0.47206591079276866,0.5467805149878735
