0,1,2,3,4,5,6,7,8,9,10,11,12,13,14,15,16,17,18,19,20,21,22,23,24,25,26,27,28,29,30,31,32,33,34,35,36,37,38,39,40,41,42,43,44,45,46,47,48,49,50,51,52,53,54,55,56,57,58,59,60,61,62,63,64,65,66,67,68,69,70,71,72,73,74,75,76,77,78,79,80,81,82,83,84,85,86,87,88,89,90,91,92,93,94,95,96,97,98,99,100,101,102,103,104,105,106,107,108,109,110,111,112,113,114,115,116,117,118,119,120,121,122,123,124,125,126,127,128,129,130,131,132,133,134,135,136,137,138,139,140,141,142,143,144,145,146,147,148,149,150,151,152,153,154,155,156,157,158,159,160,161,162,163
0.0,0.3489935312115611,0.3511336883941299,0.3386678959006365,0.33932334559793326,0.3396802827998705,0.3064310313661619,0.39230550866549124,0.3679329689718382,0.3905250087632023,0.4637573951635698,0.36032602392053065,0.5355148400094273,0.28455498008262015,0.36067613671999976,0.4173423383102239,0.4276467087764994,0.47719365107871176,0.32846175959637214,0.4281909097521676,0.41019143151560405,0.3304810666176314,0.3122320010911391,0.39574152151698355,0.48248271966230327,0.35603509203439515,0.335440770831454,0.37935097779604543,0.30161064050320513,0.3413980177084262,0.39529093964270295,0.4008985159981031,0.2954314330027387,0.29444488276240843,0.44641078708952453,0.29673271582540584,0.5157839060958513,0.35999530741208136,0.31616943969409417,0.5289089424962431,0.31890949511647326,0.39255015448369984,0.36831022833727467,0.4350404284836778,0.3888860593578821,0.47695054452811647,0.31508048813296324,0.4598656715017769,0.4248462401832232,0.3696361198922141,0.43283757282580915,0.3595430654757357,0.29602744540848835,0.34217563153244057,0.34187894431893745,0.3622198325069044,0.49068947539861957,0.3798586001544711,0.3740849555269323,0.3364933034926462,0.37977642330547023,0.23348757334059428,0.4162233866997628,0.25453748122671943,0.3375656040699241,0.46866212772651655,0.43465479568277837,0.3417634367003554,0.3383231278451748,0.3861987067407749,0.4394264152622385,0.3403349181387914,0.430021635362388,0.44912228237241303,0.40131559809017997,0.4036515292556104,0.3394496327690343,0.3455418929862694,0.3462573553242288,0.32141904835155716,0.40251081235644504,0.3450601100282561,0.37827639667472146,0.35270900051647985,0.4371450849552056,0.40395798237089375,0.43441416237686903,0.36977199821114026,0.4210271690613393,0.347375500824508,0.4172010740263847,0.30639163064985525,0.36390410747418284,0.41471018318122127,0.37966972432761087,0.3224140988551895,0.2499923580262277,0.3257251002599093,0.239119377444771,0.4455824023203591,0.3108156405708101,0.3457804146202392,0.3467061767918402,0.2802103557750448,0.37857599543031933,0.3660785482260703,0.38702468500469156,0.39808323191402284,0.43190587418839393,0.4514477209841748,0.40058473345722556,0.4051277530447302,0.4056388528956084,0.33281277070268467,0.37602427218305934,0.42575449808828064,0.44342458406347335,0.3443949624045252,0.3592128720331697,0.2639821125789852,0.35870553149820383,0.27777652186639123,0.3465108356134525,0.4775995417926828,0.33019786518483585,0.3671231099014758,0.25702873525300074,0.2949006030347196,0.30991814973133436,0.36845828335058395,0.32571492468508434,0.3463691796386093,0.3115498723492826,0.3078552759607655,0.3880312769458578,0.3746910711038445,0.3700848573970133,0.42186810471991265,0.3586774051289758,0.38832661809835844,0.31185572197477934,0.29670834953246045,0.3745829318610774,0.2979992331493579,0.42162819442989585,0.34815465982881205,0.33243955128601593,0.34302726786299415,0.41763929061276717,0.20203336602449135,0.5599454637634418,0.34722025257676475,0.36808250194093584,0.3190980142137367,0.3962920463611128,0.4215204711061494,0.3305623679293206,0.46031325393931416,0.35761741130204866,0.35940848423450533,0.338949642813794,0.42049140107313226,0.2842744686486402,0.4973004374316157
0.3489935312115611,0.0,0.34490686807019577,0.34210948944190867,0.3262541770682256,0.5136941755185215,0.3018531471170261,0.39575948927436944,0.37622065638012564,0.40620169363878533,0.3474826704883505,0.35171796930258004,0.3538773722818805,0.3566496964315151,0.36477881916576577,0.3459960423815123,0.36057858639158524,0.2996466760204334,0.28665822174234484,0.33417247450585646,0.33903795156145305,0.39897591561641055,0.24734501267099568,0.31583683749327796,0.32982830671353147,0.29466029618941336,0.3017690131017555,0.31355144409733837,0.4375279645268949,0.2826511413671166,0.46496170536870834,0.37793386016758684,0.41223492915268267,0.27528588688781264,0.4102631308436343,0.3362555357080984,0.31828660673001447,0.3531089493198704,0.39992140082272254,0.3501014325021259,0.3799246495937133,0.4018330632786359,0.2578248998508414,0.3829628284391186,0.3772466958698015,0.30638831669588334,0.30673004536211723,0.31947401197494696,0.2928823385909454,0.3548096554159345,0.35901588712649024,0.3378922689432446,0.40136801528397614,0.43427892881712643,0.3990997328302601,0.45441931882083403,0.33461299334949296,0.354136892146033,0.32781418000919077,0.32514304261150784,0.4153398880680724,0.24899434577006208,0.32348894698350106,0.2583246185560615,0.3284852125552504,0.32793958534981016,0.38278392764131564,0.2867435716837185,0.2599942471471876,0.3432312919896769,0.3704816699909915,0.34599874443434514,0.35758056183677034,0.35738165071902467,0.4585515294109506,0.3376154392584123,0.30896318737361406,0.3995541106259993,0.28243546547157805,0.3354637702897493,0.36406743936536656,0.35020006421223876,0.3927239446059967,0.3153969936303625,0.34769995941586485,0.3908934548629274,0.3309363473288154,0.30428726310166476,0.3375675490941789,0.42062632683640755,0.32580157868554177,0.3946173613111878,0.3930482128642586,0.361322877400639,0.3763676297853955,0.3919599954927985,0.33931761893069334,0.3428910095281801,0.27245319320861,0.4031985814343378,0.34288689110751136,0.2728964676107712,0.25236350300343097,0.25550994418144324,0.3512153610180904,0.305605706536424,0.3286585925323507,0.3528397572763729,0.35554285889665105,0.3564266137651786,0.32642156223186186,0.3167252510729728,0.397404547844631,0.3604297474754226,0.3477862816669263,0.46523069463185884,0.36614201534897495,0.2491534324340555,0.3230349707255802,0.3176034118126231,0.37347664813104914,0.31777055656006165,0.31277506844360187,0.41277703425298884,0.3772408876396586,0.4198811410967423,0.32190856966129694,0.3318713267130467,0.35776520850324667,0.32607524629715884,0.41507317405574606,0.36318463530024475,0.3017522849690444,0.4568544073343741,0.3322404517536016,0.35161591943283765,0.30301071655489975,0.3961401198540034,0.2852177270875928,0.3071756651735487,0.3193432588199195,0.36787473223311074,0.4375531988565206,0.3528729643858039,0.39527654133422635,0.2809012744359524,0.4060819920405101,0.3462856311226793,0.345743378229774,0.21651572857853024,0.34297125734508427,0.376937217329308,0.29586979049313344,0.3134055814474488,0.32122135824355647,0.3473531735633496,0.27231267635984857,0.40206863119353975,0.34869738389285976,0.34223637135477264,0.32475695698041923,0.4259663958524427,0.28777051943886844,0.36358236644849506
0.3511336883941299,0.34490686807019577,0.0,0.3299044273742328,0.37520917139809123,0.322948789463518,0.2942113128279934,0.3757636631926864,0.3396515979817274,0.41622499718287664,0.3815245092348125,0.33118985312150784,0.336157506868446,0.25815022614602084,0.37132147932674275,0.33904003975863584,0.35296969817879315,0.3695962119131732,0.3046800724810461,0.29081926087440174,0.4649547535321015,0.47554998422004047,0.2553961136383316,0.3478891036204539,0.34825045817585,0.32811506922544975,0.27524484748341765,0.28299735957493627,0.2692230546929691,0.2971185929899757,0.3262246089351869,0.3316588944999515,0.29785323388637946,0.2315664408042903,0.2898131778306257,0.3110440607533563,0.34284059659577604,0.32851237219999035,0.32795311182741305,0.37887765878358787,0.3394066599796851,0.43706734789987345,0.3427015380211846,0.35041397089475124,0.3305712612200414,0.32919514650585696,0.31035266860212196,0.3527175378253436,0.33239482005648124,0.3424641720358035,0.38620249476716695,0.34674443662898113,0.27255363152627843,0.36830269297701607,0.3189063112503568,0.3053913281763677,0.34447142072643117,0.343671395482454,0.37441399907023437,0.27984417954205437,0.31961939187163824,0.23072789910888633,0.4120373208730404,0.2533999849526845,0.36575051216585125,0.37606295331764333,0.326688495868241,0.3640403264503766,0.36455771365571343,0.3751497943908856,0.43344977143738217,0.27917142213704976,0.3425565583324305,0.4868505706253506,0.40091926292229546,0.2664532686743488,0.3277588022138191,0.3120015155241826,0.28659288031220964,0.23760837927937345,0.3899175547966297,0.4117846509486636,0.3573375132031151,0.2890330447729039,0.33542262014030105,0.3861309276760881,0.31261804388324355,0.2898757701409778,0.2895651715521346,0.2959621549306026,0.35859314684536403,0.2711462881161477,0.313227802959593,0.28428242708680024,0.3669826164381792,0.3100239116418743,0.2900266979175416,0.3023211680432892,0.2379064836342233,0.3221582360132142,0.2368182892479767,0.34764757792519474,0.29320576811437227,0.3148545044467377,0.33240575469507616,0.32262168908411476,0.34064488158964773,0.3079149410539672,0.34086435108565666,0.3918269743779034,0.34951615642921213,0.3267434678763948,0.3132458262718557,0.29003789877067715,0.2814214145577721,0.3387942097465416,0.2805899691683184,0.33084252938421266,0.3406926505820181,0.25683772442285807,0.3360752360270396,0.27192153960046145,0.26080962330395246,0.3656851002300207,0.2657859711930717,0.3361148087230828,0.26957490878129214,0.29039200320135033,0.29903722727608645,0.3697154546258208,0.32266115277314267,0.4663396240936946,0.2280817904358132,0.2914566047102133,0.40387613456279403,0.3329328900820023,0.2540619566114977,0.3190658936993929,0.3396559893434545,0.34354605694054635,0.292280516300081,0.27634643416909227,0.3281839202587773,0.3494136508118426,0.359252826751869,0.27272084661908796,0.42973070847495065,0.3260703547794818,0.3688860138196791,0.2038818404019693,0.3253715272788717,0.27624693048580823,0.33014812965513407,0.37752502542004646,0.37521572928177466,0.36518305543965596,0.3082916285844202,0.4059694147081942,0.24445652398202136,0.27811755888258266,0.4156659960354497,0.27506357654270336,0.3190397337959573,0.4015309148034948
0.3386678959006365,0.34210948944190867,0.3299044273742328,0.0,0.3529361772129453,0.32979148916167966,0.3739902047219034,0.3316151477286129,0.3173245172557882,0.36015037017989576,0.3625647215767737,0.3607912530177648,0.300982144501502,0.257715251585129,0.44228138646070725,0.2871984407442817,0.3296449197930546,0.3375143022105683,0.33398660517668943,0.27725884146108454,0.36277799831582025,0.3450925212652521,0.2727938157115106,0.30113570812774015,0.3252623474962389,0.27807529955087984,0.2951760482085475,0.29014037463964115,0.2885571138668251,0.2786442299596498,0.3700108408462451,0.29103948311625494,0.47154862403542214,0.24329324603586616,0.30191554579619,0.286063136279899,0.31667688186839116,0.2926509303274844,0.3705921297331522,0.3722646366036125,0.3368430393889147,0.3596913029330582,0.29897066855120485,0.37825819932867205,0.293374145664057,0.3371560446903909,0.2360415171189735,0.3077989000420134,0.31094435255957364,0.31472288517155617,0.46996562257146957,0.3241360558681181,0.32274067441969106,0.4690357645510923,0.3498529795349295,0.27625549480371014,0.36666009805002264,0.36254527798551894,0.3526671712109506,0.2954663352631789,0.35430041670281387,0.2231907316202346,0.3608695791890409,0.21753348986000132,0.37615515333459787,0.3521328592403375,0.35471951807801266,0.2742750199941655,0.2927896187698306,0.33457120472861834,0.3504741687616063,0.2721703725071933,0.3014611042507444,0.4468870975359821,0.3515620688529004,0.26712157520585034,0.35401612319706527,0.34962285976307755,0.27352742090103926,0.2432892187690074,0.31923076087605917,0.4218292879460193,0.3273918521955484,0.24187899486854775,0.3385901911831917,0.2906927443856203,0.3169964817631165,0.345652837090345,0.2992318678373432,0.2802597268451672,0.376951036046614,0.33942293324792117,0.33083529969721637,0.29509973986389065,0.37181947300492935,0.3225763364657184,0.2672494436416538,0.2819687153250651,0.23355890850728098,0.3322964603954906,0.26179487444325056,0.331283369605282,0.36246688356710216,0.3068594144114983,0.3154189876441405,0.27370620755774766,0.3385146583499132,0.28669486351463636,0.32721426564768413,0.31286752335204077,0.40614394288292,0.3054730938115949,0.3342483632572002,0.343936670493299,0.287542674800975,0.3140235542466028,0.30351495818649216,0.26783557186203144,0.3257458613600773,0.26835146567813173,0.3083121885898626,0.31383899350970096,0.23558566508513448,0.39899410735344326,0.26008391321004465,0.33819909893321726,0.271882897556198,0.2865913551385171,0.2706389077528549,0.32817703788535363,0.2756209581692662,0.35121079618976075,0.25769868704114113,0.31464900825422987,0.32129250262464853,0.2971603855856883,0.22600894664955587,0.33049641093653304,0.29802700074932503,0.36393947348039307,0.4032482121026409,0.2627859929213176,0.4038752985312543,0.3217116152335093,0.30770510091887,0.2806287971102066,0.3559239605219706,0.33877125786182205,0.27708432952474743,0.17780050407448975,0.3727079883445771,0.3635072053204027,0.35361883643662445,0.2880811123326683,0.36278961955535377,0.3414648326936019,0.2749204845274826,0.3833437211232323,0.3784892352465191,0.29663815235797236,0.31419581487976167,0.2976967894852845,0.29837325460086433,0.36948106802042396
0.33932334559793326,0.3262541770682256,0.37520917139809123,0.3529361772129453,0.0,0.2880199255279077,0.40326335750451736,0.3269177379403082,0.32513630211914585,0.43081852222862077,0.3456575262142283,0.30074857026193985,0.3026595939803581,0.27415198369055893,0.4162452110710401,0.3090054379246033,0.321254489590762,0.38401897596856605,0.2871248371045527,0.25821673878490425,0.4010331172652201,0.35259435626915814,0.33929951153841276,0.313635321060196,0.3538454233746416,0.3090747385820879,0.31859270535319933,0.2593640761552853,0.2829464023363361,0.3496313379394295,0.359941834319563,0.2964395668186696,0.31342301529675093,0.23261090691201453,0.32229151453418503,0.31558933158220726,0.3347253827243982,0.3079244428983191,0.3158094986173076,0.367687173028312,0.339320971800958,0.46109931239637386,0.3602759685970655,0.3717084169834928,0.2832355153475129,0.3326990761799894,0.32941233544771725,0.3457770258579081,0.35895276300185974,0.3334018332841515,0.42441350340448103,0.29174554733243846,0.31105766540342517,0.3369854338395748,0.32735989263082754,0.3143466177423695,0.3088510054347804,0.38197600691589534,0.379974526998925,0.28455373993684024,0.2775322423716416,0.25137551708125333,0.3334160817522654,0.25057115967109717,0.37463918845553085,0.3068711371110238,0.3256773861675513,0.338162627883882,0.33163752861546997,0.38762648362906155,0.366334103289403,0.29690582953618094,0.29228066361833965,0.3829461945217733,0.3149195553008685,0.27714649832043015,0.32468369686269893,0.44554376610641794,0.2838946309603651,0.2678000889308477,0.381289979907663,0.3964694424507406,0.39246908259351065,0.24669768980226775,0.345614344830575,0.2960259378006426,0.33094441579117334,0.35290049765002185,0.2943808058600965,0.28419240025053216,0.4999801287183186,0.35845315300421293,0.3888951135444436,0.25732988931419437,0.3784617810066277,0.3025301911056175,0.23515302661721332,0.2796662732593035,0.261103607144614,0.3015408002557915,0.25424532457954274,0.3476362572860069,0.3653730529517016,0.30749457336044306,0.3166775275714122,0.30737559939472525,0.3179211598196393,0.33767139987417544,0.41282140202124007,0.3289400255510935,0.3318356949164114,0.3593561963801972,0.31650099739829907,0.3567217840890113,0.28993955174073094,0.31134179670577006,0.30358472818335663,0.30563492839511563,0.283774848998154,0.28144576150234807,0.36770341016823566,0.32575523308735266,0.24183269701363935,0.42481891542894284,0.2804933605216321,0.3141975839071541,0.27907523667778017,0.29984744304584726,0.26716170650008025,0.34691744925269447,0.3215646871852834,0.33754900271104765,0.23919294274929104,0.28491856932184606,0.3053285514752888,0.3378052527544428,0.25045185538435055,0.37427753030784744,0.3234877876488959,0.4307989317190527,0.30233336339919203,0.29682060208081296,0.3742119677527549,0.3379028599303682,0.3564712108929864,0.3036089476042996,0.3538521680653008,0.39572718246893906,0.3213087702575032,0.1960779878343987,0.3145718219378759,0.34856268246647537,0.3285525171510008,0.4057587180197373,0.4008312263440382,0.381182137529032,0.26175518722313684,0.4296542969851228,0.2893114245863106,0.3019743505565057,0.3843683312489056,0.31213298682805884,0.3794145017010659,0.40695895307905716
0.3396802827998705,0.5136941755185215,0.322948789463518,0.32979148916167966,0.2880199255279077,0.0,0.2780683892904478,0.34944799704135104,0.34502163703587463,0.305924433140289,0.35809559628352483,0.35501107233938184,0.3699474162339568,0.2975702958847343,0.3414283194747145,0.3266153045680974,0.31123165252415474,0.2567042722685982,0.27550094161756733,0.3149774278102096,0.3183279451412796,0.35817929620520395,0.206579103091503,0.2805188923523093,0.3073979802023167,0.2819237852511091,0.2623769556799492,0.26667561974171217,0.36597344051288533,0.2639589698997244,0.407856378008234,0.3583290496468434,0.4283153805025734,0.2507916195540986,0.36387238027490904,0.3076665963904009,0.3371468525463764,0.32382051261519723,0.35378128661664426,0.2849406840103627,0.35488126500688427,0.3418854174900073,0.2505104584551446,0.42567796099153815,0.3279332179470885,0.2750337616733729,0.27442804830339784,0.3425007643590637,0.24494032347323264,0.33075735298787295,0.3346226576435251,0.35285541717093266,0.31590038979630336,0.4195363691401683,0.36122024945757863,0.4074597828323501,0.2976778954606086,0.37351809993047896,0.2635912723081038,0.2825286217587822,0.42245717472431155,0.24949439853295685,0.3361992962329284,0.22743191893032916,0.2920411020180665,0.29908663118143053,0.3698258346696671,0.3056518847899158,0.24184921825530478,0.30432227082339935,0.36309898796718515,0.2825996367847693,0.35447593033886543,0.3202702777583349,0.41060280057071785,0.2996618256607036,0.2889729806544838,0.32926571192751186,0.2626225215309781,0.34203518487846873,0.3566988255773755,0.32833190567263876,0.33642996344987136,0.32090825047711025,0.3096234167116278,0.3368118513512404,0.35576270144845035,0.2788708190959194,0.3069790337876185,0.3964449019417463,0.32212128543585067,0.3936870803580991,0.3414255325859916,0.3178849246274871,0.31435072743570236,0.4239797779680098,0.3292757010724507,0.33288725613568876,0.24374530250438248,0.3387955980107055,0.31464424255928874,0.25464938424544586,0.26131107315161284,0.2451734984101298,0.339886979395883,0.29929655032108465,0.30444989836832026,0.2847733829064607,0.29525952524283183,0.33664228833324394,0.32642851876791357,0.28492591753549074,0.43548720801703134,0.31775796845245907,0.31036080135315325,0.36796011068687384,0.3072888276882525,0.22701941284504745,0.3411690594373712,0.2921412524759573,0.3283810140446837,0.3186822333843175,0.31383417768368416,0.3620006502693603,0.3702119176758943,0.40249915666710495,0.2923663587581695,0.30489766917240935,0.32119490850673255,0.2891523662184202,0.3500126791474935,0.36647057434547486,0.3096326625725004,0.40522573905841824,0.3465160096486179,0.3264679663919144,0.2871805783912247,0.3212829413616373,0.24798755955956556,0.27918138536867765,0.3426943511796299,0.33424220433889185,0.34072953186808286,0.32341884492731676,0.367977433481303,0.2680563543107733,0.3904328217516444,0.302347916687341,0.2936804557252343,0.19648133929169193,0.3267509063165988,0.3216397838961477,0.25764154045986154,0.26941047613061675,0.3270126656110214,0.3420176829281435,0.2743265763487816,0.37725280585738324,0.34872865850738605,0.3094937284556328,0.26884027371346614,0.38259846207533754,0.2522004651177737,0.3388550230709656
0.3064310313661619,0.3018531471170261,0.2942113128279934,0.3739902047219034,0.40326335750451736,0.2780683892904478,0.0,0.27193420541033586,0.29881995516974813,0.37372580822742574,0.3317040951816452,0.3324178778426796,0.2865644279108541,0.26554379079749457,0.4307916413823482,0.27002593122760066,0.2842139003558628,0.3282140210406069,0.3321921939921844,0.23018784225360991,0.30614809027841566,0.32441220775730595,0.359519369857537,0.29753531651502846,0.34094089157878815,0.25914011243358737,0.3060257792109798,0.27861404462789824,0.29609026180397713,0.33397991573432495,0.3246002545298555,0.31277107079768446,0.32984587004230903,0.25335675002961694,0.27760935146223636,0.24465331315081648,0.30885369844032834,0.25408763385255045,0.3240607374470951,0.35736217516163965,0.2847669111854193,0.36541477247583576,0.2985611596893003,0.32913188474396415,0.25737854581241115,0.2931168918951076,0.2661596083884424,0.2764237843463729,0.4147002057218717,0.2602976419851593,0.3859817909842051,0.2607737953454297,0.28157004181324846,0.33560750304363723,0.3443365696117485,0.2887859195550747,0.29071342928892435,0.31662470018524236,0.36716175994893396,0.2540604505089396,0.26378269089157574,0.2225649084902379,0.2738408686081361,0.22325561983574652,0.3084427931719833,0.26125602504131584,0.3142670718560062,0.31499681323972295,0.2884523050336643,0.31213357010877374,0.3100488721494531,0.253682028308846,0.2583503839477053,0.35813078837855833,0.25853747342841576,0.2934057751972906,0.3936591797236045,0.36628175959274817,0.2381940873723056,0.25790649221897255,0.3049575499257814,0.35136297389535187,0.35436866959281593,0.2118675502070708,0.2801961890494236,0.25223118299235425,0.272659937487833,0.3278595415017283,0.290902011102388,0.2641382767810236,0.35904656454141837,0.3581768572353496,0.34318530010522585,0.2689655378895447,0.3419431130899943,0.3151263543516551,0.21841800904283667,0.26774574008804686,0.23533466656997987,0.2912536335685608,0.2584179306403206,0.32748198423837,0.32364700544189884,0.275980754777106,0.25856442375653965,0.254081469185576,0.25959579950906375,0.28531895303366756,0.3276494554601143,0.29340628586397216,0.39255130143684047,0.274752253483757,0.28280543656345297,0.2983253719526007,0.24760208258556188,0.27661284409186787,0.29252876711392467,0.332230395646757,0.2751672119467011,0.2507484380760703,0.28563425863123065,0.275503286257496,0.21199744129636278,0.40626959928541406,0.2624460833675059,0.32345811295723037,0.24376575238529555,0.26790673265756637,0.23678394156480223,0.2882397854391794,0.2676738016347068,0.2673707221768898,0.23732259353206506,0.26044096866311583,0.25252746275223736,0.30307424957062196,0.23219968463357396,0.3091244394374802,0.2750150910301946,0.3405135810899534,0.3177445188398753,0.2554728743091865,0.3566477313664138,0.28415067953202644,0.28430669609819553,0.2841019431130545,0.3110004401140221,0.3666830663649184,0.26732651801129287,0.17304107624794993,0.29825671496795747,0.37885159538437835,0.2977412596047421,0.3220321996904986,0.3564722877198453,0.3160208769275946,0.28948901764268387,0.3658874762166377,0.3501463433671901,0.34454817812131516,0.3185061665785366,0.278734697058135,0.3218457876151029,0.3381205877383801
0.39230550866549124,0.39575948927436944,0.3757636631926864,0.3316151477286129,0.3269177379403082,0.34944799704135104,0.27193420541033586,0.0,0.4164304311810874,0.35560474773565287,0.3708527652270803,0.3973258070722121,0.3972150500791631,0.283373558371219,0.3591739228913703,0.3861854453687193,0.4022285990447331,0.3557354668882858,0.31088933507144983,0.3508665817291967,0.40352497899117007,0.3319149385959321,0.2652090730246736,0.3029984665221797,0.34206025375826093,0.3465864590171822,0.3575262443155655,0.32741592545854176,0.2848156216289562,0.3386392178202441,0.4750668031092172,0.36548411880355375,0.37269280722178166,0.26945311481709644,0.3663150917257776,0.36733363392120894,0.37015218818948864,0.43567632526635824,0.39453758153207646,0.39289951882423074,0.3990185493422083,0.36499849291123593,0.3428855964650424,0.38916180726378485,0.4314537556418297,0.3880889097203069,0.32073694153081966,0.34936502414395726,0.3249617981132976,0.4027985627337105,0.3810224057629702,0.34386023929374687,0.3236302183985387,0.36296930008944434,0.3624018696887389,0.3324075586436915,0.38284430107282613,0.5044301506078305,0.34870755307875934,0.3268026537275951,0.40864676602557365,0.242203557932284,0.41823814738156695,0.27660294397043406,0.3245529411985909,0.3559979294824767,0.36335410345121466,0.28635267929614067,0.3482775552943043,0.443775958762416,0.37473531904272944,0.34536460254089996,0.3804610976139188,0.40607855201960025,0.531568703877877,0.31308496103100747,0.3380445493419328,0.34890514075999046,0.4028558304157717,0.2593614136067174,0.3424627837531911,0.3564894432886178,0.36038413114297946,0.34760480122701004,0.45316933413855853,0.4659759177924582,0.43742655837544037,0.3479270720847343,0.39061934180257474,0.34969603941091654,0.39059555530405293,0.3364874386703997,0.36594053059627024,0.3331548628967377,0.38348863160262486,0.34558040807893775,0.32551491832210705,0.34086733176180417,0.2511103606373465,0.4052317853335167,0.2769578260862831,0.3738623781399326,0.3198628084563841,0.2991961510664042,0.44173756867288655,0.377929340536447,0.4086635230031174,0.36000378691125084,0.4148674893701195,0.3326676383564048,0.32283294471932683,0.39682477633142255,0.3646382587160917,0.39024781672910264,0.3679176791247071,0.4146214816264987,0.37500736198478396,0.2889932673197037,0.30678243438529346,0.28306094801766185,0.39132677296795815,0.37862640524851354,0.29043493467788245,0.3747612819156126,0.3049650202105532,0.37239103259752554,0.27795918229264144,0.36360702223378744,0.33522869057541016,0.3912521257597745,0.40460863554872495,0.39404757719669176,0.28979219906743026,0.32655218113636203,0.37237312546628676,0.30984308957529416,0.3050178908615255,0.40740704172995235,0.33947048853826384,0.3762488479585723,0.3056746482587137,0.29920627594703464,0.38736608162023534,0.3593085726673424,0.4306092445596525,0.3461897409405028,0.4352717977310342,0.3426981643040029,0.38976925439510196,0.2223021375494886,0.4204062940722968,0.3503722942693059,0.3394036527829622,0.33940968861062604,0.41105501753444995,0.3674726281141485,0.2709477913007235,0.409552279336751,0.28671463718384266,0.30265493884148514,0.32908702367498494,0.3551868336776024,0.2983973239783588,0.3679469773226106
0.3679329689718382,0.37622065638012564,0.3396515979817274,0.3173245172557882,0.32513630211914585,0.34502163703587463,0.29881995516974813,0.4164304311810874,0.0,0.34768061695573493,0.30109465087114673,0.3093279778639955,0.34208060665921436,0.3470428870422675,0.3544247993387081,0.33353182083133587,0.3267955004379362,0.3416641937689102,0.25769228688069634,0.30847666103382937,0.32673139796534756,0.3938255542384328,0.23824104810869504,0.26166711854196784,0.30455495811771066,0.3206548895620569,0.3197661015685662,0.28201891791848516,0.28891049801547053,0.34682240456491065,0.4346056112001344,0.3471725872946675,0.3592085589155218,0.23596263434307915,0.3293302768682477,0.29273290821996883,0.3301954281471786,0.40142770942915645,0.3747955314730757,0.3391182691364587,0.3132428900133263,0.39980773261407354,0.2908342820695624,0.35620918731540996,0.3369692110799939,0.345663364635028,0.2947397655175908,0.2954024307944986,0.29466103744736466,0.3333200508522349,0.34959316208360625,0.31181184294793085,0.3789997387859475,0.3537961900464623,0.3162746120211581,0.42917702639958555,0.34631668320895204,0.35271147513850376,0.3287069504857227,0.2778177561370662,0.3619252284643969,0.2998378430202864,0.3430435758428917,0.25605553760655014,0.357508923047124,0.33693382690621443,0.4498359176733815,0.3743987058318837,0.31064918491703775,0.3578909045517875,0.4771200276671793,0.32690718525086765,0.37563287870544815,0.35222506772227447,0.42015876400369573,0.3229432271484385,0.33019012809881176,0.33675414168159584,0.34559036538167653,0.30760689607194774,0.3889460960261692,0.4421366490607076,0.48139410367106966,0.3079194262857342,0.39655675678037505,0.4123587102244772,0.37370917267063747,0.3864528563050532,0.3409355643410531,0.5132337319194115,0.37071625873159786,0.38828551752277746,0.33011444211439545,0.3105592699250081,0.5217761612688734,0.40330204853970014,0.3690651804686233,0.3122334291781406,0.29918356667187845,0.33445939224028676,0.32478826970293506,0.30179415065663756,0.30993390348535343,0.26408278830303744,0.38274667672562424,0.34098571721434556,0.319175128262621,0.3158010128634188,0.3564104745062227,0.2853740518320296,0.27763887193921194,0.39593105189035016,0.391339743873148,0.44652325164973766,0.32062651938220493,0.3491397276670071,0.3368412498342325,0.26471545827985116,0.2691155096362171,0.3231044919476044,0.3788847044316593,0.36953659508536396,0.2782585900439993,0.41248988796427977,0.4463161934217774,0.33356580407000286,0.31902140390770756,0.3088884758073958,0.2781637659390304,0.4028543063467736,0.4674199263241319,0.42398443299985467,0.31061667444808866,0.41736278205950356,0.3148236450656676,0.4068582679131441,0.2850132834760171,0.34012311944124435,0.3095216276076254,0.373136631097862,0.3443542902587166,0.3307283981667705,0.4303093055720402,0.44051077450891707,0.40091058221319276,0.3139794392728559,0.5046688720674156,0.41087019098434824,0.3496110289973513,0.2118517337807905,0.35700387134422573,0.38984188994983043,0.28830292001048297,0.34594782766966836,0.3383545729831884,0.3994314277918289,0.2636009939403918,0.388024000360161,0.3380341104353769,0.3371374752450754,0.33783244905688115,0.36376855194872254,0.40841044613994854,0.35080493723605916
0.3905250087632023,0.40620169363878533,0.41622499718287664,0.36015037017989576,0.43081852222862077,0.305924433140289,0.37372580822742574,0.35560474773565287,0.34768061695573493,0.0,0.3789306695834927,0.321783675905264,0.34400121182763926,0.3033317318089268,0.4126369402021273,0.33458657758306565,0.33841015917412504,0.426161316999668,0.3052704679709242,0.29020728185171174,0.36332098671848434,0.3695969534915427,0.3343964485145313,0.32457979979318863,0.4539739772898331,0.30590059641461825,0.3220645094657589,0.2933026774880467,0.3895281207634682,0.32961662210868653,0.4395924306601277,0.3452205217465225,0.3004406936030647,0.24779888662895705,0.34504544552699046,0.28605641241191443,0.3984721053690636,0.3209102731616738,0.31624966456802406,0.3963012085374596,0.2955934595795745,0.4406578547493592,0.3486639476065568,0.36386259201053295,0.32580761258578317,0.33028355060011694,0.29686442652674755,0.36622553097001803,0.42129001008197037,0.289093219385148,0.3996122497630075,0.2854960646724382,0.2921841735619784,0.3753731978012186,0.3781169989536818,0.3433466247632473,0.3262796544390249,0.33606628773515285,0.4243730236028893,0.27390643104763823,0.3290809908456644,0.22628238952853638,0.32143890756251525,0.24468355892833982,0.3499384719544327,0.3348013472592127,0.34372946109332514,0.348953575557574,0.35613792336752226,0.44954063170770264,0.3645298744580442,0.3416700619502411,0.2991405752987072,0.412545799517657,0.34156766792560295,0.34005532510833425,0.32428110464432763,0.42275594539438965,0.27713924614952884,0.2888070322612048,0.38589439450272567,0.3604886829179203,0.44703926841698727,0.2768368578868913,0.32862166579556323,0.32114109994610773,0.3582586517995616,0.37005276167664297,0.3398576081332164,0.2951954529865616,0.37339600094889364,0.319979665802414,0.36682495527003234,0.2854601043623394,0.37422601420619556,0.3687067488532208,0.24346569839535936,0.2986344147166413,0.2562372763466349,0.3426011546358978,0.29973155819713176,0.348804116743225,0.32338905266507134,0.339700920602178,0.30423954300467615,0.2866265951636915,0.3030010305730741,0.3824084778402066,0.3668498079696867,0.37853726267547094,0.34854992072408436,0.31116622441138186,0.33030455024570554,0.3597752039189092,0.296553372496197,0.34244643907046374,0.349779182334876,0.3705191412190753,0.2984767978016927,0.2920649574348851,0.3214698825861023,0.2987176643097891,0.24740910561157425,0.4536526632506263,0.29653591840384796,0.4193192315657136,0.24715382118626392,0.30112500795774677,0.30326637358975084,0.3769751455225549,0.37472574234148603,0.3311751975918109,0.27573866988111545,0.2847400735916655,0.3279061195994193,0.34228348763974187,0.2961300796040283,0.3845782301688959,0.35929220932960965,0.39906033122115436,0.36087894662487613,0.3190011685853173,0.3728390413710367,0.29648906072059955,0.3854341443003311,0.3179929036204622,0.3232007035082346,0.4140308365069768,0.4258454217961504,0.19267882005887693,0.34934173703680793,0.41608847855399517,0.31422451380565924,0.3587359194276727,0.380665330712824,0.3958833687050985,0.27863610873657524,0.4530885913444517,0.33573778245815394,0.3400292091125526,0.4563304771636928,0.38119755012228435,0.3479318015881298,0.3994317759657234
0.4637573951635698,0.3474826704883505,0.3815245092348125,0.3625647215767737,0.3456575262142283,0.35809559628352483,0.3317040951816452,0.3708527652270803,0.30109465087114673,0.3789306695834927,0.0,0.4022311061368307,0.4347468594520625,0.2483490321476151,0.3803828167592445,0.3913702263460241,0.3643765671415278,0.35247765157959815,0.3510001644197004,0.332608293514944,0.3919935938476964,0.35994608336946504,0.30191434620760005,0.410961392823358,0.44533294198416945,0.32417503493801797,0.3262564430675783,0.35429834348264583,0.3159383309981736,0.33304220123600414,0.3745657349940868,0.3874267574459758,0.29783530544425396,0.27401086598254043,0.34542740995596566,0.2990367379419771,0.47083192844416744,0.30624584804366484,0.3803335475455179,0.4169557446115948,0.31165729473904014,0.3710271319100778,0.3317277420505175,0.42863030237355054,0.329405778216906,0.3469578740020994,0.2484301928964518,0.49339558614306006,0.39316362083191875,0.301224224593104,0.42732975559786035,0.3012925185563789,0.26201345915934937,0.3740996645582033,0.40109774070406645,0.29492764097264135,0.3888642088901697,0.40378956932259197,0.35245918853967845,0.29571284857788,0.39447823998869863,0.20355386217652874,0.38025682458607024,0.22417165051340132,0.29264855645241294,0.3703474289257893,0.38632313609261143,0.3177288044400916,0.30784527918115484,0.39096006677467077,0.37300131831420924,0.2783201598672093,0.3556071114746787,0.4638495325807085,0.3763356271030271,0.3405638837333368,0.39773896449551505,0.3377719538190592,0.2822893154319761,0.29995146330359995,0.3835908212058413,0.3199061078903812,0.35409914842859636,0.30453437361560776,0.3313729888042332,0.32123295083539033,0.40223679876291624,0.30803996224173635,0.33492942671530124,0.303613380155083,0.37213216979222313,0.26289342721930276,0.3759422094779441,0.36648396346842965,0.31904224216229254,0.32454967381442357,0.24160505278813885,0.2697228709989469,0.20960030154378836,0.34174529491149885,0.2940547788647649,0.37309494420264805,0.29925662348941784,0.2637515939227069,0.3111935289037884,0.28769721632832435,0.32703728792996223,0.3509453795193705,0.3342912299092606,0.451108926124721,0.4783960209232512,0.3044488831757321,0.3616094667302824,0.3058276442410181,0.3028277605882126,0.3496475027797067,0.3535601443847661,0.33935516529606163,0.34653221984160965,0.2395969366032058,0.32616276966621455,0.2631496730392669,0.2800285842323353,0.46956015768398324,0.28418251949150064,0.4076181704689099,0.2250850559893456,0.29846369625622937,0.29312682161690184,0.30858164912312297,0.2788078351654422,0.3541350212753661,0.3124759005533505,0.291519277082413,0.4453581243704107,0.3313940027512936,0.30977786718118766,0.3337777414278092,0.33013383390609274,0.38234789211842235,0.332333857993835,0.27327747341253505,0.3062065679107939,0.27877346719939533,0.40620886110474674,0.2719882995426633,0.3236806198862619,0.3325135750769438,0.33234410753315524,0.1900880068593837,0.5231470294321299,0.31905516436903825,0.3887713832938225,0.30455058544746294,0.3703251881969684,0.4061343519883203,0.37044723083235354,0.46117596196861077,0.33773765441357506,0.32142828917273514,0.3172933058306911,0.35379574210320297,0.2663081742618317,0.5125098466903598
0.36032602392053065,0.35171796930258004,0.33118985312150784,0.3607912530177648,0.30074857026193985,0.35501107233938184,0.3324178778426796,0.3973258070722121,0.3093279778639955,0.321783675905264,0.4022311061368307,0.0,0.33240514484479594,0.22029936036509695,0.3404496325543052,0.376242688333018,0.4059875298791796,0.3097048718711478,0.42492961447963995,0.3229982200893691,0.3797788603719387,0.29637947963458844,0.296109370665628,0.340417055261655,0.3777833922270227,0.3021750854369182,0.345869798375784,0.34814020539987844,0.29852258903811596,0.36563993988305693,0.3826082670051966,0.3584602768337559,0.34280273735140193,0.3018852413427663,0.3254752149584476,0.302252687326379,0.3216665345861012,0.32779598289806766,0.4289772540628869,0.37966959317295385,0.39270252264853683,0.31129382324664867,0.3079856517066926,0.38661978829145327,0.3305761243143495,0.37243180572619,0.28952669117773516,0.33451601065438635,0.34230574412773296,0.3447059728491461,0.3917915355569643,0.3702072392113168,0.2800672835256203,0.388545864820432,0.39585091411884205,0.2666475751126809,0.41995656020611016,0.5026087872378396,0.2843187027827916,0.3171556448522057,0.30688952821768245,0.20440652520924527,0.374727100659619,0.24138613238984502,0.27234689139091633,0.32131393583733686,0.2868391291060756,0.23201289951643383,0.2806232878986219,0.301847434192321,0.28662554042465055,0.2656667819492996,0.2987314794139198,0.3707069161455241,0.389121408759545,0.29050928994629327,0.32020367051282517,0.3408641511598406,0.31032088121988716,0.2526991375914433,0.2829584363656571,0.30429282801130914,0.3079864813454823,0.2684182711825231,0.37508317319457923,0.3552534154159065,0.28955631527017933,0.3050207507322174,0.3753226504276958,0.2775233734459214,0.3671786399122626,0.3092278561261309,0.37552550832806364,0.3388018338757667,0.2876929830481009,0.3363623407918779,0.24409367353006606,0.3270257831728222,0.21245745398587612,0.3455463221012246,0.24481913132710703,0.31194852288226815,0.32573459345455114,0.31175960809612496,0.31316799564367465,0.31998183528234175,0.388350056120667,0.3180272476916756,0.355230413137709,0.3507307679124498,0.45661024369349196,0.34286947664387646,0.28728248376425247,0.32531677463437264,0.31289326336000534,0.39879083998788195,0.3705388464663924,0.3277733014636532,0.34969907651326226,0.24101452808495574,0.31432131797392565,0.28266307263549834,0.2556316729892921,0.37303800826554445,0.23925744688232903,0.4263506004767886,0.24029174051149055,0.3026512652192522,0.32426520116438046,0.2916998984183057,0.2976531110015855,0.32389698431115443,0.2509270650101917,0.2909630608855483,0.3104019141146175,0.25164233389704954,0.3052839119435243,0.35398579516453876,0.2939337731798663,0.3428065234885293,0.2630421747474872,0.250374659231232,0.3406241655959962,0.293573505365902,0.3338124583921751,0.32712268806985445,0.3758872148841298,0.30687634414727616,0.33741340542206266,0.210359253984369,0.3996451491199831,0.3321650224909482,0.3741551688556751,0.2923534314236094,0.43001402145265133,0.27279372019374676,0.2789991725298374,0.38976721777196394,0.29116830389470116,0.2991298763930002,0.25266321003870057,0.30075885980036865,0.24720132466595976,0.34776132966365075
