0,1,2,3,4,5,6,7,8,9,10,11,12,13,14,15,16,17,18,19,20,21,22,23,24,25,26,27,28,29,30,31,32,33,34,35,36,37,38,39,40,41,42,43,44,45,46,47,48,49,50,51,52,53,54,55,56,57,58,59,60,61,62,63,64,65,66,67,68,69,70,71,72,73,74,75,76,77,78,79,80,81,82,83,84,85,86,87,88,89,90,91,92,93,94,95,96,97,98,99,100,101,102,103,104,105,106,107,108,109,110,111,112,113,114,115,116,117,118,119,120,121,122,123,124,125,126,127,128,129,130,131,132,133,134,135,136,137,138,139,140,141,142,143,144,145,146,147,148,149,150,151,152,153,154,155,156,157,158,159,160,161,162,163
0.0,0.5822271528451828,0.5572404351132442,0.4333535855006409,0.40044942272350514,0.5960020101490718,0.4258078990287273,0.5013278686618695,0.532302480720279,0.5830648151041019,0.4638687090692384,0.4200974270276331,0.6268898106261721,0.5303948362752015,0.5032592216672536,0.5579218230921802,0.5870385611274541,0.606796200094059,0.5179948530200073,0.7117628697106827,0.5423043197743653,0.5532936946115414,0.4098194444278329,0.4776417151082509,0.5845485116835595,0.4204846503517467,0.37673092952499054,0.577285323651562,0.5016406857549686,0.4495148693182394,0.5365656022529341,0.6122054725145072,0.4590057135108235,0.441753735673157,0.6031526503094847,0.4498459079021299,0.5454398043086768,0.5267140991015692,0.4086499047267217,0.4633703675617598,0.45350989043442447,0.45960796663630693,0.5572815235772033,0.5356290617323471,0.5275014655100542,0.5109123408576591,0.4723667964189921,0.5004552244940643,0.5197068919638054,0.5319178157775535,0.550518674136676,0.6142549964018944,0.4194072007886232,0.5357913386171864,0.49927713574709104,0.546829458698435,0.6256677507136995,0.43593066447511825,0.5144482610798646,0.5055113037732005,0.5698044358391803,0.4600613208639117,0.567159406445025,0.42775673371527945,0.5377690050736759,0.5490768657496471,0.45286957238162384,0.614181590425623,0.5145735679240928,0.5395598018789836,0.667946284397316,0.582215809229912,0.47883800160007545,0.5527185433264572,0.574083368462957,0.5249080166284522,0.4370459622584677,0.4195541004299177,0.49739243664536553,0.47878570234865653,0.5378596898098539,0.5342937041279717,0.5608483801464019,0.5556380002048672,0.5028000223129505,0.5478725747059064,0.46299612866887535,0.49646656098085684,0.5555293522380258,0.432039535841775,0.4636481938463594,0.4616051219991412,0.5317216506904036,0.5846021302253431,0.5350783507473275,0.5182532917318619,0.513898495808077,0.4862899524764736,0.4194915456966843,0.539286305894132,0.5064077586679615,0.4428430975650394,0.40617993904536936,0.4748584718933963,0.5773731442960843,0.552672296638033,0.5152442665635331,0.5061936768931499,0.4797261907143752,0.5047155457109226,0.4496659915054836,0.43174970932849704,0.5619018914358493,0.41112184006019065,0.5356660870235499,0.5415682658785779,0.5505234697040696,0.5393948247095008,0.5125981513954705,0.44902592169801114,0.4852168598360969,0.4314557431240844,0.5167655896903052,0.5880876156939934,0.525664702354011,0.53350069681989,0.4382820204078013,0.4289673458169399,0.5380151091345767,0.5341682129068263,0.5199888249642142,0.5456849969189688,0.4715963629917699,0.43605453931512744,0.5041605954455388,0.5341385880812072,0.5499500121226968,0.4825120242729774,0.45247137002381677,0.45653577359569514,0.5031211200492303,0.5123174327210621,0.5272036588966831,0.43669692837048585,0.46739332495535363,0.40732575550928624,0.4872984702896469,0.459339532970048,0.623482442828507,0.36514539099652477,0.5312045333818489,0.48736452482494735,0.46299558141764846,0.4188803059613506,0.4721199034849241,0.5484734259176065,0.48818203405797883,0.5191831402294593,0.4819406961332354,0.5635343821949245,0.47126523647784574,0.5864160095452687,0.4132955441099433,0.4811089370210053
0.5822271528451828,0.0,0.5729844476106262,0.503451191155116,0.42615830361176665,0.5384788222053916,0.4583693747006076,0.5306023968967829,0.533993246502635,0.6473775827977918,0.48581484700820776,0.47026615800333144,0.5551545939739392,0.5538278072023006,0.565491088895735,0.5665580010425251,0.6112984421677689,0.5588855179066677,0.5330052137867766,0.5949113035517096,0.5669014677284892,0.5927131550248813,0.461531550702725,0.5650253478608879,0.5761318173245544,0.4480230731593718,0.43252960833289844,0.6147192955217177,0.6936932536998591,0.4674588467142694,0.5646077147588051,0.505586001426813,0.565896192381646,0.4635531396677989,0.599973120842769,0.49264905545576204,0.5169976851330523,0.6002109926185285,0.4653119001342471,0.5460680976464617,0.5852147612220433,0.45772366574723405,0.4884224894063427,0.5528724455377171,0.5546199917658745,0.5165482383040199,0.4473915679458886,0.47372884947249555,0.5376490149619044,0.5061661535419266,0.5293408369199069,0.6101145225405662,0.4154340199564724,0.6154442067182624,0.5379193677814665,0.567711472352796,0.6091500448831798,0.46300265159005527,0.4794414264218287,0.5544985694376433,0.5484278572738212,0.4390658532386728,0.48772710646671225,0.4430439442350218,0.47020043981391213,0.4670610007532367,0.46816479237950187,0.5076871289355908,0.4633307535743334,0.5307191861854131,0.5718201449443469,0.6247920683109378,0.43519515928387037,0.5472160878737934,0.571135425036464,0.46681796077626486,0.44017198265632523,0.4822704276783729,0.5363845879814788,0.48755124858884524,0.5111512208755732,0.5310079345322867,0.6665028646085637,0.5826676511427831,0.5128506276511423,0.6891770698509222,0.4302090314782869,0.4453711796592813,0.5461897933587044,0.5001684837442466,0.4771371939586616,0.48368013850362973,0.5746491504203618,0.5269131235438653,0.5692471713100222,0.5817376224076771,0.48502392790943905,0.5142053334171749,0.43333963116777563,0.5445731349293845,0.5867782857036717,0.4216648581068154,0.4062529878968841,0.5362343305862227,0.5345594342205103,0.5645884479481298,0.5063145195925286,0.5728922902743901,0.526435221048304,0.5160672005933219,0.45952951946767684,0.45278707661308387,0.48093190819480874,0.4528891610172866,0.5512788698327054,0.6957723805591628,0.5191458590253265,0.5040582908402204,0.49863280589318265,0.49988453716491404,0.5469328034664318,0.46618755005320667,0.4901756404439001,0.6705441717460628,0.511647552607468,0.660562063174154,0.43201757919206835,0.47656713844413845,0.6350369404715449,0.5776387969243991,0.5530877369833669,0.5288441379188337,0.497362719592598,0.4873136390065928,0.5098847549903632,0.48443443450820617,0.5626256514361482,0.5756348867586372,0.5253820018636381,0.5075285287186917,0.5177036981393306,0.5060547159924995,0.5714923718727303,0.453969125282219,0.5118377869341774,0.38593806580252477,0.5428269687388412,0.5122797757802555,0.6310759761067697,0.4037872633122483,0.5264773734144422,0.5147629599718677,0.5057450292539298,0.4573198968951668,0.5417254424427946,0.5529700004343487,0.5096891917214674,0.6040472941803975,0.570435061154828,0.525705549826106,0.4801382581042313,0.5857061981454001,0.46393590414810326,0.5190231897664325
0.5572404351132442,0.5729844476106262,0.0,0.5256428938161268,0.4890133704645783,0.5041893117815367,0.4995092592193502,0.5440801474303608,0.5056978558903215,0.6454656159681998,0.5241990350034171,0.47281100678514965,0.5883024403436232,0.546090206186336,0.5310864443867893,0.6740295323889252,0.686740505457164,0.5581766702458871,0.48392863411674863,0.5300050647007796,0.6297996903279421,0.6824604976285861,0.49087188994085174,0.5338328967327225,0.5703777941438489,0.5187544849400021,0.45976184044283697,0.5878943646785217,0.540491680009123,0.48063306663355376,0.5050102257448001,0.5545254346008426,0.5036349664773807,0.47682805799668554,0.5342801928062402,0.5193473259515103,0.5484036744206424,0.5642531907541062,0.4523593355521821,0.5686842136910119,0.4970211641233295,0.5045829381736574,0.54560063653251,0.534290705842086,0.5943803538388822,0.5009588396700807,0.46710684442197775,0.49345518511496494,0.5840142361746071,0.5469631619200354,0.6084871156680354,0.5922689145464837,0.37770360667191794,0.6334685527349689,0.5823602529405526,0.524762020345946,0.5727839670687517,0.5069765049204124,0.5167017863296987,0.5379900972686051,0.5334835220272173,0.45135739291974786,0.5017364908668835,0.4669229739429604,0.4555843689780958,0.45465887073061256,0.5009134212083418,0.5802178521723689,0.5671360202950231,0.5632100958623262,0.6069257704603196,0.5409804999843123,0.4820370503170505,0.7093365531503422,0.5358744095077859,0.4089397971127169,0.5413610766869877,0.526554037811775,0.4789029092782488,0.4249736707376868,0.450593530708704,0.5628463923110002,0.5762286366174387,0.49327823413617156,0.5374127833778137,0.5702310542084816,0.4508498675838921,0.4951335503247071,0.49933507325532617,0.4629390061658248,0.5717543542608721,0.47920614029162667,0.5770712080841252,0.45185847262803974,0.6021495462612898,0.5324804041950391,0.4517540596493892,0.49908664245326556,0.4343501811472116,0.5555392100590424,0.49105738820634065,0.49597864060846875,0.4471451331103206,0.49277932591374257,0.5361142495558362,0.612851711815031,0.5437018486846865,0.5536652138524117,0.5104978321903122,0.5006000313422013,0.49620417589005983,0.48739273201455324,0.5031453287149937,0.46155797201038534,0.48498666290527476,0.6289967184145555,0.44559719766754113,0.5730575011037267,0.5569104401560615,0.4951180675126617,0.5578288911434742,0.4870480704024857,0.4656038561630685,0.5890094782791783,0.44321065272122423,0.544478684115079,0.483786927144731,0.5200072807120435,0.5912151212430418,0.555236336493927,0.5080174365606565,0.5833198224140566,0.4603733304499458,0.44939655565113845,0.4942969046837778,0.42472646988769275,0.45964358699668345,0.5457868822899238,0.5444330098894916,0.48639158079972217,0.44055629648899103,0.5280164421988096,0.5796109072278726,0.4922795234271028,0.5079408929846572,0.4380274182110757,0.5396650981541241,0.45854802792608096,0.5921992308966941,0.38846463873420917,0.5011914215280725,0.4252528498876313,0.5485938019274176,0.5304540646984395,0.523601299394316,0.5388924317435444,0.471347052575057,0.6054350144287485,0.4798160753391739,0.5891402375796263,0.433776636365562,0.473483405019025,0.44667578761779764,0.5131749347977599
0.4333535855006409,0.503451191155116,0.5256428938161268,0.0,0.48232065753674286,0.41912489695022226,0.565203762054757,0.5013445605275335,0.4558353131639976,0.5307228055474112,0.5224122230111842,0.537837271443676,0.44377663431563874,0.4737698312281492,0.4961352994479216,0.4996107348529551,0.49535662362639976,0.43065490477265317,0.44812982323102857,0.421950790096768,0.5287360317091836,0.54099419374863,0.5691567270499662,0.5185447987673648,0.5260465618103468,0.5576958225630007,0.5268862800667514,0.5060571322900779,0.5182380747343673,0.42494077057741125,0.4920191706964957,0.429951454080308,0.541163222668237,0.5227252454423182,0.5016909963958022,0.5464925236639689,0.49217489490587746,0.5018811450136252,0.49012627533550585,0.5454610119761977,0.49398251146147615,0.4711566977648823,0.4340783922466953,0.5257439615598345,0.5522997883118518,0.40910430560628086,0.37664529916272455,0.4516644409568681,0.5556363762989253,0.4383540775437476,0.5019077299357018,0.4735384563169436,0.32188051012335767,0.6349747301587235,0.6124011572941088,0.4673791972238483,0.4508577789947166,0.5098871171316103,0.43504063281032657,0.4577031569619542,0.45508137204378324,0.3783848715452898,0.39403277926865843,0.4519308965436989,0.37136212715660116,0.3632827794989255,0.5084230338161766,0.4350893165961347,0.44079094868881696,0.5037805569260655,0.4602040795369661,0.46456867224962417,0.4449190860306575,0.54255944883051,0.4256697105654356,0.34457829795382033,0.5162075688080998,0.5634999836126027,0.42288092606662697,0.3706779497346766,0.36839936561026143,0.5220155557952326,0.4725543786292916,0.4156398191083094,0.49661157799005534,0.5048501800721532,0.4335663033031442,0.4264138604110156,0.4174466817691888,0.4882002655066372,0.5496836877985375,0.5058035522857687,0.48573107755802036,0.3707407609416263,0.5440394882371821,0.5554765637181958,0.38209529757384586,0.5149612061614385,0.4342273124408691,0.48479103239519655,0.48642154306205465,0.4574189384065511,0.49700094150627055,0.5297512554811215,0.4493228943788834,0.45927372366331015,0.4362697969098823,0.5283241426279507,0.43161432169016367,0.4541662169330964,0.5403930012845163,0.50504090577924,0.43677342394643404,0.4777397349484861,0.4073965560964789,0.5197980318243661,0.3776332763589027,0.48206000465665266,0.5156130253112602,0.5285487181996513,0.4972003119266258,0.5181437180971452,0.420991070234932,0.49415002155082893,0.4086239850435179,0.5090898263309045,0.4349140604989582,0.5261844646621928,0.5645924193336899,0.45648229373229604,0.43648437628434006,0.4443590713689201,0.437193446598862,0.4805375810536303,0.46741115968431957,0.34687825044138465,0.38280896848025975,0.5529757093541835,0.5680081351638516,0.4679444766102684,0.4099170771546044,0.4578936903744794,0.5331012154754619,0.49712648649914765,0.515122554577474,0.4403312844837363,0.5076984602863969,0.38833399916883676,0.49120018352970907,0.3818156264181439,0.501258574322456,0.37600938147665436,0.5144437274105944,0.4789125501358713,0.5603985977565097,0.4875627589480153,0.42130388265348984,0.5567126576314955,0.5331483589815333,0.4948865822395664,0.3645135097530539,0.4276898398756375,0.45260475821726504,0.5062314954560373
0.40044942272350514,0.42615830361176665,0.4890133704645783,0.48232065753674286,0.0,0.374399549820153,0.5287003180845306,0.412136992273161,0.44940916861653374,0.4460444030939672,0.4768792422242927,0.5225312247422912,0.38228113351921655,0.421035820848929,0.42926998816150275,0.48715766276954764,0.4754644703158793,0.3977068580689328,0.41957535233353277,0.3965182215708295,0.5259455617454443,0.5022609393841487,0.5506198330536598,0.45442708479244953,0.46007782805728326,0.4941587953410284,0.46010580165829557,0.42326929666923363,0.43967047800985987,0.4795976413340437,0.4403425366958967,0.413585813783244,0.4051008166640009,0.46531893373278865,0.4530445445017195,0.523509335372031,0.4289770844676573,0.4731781232700085,0.4808012343740102,0.45483682143239185,0.4315157632196321,0.5103663112018123,0.4276091741463157,0.48133945329299405,0.44483704074868735,0.3722268511682303,0.38878401487826963,0.41991456536227323,0.5246904559327106,0.44732514598840173,0.4755707190585994,0.4284154830579702,0.30740090472433423,0.4905450738111697,0.5181164179755162,0.4351412398457016,0.43199665581799035,0.5247477891799569,0.4081456036215965,0.4252134689969637,0.36820090143810674,0.3745240618532786,0.3669765868075332,0.48973845958555257,0.36435149211345846,0.3350811117754155,0.42209577570995976,0.40501657165685157,0.4271702454495215,0.42581706226285837,0.4295023846210766,0.43213090336930904,0.42493525061288734,0.47539686085523414,0.3876780975234432,0.31684835157258573,0.48761166800745903,0.607067633108392,0.37271340169682676,0.3525402764152492,0.3415405305340365,0.49731263722008073,0.44197622781850815,0.35459955846438646,0.49621255185329105,0.4381223273396171,0.3868545842185606,0.4156170694916666,0.36765743062828793,0.4287623662672938,0.6239571421098646,0.48256360219911276,0.48680737425925447,0.3416408898098938,0.5147710611294323,0.45493104830392367,0.35174718510300806,0.4588526763252449,0.4769000001682544,0.40104560601974654,0.42291595310769453,0.4272788538806905,0.47452016209674586,0.44516677595735865,0.420863128450665,0.42922754553165104,0.40790975011361397,0.4690102516264544,0.3931174571471133,0.41584830030362396,0.51211077192818,0.5594485031852672,0.3819155169077905,0.46903977233689453,0.35942982052762135,0.4493130109915331,0.3486172401443935,0.5231444412563091,0.4505759935384523,0.4790159737546972,0.5769357856353654,0.44064022966740773,0.4001001830198592,0.4410736045229983,0.3958541412452277,0.4137546923715685,0.44192672836432917,0.4868946366219067,0.466742177480735,0.4092492449339121,0.42366560860619595,0.4474413947857797,0.3770510095891291,0.45752727512588875,0.4237068940427114,0.336460327134085,0.3605598995576711,0.4749896698252016,0.46119047687902076,0.45993891883080623,0.3328609905096882,0.4761633867206768,0.4977473569281225,0.5306076176971055,0.4899374101170021,0.45054805242477924,0.5261202129564038,0.35449421603611453,0.45610037781771595,0.4065338351159385,0.43732197799182665,0.34744633910019,0.5547292916281032,0.4770551656514393,0.4854008189468746,0.4177920873081782,0.36279655725147486,0.46803047917145424,0.3989837583532799,0.465581382265694,0.32544398364648747,0.39598945072272757,0.45388938861271566,0.498494308190206
0.5960020101490718,0.5384788222053916,0.5041893117815367,0.41912489695022226,0.374399549820153,0.0,0.38398609923732835,0.5049579920550644,0.5081582148001488,0.5163723612034563,0.4480505026887768,0.4338416545657542,0.5341635110953799,0.4442471521714459,0.43725304196797415,0.5348237011410812,0.5233159964247788,0.471379276017073,0.5295187537457531,0.5601931975875535,0.5179792042194717,0.47857629887272274,0.37368535790335666,0.43837694948537886,0.5552907660813046,0.4002839059093105,0.34790971772527246,0.5167052323455402,0.4774131995975426,0.4475964607586095,0.5185626658111416,0.5383083878491389,0.4390939225456973,0.4291948070246663,0.5037865331250995,0.4179395306046266,0.5137063792478953,0.49797097172429494,0.4081499238736579,0.4052427522134792,0.4353203584802192,0.44653088839684174,0.4798610937515049,0.5235950846882129,0.46777526448740137,0.45221175076627573,0.42170071013574345,0.48967228038765714,0.44312745531802145,0.44699210770083503,0.48245519663986614,0.59131645019487,0.38767732612826655,0.5006980063474555,0.46122481659483205,0.5651028258240117,0.5419102688125145,0.4524338656937835,0.41208645373664843,0.4439440140338421,0.5715757659290092,0.4340463811991537,0.5391159852509974,0.38140993459305367,0.45058120549012254,0.48809782608795926,0.4170736720303113,0.5142467909017415,0.418527563775619,0.5296602461279374,0.5587383295877175,0.47499453313005163,0.43873436314032,0.47744065021972754,0.5635095266964891,0.48202777715433615,0.4081485423328268,0.40609922344530613,0.48588561453516166,0.561913287466259,0.5827338101170669,0.4865746443113409,0.5579005934990156,0.577607079881933,0.4814570740526902,0.5303321269996742,0.4881427295865349,0.41668831374155746,0.5125348332994285,0.44226702115785443,0.42543325140489086,0.43906317149122226,0.46586843878926554,0.5299705000906055,0.47225141329636255,0.5335011298813547,0.5074333570439937,0.4900382958026414,0.39630062807981165,0.47060697086986275,0.47731393118539006,0.4257040606400479,0.3841250121725212,0.46925105307091663,0.5095385150730851,0.5013329692171188,0.4795899033149538,0.4959317711901234,0.41936905397000745,0.4921324935489748,0.43760105207509975,0.4055895778166654,0.5363486606867561,0.4115956058224085,0.4877469907938711,0.513083919940347,0.5335063996077364,0.4514367940372959,0.49420563476704205,0.4450407601462267,0.43740898942314566,0.44221604953740035,0.5097176494567525,0.566682713648977,0.5046910828860702,0.5394183947324369,0.4055301293198632,0.4162163803232143,0.5212063602725076,0.44215635220047417,0.5281193578847626,0.565496091462157,0.4830032185677678,0.4486555559836797,0.47770737107937394,0.46256428011705747,0.5371216112164051,0.41661047124878253,0.3964527396103314,0.44368943438703656,0.47825535443504463,0.4879237029425815,0.4684289176567699,0.4129970345078359,0.459144140542933,0.36999217131626777,0.48287381110940264,0.45081025012212494,0.5619878700097801,0.3791621999595558,0.5185637875494783,0.4784220191280934,0.41711085766052525,0.3703061641271811,0.48899533840199505,0.5175773541715907,0.4581740278661546,0.5483423810877683,0.43794076198157544,0.513114612868445,0.4322108153919574,0.5948022083562573,0.41601776693241355,0.4656755516987219
0.4258078990287273,0.4583693747006076,0.4995092592193502,0.565203762054757,0.5287003180845306,0.38398609923732835,0.0,0.41215606515710296,0.41464830226539395,0.5166027166372077,0.46350263095002237,0.4699938675611131,0.4275109586005851,0.4912081145411957,0.4670666467737353,0.4646727267489506,0.4775518946179319,0.42321000875150466,0.4039478106364408,0.40788132245722303,0.5114307416856125,0.5045705209532643,0.6082356570721653,0.500942606356358,0.49389256421294947,0.5639876593420402,0.4691340294467141,0.447364857280991,0.46973440774733505,0.39692677350343736,0.44564039904002284,0.4467090260431565,0.4511886354580169,0.5335072771555052,0.49667201460314425,0.5434568779508876,0.4722709093185766,0.4412558651954447,0.433490750205667,0.564662969563662,0.4345206780129315,0.4799356210234277,0.4364931216127345,0.5124095804704117,0.519745808968274,0.4008753580077739,0.4124217051416382,0.44228100983736507,0.6475423216119216,0.4552105842792502,0.5215462555801175,0.4516988139807868,0.3165696760915368,0.5564905923523216,0.5807635884270855,0.45935290548807534,0.4323870233619636,0.43885510266923006,0.5037648237574014,0.45178131558199874,0.3983764339339952,0.3860137509850172,0.37186403332587675,0.5072319750307898,0.38327071789309525,0.3605341148647095,0.5184121899884593,0.4556813536243558,0.45442354552067615,0.418879796189525,0.45704896539407647,0.47346927463236654,0.47206783397604074,0.551202006925715,0.3801607656908331,0.34327238842441243,0.5399623969874857,0.5898428929873508,0.3782467298119562,0.35517653472730976,0.35046092042585364,0.5044439221209237,0.43204987496855196,0.3645354302595906,0.491091696991425,0.4330791866019634,0.391072249053487,0.4694327875615816,0.3956815170125612,0.43394929885910527,0.5611894318294215,0.5321129073675651,0.48254385066864264,0.36179804137222754,0.5588435122583336,0.4834054678303711,0.35716015406698287,0.4998153933944685,0.46886658022120803,0.49542712929869986,0.456671689130811,0.4346058052369843,0.5410521364055472,0.4624566425177337,0.43260841826229257,0.448956467370745,0.42830029382970236,0.4727197578029558,0.4404792303713405,0.4579414985351198,0.5746465303991735,0.5212144739108902,0.4389700021367924,0.4217586291990077,0.3812179270639904,0.4565121136093612,0.3656394108933839,0.5273432616769216,0.5321166449270445,0.4779231171537466,0.5071711830351018,0.4252909487102649,0.42422881705735044,0.46404491060075387,0.4001473955833292,0.43951132990067965,0.4794221254031875,0.48826840722095427,0.5177197220846093,0.45290396350290596,0.39902886552944045,0.4136049275774164,0.3820984289784809,0.42272327167475643,0.43632179115245723,0.34905593301593957,0.36197833555875575,0.5591957501329428,0.5202053173744835,0.42387819439171404,0.36774382035708936,0.47230876370797625,0.552578884688084,0.49708706246576034,0.4922272989889931,0.538066743577878,0.45859005744833503,0.36452156566989785,0.4707898406308947,0.3585802957272095,0.44641270841347247,0.352822949269205,0.48320777168706797,0.570136341632446,0.47631081666527786,0.44302317310921724,0.3889441973088265,0.4867033297504387,0.47844988695571344,0.5224986458067349,0.35826997614243405,0.4041763884691571,0.4262587652862245,0.4613217336808285
0.5013278686618695,0.5306023968967829,0.5440801474303608,0.5013445605275335,0.412136992273161,0.5049579920550644,0.41215606515710296,0.0,0.5610402572037392,0.5281051705647206,0.47261166243111213,0.4982703271703867,0.49669436328335453,0.4554193639806279,0.513293884982809,0.5814870814137068,0.5366789914329317,0.49286733399442145,0.5474322879869294,0.5181865371932506,0.5513736654808276,0.5242933997754347,0.4374097690977022,0.45677289030015017,0.5368761273323195,0.45018944533871913,0.43812180343075485,0.5465556507986874,0.47638421339858533,0.49996985633476765,0.604381200563395,0.496519978547188,0.50995473401112,0.460729204262383,0.48830095662426193,0.5025050290645757,0.4986427049847459,0.6222116492487849,0.5103062218796989,0.449851317283944,0.5122496083126902,0.4369437489431639,0.5339510406697637,0.48786275813371144,0.5710958715206825,0.495721219102558,0.4030986865816488,0.4438180870450121,0.4766669401160362,0.5016450163328842,0.5321848602403428,0.5224342421677431,0.37662584884104094,0.5675214571513214,0.547134555712004,0.48428157067250405,0.5704834499253156,0.5445420901625311,0.42076401351558773,0.5221783750176509,0.5846729738675628,0.4522297891413448,0.506310650269038,0.41729168790305327,0.4367555840801575,0.4513845920294289,0.446095581308205,0.47053900454204756,0.4664122595037849,0.707168981613476,0.5486756577608346,0.5063753997718792,0.41922023993314533,0.536694878828309,0.5813411770808723,0.40949449185972486,0.4751016837779779,0.45041074514078366,0.581110760325609,0.4174076394855255,0.44820734686772223,0.5637478111266927,0.5602248812089816,0.5510868551787274,0.5235851734842875,0.6316607085530473,0.4948650492885693,0.4543928744573106,0.5341039696821309,0.4860524667862736,0.48990974469013476,0.4702645418504114,0.5317042853145184,0.4545760048504373,0.5133408411845067,0.531857152849083,0.5338182423057529,0.48359488478262597,0.4127996046059718,0.49099101617378016,0.5027075590452901,0.5533606064004238,0.4288558426852215,0.5236998314564892,0.5628892115183541,0.559998085198158,0.5468515811250008,0.5068817229412288,0.4567378885618431,0.4322196001860643,0.44506358645895466,0.46777918982404787,0.44501752447127446,0.5004362837133727,0.4994592352643422,0.5467898401641043,0.4494704674919155,0.49788163024869764,0.4412612692366555,0.4872686320110369,0.49130015383251197,0.6491755387343103,0.4231607824969532,0.562096411537193,0.434190546400091,0.5805055036652446,0.43310200620307193,0.5306645421202167,0.540417602379132,0.5051073205124627,0.5291904863783453,0.5799614823513981,0.5159481286507214,0.476593131986533,0.49546324909376677,0.407520760020942,0.471933570023798,0.4764887446547014,0.48554189284640104,0.5817441993220754,0.45771860822029087,0.47774484956751484,0.5198000226187393,0.4809351976608197,0.486777740665386,0.38336032255383257,0.5638446195083232,0.4739039841896408,0.5552451154827872,0.4006351880347828,0.5677783287360447,0.4485270368752602,0.5139044509102225,0.42187548061363245,0.5567665081968528,0.5652071636657288,0.4370090748790688,0.5605854186361455,0.44111635264064625,0.5042993705214003,0.4077022586197728,0.48192582384699295,0.47794265155624566,0.4779864417830978
0.532302480720279,0.533993246502635,0.5056978558903215,0.4558353131639976,0.44940916861653374,0.5081582148001488,0.41464830226539395,0.5610402572037392,0.0,0.513762704171104,0.497644773246461,0.5275847414789722,0.4543240457188385,0.4627370053566946,0.4593930998446189,0.570651409916789,0.5442930817433068,0.4765974822151442,0.5900144737120996,0.5722121462773261,0.5823580717154595,0.5394796747050823,0.44555388923219946,0.44797628234136044,0.5900615874583526,0.4218850997682937,0.4178622769667101,0.5369878755540268,0.4812212925999506,0.5810164676186141,0.622459657608052,0.4977243991846751,0.4314640469816454,0.4669910522112974,0.5605837867941136,0.5000014174385746,0.4939488791754176,0.6779615525581435,0.5157083350427223,0.4197030317291996,0.4684257089172247,0.5302151554443071,0.4921565029932483,0.5209255631456644,0.4925817970004431,0.43158596000280264,0.3982201273048398,0.4586279222700134,0.49842258836897807,0.49534834193067323,0.4978074808059755,0.5008825228782465,0.36720317617010473,0.5184585215299017,0.5159472839601957,0.5604298204460019,0.5789985190622401,0.5675235445801475,0.421353644571137,0.4774199111814469,0.48987353417163476,0.4316580344666864,0.4593611615526134,0.46433038456834225,0.44347465666319713,0.42036695231916094,0.4348343085969091,0.45126740317251834,0.4531919059462102,0.6079274737659015,0.5300094988961378,0.5271791430043697,0.46366224819373286,0.4882646662334641,0.5596612414051285,0.40314378292626607,0.44312627233594226,0.4568996538102329,0.48142983679547224,0.4476369401696848,0.4487140025238201,0.6067956269120177,0.5607078396693412,0.4922266881470665,0.5912813983075205,0.6065448850447893,0.5079905025795727,0.4447590868785863,0.47410205169432934,0.5083554884625958,0.5132258502975847,0.508722213372113,0.5248010350286728,0.44820709320332874,0.569023469157746,0.5417573971696449,0.49248354872089206,0.526079722575566,0.4864533008328211,0.4412896074525524,0.5270949305001416,0.4744970988942399,0.4335849623294709,0.515624559039784,0.5558672586812211,0.4874620995708753,0.47836164824137484,0.5640259856707006,0.41082115183750056,0.4596066382926483,0.4712128033413326,0.523950888482446,0.4564429143810766,0.567077290321026,0.4409799677755411,0.5181598354437109,0.46045506992027274,0.5470725810047512,0.4521732833389946,0.5443985796953009,0.5504243357503784,0.5274053616246003,0.48740053269723305,0.5306329107251676,0.5577128196264737,0.4985578207177846,0.44013746081756255,0.4674476364316174,0.5290756192098774,0.45638163955855543,0.6608929815646624,0.6147298519213333,0.514543761713323,0.5864087952914216,0.5307515678724676,0.4198572044599249,0.474999120453036,0.453270948370098,0.4520636743299719,0.5798565723485408,0.41016774175534376,0.5588478808750416,0.547795378492494,0.546459837195198,0.5340712741907947,0.39805503734467856,0.6332362509693649,0.4224904576587115,0.6205857133213909,0.4621200885876177,0.6100576629007513,0.4553747526893661,0.5687775185832635,0.39880493841111003,0.5639318193661629,0.5483781991044026,0.42852239898514377,0.5229780489496095,0.43384343260519903,0.5115671534565026,0.3798103293889504,0.5899109462248693,0.5398528031317998,0.5639976321589364
0.5830648151041019,0.6473775827977918,0.6454656159681998,0.5307228055474112,0.4460444030939672,0.5163723612034563,0.5166027166372077,0.5281051705647206,0.513762704171104,0.0,0.4812770284651401,0.46812610805986643,0.5757147053703625,0.580696392307341,0.5400054119695689,0.5887893882083945,0.670045312137986,0.5907539306651344,0.5145787253234754,0.5564092310138771,0.6096707145598735,0.5911303621549898,0.5103130295854419,0.5253825520218512,0.6255697978184206,0.48022948368508345,0.4494345318318027,0.6311778058163147,0.579671432781706,0.46782298420708124,0.5328041794885735,0.5770338876694732,0.5229257057811423,0.5001405358755838,0.5767648200274377,0.5204191145399917,0.5312574962673192,0.5620726385700071,0.4391901852374405,0.5765300422159771,0.5200275776955481,0.49992238847425174,0.5331302523581382,0.5409268013576716,0.593469039808398,0.5302621311158904,0.4857256765799532,0.4681902106305709,0.6203933022380648,0.5434701471217752,0.608477635959258,0.6143335445640219,0.40231293186487255,0.627043964198647,0.5717554060607806,0.5797926536988911,0.5982124297020536,0.4746360695914879,0.570011405475152,0.5640358977767207,0.5295512308274334,0.46380169209264865,0.49472885153676843,0.4759996339262763,0.48617875109947456,0.4806489830623741,0.502302306809125,0.5621187918880104,0.5427300934847406,0.5392999082592,0.5927613646051089,0.6129282443997648,0.4860749214351408,0.6581203190612084,0.543568069617115,0.4563159364998785,0.49410514419359125,0.5058886089949025,0.5000334644587406,0.4462314960447653,0.48517093047260046,0.5715877724849857,0.5855965949746694,0.5100223789824022,0.5642191351529485,0.5857307021138196,0.4396511627262166,0.5179508186772661,0.5620550787306913,0.46791462869930756,0.5333531193641982,0.5248855389559064,0.587242268813692,0.49168149776921555,0.645773982419612,0.5536982494221271,0.4647244506164621,0.5541086052324853,0.45146604233313864,0.6263217092337825,0.523061093578344,0.46608672681304714,0.46404084231749854,0.5515323952745883,0.5631623258860549,0.6039958571837059,0.5589423688124301,0.5910387221669744,0.5466896402065302,0.5103038737007631,0.4982247548204731,0.4859999784293804,0.5211163291087353,0.4631312686376315,0.5152292714552991,0.622686800054244,0.5090711290421684,0.5684017351283718,0.5673423393551336,0.514993847116005,0.5270775150279792,0.48148029589792296,0.4885927862844784,0.6284903035297182,0.4737593288101151,0.571704655191073,0.49374520593710475,0.478834736480474,0.6521400024435211,0.5773331726881687,0.5404968799083467,0.542883507034521,0.4601788339143246,0.4530699334894234,0.48636886615601355,0.44785968965353684,0.48208717517184985,0.560301326567383,0.5374779013018617,0.4982227951734013,0.4800096981801503,0.5318749718894816,0.6478265272424585,0.49230030159421395,0.508317935872679,0.4415296799698657,0.5115360442108562,0.49000076196990505,0.6699423130467181,0.39073861742087923,0.5126381505711726,0.47559978829493976,0.5161495654598429,0.5196851000528416,0.54844350079459,0.5406460824327687,0.46764466574452457,0.6055262265246538,0.5217169962326019,0.6179353930916,0.4844419401716606,0.5331566079526701,0.47727506355535265,0.4945171777689267
0.4638687090692384,0.48581484700820776,0.5241990350034171,0.5224122230111842,0.4768792422242927,0.4480505026887768,0.46350263095002237,0.47261166243111213,0.497644773246461,0.4812770284651401,0.0,0.5261758061127993,0.4726817886542326,0.46353743904184924,0.428731014257619,0.5681058274431725,0.49592780041217027,0.4104162728322582,0.4338975297099976,0.46614386407681113,0.5247419430413156,0.6044965384261307,0.4755174172023549,0.5428941332363371,0.561587633747083,0.5356664247721543,0.4682282248023677,0.5175221157805161,0.5169544950888187,0.440381249716669,0.47656129089869165,0.4297901159364146,0.4218478279568955,0.4974854647483205,0.5266575317997212,0.4605647253647266,0.6039635569186022,0.5153461156231955,0.49652096570885645,0.47260763205292344,0.41199084868756,0.5385227695548955,0.4110010905632777,0.5500553875119214,0.5034936494094212,0.3694460728099902,0.34508752349644173,0.5859254768802248,0.5318789685818623,0.4045249299576997,0.44206220546446134,0.4396910532056654,0.3010481609156188,0.5317136408376335,0.5450490797936337,0.5003188403602902,0.4453816826920781,0.5088737390508873,0.39772435260729666,0.40542240853181305,0.4826135508288804,0.34932232675909736,0.379650784556055,0.44166431069381745,0.35362607686136244,0.35377028008542405,0.5348351015172556,0.4472538325645402,0.4193378345194474,0.5326876685436673,0.46478661975318847,0.4428763380809779,0.4891059558565417,0.4968436466062115,0.43009241186904257,0.3380391446974079,0.5169345392986333,0.529393737044856,0.3906455644260281,0.41985641219298775,0.3713280105625629,0.48057043053121895,0.48332784641495885,0.4303250190541434,0.48066419305930524,0.502117082618292,0.527389408165015,0.38529041111692636,0.3840190031659511,0.5559473968804397,0.49385013042202175,0.43226978406573,0.43776432219789024,0.3713226754587509,0.5130552197012547,0.5661029402843945,0.37211246201237136,0.4738375998889122,0.42864494449946877,0.4196071313856513,0.5275632081995192,0.4429067113116867,0.4139672481029785,0.43332771968005723,0.4183299116830369,0.42810977305305004,0.39630891836313636,0.5738309218548706,0.3730001251425757,0.5509232605910088,0.5407084159148843,0.48502377536018426,0.4790380743849613,0.5033020059848109,0.3754063245754394,0.5081743401123501,0.36400245320503444,0.5028701604984571,0.5115990052795106,0.514645397595662,0.5272564571798345,0.44307799428488887,0.5011598488658293,0.4742734430994518,0.4828278213979954,0.4755030126706188,0.39294276775646503,0.5002689347104176,0.5110524693101002,0.4158981522391223,0.45674397038150166,0.478811233001737,0.5460048941591658,0.5491001140957049,0.5785864469358004,0.35219755347285586,0.40511618780449843,0.4726127705483689,0.52218017918518,0.4363074203744669,0.3754564977590359,0.5065869034771308,0.465243152734371,0.46846577030511205,0.6023013366928421,0.41212590176311725,0.5208596868116264,0.3568788367300574,0.4997495933683436,0.4074112213150154,0.5475365300605642,0.3542724739828069,0.5213686422582035,0.4090970739823532,0.5116818208751164,0.5519521889486546,0.517934540669702,0.5494014577556436,0.49854566910090303,0.4899083116511491,0.334945071530755,0.45959302214253855,0.431103107873395,0.6946259202718004
0.4200974270276331,0.47026615800333144,0.47281100678514965,0.537837271443676,0.5225312247422912,0.4338416545657542,0.4699938675611131,0.4982703271703867,0.5275847414789722,0.46812610805986643,0.5261758061127993,0.0,0.3964096120558899,0.409642075132253,0.43445016599535763,0.5234624384562666,0.4785853771679415,0.38979393338227475,0.5115995214076637,0.4333741488204994,0.5824031115325472,0.4912763281788612,0.5169758151481454,0.4774724487649787,0.550877765453907,0.49629327746744617,0.445496589952595,0.46448984343832656,0.47028953000783646,0.5132450081089783,0.551243227363904,0.42643916959092054,0.43332895892223794,0.5583203339091527,0.48561161588646934,0.5333354458837168,0.4794212006457941,0.5442530513648707,0.6400635905142255,0.4286525436503363,0.4630541756258786,0.530186191170212,0.4319866806054691,0.55371442020915,0.48243481471525645,0.3811744427230473,0.3623257247749459,0.46387422641059284,0.507973729727262,0.42555566642764453,0.4690642599473747,0.45370415153936333,0.3097579666045452,0.540868046323329,0.5637409889826802,0.5060465547601387,0.4637493730939147,0.6607239924832693,0.3800939498457528,0.42677695859603,0.42508603637938464,0.37656803598485467,0.3831383568884566,0.45504288177965957,0.36467614777774776,0.3510699089805804,0.4487139375444825,0.40176279717586616,0.389261290887391,0.505826299875058,0.4480559233734227,0.4426496802598772,0.43452777928319863,0.46709055470305727,0.4266553022301267,0.33669872476812546,0.48400370727648806,0.5732976758724496,0.42303120782350534,0.40830575764509996,0.37437203770455807,0.5459893767436257,0.4915896860251775,0.4042312700638788,0.5650696274959863,0.5156291132165332,0.480235186402769,0.3960224217733379,0.3982346233145831,0.5548102996995323,0.5385068986073124,0.5289726200060688,0.47267879456192796,0.36759287495577664,0.5214928027756415,0.5682187309278508,0.3944081625624957,0.5587537101047619,0.48309315465300096,0.4117386984310609,0.4971835172048169,0.47394785358574065,0.48663981229717135,0.528887362352471,0.4457893219944177,0.44130321342471607,0.42859411695480437,0.5540140601227331,0.38153298556812154,0.46302927652904985,0.577830371023396,0.5842588972879258,0.41358368765259107,0.5803766278999192,0.3784565380759164,0.4768301281441068,0.37964643829839967,0.5034811420529544,0.4656298037987577,0.5494223264017275,0.544212035979252,0.5444819669397069,0.4521918751397755,0.49205865155789474,0.45376095309798703,0.48339796140294156,0.421569491835028,0.531904911056009,0.5355663851665736,0.4029569103379316,0.484118281904463,0.49836657643490134,0.46104019626701365,0.6133292828168819,0.5054996706877082,0.34401091706294934,0.4002119637090136,0.4585410205701501,0.46285699982068446,0.548577453221031,0.36180442453597456,0.5052480992388618,0.510070090364915,0.5546466360033765,0.6004552882485196,0.42034218336614154,0.6320951808475019,0.3754783717974752,0.5162746351431619,0.46419714942903556,0.5693485487264589,0.3773658636870714,0.5440140810787939,0.41041429149051495,0.6766435784008396,0.4951945059244465,0.3962633930582034,0.5623678603927611,0.4282035074049737,0.4817654188774499,0.3322130603476758,0.46699066774168113,0.5582921700956623,0.578615571074081
