0,1,2,3,4,5,6,7,8,9,10,11,12,13,14,15,16,17,18,19,20,21,22,23,24,25,26,27,28,29,30,31,32,33,34,35,36,37,38,39,40,41,42,43,44,45,46,47,48,49,50,51,52,53,54,55,56,57,58,59,60,61,62,63,64,65,66,67,68,69,70,71,72,73,74,75,76,77,78,79,80,81,82,83,84,85,86,87,88,89,90,91,92,93,94,95,96,97,98,99,100,101,102,103,104,105,106,107,108,109,110,111,112,113,114,115,116,117,118,119,120,121,122,123,124,125,126,127,128,129,130,131,132,133,134,135,136,137,138,139,140,141,142,143,144,145,146,147,148,149,150,151,152,153,154,155,156,157,158,159,160,161,162,163
0.0,0.7859531127000716,0.7717336658323581,0.7022973724246033,0.681043731066752,0.7844420717436155,0.7179895968685167,0.7253808990758709,0.774974294574863,0.7921827243921552,0.7524420302189533,0.7294179662787122,0.8082420032295581,0.7522296374716786,0.7596177613335306,0.7840625775261792,0.7948056441110155,0.8348371016157772,0.7458659347025255,0.8517649611541573,0.7779402809791339,0.7833226964338164,0.7174636195703282,0.7151146958646736,0.8358492243791827,0.7037333851347518,0.6656352598878478,0.7868164932599316,0.7252556888678976,0.7110362740766387,0.7964331486976434,0.8252316174786622,0.710001402881596,0.7593418372034916,0.8226766687209931,0.7564168316148832,0.7902827801318221,0.7780152486412831,0.7062247939069886,0.7110365204106097,0.7211885976570612,0.7505402185957375,0.7804078084750882,0.7777608647200437,0.7812972000506878,0.7914467108215201,0.7223097648188438,0.7543247402661223,0.7942777846976453,0.7850352788579932,0.7900330121667057,0.7853146945810429,0.7050020115077836,0.7435464436750484,0.7603512396777783,0.7654883207600652,0.815295603306689,0.7315142745533201,0.740792799420113,0.7822346574137532,0.7343428539648937,0.7410124394777852,0.7595960532882625,0.7133652846049531,0.7689796248628137,0.7736488173239452,0.7424880732921628,0.78565707480013,0.7517857017099996,0.7542171222292019,0.8485333870524687,0.7649202782357629,0.7374861786482834,0.7833921114227934,0.7872823659828346,0.7784443664464218,0.711892360516139,0.7000415049998702,0.7540080362118049,0.6895086989306243,0.7594833751818716,0.7945410130684186,0.7583788913046595,0.7588927424204591,0.7621637650448283,0.8007815691999283,0.7150957960497899,0.7473716801961566,0.7991225119120634,0.7207814418665592,0.7667925109047602,0.7633692832769383,0.7863585341632248,0.7853768805340039,0.7746809595892791,0.7678590133882846,0.7003514421803056,0.765428850316887,0.7087714829158276,0.7807911358082388,0.7501729449954933,0.682659061791458,0.7033823475888364,0.7431284218332507,0.7949355177372045,0.7932131874619126,0.7503884139222693,0.7687956203688825,0.7509568773060579,0.7670841794409456,0.7453416885635981,0.7410908393402945,0.7938050204790755,0.7098130394321919,0.7805166386381037,0.7645508030221572,0.7757520827302412,0.8078998285663236,0.7345407129153299,0.7412134839461169,0.7474204745551467,0.6895663299939987,0.7741633123024259,0.8106278546162369,0.7460596197412999,0.7692704905363191,0.7202449272508493,0.7126971279285651,0.7878702131753821,0.7554807235568788,0.7444603650088044,0.756060472345109,0.7149724454011445,0.735133677685543,0.7610573090935273,0.7546181015425086,0.7578880874304003,0.7369472963529,0.7195577191806624,0.7550879871121517,0.7204950168227178,0.7829801139043306,0.7884107828050685,0.7318425577760215,0.7655566116059255,0.7109585959412652,0.7576615699486078,0.7317041380312068,0.8426068354315164,0.6705907144617855,0.7828286796693754,0.7305677205742318,0.7287542088479246,0.6870321054566559,0.7689833593534938,0.7997122919186325,0.7400766492876432,0.7581904378739978,0.7023579866568603,0.7713057258833889,0.7196225090075509,0.7738496258955875,0.7002149464407703,0.7766620686053293
0.7859531127000716,0.0,0.7652013792603947,0.7338691671905664,0.6735534504620775,0.7430448614046629,0.7329527260854172,0.7010504608437703,0.7413729975876152,0.7976365132802956,0.7324987757291183,0.7467577624226066,0.7518486096790968,0.7322138786843776,0.7794934689130266,0.7322279679006588,0.7832019154134109,0.7784912557396114,0.7397596249489393,0.7806506272785323,0.7648097370314483,0.80726560956095,0.7443068338852314,0.790978069371033,0.7764707206153052,0.679299016945553,0.6902960686782557,0.7973429903424702,0.7683693726799047,0.68780192048221,0.7450863901222025,0.7143224483291044,0.7576760333169513,0.7386349603146157,0.7724806272383741,0.7296767869715407,0.718316208545374,0.7404072257310577,0.7107774191385131,0.7647342796185101,0.7856489892703592,0.7407988149032135,0.6810378269211667,0.7352909218981677,0.7510061587329312,0.7673104886415998,0.6878063684632263,0.6905826245580842,0.7616862978223855,0.7234952930852163,0.7319580594182143,0.771111498102638,0.7102719784553482,0.760826703674019,0.7171888336703438,0.7644352747029982,0.772829139374911,0.7020097741931766,0.7095670250695526,0.780199261078499,0.7069219566090216,0.6688610013335188,0.6876249939639091,0.6818860060895376,0.711444245709488,0.7029128603667875,0.727985697243913,0.702967245242747,0.676359861289856,0.6980291274776395,0.7501024595205019,0.7252841354905798,0.6779391287550636,0.7522753538053139,0.759831763838033,0.7115122721040051,0.6741259193077955,0.707714472545357,0.7231512132329754,0.669565554534928,0.7276917330587516,0.7561110393697601,0.7761469203807301,0.7233873750008653,0.716819708596839,0.8367000971478704,0.6447095080253189,0.663704370700417,0.7471374152953867,0.76356852244755,0.7202425408296456,0.7390223294786763,0.750165596133959,0.7511754375318368,0.7555490656900425,0.7501518564112754,0.666622403968272,0.7532755791444857,0.6700623110511454,0.7664583164858831,0.7264556055154681,0.6230481474268669,0.6533356793601676,0.740038652217866,0.7128163980244464,0.7542997943163131,0.7098315067487494,0.7954564045297599,0.7691814541766359,0.7928723268862589,0.7269712298971855,0.7003637639109327,0.7140462574384455,0.6926193125493517,0.7467521066569567,0.8507399155963071,0.7453373845169707,0.7170512934956136,0.7125341492390668,0.722983519029285,0.7364886587774906,0.6516527686841043,0.7364683089875348,0.8057488556702943,0.7064802869639583,0.769472405748573,0.6840050953274399,0.700755934165741,0.7882139587023071,0.7302433175729072,0.7413636895664307,0.7122877632601529,0.6803191185250979,0.7452924967970468,0.7378677841872683,0.7078934145000993,0.7438090540103127,0.753536112502712,0.74411976605182,0.730124618374856,0.7044839195916721,0.7147283071290186,0.8030988673841446,0.6974523555435044,0.7349246854190697,0.652497023176662,0.7632626585145266,0.7487195131987785,0.7871166802288752,0.6709885903842269,0.7228366336446118,0.7238944189471468,0.7475845125046323,0.7138701636277461,0.7764097733470353,0.7525397459658155,0.7746673238239862,0.7739269483051747,0.7296332644499793,0.6987074651210412,0.7184521995915183,0.7354232020701292,0.6964892120955277,0.7793182400336135
0.7717336658323581,0.7652013792603947,0.0,0.7336484235797897,0.7326510682788545,0.7617607684600427,0.7342774664198141,0.722820799236656,0.6980409365542076,0.7542592221994193,0.7865692149864228,0.7449255132595316,0.8138422351058568,0.7111236978434745,0.7587980977780894,0.8342191667690454,0.8282886577006979,0.7596227028248588,0.7033086381889195,0.7362951614176498,0.8096058711244383,0.8477415088897741,0.7169424923106904,0.7682202568192769,0.7474711525387476,0.7633990679070168,0.682980810341663,0.7587748517429053,0.717322444061296,0.7002370304882727,0.7119232627668471,0.7627397855337856,0.7326641291097409,0.7353396435493021,0.7139188496438821,0.7443850386935634,0.7631969213991127,0.7325517606748791,0.7181288962044147,0.7610012052325494,0.733912632401833,0.7385657735394523,0.7410840609451277,0.7475799607212171,0.7764947374268191,0.7780832649869259,0.71292671692226,0.7484708796309483,0.7560352706576452,0.7576723180935845,0.798933547228189,0.8008921973697221,0.6637044192008151,0.7818442615384572,0.7580613392452225,0.7149315984679543,0.7692843674745401,0.7585571052671022,0.6978652554342438,0.7754806322557665,0.731736586017825,0.7064684349247446,0.7447580348084968,0.6720501274715398,0.6955103557057124,0.7159503923481938,0.7433162968459949,0.7720410954865232,0.7196021368912578,0.7229022363374104,0.807522808058634,0.6880554971390757,0.693626743152844,0.8481085298225274,0.7561981428360207,0.6676216590664478,0.7779117910817438,0.7511747099395177,0.7172929950691687,0.6630900514247535,0.7084966227658103,0.7543948987248456,0.7610546982434564,0.7138871604665397,0.7205777286615692,0.7741339271651052,0.6743383361952042,0.686780570437246,0.7235229171151422,0.715109556618095,0.7869643374439536,0.7007772996650655,0.768902183856877,0.7117234121910152,0.7397921103478372,0.7287146168632753,0.6668041428754045,0.7087480173234487,0.6530535826770724,0.764092901173296,0.6882312572492033,0.6876918412030466,0.6685752595829354,0.6873242114658958,0.7190273266931918,0.834059817523541,0.758708986098068,0.7382355756464631,0.7641397889782611,0.7717810834730819,0.7544023759545609,0.7115244157161671,0.7374722029279422,0.6828153071771254,0.7371298192101441,0.8262366164626969,0.68252513482887,0.744777616606042,0.746326571626594,0.6986260109082391,0.7561129320778907,0.6777080742049377,0.7069117705741697,0.8078179864445509,0.6509280233369544,0.7616515277413735,0.7166413238055064,0.7783574505556401,0.7683089155256907,0.7285841193443615,0.6903712781386756,0.7776701853242589,0.6782634298150297,0.6987384236862727,0.7290873554447631,0.6774570674669361,0.7029069170767338,0.7319237046996918,0.7269823518372657,0.7172722604270373,0.6654036825497568,0.7333084110733332,0.7582646367106474,0.7032838139975235,0.738030674121714,0.6797702744367528,0.7712612133436234,0.7306954366367835,0.744341162604594,0.6531818519788769,0.711013647307888,0.6578084609318128,0.7494927053012438,0.7447618456167001,0.7522736834684147,0.7520134067178793,0.7530816418661721,0.8087048200442315,0.6697574138534104,0.7434829798874117,0.6796538824307473,0.6701458055011988,0.6612986819970963,0.7680491801437043
0.7022973724246033,0.7338691671905664,0.7336484235797897,0.0,0.6578775966139451,0.6890898843453244,0.7307035060674485,0.7059378000520652,0.6613178037399786,0.7171844799104471,0.7617695532958498,0.7234449236945906,0.7137610767363685,0.7115454062122624,0.7427687808791905,0.7048515217937483,0.731239878902836,0.7090402892135762,0.6992499842795465,0.6841308473696017,0.7341806169660483,0.7490367967401947,0.7231162475421996,0.7147505670387455,0.7210685309238312,0.7336888847420088,0.7044456531338779,0.7607041586006826,0.7195704147571415,0.6221046579727709,0.7033500676347982,0.6837893013768332,0.8124973362481741,0.7424524474604702,0.729030952466229,0.777835356348268,0.7044120070652174,0.7170275811774085,0.7178221158816336,0.7464801467261394,0.7601781943343809,0.6741606493391044,0.6775109941819848,0.7365080274638561,0.7550243662607526,0.7030942267470994,0.6176973725444528,0.6972048354800228,0.7325991251563381,0.7036508911363168,0.7474430822831537,0.734483452759327,0.6384401837957221,0.8211823864922152,0.7893014278553834,0.6571887327457198,0.7122820997010028,0.7142310180674215,0.6886371080295356,0.7363520249784171,0.7278626367680425,0.6553674569178846,0.6878263773967662,0.6720198665210428,0.6580838132746167,0.6661212372188744,0.7501275055477017,0.6655333966481773,0.6829696840657912,0.7082303382129179,0.711562440257825,0.6848643947056142,0.6950938478126456,0.7700992903660846,0.7113030175148388,0.6335491537730312,0.7228891877058259,0.6926105091058801,0.7006097284657711,0.6127652256384457,0.6536400092414999,0.7400445213024598,0.6660772927908969,0.6983766724461501,0.7108739826050893,0.7329345284261761,0.6645886779352376,0.6702719808033004,0.6892019887566906,0.6810522384023607,0.7432031426611619,0.7139121054854441,0.7285660135436212,0.6724709886600758,0.7449036316554275,0.7150549708202426,0.652755109412771,0.7111067125704522,0.6552337289374095,0.7532310254595734,0.7051552036929366,0.6630922111051436,0.7100473160758798,0.7187822550029263,0.7112096183549548,0.6992907963867088,0.7041287465065909,0.7099750235612416,0.7092455230744474,0.692032331773381,0.7564760600070122,0.7155387456366323,0.7161842138912107,0.6888168751736862,0.7186049637192473,0.7341391750743211,0.658261332840254,0.6866067467043939,0.7461364132095659,0.7205504852645948,0.6936216887236597,0.7038912108805695,0.6761582793507244,0.7258823981834326,0.6483878467764497,0.7449516678972296,0.688340055428665,0.7025597052091779,0.7854917520836034,0.7001300040333398,0.6392094863525786,0.6798824025200011,0.678011914592074,0.7253695312794329,0.7190258517095011,0.6309576853435178,0.6269081811997527,0.7414080908023526,0.7470024291497726,0.6964029469147489,0.7129281147181886,0.6822914423719527,0.7456535984110634,0.7186637769454818,0.7184007920663129,0.6597186620624186,0.6952529554125925,0.6700065493928902,0.6984969651311208,0.6373793707177489,0.7313433296900643,0.6566281977345402,0.7285154886511823,0.6626530832276173,0.750279493193283,0.7162137523138704,0.7019299745490233,0.7201220559776547,0.754071873926478,0.7085070902609679,0.656162499274127,0.6649868155500251,0.6601081879139336,0.7328605397700942
0.681043731066752,0.6735534504620775,0.7326510682788545,0.6578775966139451,0.0,0.6579530890707046,0.7358419542345475,0.6156663500579984,0.6481250941737527,0.6749203729571706,0.7206757519371917,0.7141336627741726,0.6620224358230559,0.6511186098635505,0.6906691276479127,0.73221488037542,0.7172004494907076,0.6711056483288809,0.6450339629836753,0.6504557218064142,0.7296322477858425,0.7241314042130965,0.7042065045744372,0.7053589512342953,0.6852190729287594,0.7213359308434601,0.6355329992092524,0.6477615958840568,0.6956320023613147,0.7023269770082188,0.6623851822261351,0.6768198141168493,0.6542197975621366,0.6753135898387335,0.677043269667873,0.7009971117524165,0.6893889414821457,0.6829998625574727,0.6886527134656519,0.6869823347172859,0.6866479581178879,0.7057604558002627,0.6879709369928236,0.7433647691139516,0.6583975830623591,0.6613018315823356,0.7013176707433569,0.7153038115993255,0.7250017565614544,0.690208822276508,0.7133749506013395,0.7049037993427271,0.6019017571943417,0.6834652463837547,0.7057484176565236,0.666940990598265,0.6830093714452855,0.7178271983293207,0.6404901611029679,0.6752116377700024,0.6045605418721027,0.6501833261788443,0.6509238686267611,0.663738188244522,0.6382565051428136,0.6160269380723513,0.6497014846759034,0.6960145581744075,0.6541663926563249,0.6362388949969412,0.7030505721870984,0.6562801491913296,0.6361777835780693,0.6969579534644955,0.6419690756842779,0.6125273747315961,0.6875908610408521,0.8038174441938747,0.6375552256925111,0.6511089695070841,0.6458174529528302,0.6797666122396216,0.7106138075762739,0.622287813587572,0.6778920459589755,0.6759315393858486,0.6097130985249598,0.6417043266544097,0.6310922455770109,0.6510033677602787,0.7790230435800034,0.6755213454903894,0.7384190137670278,0.6285302026016707,0.6877786902873642,0.6936351314557128,0.5848777788948576,0.6646393367730457,0.6665883180930343,0.6458673620523077,0.6555319301664658,0.6150878945607094,0.6531166178568131,0.6612971749561045,0.648901116867786,0.7032312129786767,0.650724419126443,0.6787164491920264,0.6849491157497636,0.6988256301433138,0.7182275658212289,0.7045479070775899,0.6432384936019856,0.6465504329583589,0.6484672300508085,0.7003496139547507,0.6260851077978054,0.7289285696686841,0.6854809144334534,0.6662288264374638,0.7805892893964838,0.6256605229328497,0.662580839053031,0.7282594525193113,0.6378909844114113,0.6886325311295184,0.6553216812426094,0.6997077061982157,0.6915424163074779,0.6668046465553474,0.6398494407758736,0.6850990633053425,0.6121249848719956,0.6673741142202192,0.6537428335498763,0.6463421623605802,0.6610215156835706,0.7046909890688073,0.6575521488628685,0.6823093721358537,0.6017371136086997,0.7058424500015554,0.6840561141645904,0.6712860088648934,0.7205709613406833,0.6668595601318628,0.7294095312394614,0.6563506019786944,0.6862469957564487,0.6463890225632792,0.6504869016599877,0.6248282906294698,0.6837870465298187,0.6938386693104913,0.7024670128918677,0.657940633955034,0.6445855724293778,0.7213819781574905,0.6318622385298217,0.6936287508677225,0.6173876315226151,0.645189339719693,0.6478171786018585,0.740262235694849
0.7844420717436155,0.7430448614046629,0.7617607684600427,0.6890898843453244,0.6579530890707046,0.0,0.6615781357439241,0.7258139406273004,0.7318862002166657,0.7234070472740163,0.729437463251189,0.7554921280821374,0.7433395493206191,0.657115343503738,0.6946234173619718,0.7656571996391259,0.7599528958331421,0.710921036969983,0.7712363187831703,0.7457367106942118,0.7820156733322777,0.7362319019740182,0.6531156716586473,0.6879522898835867,0.7722058244614212,0.6711283164704096,0.6118236331026463,0.7374078530475362,0.6771319418580449,0.7095928133141945,0.7416768154666674,0.7645771012397667,0.6882423428892899,0.7216093317170261,0.7066300762794252,0.6961196895078743,0.7350871049386095,0.7171111007609325,0.6992060247310606,0.6533635954045757,0.6954243253808534,0.7405375489592756,0.7183581757448207,0.7482766706925484,0.7105591336794114,0.7257124513231503,0.676790896903029,0.7284758206162801,0.6949208075859973,0.7068981277034311,0.745567819147056,0.8002352411351429,0.6678852762288969,0.7341893026903465,0.7076470570835575,0.7469281278818647,0.7640244245254524,0.766976730445851,0.648423362522689,0.7084878203608038,0.7364520713326083,0.6978070476717623,0.7675103405209543,0.632265915438571,0.6991433963394589,0.729008112495902,0.6817668833387047,0.7231735176158673,0.6584401306236689,0.7338564753978097,0.7759829411579394,0.6615791491909049,0.6870498578827837,0.7361161387361161,0.7835967012610342,0.7022052225633107,0.6874177408935636,0.6744012993744751,0.7218826495583334,0.7081902302334301,0.7758939684176077,0.7560830780190136,0.7493840979975996,0.7306379730613269,0.726822277701252,0.7596279063973627,0.714668472961054,0.6591912789903492,0.7340229581514023,0.7076239945641053,0.7183373189805645,0.7119830612499884,0.7160772102524451,0.7424844629638099,0.7069013878108151,0.7408778852813948,0.700176800121243,0.7403399822816398,0.6477383765113984,0.7127232999284718,0.6746266766536724,0.6715801289398836,0.660051746251637,0.7105185802885937,0.7263784837044115,0.7510973385025469,0.7336568258963699,0.7334793699467144,0.6814875413111258,0.7509303166221445,0.7385103658701441,0.685651794170679,0.7558183686767319,0.681855390979694,0.7194435968933489,0.749182784366388,0.7384179930739296,0.7024499642361925,0.7269579127634342,0.6941798168390739,0.6869520015501747,0.6831147952475835,0.7347606121396779,0.7888380311994759,0.6844642324956767,0.7464448942790847,0.682344003704912,0.6926819476552003,0.7453292049040755,0.662092805327173,0.7239583199922056,0.7941819113481958,0.6837027044905486,0.7256203515491039,0.7236827199650434,0.680758744624908,0.7199285805108411,0.6541289071001267,0.6437731875748369,0.7190742351009151,0.6771515773934916,0.7236544080028231,0.7281490808089751,0.6901994477847686,0.7168075137395992,0.6481974693820324,0.7607598374556779,0.7142179663681697,0.7551874124825461,0.6620358056110404,0.7445666378904782,0.6956787912630257,0.6924229383824451,0.6351519965516996,0.7749616349391522,0.744560768705803,0.7068618850895211,0.7841902274944361,0.6426144172009819,0.7227636605461978,0.6656391265703187,0.7234388588446787,0.6745356590720766,0.7477464534634102
0.7179895968685167,0.7329527260854172,0.7342774664198141,0.7307035060674485,0.7358419542345475,0.6615781357439241,0.0,0.6358461992083112,0.6597095208784354,0.7696195419558822,0.7132583769646968,0.7041525290190755,0.711740336586496,0.7400377724034304,0.7353495535441869,0.7045954808444872,0.7275502583629406,0.722676584788209,0.6463605671727156,0.6754799235777768,0.7172785526648705,0.7397678572890551,0.8103758168698776,0.7330680858167359,0.7387547936875695,0.7457112552179271,0.7002201857266933,0.7006844607403833,0.7385828698671604,0.6512602814022228,0.6875727477897547,0.7065664183070199,0.7130167428207296,0.7483473749785432,0.743757031162812,0.7454263156670966,0.7215031471643107,0.6842892312653147,0.6622032449877318,0.783483228415394,0.7044203254925564,0.7222516267877245,0.6804318722747567,0.7442806054605619,0.7283778174894731,0.7006982798088114,0.7145196012169197,0.6986999807075429,0.8268602371004117,0.7027587520486093,0.7377670864056545,0.7139090288846701,0.6233539384308643,0.7198519516656102,0.7413187834632401,0.7116140097002658,0.6869354927130583,0.6754243509404352,0.7365385653157848,0.7209901309316437,0.634197776072577,0.6617664132650768,0.641239193810437,0.713480511863562,0.6598283915959079,0.6416652073186218,0.7393481299693936,0.7241208183755748,0.7003813518120099,0.6501971934796206,0.7153476013568997,0.7087549441711323,0.6887849225387058,0.7485967656962563,0.6501065778724772,0.6550702097124813,0.7064761657430843,0.7808223101902962,0.6483428248585109,0.6270533576089966,0.6463476121409812,0.7081061636517495,0.6996954237904124,0.6404578479640046,0.6952519040343715,0.6986580492364678,0.6201448622012933,0.6980359859066231,0.6818707332563002,0.6833210096948714,0.7728482749541395,0.7507934818472608,0.7380188574005379,0.6506794234405817,0.7408776427444825,0.7319434914018029,0.592580279417281,0.7300370356509509,0.6946095292013207,0.751122005644741,0.6971852809269112,0.6197636497453344,0.714347968052158,0.7121690266388928,0.67563598067992,0.715812736119174,0.6669153767435257,0.7250290026413482,0.7500457217550439,0.734915388897431,0.7541145060857257,0.7177413189110474,0.7023192914205775,0.6568741974593106,0.678927450357804,0.7275019458864159,0.6603064152622771,0.7414278237271236,0.7372792725518352,0.7178433220809829,0.7289161185352828,0.635492903139264,0.6933530971391987,0.7384019471477795,0.6567368052219283,0.7120690420230337,0.7020741313520978,0.7005631026477948,0.7502121175310454,0.7164706790945844,0.6574080769747831,0.6516076089848029,0.6277885331732161,0.6708206509063686,0.668441830905131,0.6481446531515795,0.6550016610236732,0.785098523376408,0.731772842423931,0.6738848992746783,0.655098303801107,0.7142265702923463,0.7556555860929224,0.6917985953295294,0.7293940183912677,0.7499280229185749,0.6941339643191167,0.6685647908890547,0.7267260680182609,0.6267443544163741,0.6712668149662241,0.6446463052755877,0.6839724098659805,0.7759762821417515,0.7208340561666061,0.6894362406165944,0.6772784154901814,0.7321124934168937,0.7210791740413087,0.7268323076798572,0.6723987142333565,0.6703293649817192,0.6607045631024533,0.7211989734650006
0.7253808990758709,0.7010504608437703,0.722820799236656,0.7059378000520652,0.6156663500579984,0.7258139406273004,0.6358461992083112,0.0,0.746896500816779,0.6999411685570835,0.7157192045602855,0.728466271340927,0.7396956632077516,0.655358199564205,0.7208431203913427,0.7376301909462015,0.696151000547884,0.7096417249899997,0.7082307658507188,0.7201411992284716,0.7034435743152727,0.7208900388162097,0.659156117916137,0.6566931430538644,0.7313686470281953,0.6791939453631436,0.681247406223462,0.7297835085399591,0.6441970667879087,0.6832832399110401,0.7784570482190823,0.7091432006477192,0.7078197259283445,0.7049415590409523,0.6815169209214733,0.7071708855839249,0.7357875392115204,0.7389110779667769,0.730214781002739,0.6495768186988959,0.6822971941788929,0.66385867369687,0.7227194687057761,0.674556832406868,0.7862167940355159,0.7357269521892075,0.6165496216046319,0.6785696416206451,0.6767855742247505,0.6951608191859168,0.7119777370773854,0.6878879489006431,0.6269454334821203,0.7085121588330697,0.7192433121058347,0.6735118368041686,0.7203061379418955,0.754100791659621,0.6315388656885118,0.7204155185309982,0.7882970679084167,0.6810523282740983,0.7165168547158214,0.6266298275384339,0.656536911299256,0.6977764043740305,0.7064361713426323,0.6919461236963473,0.68472665854268,0.8550554971899824,0.7437649880526235,0.6595153393782911,0.6514808903305206,0.7287837775626317,0.764276617920565,0.6562281031641117,0.7104427092684102,0.644557661094373,0.768667888342475,0.6109231758166526,0.6625473474976263,0.7445116194479776,0.705639108349892,0.7483745180346497,0.6874280150231009,0.7786715835370529,0.7616042713012101,0.672505942591462,0.7507849337630403,0.7311782876264299,0.6961231208379536,0.6824877375209667,0.6913736984837172,0.6773296331356888,0.677854699901604,0.7216504739756794,0.7097265925800318,0.6847863364349811,0.6199974786806153,0.7113056005924373,0.6840388847292296,0.7579239309631762,0.658799203560618,0.6989316322790011,0.7292108496862958,0.7401205503918247,0.7228452825532684,0.6954383826589653,0.6713657733389322,0.6648003129549364,0.6727252013922504,0.6773024094860042,0.6925254883211213,0.7149420863347099,0.715506959060732,0.7136535296577682,0.6600260608812778,0.6940398506136315,0.6413879774636811,0.6907590914870317,0.6597747782204,0.7773838607329013,0.6461826842314575,0.721891413113398,0.6328917615048559,0.7427094066421435,0.6545970254206676,0.7615833737247136,0.7020104942902261,0.6880539713114298,0.6975629998962407,0.7243525645883611,0.7377504160244402,0.6976832269787036,0.7239015244471418,0.628629124549554,0.6779219866701527,0.6641638712674979,0.6955293161739328,0.7563931769933161,0.6855696057505746,0.6747639124019329,0.6975941041909774,0.6855401392598376,0.6949187957407514,0.6348761209114495,0.7369276857255572,0.6933799898014539,0.7165607211910238,0.6295712178657638,0.7662844539740654,0.64797755360051,0.6960889283430066,0.637977719965549,0.7404237015396558,0.7983821465595881,0.6993452318299591,0.7254434902536915,0.6391322465980168,0.6779330517672799,0.6340705391412614,0.6579784399964632,0.6636901747721722,0.6979420656852598
0.774974294574863,0.7413729975876152,0.6980409365542076,0.6613178037399786,0.6481250941737527,0.7318862002166657,0.6597095208784354,0.746896500816779,0.0,0.7341702058316155,0.7013746610303889,0.7569867970335944,0.7004597444224702,0.6742968965618968,0.7030776005282123,0.722844768240127,0.7065440431857226,0.7257392145808583,0.7371242604913826,0.7752150600396566,0.7179097870645339,0.7258685309857904,0.6912973575840257,0.6614711645402493,0.7941300381466705,0.6436829958122903,0.6638096413415925,0.7233155697026385,0.6664372507128992,0.7575579518699923,0.829419226951128,0.7242642355062459,0.659677415631372,0.7192084216737248,0.7437856928417276,0.7079031237527613,0.7252791694329666,0.7580838911275409,0.7164800660522594,0.6401348101969951,0.6764910631642587,0.7525860179945408,0.7023928150563455,0.6981635700971991,0.7256455986808145,0.7056254153055272,0.6538755489617203,0.6743987669530201,0.7127543814061965,0.7025670353335154,0.6962123273721412,0.6882695494514256,0.6458266205019147,0.6777439005957089,0.6915343674522219,0.7702186775647331,0.7371621561191484,0.7434979042475144,0.6522746732868893,0.7104170693089041,0.6868046581394698,0.6805136768677856,0.6754163608827386,0.6732816926594734,0.688026864443966,0.6792014425709321,0.6862794073776375,0.6921429036307083,0.6772866038685998,0.7612458418961189,0.7402951799279134,0.6969067214551401,0.6759279756431604,0.6922045492780842,0.7473367752968132,0.6947665605714135,0.6590348617450189,0.6622351348120581,0.7142048981559073,0.6453279245043381,0.6893911497697606,0.7731100685034944,0.7479599794705076,0.7061785570371454,0.7216836390972867,0.7936639888140742,0.7205315364430326,0.6802810309646998,0.7436405233038417,0.7747021119230324,0.711703901560684,0.7524214084654276,0.7060025024190413,0.6936761109159703,0.7123240164783264,0.7537415248847205,0.6786000605244991,0.7480438574903189,0.6884810030095675,0.6894766728915291,0.7091169902141581,0.6671834840463305,0.667951964279327,0.7372786430853494,0.7322850008396521,0.7147894261915065,0.6848453884553914,0.7548606365150885,0.6649841968948518,0.7043061276037228,0.6886208215664035,0.7144889018796912,0.6955689301692091,0.7483974158105393,0.6861669752924073,0.7151541491298741,0.7124584819468253,0.7408285348180964,0.6460070931797322,0.7383063061934871,0.696457425118204,0.6982848497896482,0.706243996311207,0.7332841954258335,0.7211438045598954,0.7119302287269573,0.6680422196406309,0.6997085172573402,0.7083093501772353,0.6786205951267659,0.8192574351414244,0.7233106433866163,0.706921747765053,0.7570309642467526,0.7272979027802424,0.6682509898432454,0.7281189027512607,0.6681567707732888,0.6751395033378172,0.7813009663342458,0.6578759064124363,0.7304562635855455,0.741257924739939,0.719815494542661,0.7288262153459748,0.6651507190490512,0.7859094516375896,0.6859787649006867,0.7962207264765762,0.685386674575755,0.7676061716216728,0.6924626791296155,0.7105394111614162,0.6460035548158051,0.764789041351053,0.7781926590012406,0.6834797034082759,0.7213604986310391,0.6429318227297853,0.6841193684804855,0.6423121473805918,0.7432027357195793,0.7274648026307665,0.7464070899081603
0.7921827243921552,0.7976365132802956,0.7542592221994193,0.7171844799104471,0.6749203729571706,0.7234070472740163,0.7696195419558822,0.6999411685570835,0.7341702058316155,0.0,0.7168888603662021,0.7143659983911479,0.7829778135662987,0.7816520955233134,0.7381768137354887,0.7540736709666918,0.7754523000467151,0.8117334228454808,0.6867980121725231,0.7452186757589891,0.7302195376204709,0.7432665124004122,0.8022390580677898,0.7082552736965193,0.8331480809493228,0.7146779828691351,0.7302398688615597,0.7821594879298928,0.7711064570992984,0.705950729713281,0.7437777894321818,0.7648502738411627,0.7203708997445393,0.7629006991811257,0.7735129495922696,0.7393047184087088,0.7629609443628648,0.7551523231570457,0.6671815030694482,0.7565648946705706,0.7231166327344594,0.7526985430274263,0.7123512718426386,0.7292954047577599,0.7687739959727997,0.7742377977828048,0.733693790602675,0.694742575946951,0.8227861732823201,0.7196415826187796,0.7397966154492664,0.7367738576326969,0.6736394723778889,0.7065827385812857,0.7331324235818358,0.8037660219262942,0.737303409550486,0.7045210937517317,0.7455419958737889,0.7650054120790054,0.6839675039795519,0.7103728853369768,0.6819666263816172,0.7166930801381856,0.6936654022826306,0.7005055948757953,0.75277868986664,0.7596592565735903,0.7476142873695144,0.7217336062197695,0.7542231309432081,0.7639121529147095,0.7049685724747387,0.7602543727270966,0.7325169176110675,0.7524680532433715,0.6961826537623792,0.7458838045851999,0.7219959550311406,0.6788227573531354,0.726821212802128,0.7301592323690521,0.7686056070986808,0.73302003880469,0.7360945741163004,0.7874401671394752,0.6678476385096141,0.7263706356891491,0.8102928872790967,0.737877137698054,0.7580682078337604,0.7692823085081877,0.754835161118324,0.7092698606406695,0.7681586713211919,0.7818803942527228,0.6339547041555688,0.7875795509085614,0.7058089813688956,0.8047400880314903,0.7434891657989816,0.6455463462437097,0.7080323392225464,0.7764566834987046,0.7308402082091251,0.782489414235507,0.7114432764058937,0.8297005434374874,0.7858968366801903,0.7495964563180183,0.7156802722042284,0.7237523736771524,0.7463369448721655,0.7270227890566734,0.7476983873630753,0.788969790428235,0.7555026950529483,0.7621325622713354,0.7229289153740658,0.7926512381656955,0.7210590165805102,0.6844975982766998,0.7332526931051239,0.7923003135110039,0.7030124972186574,0.7678975180949501,0.7139227364170628,0.7061027665106387,0.7951372186143858,0.7627322602305671,0.7711449360389723,0.7004171280107834,0.6948723351198052,0.6994382778325998,0.6880501467602779,0.688384987632265,0.7326807769965656,0.7591826957012824,0.7511801731652622,0.7326407123058427,0.7140830653998411,0.7578388571269794,0.7852878061420968,0.7072124772187287,0.7574420383891439,0.7189967162113939,0.7139139253246839,0.7590646070175784,0.8410415263891402,0.6747593489061796,0.7101104453006863,0.7242146484021379,0.6896317494710938,0.7470101918182478,0.7787068540711145,0.7545860353463751,0.7186220549885207,0.784865658611669,0.725048119203623,0.7591498205334247,0.764783107419062,0.7495995538088261,0.7288852293886557,0.7353096493714054
0.7524420302189533,0.7324987757291183,0.7865692149864228,0.7617695532958498,0.7206757519371917,0.729437463251189,0.7132583769646968,0.7157192045602855,0.7013746610303889,0.7168888603662021,0.0,0.7558040444251675,0.7645301770035174,0.7126964837348381,0.7361768820438356,0.8112229432337568,0.7722757374114655,0.7243091580071018,0.7035645292176523,0.7321305280189097,0.7768389152592038,0.811625488217917,0.7138019870959902,0.7484424736044695,0.7578049240682155,0.7836025802176166,0.6963385659128248,0.7604038171485124,0.7420361085913978,0.6806098974947309,0.7295332419330756,0.7208098737705712,0.7252481296480583,0.7424657082111896,0.7466944088395145,0.756438163898634,0.794182661317323,0.7715692648551944,0.771929814838895,0.7293068593667728,0.7260352284633144,0.717297451396087,0.7209677764085382,0.7922148507736524,0.7572711073891855,0.7054814037905902,0.6362680948716574,0.8199715706766528,0.7595156980912254,0.719031593617413,0.754533069578907,0.741414318025032,0.6252746584772857,0.7780557884539798,0.8080935670161243,0.6878611024674206,0.7474669532563182,0.7724340880092703,0.6706217932669022,0.7270273249049224,0.7413244322884356,0.6689421450039761,0.7110752828240465,0.6843512489690858,0.6642437637470219,0.6780353768062777,0.7613064994728879,0.7217804496191488,0.7004765545502912,0.7514093649902766,0.7687121146611249,0.6997136345664172,0.7091658688224641,0.7803155651629166,0.7358870942615148,0.6485257262847545,0.7725090141303853,0.7464638103726465,0.7136581519273175,0.6759733939237742,0.6843469834467101,0.7413679905775524,0.7216571204705153,0.7327326298025486,0.7300852950644554,0.7650503882483578,0.7217304384874906,0.6706887415798248,0.6892622921813958,0.7221790064692556,0.7795120384201389,0.6913931892520339,0.7552758703663661,0.6900099040518691,0.7473242975780876,0.7515015798856586,0.6561302160606273,0.7005128057313112,0.6726187057825284,0.711153975605312,0.7468465836398624,0.6926127567247546,0.6809083929443992,0.6918198404435785,0.7148431803505152,0.7380989660213743,0.707472341803472,0.7385229149513652,0.6967197776573814,0.7534431700509586,0.7719914625800098,0.7425091032866928,0.7411443141253344,0.7254152686119907,0.7163481462324256,0.7600783159483213,0.6606470439969254,0.7525995505062498,0.7396518084654189,0.7283773766058709,0.7744265960519313,0.7037613125495268,0.7241105191738889,0.7726660694830512,0.692479721327142,0.773610991114138,0.6768920461193799,0.7564242351225066,0.7719129155855895,0.7141362147799271,0.6695633137614738,0.7471394077383141,0.7467308865825433,0.7622131104459238,0.782438119341914,0.667438904650359,0.682984795868583,0.7390928329147981,0.7444073489194317,0.7314497740105521,0.6797666095301705,0.74524708618089,0.7245987369625215,0.7226119393581427,0.802800465897138,0.6647857323670339,0.7532152086291064,0.6835004390394086,0.7333330098081504,0.6770671721418955,0.7698383349979283,0.6560011933473201,0.7522590487542564,0.665149300517099,0.7655500819484088,0.7797815321369385,0.7740570331226323,0.7689967333547271,0.7143434105207929,0.7460278505523364,0.6452285800163233,0.6953216912911336,0.6770167061393655,0.8484913813619859
0.7294179662787122,0.7467577624226066,0.7449255132595316,0.7234449236945906,0.7141336627741726,0.7554921280821374,0.7041525290190755,0.728466271340927,0.7569867970335944,0.7143659983911479,0.7558040444251675,0.0,0.6916420536209389,0.6468417827490975,0.7203271939788249,0.7516709608321369,0.73496856032305,0.684859727125772,0.7661685620183998,0.7173300646960039,0.7873320035885266,0.7565264076537166,0.7169527306433727,0.7278558563883358,0.7762991615438966,0.6974268806313,0.6581406684744092,0.7224682531418706,0.6839807640686029,0.74454101043384,0.7739185033006157,0.7052126377096294,0.7008475014921609,0.7700090838482767,0.7145977426633786,0.7303573055107535,0.7270317893874538,0.7276754307999087,0.7789726466383229,0.671389013682359,0.7198185423919335,0.767434208753139,0.6957018291933125,0.7548051214015274,0.726539885595767,0.6960955623126999,0.6544913943709397,0.7139239804676437,0.7214572481469138,0.6950499474339377,0.727395706981503,0.7422877001016748,0.6209308648155123,0.7415301349431759,0.7259975897518123,0.739403422873016,0.7349207350763935,0.8267282487091308,0.6341456002785413,0.7062123879446739,0.685327237073131,0.6551359525588052,0.6834415235358843,0.6525196798099084,0.6577337200875575,0.6544859999816843,0.6905907812122131,0.6823089982473416,0.6426358639729206,0.7253472067224848,0.7330543913929104,0.657569878748588,0.6658410899361051,0.7223846215930063,0.7202215861265104,0.6405991439702514,0.6976217091032337,0.7218008673054285,0.7034349574454599,0.656151688828485,0.6787426986422447,0.7748151747532369,0.7544506884918013,0.6777847064563769,0.7260082167939704,0.7793351069351655,0.6955289920611949,0.6444774513251622,0.6917262829878096,0.7715590227882194,0.7514642074935562,0.7452893768224303,0.7190447997560054,0.6739577460722566,0.7082460339526687,0.7675577357032699,0.6546372912735724,0.7604640079493835,0.6652227181573068,0.6892727671753327,0.6837000378654956,0.668151134247527,0.6807148358741427,0.7420606603800322,0.6959877934155206,0.7283883773048028,0.6947246485023384,0.7588974851180078,0.6728484093138648,0.7507587078882073,0.7759601915238419,0.7250556450425576,0.6887664983725547,0.7137990504638655,0.6765977846445688,0.7552820884476031,0.6776945366329761,0.7207721478391125,0.6964279390011608,0.7135115014745356,0.7215173937640954,0.6944928299821189,0.708472595386329,0.7710157099412301,0.6716882708644851,0.7424178861077452,0.6690227722486541,0.744913201458821,0.7435673980412457,0.6567253062845433,0.7225995439223397,0.7399033998446141,0.6731293055185433,0.7732975156680898,0.7375586288256191,0.6364864524399085,0.7012677275914363,0.6840573292058792,0.6802827028802227,0.7617662502537054,0.6413990439693833,0.7119744144503022,0.7425245679492211,0.714169586424292,0.7488677672151101,0.6678484520314429,0.8471300272704795,0.6797015116563587,0.7521593215203669,0.6817808623959655,0.7589086083392397,0.6587591298486115,0.7382635275107402,0.6636353970777847,0.8383005000243454,0.7460180103834755,0.6950945317103432,0.7948896866638528,0.6500674232106538,0.6919510453283747,0.6206689315529118,0.6967932865248938,0.7004334241985555,0.7989577216072923
