0,1,2,3,4,5,6,7,8,9,10,11,12,13,14,15,16,17,18,19,20,21,22,23,24,25,26,27,28,29,30,31,32,33,34,35,36,37,38,39,40,41,42,43,44,45,46,47,48,49,50,51,52,53,54,55,56,57,58,59,60,61,62,63,64,65,66,67,68,69,70,71,72,73,74,75,76,77,78,79,80,81,82,83,84,85,86,87,88,89,90,91,92,93,94,95,96,97,98,99,100,101,102,103,104,105,106,107,108,109,110,111,112,113,114,115,116,117,118,119,120,121,122,123,124,125,126,127,128,129,130,131,132,133,134,135,136,137,138,139,140,141,142,143,144,145,146,147,148,149,150,151,152,153,154,155,156,157,158,159,160,161,162,163
0.0,0.6662267647017948,0.5342200093749356,0.48336296556639113,0.5286778405879042,0.5264826705492904,0.5718473987267618,0.5786691555003515,0.6830812997497959,0.5379301504217259,0.6434462101517993,0.5593209876726415,0.5956125321065915,0.6470066199926711,0.5977190617662592,0.5666423193502012,0.5780061383758348,0.7347185323925055,0.6013380573628873,0.6700064724293788,0.6274209031325665,0.6640511073339705,0.5738191805066393,0.6202870987588823,0.6436320729782518,0.5588652021907327,0.5264092565288113,0.5431344349600137,0.5774367451063999,0.5766110423474419,0.6508636326719649,0.6068325188206238,0.5043746420278981,0.5591512428301993,0.6754809415478159,0.6226057237607079,0.6856013928332414,0.6576101125692648,0.5760051635327662,0.6134969648090871,0.5762448222813691,0.5919034844673592,0.6754796644066103,0.5839921839377381,0.6479477845930646,0.5932382297403624,0.5760443135531456,0.6176190549155935,0.6791731568604075,0.6414789807002413,0.6699203841396097,0.5726779492058313,0.6120822405413526,0.6008437399721462,0.6338056791316228,0.5772747590311025,0.694387071798938,0.5598435148347104,0.6459055039344003,0.6207562036427513,0.5680389579022754,0.5515223180424048,0.6269137847887328,0.5645063568094023,0.6261752768789818,0.5831467403586439,0.5807668318617202,0.6426107739274928,0.5943318429085165,0.6442882397918251,0.6882538670653121,0.6534787259405429,0.6015825444308062,0.6085779788162688,0.5732687866049219,0.6309460605713176,0.5302475023239523,0.5574701746847937,0.6169156097228384,0.5129274932535336,0.5425285446091881,0.6730382618814759,0.6472495421939782,0.5727467823393674,0.6104563667181497,0.6539653821559422,0.6154577364214914,0.6528826559367851,0.5638765577242588,0.5886483901482789,0.6293242827991288,0.5908045899881813,0.6704061221998643,0.6510447877360712,0.6587746816468237,0.5613596050118066,0.5604489948719474,0.5315697787485889,0.6127686071785063,0.5649809136986855,0.649387563927335,0.5465327461296889,0.5255387868417817,0.4789830969028564,0.691033626027199,0.5539811028965342,0.5184483141407737,0.5567212195318797,0.6048819386075951,0.6136783764095508,0.5794465842401165,0.6336395797062742,0.5803216023822924,0.5217693343433653,0.672981207723019,0.5802894480654587,0.6088022322085135,0.5918895634663954,0.4937463090050479,0.5469254049526013,0.5862387493028822,0.5290397560044415,0.6547533511794582,0.6487082662722855,0.6460006139371166,0.5832941255140519,0.5203657095600649,0.5844194325367869,0.5665213876202815,0.612406785794454,0.553193667661422,0.5260473205090368,0.5633697390733405,0.650122696706038,0.6109030954516685,0.5566343067220726,0.660579020830256,0.6286192746241666,0.6218835337513644,0.6328253780075203,0.5124229354357852,0.6195302726605445,0.6618919351810928,0.5980951099125746,0.646032864003213,0.6098230269265704,0.6199188278586124,0.516958140080711,0.643567190796488,0.4781080774369044,0.6966174113704192,0.6320237243206154,0.6011328253372652,0.5245537969065819,0.5562532797056567,0.66764455709516,0.5753605641387751,0.5275109999714125,0.5473673117824137,0.5714184677562517,0.5194125845110695,0.7194730440470032,0.5166169728216815,0.7131805327556064
0.6662267647017948,0.0,0.6188734739640593,0.5451869031948113,0.5019353588911287,0.5978408499284068,0.5881463572207182,0.6766377880463931,0.60455000657024,0.648295846122944,0.6533628084501928,0.6321885519514379,0.6240602730281289,0.6324742146691985,0.5764254153788653,0.593967900911471,0.6250376341079478,0.6548623969085494,0.6404922245584291,0.5911619914654471,0.6992262043344458,0.6775583532204111,0.5979387364267265,0.6363590272170249,0.7197186208699466,0.5934314852882875,0.5546884741462462,0.5782043069905453,0.6894015221777656,0.5527606080943713,0.6158001147518156,0.6167435563182394,0.5646639659110446,0.6007684098896421,0.5932129739276069,0.6694519263258749,0.6613665412502511,0.6490733505895068,0.570739203704509,0.6762023776607389,0.6592801064338852,0.6280409554505411,0.6108021540398278,0.5798590687570224,0.7078865279746651,0.6127199844708585,0.5796145503050562,0.5950382678163045,0.639088666862057,0.586965665394112,0.6766472617445854,0.6295961592719919,0.6048114894396532,0.7112814431338484,0.6740694474295521,0.6341904499848584,0.6424773046933568,0.6189059089429937,0.6307379097408591,0.6246974118323368,0.643296039391039,0.5526575041400112,0.6506424031998979,0.5412733796375201,0.5531868677569944,0.5746183831447383,0.6079777337122673,0.6155192315727673,0.5794839155264455,0.6919685815866211,0.6312037228319428,0.5832983667521888,0.5972823810771845,0.6654119721539649,0.6289422039487396,0.5872059387615878,0.5468576714107215,0.6002432295297929,0.6536131250340105,0.522981551157655,0.6002692825826791,0.6481503127576977,0.6876719623327052,0.6346843924153053,0.6311476635655984,0.7289738100785107,0.6235468461653881,0.5857948327837285,0.5998248370548169,0.6289373486986115,0.6209033396549535,0.6159873814808959,0.6421471230402883,0.6015046507849477,0.6671065564108739,0.6189026652709547,0.571136354226175,0.6083423182703764,0.5631745831479815,0.6284165648461708,0.6021187775362326,0.5651993242130657,0.5507287035651602,0.5349526849901415,0.6589920546900428,0.5852929999837069,0.5622269529619314,0.642511710413222,0.6529727308709848,0.6685927473125404,0.6181659046756497,0.604583406809976,0.6137247704624795,0.5492801228996024,0.6907572261521656,0.6458783887758395,0.6521935842411842,0.5415888662547966,0.5640000626321559,0.5885047930372532,0.5277977911340135,0.5841901018810683,0.6461746492856428,0.6856278242485051,0.55439144674027,0.6855933164908191,0.5467894555645731,0.6135505822728345,0.7084772605073281,0.5874751265059995,0.5926467048836733,0.5564850763644523,0.5497466761808716,0.6364829046741688,0.5888143928768811,0.4941150135061492,0.6130324218485085,0.5961680716638579,0.6622445364703569,0.6224231985663745,0.5491445927822297,0.6137046567459313,0.7006281942893825,0.6200107405443936,0.6575437096063431,0.5890580522733885,0.6107107983299657,0.5788467450793783,0.7359457308900667,0.5122061159180492,0.6280307145577021,0.6783980547062681,0.5793210399564648,0.5727348869058769,0.6600822365157606,0.650876043029637,0.5627252563438196,0.6058723201085077,0.5537083436865796,0.568103948817444,0.5856408692036139,0.6664224578929231,0.5528136634201862,0.6340967396246916
0.5342200093749356,0.6188734739640593,0.0,0.4768947023073721,0.48709606835653624,0.5960063209982959,0.49005817740367386,0.6214160148677089,0.5090748965030161,0.6234781473442537,0.5812953814774353,0.5347245774109476,0.6338232253143602,0.5639773421936863,0.4636321424335674,0.6756916628461137,0.6786075067929983,0.5562634659604362,0.5067658113778474,0.5089671942870974,0.6724705060489727,0.6096799591996924,0.5118595014736411,0.5324139101904952,0.5757524790249046,0.6033566831524914,0.5190491528353008,0.5278046973490453,0.5868467604865207,0.5376983356309215,0.47635876243717923,0.6003056541307735,0.4731840497781575,0.5146967553748897,0.4658940244802362,0.5613973743573962,0.5750007827082728,0.5848669100376156,0.4833858348630961,0.6017256169838557,0.540109999292891,0.6431416826238822,0.5446289126637863,0.48559059292789897,0.5897006667037513,0.5674173408295402,0.5974561797360705,0.5314552617128028,0.5241848423905895,0.5332041412951594,0.5838558997368508,0.5906155504929407,0.5258752908083463,0.5703357352761379,0.545905997108786,0.6094853442648137,0.5567189224900059,0.6131077410222027,0.5426310757726749,0.5576442437549917,0.5969083050223136,0.5708712973364432,0.6233799001519243,0.503785931081366,0.4773791263597534,0.5397083293022589,0.5546607745779609,0.6045481175210623,0.5846554118064273,0.6020181381150498,0.5687545185757417,0.49164374932704574,0.5628902873683359,0.6586257439706775,0.6371838782198453,0.4886256146682709,0.5669178464359095,0.6090230778466531,0.5617619976760565,0.5293264233788676,0.616950175758205,0.5281470080413739,0.6313591733954862,0.6144112846525291,0.5868119136034333,0.6217394474304264,0.5607886772213877,0.5078120120601841,0.5426089180710011,0.558508351480882,0.57658442370519,0.493617551018363,0.5453280023380536,0.5067455277266302,0.5863961743701506,0.5160996397892651,0.520240412635798,0.5376090324317426,0.49716997495609383,0.5650249134478255,0.4877694868940872,0.5625710738370402,0.478861644952066,0.45822914322323566,0.5558133681670112,0.6392805883126707,0.5928714835568559,0.6219626214676078,0.5943700164162756,0.6060751889252337,0.5226693321595373,0.5377500768518239,0.5776051218761592,0.5471007323528679,0.5701067775094839,0.6456520298505385,0.5461776327083312,0.48244517516921165,0.5658070053674761,0.552675635447396,0.49302295717131017,0.5440581414467943,0.5750521954581107,0.5820869260403619,0.46050860954117034,0.5609369671499896,0.578998866998855,0.597595132136733,0.6357555017314998,0.5252017604367635,0.597376991891622,0.6648088120807895,0.5073183729507075,0.5148679677426027,0.49906266534547994,0.43909613660821684,0.5290905921457905,0.4857821345178581,0.5588354087897116,0.5250099568640249,0.4486023421720845,0.6158402117596938,0.5724976730861971,0.5661164173137774,0.5781971779422282,0.5163632092230248,0.5418524195958633,0.5935717913022388,0.6285497436076456,0.5709878092726941,0.4828190310047291,0.5265319001933862,0.52369946358856,0.6276309231790522,0.5731774231905082,0.5483939848652205,0.5040432760918501,0.6142167897267061,0.4364885299953026,0.5403519280893954,0.5744190902157389,0.5157385881543998,0.5355597070691167,0.5323225025752603
0.48336296556639113,0.5451869031948113,0.4768947023073721,0.0,0.43159456414247527,0.5589998936338203,0.5811845664181857,0.5275920344564943,0.44796804599906404,0.5280802837516586,0.5173262460290798,0.5859070320323054,0.4693421331360554,0.46409667360286183,0.4716308287661771,0.45179904384085184,0.4863701208396235,0.4670795758466432,0.5544950139157483,0.41280148578074793,0.5138658004674198,0.4693412200632227,0.5357938868833177,0.4783404786774196,0.5699652207373979,0.5205911994945175,0.47380241843785803,0.5108702066594359,0.53782006139489,0.4457270621187284,0.4838088468946833,0.4696771713276186,0.6790982975620293,0.5545964071220267,0.48050074983527236,0.5240213940443742,0.49665706248329183,0.46310812643643723,0.43784074565565595,0.5187839648331489,0.5645400218576975,0.5092482501255974,0.45264152835682825,0.5307900930213202,0.5027438582334155,0.45420440721629013,0.45400717363802134,0.468614562178703,0.4956116838210348,0.428316419619586,0.5330618465393656,0.5902851665454675,0.44223412435944487,0.6125919883289529,0.5422747690042867,0.5061223077683239,0.4559567073282267,0.5749586161049068,0.458713895260497,0.4544752131885816,0.49565616183407335,0.43044122479796804,0.52611889961036,0.4081757520862522,0.41000034225562876,0.42652298530818833,0.4722429593388619,0.45828525763495215,0.44333250105428146,0.5419217114748637,0.45474500177700905,0.42708685691347925,0.4944251749253826,0.5102961610240135,0.4795298759533926,0.4497068248507202,0.44568135313524704,0.5086844797959754,0.49117021637123404,0.43710173092536975,0.4807523916947781,0.5050529152435247,0.48982857999445567,0.4884067713578221,0.4984898020773512,0.500589542485262,0.5028608337264429,0.4555428991947061,0.4871524219366735,0.46529744203152246,0.5482713241675398,0.5764332040386485,0.4790302699122307,0.4402928332575915,0.4981812161490674,0.5795200195621658,0.4176811434768574,0.615542992360165,0.44536716772946716,0.5424047294580693,0.4422987878254655,0.44223676553778163,0.612515770839384,0.6044749956953909,0.4930528581928402,0.44701425583409443,0.44161864917851545,0.5427019033989071,0.48122700033786336,0.48175749280195884,0.6005998170165251,0.47184203415639225,0.5292256490604423,0.44853966703731457,0.5223855536553096,0.5332931960907771,0.5290223075446999,0.4077415547147648,0.6255935880587237,0.5499084363439567,0.39852592940496123,0.5769409956138255,0.4850828990133283,0.5261052512280137,0.42238735427450197,0.569778341626116,0.45727820246214723,0.45665144382168305,0.5979833611089209,0.42470139471054863,0.46400864535969294,0.4293024927284641,0.4260638639942516,0.5125978253920719,0.4227105441500635,0.37046183034801905,0.429265801598558,0.47720893772362527,0.4715881665519634,0.45842578385922805,0.5904571595458568,0.44361675963375413,0.5235091913228348,0.4765954263341354,0.4758945092457799,0.5341592512193513,0.4626473118836135,0.45474005092430686,0.49824608360660283,0.41035949300500496,0.5064881610332891,0.5371555021676203,0.43127054328071085,0.4333604298108605,0.6343415075840177,0.45708228266094597,0.4309953649423719,0.5629835467983704,0.580835478167802,0.49450379736516403,0.4785276786357407,0.5168407739157692,0.44483241541561896,0.49124512847937607
0.5286778405879042,0.5019353588911287,0.48709606835653624,0.43159456414247527,0.0,0.43673963695868867,0.5360808729813987,0.44734074084488307,0.5080509380259478,0.43429814231503044,0.5509958311024773,0.5267333321035357,0.44762788751555305,0.4710211304607362,0.5623691867689373,0.4852719609292204,0.4730521895233109,0.5054115284208154,0.48368511506638523,0.4756062781776887,0.5358319329846681,0.5826901292127211,0.48681137439662014,0.5626783842604399,0.4826974404840535,0.5177482214316425,0.44089345137259545,0.41558203934277255,0.5058198008553582,0.5308904375890688,0.5224176890193848,0.46237214657016706,0.46413365721194705,0.4466656196457181,0.525969661669121,0.546110056214441,0.5142828990943802,0.5140998181576248,0.5568851960008313,0.5026491654065367,0.5360263488184422,0.49118603113362314,0.5669850638360594,0.5675017583857298,0.48233336711403385,0.4604419626095183,0.5401716080769422,0.5698110055934027,0.5273414789436652,0.5391442859731143,0.5451626959510103,0.4986594561517965,0.45933308943603945,0.5201123455595549,0.5414667999082855,0.4524786747262831,0.5089095249548585,0.5249993161017892,0.4712135539427448,0.4814935564067055,0.42076392090013576,0.45372455211459395,0.50664228034418,0.4843812053157036,0.49002983057490435,0.429710112236305,0.4417714602671134,0.524167872418213,0.4759631903400456,0.47711113053878335,0.5404935200760291,0.49136801629823557,0.4477320290188699,0.48313928868599426,0.4398947481067922,0.43503761136625424,0.4550537694010127,0.5630378789189082,0.47375043181310744,0.4294481784241948,0.43650663920451077,0.5331662254907115,0.5463669299501859,0.43189789795281675,0.4752764652351019,0.49847932317172977,0.4524567644097364,0.4880143209598983,0.41926362791450034,0.4662703581424389,0.6009545404704513,0.4955902957145528,0.5918769264413968,0.45363982838885136,0.497780742689131,0.5032084669836829,0.43535561878352935,0.4424355365060999,0.5164775306405893,0.4286568197636432,0.48919623185903083,0.4469746410469468,0.4620760434959479,0.4399387447025814,0.4958857185903706,0.4642170887389604,0.4250372700202305,0.4444180316053449,0.49663357944221165,0.49314030286546545,0.5115316284456819,0.538494804272693,0.43185346959066423,0.42455274453721464,0.48924760208627116,0.4757061810661792,0.43867164415720783,0.5200122034657687,0.4377505196657168,0.44553276455170504,0.5913666724862421,0.44916092214321196,0.4736764821127822,0.5254688147573183,0.48822088250032697,0.498626694876984,0.43139308270046145,0.5345213111672891,0.46714834577630626,0.5016146953935658,0.43552964563130486,0.4516376394391794,0.4192468267000922,0.5241191867520987,0.4950823457850003,0.4860053302053502,0.5197503981335987,0.574898358599429,0.49684392493607177,0.5233670998382673,0.4259666506381409,0.4951638525408911,0.4950462245889906,0.5015768615604991,0.5340182285228011,0.5194784577855863,0.6206598365044164,0.43151477645072384,0.4912041462994306,0.41904266723561967,0.5066665318835989,0.47364395831051753,0.5177879176970006,0.48496680161696576,0.4804035804988048,0.48318157400762884,0.4404504892062285,0.463020189548773,0.45923946712327257,0.45304153267023356,0.4126775277887877,0.4879516388147003,0.4300464305988924,0.5957061473976425
0.5264826705492904,0.5978408499284068,0.5960063209982959,0.5589998936338203,0.43673963695868867,0.0,0.5071854167091298,0.6039258181328667,0.4768095837171089,0.6178672127303817,0.5552182009943751,0.5733981498178912,0.5753251546483384,0.4952107610888816,0.44696893557012474,0.5564984234698642,0.5903683598712052,0.5027465994665852,0.5633771887405713,0.45870106903085767,0.6039572820423204,0.5099071475357784,0.5028349503772135,0.4964246099295082,0.6306414789454987,0.5544808606826722,0.4671323851956622,0.5538045405542287,0.5682962567202718,0.5007872354512566,0.4777915239512311,0.5679660495902735,0.5268753837827026,0.5577883284795179,0.46224037138051133,0.5121983971400103,0.5615613516868139,0.5082899491690394,0.44519456657395545,0.5349161051779725,0.532094980185889,0.6091766094719253,0.4926329834777341,0.5136215662767272,0.5360438962936129,0.5119461962781222,0.5225357426720777,0.5150759664440239,0.5013436648036146,0.4576553237889723,0.5641606694005871,0.6690716891667758,0.4879033497446456,0.5906564497506145,0.5328679665994589,0.6292533110370649,0.5088870967003363,0.6356506102128575,0.48422619783948123,0.48857251007777575,0.6007175512084549,0.49800766393882384,0.6366095365486267,0.4271256128873668,0.43864302998126187,0.5022754747130141,0.5124532053580612,0.5394971685421946,0.48533592346499915,0.6094921822717588,0.5104390893935673,0.4447553580505941,0.5496388297042121,0.5837299986260748,0.5899865501213628,0.5051930473379257,0.5011790190571277,0.5502154584338459,0.5414121519609753,0.5626452863478867,0.657927273585578,0.5104333052334374,0.5806806396060047,0.6014739135550657,0.5589622989204093,0.5612626408993461,0.5906193618661442,0.4708248972889393,0.5545329364921104,0.5181395915971333,0.5461708355145637,0.5241575120224178,0.49586846855007294,0.49792453829833216,0.5329579750360477,0.5674513704922634,0.4731560965091615,0.6255498406777756,0.4562769592228207,0.5829040725147827,0.45882851081620973,0.502739338088103,0.5222020797582559,0.5187807595804608,0.5258769253157386,0.5359778458452762,0.5240295252593048,0.6430942113397371,0.5212327774593888,0.5795623592023863,0.5781395788278128,0.48538035309979893,0.6476455245433901,0.49957498243492876,0.5648865413130786,0.6228691980376903,0.6223079443198238,0.4326810120657815,0.6959813035891843,0.5674641397690368,0.4227112761509037,0.5776735215520364,0.5758377209507844,0.5929409418985228,0.44566029297487003,0.6002528467499866,0.5150325294209417,0.5004650639707092,0.6664729954147602,0.4504073726832447,0.5595567292050676,0.5450479245639709,0.48233308164991073,0.514229740135509,0.4540867926907803,0.4001909911788407,0.49317970574060793,0.45278385306748803,0.47861171212813786,0.4834746929589762,0.5174460474789898,0.5207591187916989,0.5448795118563984,0.500270741923559,0.524109931169189,0.515094711581728,0.4904562755680479,0.5482702401881664,0.5785079852684342,0.4825235670169661,0.5003257822126767,0.5705752047868193,0.4518239545765322,0.4784660113238202,0.6586280105412345,0.5083506070194009,0.4828177208810205,0.7006759389567313,0.4769468808357891,0.5557666524833728,0.5644982415149121,0.5553728781539526,0.4956717999723852,0.5122712920526179
0.5718473987267618,0.5881463572207182,0.49005817740367386,0.5811845664181857,0.5360808729813987,0.5071854167091298,0.0,0.5151922574333132,0.5002493903548222,0.5279104535310833,0.5973069533635258,0.6562124373509399,0.5024029754221645,0.5122123610133666,0.5922017758981494,0.497398132621159,0.510943893996517,0.5367094226812215,0.598533770901007,0.4769189325607524,0.5656696734591344,0.542431388243549,0.6466248660872127,0.6015525821634847,0.6147424372084199,0.5698053835625646,0.5059518207734147,0.5059759524969404,0.5944633958346921,0.5185495971928809,0.5866809195471425,0.5283020303759753,0.5939140412830166,0.6088887852852699,0.5687945420571463,0.5936559160073769,0.5914153846268947,0.510600407679986,0.541522563536907,0.5980860295965037,0.5913405049625011,0.524104883796263,0.5576731807420537,0.6314003960955836,0.567288028728202,0.5098379409501969,0.5245094287730017,0.5701142218125319,0.6551433066977312,0.5063459423652118,0.6427960983269387,0.5636937671675216,0.4825379024609171,0.649316273255695,0.6928241027553885,0.510330956950432,0.5311613550984299,0.5723109007849146,0.5336654840128463,0.5233806940384766,0.49213380947571167,0.466345722754223,0.536061149010293,0.4661034575699631,0.48058225746489536,0.464343221010918,0.5137328436343721,0.5332507447466118,0.4822465783843855,0.5474427816442295,0.5285132793817542,0.5070834397940679,0.5023607546206218,0.5560366833714281,0.4738620044424038,0.5163072590653555,0.5069039843487765,0.607529475611964,0.5238536865460134,0.46670603157482204,0.47338728548930037,0.5673975128462374,0.5654827998214182,0.4759856490919156,0.5278318497085361,0.5267743410760822,0.5184274269088265,0.5458066128487848,0.5058518302626064,0.5054131393573774,0.6246193308174001,0.6280589474665612,0.6090888246465246,0.5055240625742851,0.5415997234050116,0.6062795270657587,0.44480210137212345,0.545524307733049,0.5104551925511229,0.5434449902821762,0.5343066639842001,0.49196273889851116,0.5964198702016082,0.5393645410085613,0.5368496348861469,0.48438039927461013,0.4639187228502095,0.518717534652236,0.5548145427954904,0.5503512081987284,0.7072187340043918,0.5432241484777625,0.5151629537527003,0.45840264880218157,0.5617915403050525,0.5330514368593618,0.5353116088995908,0.5194134873036316,0.5275056812391588,0.5105954844567344,0.48577667371250244,0.5254131214820937,0.5198465386310174,0.6248907465747843,0.4834859708697924,0.6318214812598013,0.46800595709268866,0.5474755142533337,0.5690889245230832,0.49648867975839434,0.46358311389620027,0.44457373152147067,0.4601503296588686,0.5471093579533528,0.4913014017149429,0.43773745467847497,0.5168868630961115,0.6034212361305453,0.5419296492192255,0.5465561431455056,0.5358776463615934,0.501207773359378,0.5829350670473077,0.5132338335099973,0.5587710224813841,0.629798220460623,0.5359606201133538,0.4771590371640919,0.5436796030392534,0.4158530030852528,0.5957243808686591,0.5656860403828408,0.49985675132599877,0.4931621111692689,0.5959364874186381,0.5232793323970129,0.49298125622658506,0.5505911470513422,0.6077586733270919,0.5518330604042913,0.47164589152973246,0.5665569966136513,0.460412836677969,0.5849024109475223
0.5786691555003515,0.6766377880463931,0.6214160148677089,0.5275920344564943,0.44734074084488307,0.6039258181328667,0.5151922574333132,0.0,0.5730232780824607,0.6837480165487196,0.572861475173024,0.5680404154535579,0.6510550673411355,0.6151646198064928,0.48631571812790064,0.6210329009005019,0.6575203640702388,0.6100181980894464,0.5769926787691962,0.5476291018383231,0.6583878317275949,0.5693788922127042,0.5786348387985901,0.5261773767937116,0.672271993269587,0.5905314794012504,0.5880801669783581,0.6102101141338794,0.5768686720666595,0.5476410187319208,0.5388538408892972,0.6434180279055899,0.5079527637494571,0.6080468511643313,0.5048045823254983,0.6064707062069911,0.6102527609176341,0.6444873469386885,0.5068830381773035,0.622653106707521,0.5692706899426754,0.6447525767440926,0.5646328002819115,0.49319219640459017,0.698331947908441,0.6353136423252123,0.5513870592271131,0.5091460906691875,0.5709478403447616,0.5467661551252333,0.6241674726770715,0.5915064564140975,0.5753572495735328,0.597829164661061,0.5852316144843781,0.6778976109155225,0.6082974111663676,0.6246704871672426,0.594838260641961,0.6221759855814344,0.7151851737010675,0.6078530532664183,0.6330252434442698,0.5216601997065788,0.5081547594053692,0.6000941534978184,0.6305357904827646,0.5807345543061339,0.596709081217475,0.7649376257258363,0.5811947197394634,0.5417849620862172,0.6252369055695819,0.6916633519839032,0.7152873185856129,0.5685450475281663,0.5782904837812576,0.5704885078300057,0.6809997576026128,0.5326591472620194,0.6295566183458847,0.5917009174913441,0.6279665897793943,0.7154316563393689,0.6919409825115191,0.7147911217994779,0.6795685551662533,0.5761875833096158,0.6860877824503354,0.6383389932322795,0.5832855665923256,0.5680628486532339,0.5599361454308491,0.5672279302052676,0.6622548969438388,0.5448992294771944,0.5799090168998676,0.6173088371370106,0.5377689439837958,0.6867915370826245,0.5445079098483373,0.6380050404016859,0.5473917421322387,0.5004746651461492,0.6542187847039838,0.6384277230380343,0.6398809940985116,0.7065956790958305,0.6247341839789962,0.590973057213813,0.553605039234952,0.5880045598307375,0.6436576910989037,0.6459250340455194,0.6590801426183018,0.664242442519475,0.6641214941689298,0.49411977740808527,0.5506975679548612,0.6486551794258041,0.4813099042800619,0.6762591142212842,0.6161231526834537,0.6209437626234899,0.49721606096599175,0.5985578335508446,0.6223591023596357,0.6002481072692328,0.6924680036021402,0.5488733609225155,0.6797568518056413,0.6145690981890525,0.5899540593227117,0.5745975187349245,0.5211336288775408,0.44199035894882005,0.5439396693433434,0.5078721519102422,0.6067944569258091,0.5998691390347949,0.4991696567501673,0.6210555703039339,0.6771765619095104,0.6222742849868217,0.6068351225146338,0.5576194776719496,0.5387740350054467,0.6307522247670974,0.693379418110706,0.5717670902416725,0.560733925593147,0.6170387599957187,0.5407026585500635,0.5743861378233991,0.6504995631848138,0.6238588534970659,0.5283922465978118,0.6237228487819779,0.48025649403283405,0.5952215523426788,0.6264712535511999,0.601829962487264,0.6296367175799421,0.5484244783914657
0.6830812997497959,0.60455000657024,0.5090748965030161,0.44796804599906404,0.5080509380259478,0.4768095837171089,0.5002493903548222,0.5730232780824607,0.0,0.5035318319868385,0.5661863919220385,0.5191677608913572,0.530632843403942,0.6347814066734875,0.5497312764315011,0.5300222009327137,0.535504444205903,0.6691974736275381,0.5426657293129267,0.6713108945371553,0.5827729018389695,0.6330781280551442,0.5304364975124374,0.5405761089900998,0.5767304627894688,0.5168794064154559,0.5263517337900189,0.49751765919330737,0.5193613182138719,0.5570100179409848,0.6295088850047428,0.5440664582586942,0.4625093235184968,0.5063794876911711,0.6390390957457331,0.6273511520205471,0.5854558664152483,0.7172890381955365,0.570861422015062,0.5448383286603211,0.5476871627430502,0.5824880427420045,0.6178771681591286,0.5199614782645521,0.6072914144088684,0.5504588085105007,0.5351002634206018,0.5367497900419164,0.5864755537037637,0.6497413111384863,0.5798407666529143,0.5135800894613591,0.5841436258789625,0.5363554715284389,0.5595668369533529,0.5606262623153427,0.6391171659769278,0.5346687375990458,0.6043088793872207,0.5949955956233283,0.5246807014253841,0.5525770568666873,0.5599214600860802,0.6347522437636008,0.6199433622850478,0.5465307331433654,0.553485015072422,0.5713108863536096,0.6033778744855417,0.6188460356773254,0.6436563400637845,0.6661501221754845,0.587352448591869,0.5500392344877683,0.5604789148375728,0.5471268248974746,0.4921006990669706,0.5120930724854169,0.5940671632107575,0.46379590188288766,0.5060157633742244,0.6849927028269394,0.5873364724239865,0.5503160982438107,0.6071269901043498,0.6659088808080343,0.5915020078901669,0.6256002380489677,0.5250752697654827,0.6044265823148567,0.5920963514135698,0.5733236608108572,0.6022304817911782,0.5672904938492535,0.663225149872681,0.519553070137032,0.5856250134181598,0.5136782332042319,0.6946764003489976,0.5144854891618809,0.6259326288770158,0.5330321439027668,0.5061993728549723,0.46098212162500224,0.697021859277563,0.5287219077329636,0.5008384312500767,0.5352916828958006,0.5514003458636092,0.5408046411548947,0.5086774220591945,0.6841865058327531,0.5254271592676659,0.5537194909342611,0.5921786466534218,0.5327656976736319,0.5466282175111313,0.5607131893796591,0.45054913299533106,0.5575536546493203,0.5976213899218525,0.5298668150554553,0.6054631104215304,0.5542340604736354,0.6833231662799264,0.5132468149729351,0.5229466455511872,0.5602624406689065,0.5272223092179503,0.6113517886469323,0.5786622350144723,0.5257773537241515,0.5520693679739437,0.6909490253618729,0.61235383762309,0.5478928043362193,0.591553469653039,0.5841371981750842,0.6151434560414908,0.6484018631952733,0.46680493401102463,0.6195406171608484,0.6344083688998302,0.6690474955078696,0.6254352397911104,0.5723968539962074,0.6401905988838272,0.4873319025581137,0.6251739089394432,0.5135038313847398,0.6403756354913152,0.5762115985955897,0.6193508229561215,0.5156710805360596,0.5245324752747829,0.6450911433363656,0.5054522055737016,0.4800795685395839,0.4902293751114816,0.5054151590640481,0.48848344259147863,0.6552514323708645,0.5546520793360287,0.6507612467313697
0.5379301504217259,0.648295846122944,0.6234781473442537,0.5280802837516586,0.43429814231503044,0.6178672127303817,0.5279104535310833,0.6837480165487196,0.5035318319868385,0.0,0.5650062077067696,0.562546824885587,0.643534266368237,0.5799074189624976,0.4609722190078622,0.6113296474179081,0.6414290730499381,0.5621752685088612,0.5510163827130741,0.4981523147966615,0.6011496306532507,0.5332412640762934,0.5882030042378256,0.5048234556492122,0.6876115947960396,0.5643415514681689,0.576219075565686,0.6155177880793483,0.6396011074150255,0.5301205336318879,0.5000273800142708,0.6491834808181409,0.5010650243635248,0.6069840742203425,0.4781719883258841,0.5588056911502555,0.5926656748924717,0.5654310445218782,0.468995713048057,0.6073262127082244,0.5318620266273372,0.6138887162330784,0.5241594097375772,0.48294100340023405,0.6247574058752091,0.5768170205145039,0.5396796838112662,0.5023144345005833,0.5674866211095857,0.49509243889953697,0.5828196394841509,0.5618436147684578,0.5223777932315596,0.5734015366015129,0.5835825200810899,0.6420255044773191,0.5430785060462896,0.6003470546414981,0.5707562389595545,0.5619119681289558,0.6447773560830239,0.5492915602975129,0.5759731243818769,0.48688897323483,0.4611030587008622,0.5386554368612184,0.5825412420223774,0.5566276897990828,0.5694841495121,0.6621988723088351,0.5212977626632788,0.5018966732484513,0.5772446167279125,0.6496276371903643,0.636282789532596,0.5541445163949781,0.5632605737653773,0.5828398830723459,0.5788061411187504,0.535187836363061,0.6086022427714425,0.5170907565239262,0.59816894625167,0.6462170012921822,0.6032375260833336,0.6015237575445486,0.6058150236092626,0.5388262749234795,0.6591022071366924,0.5580269117026748,0.5520881434268882,0.537694484501587,0.539983413665711,0.5232604502749347,0.5839127290449917,0.5498490590582937,0.4974246940046717,0.6060876849860627,0.49323381433074104,0.6620233733682617,0.5118588805047868,0.5781258683532731,0.5303073018400342,0.5092873094236018,0.5670441628904727,0.586548584317124,0.5877006941001574,0.722271712398572,0.5944949380628675,0.5856820016364641,0.5527942297170885,0.5239081679363714,0.6247094789183293,0.5874893447780107,0.5928773168740346,0.625964029814552,0.6494202479600858,0.4878816096660295,0.5870365336623184,0.6090865973008003,0.4460474441336372,0.5981974383189459,0.573096878911214,0.5972345121061289,0.4595793399766013,0.6202773920120689,0.5683404331819052,0.5554480564842941,0.7231427771108192,0.5068665730862598,0.6286995540115612,0.5572856109257189,0.5397391164993528,0.5079059763383282,0.4772590587986682,0.4147014984460834,0.5189863337923682,0.4824729467739513,0.5692096171958414,0.5369435695268365,0.5001307695569508,0.5895132258440104,0.6014366383578893,0.5502324258771678,0.5680103061337127,0.5417935136557637,0.4863814275330141,0.6214664555155371,0.6802576560727172,0.539972815451182,0.5084657518371681,0.6010777532670535,0.492783406279823,0.5640445585854393,0.6350109655424204,0.5541373909759237,0.516185435559468,0.6398243648896265,0.47775687985805876,0.6034204464515361,0.6376458491774212,0.5640471226365192,0.5612334153336351,0.5063604207941619
0.6434462101517993,0.6533628084501928,0.5812953814774353,0.5173262460290798,0.5509958311024773,0.5552182009943751,0.5973069533635258,0.572861475173024,0.5661863919220385,0.5650062077067696,0.0,0.6343065956957881,0.5950704449736939,0.5770099381144453,0.540621780586727,0.6148948102934472,0.6077590389205372,0.5959755153961345,0.6010934807390845,0.555426691209817,0.6386366528912535,0.6722070266372774,0.6062399981719474,0.6358011228417096,0.6563828255000967,0.5854327020255274,0.5557242053212019,0.5717890432348586,0.6644933642747595,0.5988341141479564,0.5647631438205476,0.5912351338670306,0.5110202667095373,0.5790260276982289,0.572944863858233,0.5909925511541824,0.6822793126748455,0.5977492636805244,0.5703190591132892,0.626543905107542,0.5580447758116457,0.6200586835756197,0.5791047114168957,0.5798787911768866,0.6038177727477932,0.5304105191581024,0.522873415955864,0.6484858850826365,0.6602911058175944,0.5447148858465315,0.6277325153016917,0.5633767615708662,0.5094526023909156,0.630752053835502,0.6789662645167386,0.5546680224690109,0.5979298790782219,0.6349558490265136,0.5566531749875899,0.559637896068245,0.5693811027769724,0.4934753194249266,0.5798022515409454,0.5106587332686545,0.4968332735319016,0.5021675726182956,0.5602952035091971,0.5802644503275926,0.5512446080108037,0.6396178748700264,0.574694356978647,0.5350650106708169,0.5681274881975478,0.6180307617015546,0.5643252841762856,0.5235443892374573,0.5649858654327945,0.6283650504817093,0.5432956141736023,0.5204245004299821,0.5181091159752502,0.571640709356382,0.6405960213326328,0.5497663252339223,0.5711860183500117,0.5998608256265652,0.6030328577843933,0.5426427691239611,0.5242366190735614,0.5623705111499637,0.6391114342342689,0.5406931617463876,0.6353877653659223,0.547340205281141,0.5914264144094342,0.5761042774898681,0.4865790996467175,0.5248888947393983,0.5309278100534862,0.5383315526678952,0.5733107676711479,0.5397144790298775,0.5066679547694884,0.4804046066161093,0.5695422025417498,0.530675301720238,0.5012068731943516,0.590695133048596,0.5542496606704048,0.6434398732888834,0.6338808051456617,0.5730835540869261,0.5637677109807046,0.5275279150249763,0.5762534685975764,0.6083275471006259,0.5502054709396024,0.5702740459952056,0.5367427042391844,0.5427150717987969,0.5391706761028512,0.5222179924750308,0.6033039686434131,0.6360206477394766,0.5315079298417428,0.6206025942505665,0.49544389841222586,0.5997547691795433,0.5966710278618607,0.5254504200132366,0.5368058805618526,0.5271673300524439,0.5448042326619447,0.603404973832287,0.560501636730982,0.4645338339465972,0.5799093518953271,0.5656081418540908,0.6041188041764795,0.5732116154790229,0.4892724029026548,0.5988023049292809,0.5964767871629856,0.559111999779568,0.6337707987048359,0.5634079297418569,0.578420744633256,0.5062604926425829,0.6157654238094542,0.4917611680377465,0.6029340306316356,0.5648193266933293,0.5899179340846074,0.5210601767185435,0.5830414091464009,0.5909767634442605,0.5970555728077692,0.5732096761823409,0.5354706594214993,0.5815291459066081,0.4852091112759044,0.6016928522707726,0.4893767092702228,0.7050733535580495
0.5593209876726415,0.6321885519514379,0.5347245774109476,0.5859070320323054,0.5267333321035357,0.5733981498178912,0.6562124373509399,0.5680404154535579,0.5191677608913572,0.562546824885587,0.6343065956957881,0.0,0.5098293246492059,0.49560416997177753,0.5514287631902473,0.5309553818367335,0.5403392613208504,0.521002537480018,0.694373772957004,0.48572011436941154,0.6248291982171957,0.5647133476991707,0.6021373743698438,0.590642305608438,0.6661328908567511,0.5592240474985166,0.49727080952380454,0.5231379208398883,0.629938589852477,0.5515813967447544,0.5928316258905798,0.5462074690141723,0.5823118646290742,0.6191985854559112,0.5418184173420734,0.6075363304180237,0.5884620707613948,0.5328286515225884,0.5703038971378704,0.5625626193417241,0.6131311415431907,0.5693617958783664,0.5539801898828902,0.6249940403210384,0.5703125575618714,0.5085104804555071,0.5183881602064553,0.5824619059288246,0.600061835767563,0.5034362184968384,0.6308145249256675,0.5940663733159941,0.48623289126798414,0.7009404873487884,0.6925872197175911,0.5421913337874985,0.5428857788215423,0.6804647181118024,0.5081118605292312,0.5200014401024569,0.5265654876694822,0.47345867854038065,0.5690318445928467,0.4645364426150826,0.47248015499852586,0.4710300753817515,0.5069987078718294,0.5233378890217409,0.47970652287601667,0.5913538534398624,0.5286864484432675,0.4867191272207057,0.5103400069359506,0.5656268941401033,0.5153876022830477,0.5014092061263744,0.5113861561470423,0.6117168029721751,0.5432137718015533,0.488063570053119,0.5098551077966819,0.5781449571180053,0.5994114870638695,0.5056443512330488,0.5530408692219771,0.5616482024645921,0.559429303157191,0.5130399721181657,0.5142774027951371,0.5309644797899241,0.617945365405156,0.6214705294797636,0.6001130578453793,0.5061081973601107,0.5444293579014586,0.6436728631714749,0.47151252861701215,0.5898097167110452,0.5044537826829534,0.5343012972542663,0.5202891552990466,0.5169547659282958,0.5781558106720418,0.573083875998268,0.5457395942488575,0.49883917711954134,0.4879050941074179,0.5645045473432148,0.5365903195789197,0.5833217854344833,0.740742095664285,0.5470740738744141,0.5281888972697887,0.4875177657755817,0.5552358721586388,0.5561691138992976,0.559629392930122,0.5140127337173248,0.5641968362165558,0.5283042806824768,0.4786268614076928,0.55922797218113,0.541936527236986,0.6364138309225824,0.4833185800908553,0.6833163142632578,0.47751611575432545,0.5631701831631263,0.6288678979121001,0.47952155205120867,0.5014647477573121,0.4840727212828687,0.4710840998056463,0.5819550347675372,0.5115616507625366,0.4300032920251195,0.5298787500055718,0.5424805411287512,0.5337108566470272,0.5698065605616988,0.5258120218073206,0.5236344403849225,0.5868137958959324,0.5415953008910598,0.5804162609479504,0.5781179127976286,0.5709292481166002,0.4987243861387384,0.592342798363406,0.4549589832255333,0.5994168822484618,0.5899783049161774,0.5174433203989921,0.490913461619943,0.6895650060410082,0.5349126903302518,0.49275843055442603,0.5970578308260686,0.5436857274683199,0.5413868328444421,0.47738170677696734,0.5794981224131012,0.48679948391482736,0.5947510322003813
