0,1,2,3,4,5,6,7,8,9,10,11,12,13,14,15,16,17,18,19,20,21,22,23,24,25,26,27,28,29,30,31,32,33,34,35,36,37,38,39,40,41,42,43,44,45,46,47,48,49,50,51,52,53,54,55,56,57,58,59,60,61,62,63,64,65,66,67,68,69,70,71,72,73,74,75,76,77,78,79,80,81,82,83,84,85,86,87,88,89,90,91,92,93,94,95,96,97,98,99,100,101,102,103,104,105,106,107,108,109,110,111,112,113,114,115,116,117,118,119,120,121,122,123,124,125,126,127,128,129,130,131,132,133,134,135,136,137,138,139,140,141,142,143,144,145,146,147,148,149,150,151,152,153,154,155,156,157,158,159,160,161,162,163
0.0,0.676218248630671,0.5548342358021712,0.43978576651116,0.40600386213517126,0.556926978819878,0.5237956875030688,0.6641204170894379,0.5678719764498354,0.6661288031603781,0.5544659401223809,0.5032648686991207,0.7141539471958205,0.5594986566919378,0.6647023707549262,0.5433063537062467,0.6272236765481942,0.7293186678811635,0.5879736538638031,0.5819365213442365,0.5943641916282617,0.6098209020680937,0.5967337380565335,0.5587727560042516,0.660461187894607,0.5108191039316565,0.5494627613739687,0.6423439539571424,0.5659108366441071,0.5127098922652394,0.6498143293182883,0.6862212549432046,0.4632934069487827,0.559221429961103,0.623052278801471,0.583974417068959,0.6624668170280659,0.6041030408795376,0.533399275460128,0.6994477713847702,0.5669938061067258,0.5918615550540514,0.6274166013871917,0.49959735861971133,0.6813152482540515,0.6557061261108589,0.5180672955315617,0.5118098472895055,0.6877802796019733,0.5982401102768773,0.6242490289305423,0.5398786753959344,0.5160262972524194,0.5490705997956007,0.5661567113991834,0.6118974754788542,0.6364163180817219,0.5313037583823327,0.5566440999420874,0.6231985916096278,0.6301908687122965,0.5345352345262292,0.5658076223405307,0.4804079381340738,0.5668675811130499,0.5527323085726384,0.5640988952652956,0.5715489127871007,0.5973323201194382,0.6838935946344867,0.6674091219351923,0.5507932401877439,0.5344290124740341,0.6636254802910443,0.6636393296533625,0.6208815864653497,0.5104205040777269,0.47053112726395685,0.6198105860529821,0.4733587364342082,0.5932943439209911,0.6537021032206354,0.5292883271694854,0.6210721231378644,0.5931998363134791,0.6998834182739772,0.6221845103652213,0.5696153559719627,0.6669810061236241,0.5129593562208841,0.5718967870381637,0.5443834799498615,0.6105688568350698,0.5945954334674622,0.5781707825062321,0.5085879511652136,0.5013126883774452,0.5430554889711746,0.5170535045787369,0.6828196720611662,0.5402927800918026,0.5704695564633674,0.4705613258729974,0.4413965731071548,0.6152397429504373,0.583197404969628,0.570492188847297,0.6186841961215229,0.6912064729898444,0.5912897847317093,0.5195388881332097,0.5526076555584197,0.6336531596566523,0.5009887987473143,0.6305571298550248,0.6455120205786898,0.6541650794347741,0.5913913867899863,0.4740860575389175,0.5397337645906211,0.4976922659807223,0.5506823328295902,0.6319976122114975,0.6183462354571487,0.5532870395821209,0.5830877139389189,0.54855644113681,0.5307658092278463,0.5919059070869185,0.6104987077358496,0.5776476505812983,0.5321182945869696,0.5035274920539653,0.5361270127052932,0.5775741599016838,0.5207009317024026,0.546245668107838,0.6991109061597232,0.5956054718345266,0.6258142219441662,0.43467893382914635,0.5578972536788775,0.6516689587036338,0.5239981162005991,0.5772265917233531,0.535353433187022,0.5568465581543823,0.5695058018628485,0.7021199317031328,0.4624114299506386,0.6171810740212045,0.5448340211880479,0.5563759733183566,0.5104405063901775,0.565934104302724,0.6434796901418445,0.615140812259646,0.534801995823639,0.4647707200450965,0.5856218486475606,0.6088844463584876,0.6245392946569056,0.5200090239325518,0.5872945469364744
0.676218248630671,0.0,0.5390473116488974,0.46342254046960163,0.39879075583284773,0.607930236303929,0.537172870424842,0.7310798279797746,0.6197122533140998,0.7008679528493659,0.5429018554461488,0.5581574631245785,0.5981214749438819,0.5115802889364395,0.699043868861585,0.49710518295406175,0.5465688535984141,0.5820881069661865,0.6158339202295345,0.5137862838175287,0.557791548200326,0.626871249077748,0.5613550101512537,0.5474184582512672,0.6623232027131245,0.46707417254738914,0.5445345639578397,0.5840794952796894,0.5830018502079366,0.5187265181481465,0.729641680730146,0.5807993830803968,0.4981197667581751,0.5275813592377541,0.5891802491799311,0.5587215827623923,0.607098495375737,0.5487803584307888,0.5525369500628905,0.6024787181312359,0.5742360177316495,0.6204218095494538,0.5176964599552759,0.4955908902416322,0.6116360686666353,0.5494611526181508,0.4736982561131594,0.4820192231208518,0.5906437686774767,0.5133993632821019,0.5630096405345922,0.5146657430716033,0.4840262602626041,0.5704793678654396,0.5453576746282296,0.6770319538360456,0.5495688280865553,0.5530533979946979,0.4896986889949165,0.5514485214790764,0.6194581865534827,0.4792252838553019,0.5092996364065113,0.4375926027376895,0.4988034660517518,0.4763746983930578,0.5347785478425195,0.5232413043436367,0.4980401513872833,0.6892397029947153,0.5862216540732996,0.4868837440911559,0.4893872619307838,0.5825400400267432,0.6203939874851786,0.5389673655752901,0.47398474246410494,0.46409240003673286,0.5370953814010514,0.4483619447276702,0.5512040611891368,0.6753393742423199,0.5548906389990225,0.5586204891604436,0.5289846308011522,0.6881327239144649,0.6062226086746059,0.4975921198262159,0.5979967506489989,0.563736076013681,0.5392778787238117,0.5885327590899849,0.5558353052083713,0.5226658869994675,0.5393520122507199,0.5661946774584896,0.48453248281589734,0.5599118062498256,0.48584566253059847,0.6125861827785285,0.5144303217266568,0.5161578354894376,0.4556894245193324,0.4648516606600315,0.5473628460616965,0.5075059074733268,0.5014043624472388,0.6026434655689171,0.5766922136948717,0.5817716260737604,0.5218254117424432,0.5019611580790868,0.5836941417989393,0.49291077566508235,0.539995099255764,0.6348275329865392,0.5879975099743439,0.5200644010159519,0.46083733940394267,0.5495810734260207,0.4569626953338127,0.5609808488231963,0.5474506350169754,0.6054108857775079,0.527326502271776,0.6093447195084393,0.5022936501395152,0.5280854396339856,0.5644316251792356,0.5226139465073314,0.621178959535553,0.4995134156882794,0.4779326572498371,0.5745695447492156,0.5508053028160604,0.4647991834576544,0.51019512356909,0.6078907211319362,0.531395953732036,0.6011172954536755,0.44552851418943196,0.5136101333323032,0.6552958771831113,0.5125090275658494,0.5421300863759911,0.4932197373276858,0.6070251108787289,0.5466449878316101,0.6394433480328097,0.44390049305212204,0.5992426942178576,0.5433237913388139,0.5287423758970139,0.4900379651260805,0.5978616585426014,0.6177853002509608,0.5833897435930031,0.5559273159967597,0.47720225001274535,0.5174868354633533,0.5371800718132251,0.6013618710227782,0.5086250502062791,0.5771800761953136
0.5548342358021712,0.5390473116488974,0.0,0.3938890458486394,0.5399328441380015,0.5636854489254777,0.5176669683523887,0.49214505106603373,0.4491968009675408,0.5202579881973227,0.6066514535250703,0.5220531542602155,0.6132006988291612,0.43765115972096924,0.5674915689796461,0.6782178405536651,0.6446748323492378,0.5053763755492789,0.48688123511125553,0.45987028626200693,0.6866308268672624,0.6955433216863007,0.49250561946669735,0.6953796393172926,0.507062099097392,0.5751175464893408,0.44262459880234256,0.4676955137918447,0.5434576849837212,0.5933457748680997,0.47992748887867753,0.5940329537467552,0.41714311128842224,0.46332796514442276,0.4493030365984611,0.4870506667584398,0.621475196226118,0.4921116273363731,0.556010192326187,0.6341391445846032,0.5095202349645962,0.5916806072711276,0.5940806302870544,0.5101173303985215,0.5038520819669154,0.5361019823477244,0.6079374513123239,0.6124735676546211,0.5549914767957559,0.5278191997888453,0.6045449200023323,0.5462543394881919,0.42774250459939567,0.5233016439210795,0.520490222689882,0.5250051908611355,0.5445834051811891,0.5867612622947878,0.4380715642628419,0.5056191383603088,0.4923519802340672,0.48130064114461624,0.5419033143305364,0.4090767698788769,0.4633012235179257,0.4574623371151136,0.46734629071182776,0.649008564698806,0.4731002591335648,0.5012705461315667,0.6359432484721756,0.42825356470135134,0.43264623520646855,0.6314556439792318,0.5145885246375586,0.4457238641511652,0.5777971273129258,0.6132101306817295,0.47699116866093333,0.5424015336773675,0.5554517874778138,0.5098020687988816,0.6101747982965308,0.4712059561877608,0.48803355379774077,0.5293076295025296,0.48447755365220563,0.440641396970411,0.46025809764974956,0.4668068298071208,0.5889508999774168,0.43428281900615323,0.5952495768223556,0.4779515735472181,0.47464102680764236,0.472136987702252,0.4203986776273951,0.43699909521871216,0.4296984305069567,0.4794859407864105,0.43920729463813973,0.5237668578243867,0.3951280364978734,0.3800254520848817,0.4536697929966301,0.6127391112280113,0.5221212664848781,0.4992335323512428,0.5989117866368613,0.6973690253121008,0.5247414524791701,0.4775627914434676,0.4948284124214771,0.4241847754910294,0.4817760905238796,0.6400998642894002,0.4586637020307605,0.5630897773227339,0.4669390541004283,0.4278226182835304,0.5602590820765712,0.44668060969428863,0.5123751991498375,0.6720024093601086,0.43232208073158995,0.5529617490592172,0.47791308105100677,0.6369755893836224,0.49626940017276433,0.4977777793868942,0.468054732418921,0.6183544084920931,0.4221612450817144,0.453711202006262,0.5026122522394026,0.4773014882996065,0.5371456377574284,0.5516761321997575,0.4691786821105662,0.5237746151235534,0.36038161346629455,0.5292401809291215,0.5000784585759368,0.4468705347273177,0.5522291356390299,0.4574892102085713,0.6367511212681872,0.5590411913652131,0.5219217181270435,0.43578980948456797,0.46116032711817556,0.42969426752711215,0.5179918647076205,0.5772423951548347,0.5070348706860923,0.5135705634249078,0.5831667195632502,0.622064625795808,0.3826584442948072,0.5406484959719144,0.46874174456584045,0.45314380858524883,0.43762195010544536,0.5976852930924846
0.43978576651116,0.46342254046960163,0.3938890458486394,0.0,0.3593849819323789,0.494347609731325,0.5318113071867147,0.4406797502635497,0.39431937653083315,0.4585894689589374,0.4654328027601829,0.49559613677616726,0.3923243456323554,0.3978830693142336,0.48294354851562726,0.36679697483716084,0.40621166549211896,0.40218527126840575,0.5328963942529782,0.35659539841011206,0.4336954962812738,0.4159528482687214,0.4599262216104302,0.4051402987510401,0.5012399373905714,0.4231479433446804,0.40361715370776124,0.45474134149696827,0.49702443991690853,0.36280706385395567,0.4795532847366436,0.40399305228333454,0.6564679324817798,0.4660468255056527,0.5118730004529933,0.49816996425481413,0.43141478621886103,0.4069813540499203,0.41506965727245365,0.43811073420792757,0.5337149931986397,0.4369634442061933,0.39672897986412925,0.5431760938049449,0.4184626866208689,0.37114273065577863,0.35738351535912893,0.4263239922255818,0.4481353622886532,0.38058633773495015,0.4628275402789201,0.48908231629143484,0.36709181514360417,0.5713350352144213,0.5110984948302046,0.4220397892384472,0.3913308352885558,0.4916595267447954,0.3892558396387216,0.382344881797258,0.43481474652423524,0.36335819041770534,0.44177513949733427,0.35956788407594265,0.37197856052677986,0.3551648421061882,0.4043179146255864,0.37807477789300087,0.38525192052941787,0.47659696512160443,0.4027621659085204,0.378039340816774,0.4415302286682971,0.42794673364724967,0.41723026241981376,0.38671713813085506,0.3711281769385548,0.39544778919876206,0.40846994177682006,0.3651457937791567,0.4195752961820382,0.48758592562079156,0.37771654912541236,0.4203768581060388,0.43691973037069654,0.42347517616247865,0.4649407527224024,0.3987577542618956,0.4061498879173806,0.3720961259593539,0.49407063760276587,0.570467052017401,0.4333836695763983,0.37808719053890694,0.4393723715768796,0.5373114690568984,0.3622126947578177,0.5596566491994696,0.41743478680853463,0.4585049275212835,0.4018593196208563,0.38179509698294023,0.602123838384177,0.5831760891850994,0.4393429115749699,0.3572822269392862,0.3721339982878191,0.4529816033168176,0.39955007697274847,0.4038284371527814,0.5622632400294059,0.42848875798901037,0.49594588385175536,0.3857994233693799,0.43407102675807197,0.4275261843387411,0.4540514291142429,0.37573296767540687,0.5739777101164454,0.5065004670468406,0.3521421045562794,0.5483705456931842,0.43208353682489703,0.4373549516297976,0.42021132644272147,0.5025863065187688,0.39785983132027636,0.36709364563760516,0.5267298986536356,0.3741085457693887,0.38415888405447135,0.36316170732554554,0.36278032822650363,0.5036244061831261,0.39883572567890446,0.3462913961736212,0.3466549729007218,0.4776801025192134,0.4000789983572897,0.408713927225049,0.5429285775025914,0.3827968401657136,0.45676067141083243,0.4360019768314783,0.4229578743448978,0.4615294108105247,0.41236296964032276,0.37311697946455896,0.4305471815160397,0.35328418615767954,0.5067916485595426,0.46971659966976115,0.3848888006363331,0.34106106392431734,0.5590418462090366,0.39827215331956245,0.37672278306747653,0.4431355493892397,0.6598422704277882,0.43646678168944103,0.4113347581683587,0.4913863643719662,0.3914741630274926,0.4551053197831177
0.40600386213517126,0.39879075583284773,0.5399328441380015,0.3593849819323789,0.0,0.4544971829012519,0.46423055524200135,0.36997055985615207,0.3530746663566874,0.38885856026332555,0.5105543183586335,0.45982822058431294,0.4229490343681676,0.34720849407497584,0.4391437870220462,0.5033299377077234,0.45861830866479714,0.3757555659749915,0.3883316622696066,0.34731742712825747,0.5022804650486582,0.48098307302994214,0.3991497527372424,0.5228680382458176,0.3966221702294225,0.5372640949232491,0.3551084336412685,0.3599508043999715,0.4488060929973363,0.48944918715691044,0.3785881955073665,0.42115411775240874,0.3755600678384546,0.377914819655558,0.3638115325054392,0.3955897333022535,0.4695361763851013,0.38677896190325767,0.45435592177404494,0.45647275426169004,0.42580622024062414,0.453974029637681,0.4490028648120611,0.48668631133233314,0.3766324577303864,0.387832004701199,0.4866344232164509,0.5660137692373769,0.42552373731389126,0.3978504342434592,0.4664597735651024,0.4668208738168767,0.3349506914231595,0.434421035830277,0.43374188951287423,0.4037345184572621,0.4032307327569237,0.5205676331436957,0.34155514241754736,0.37648671980809956,0.368700063722324,0.3797915193955847,0.43644921195311964,0.33532462115860917,0.3563782515807435,0.34852104963204134,0.3673759016805166,0.4905103619149751,0.3654694153319572,0.388062212578537,0.45517076810658486,0.34228484776444695,0.3522848885032247,0.44793966535025403,0.37869381515022116,0.34382836323301125,0.4634679142525262,0.6675796172134187,0.3721936672460551,0.49523244496589314,0.4275086555745066,0.3953611481982278,0.4863405531577192,0.3661676185956137,0.38823974409929163,0.3938039277511123,0.3840390922198683,0.3500367827021091,0.3487191041668469,0.3741813986739525,0.5136763838998807,0.36330270417161836,0.4618730153392142,0.3620974431785371,0.37915086269867676,0.4179098018390723,0.3282828226430822,0.36380038738818576,0.36050151003011593,0.36473683954140756,0.3581900351703187,0.3983374687800696,0.35129691204761326,0.33853910315327346,0.35663676518296966,0.44192654164570716,0.38811379162838483,0.39026061842173276,0.4273528888379581,0.4886363819236902,0.4670252804590268,0.3950526077266526,0.38878206649280705,0.3473766029567867,0.37868762573496867,0.46506411287267163,0.35516793506818456,0.4233606190159675,0.42474731862196896,0.3596833360274411,0.47572647556783376,0.37838141328088537,0.3983107471411183,0.5059199178475965,0.35254342378674447,0.45286585098705273,0.3751044008491254,0.49142946583498337,0.3991173747961663,0.3807809269008512,0.35967794616882737,0.46040117617102033,0.34304453329294254,0.38217218184624396,0.38464994448130085,0.37836424705446964,0.41445627091870973,0.4363576655262093,0.3641568219935806,0.4032943966979224,0.31673333037725315,0.41449078290705066,0.3814513335764761,0.3651677750423661,0.44759665819683886,0.3879388786661372,0.5010120011787229,0.41860596467840866,0.38810734809993336,0.3628039097210983,0.37277036183857415,0.3518879380922865,0.3951164679261496,0.43542136833003064,0.42604702709941106,0.3864050559582082,0.41933381772363093,0.5293798693540555,0.33943258763936857,0.43854388832027724,0.36202521860281117,0.3663079429604083,0.3561986870640445,0.49323931686699035
0.556926978819878,0.607930236303929,0.5636854489254777,0.494347609731325,0.4544971829012519,0.0,0.5811874345828844,0.5162890410373013,0.454392101970974,0.5499983520869167,0.5631288167568066,0.5978249009891115,0.5179450119174583,0.4224735587854538,0.6547173737245052,0.48598021795634927,0.5214462255785796,0.47831738048242567,0.5814701566425927,0.41407022375443997,0.5626806447561422,0.5665241210984701,0.484659396957071,0.5596084114879897,0.5578568399101455,0.49556461152603387,0.42667885320655347,0.48370560262794066,0.6157979105126876,0.5040867204297724,0.5387349942226527,0.5091320050222821,0.5758856596671508,0.4694210425420678,0.4947062645518646,0.4961556822699724,0.5577081348177301,0.46049866313297183,0.4976629929682312,0.54523819951328,0.6202482645037292,0.5444744020975698,0.4966645666678561,0.6043929379478126,0.47649768451369195,0.4704657182811913,0.5007947279935052,0.5405591390397985,0.5092774180994442,0.4502087440480354,0.5714019183237384,0.6421430178770411,0.4287933837695544,0.6160952668887766,0.5348483533539855,0.5395478543639092,0.47790987079087105,0.6381647176676306,0.41068701227036924,0.4527454739563306,0.4973141947067264,0.4310091529244247,0.5660814137664385,0.3705433775704733,0.42923225841699253,0.41613252832102693,0.43351385939488557,0.5217130237281923,0.4259487487800253,0.5403103622473031,0.5332104439675902,0.4060869388661184,0.42468380631217245,0.5297964679487175,0.5067147968117635,0.4552424942526193,0.4435761536379166,0.5138132119479673,0.47467908488527505,0.48387861147083905,0.5722958968123963,0.5346579411435397,0.5590000178608103,0.48578067844049366,0.46126929190918153,0.5241511877409255,0.49368474733856127,0.42072311311822547,0.4715518466365326,0.4458148672458507,0.5812395218941464,0.5127297851755567,0.5434522431569496,0.4536778193167933,0.4590307788541194,0.6158247560564509,0.40458963153495153,0.513669144656699,0.4166109799477867,0.5001700463196718,0.42830290911030566,0.43885887540927965,0.4432329322195124,0.478358186661638,0.46099716116650813,0.47160475529327245,0.4440270846312831,0.511451791022845,0.5226513442479968,0.552689771271197,0.5728074567569682,0.440641984478922,0.5234943844923065,0.40317006621893886,0.5069494359111774,0.617505280063656,0.5120414482401525,0.44966373355931627,0.5362564949913743,0.4712078832513447,0.43352416460654447,0.5136284000339087,0.4826624429719114,0.6564944000472304,0.43623992228152475,0.705244614449168,0.43374849951151095,0.4856771544412298,0.5427580978514858,0.44264421658620695,0.4674101685426645,0.4720104746057092,0.39728982622821796,0.49543493707279673,0.4507254366972742,0.4263978673339634,0.47490883792884414,0.5523877079689481,0.4321942966932745,0.48627852906314417,0.45716426558673995,0.44953681468968576,0.5039357027794177,0.43302282788767826,0.48960726778249847,0.4596133025259088,0.582343549743673,0.5106810226602687,0.5086051023450394,0.3900797422108297,0.49933727128221,0.5053990813849643,0.44136738946288523,0.4390689771969921,0.6131029925057226,0.4738565722262755,0.4909215083960818,0.6665425260445194,0.47335960804679983,0.5005105340245749,0.48720618310940705,0.5104372599111401,0.41686486254976135,0.5625455450552854
0.5237956875030688,0.537172870424842,0.5176669683523887,0.5318113071867147,0.46423055524200135,0.5811874345828844,0.0,0.48779109099482326,0.44992090427589,0.5516703518409175,0.5645470466278548,0.5911201361250048,0.48741295461038336,0.43612519440867226,0.600274732265662,0.4573176273395277,0.4829928257939516,0.45829899470285523,0.5081059375528088,0.3955039052088623,0.5273476036765861,0.5401663983970494,0.5431108239860867,0.5182377173713038,0.5748190457873561,0.5364501641253356,0.45782417189076724,0.46447375878554936,0.5609517282321349,0.46730606530148344,0.5320077579879552,0.49744657186581015,0.5395757536942158,0.5032475473951478,0.5154484915135761,0.5272061953552462,0.5759631853409448,0.4459112402588148,0.4803787440852828,0.5513920229826975,0.5306556593461245,0.5863414160791425,0.4782347051210152,0.6052950732789214,0.4861565831528323,0.43337824344448644,0.4708655793729541,0.5317638185317527,0.556123674252439,0.43860793926067726,0.5634113480973868,0.541043757069175,0.38355518838217784,0.5901664095911822,0.564602753671171,0.5370528600738409,0.4419474487377715,0.6029044619778091,0.42812314655233735,0.4341329647237645,0.46156833347534687,0.4173454208307117,0.4804428573884159,0.3906674706697625,0.4087193861122975,0.3885347350861071,0.4663836303838731,0.5148444066917759,0.4405169961294319,0.5260200082305296,0.5059807463664768,0.40695015936445295,0.4601894220030725,0.5303438401321489,0.44884227192222315,0.4208237982792457,0.46399579190379614,0.534028173200083,0.4299895109195244,0.4273728948545392,0.46790669595194145,0.5505986311211944,0.49087012573945354,0.43527862468392564,0.4687177360188213,0.4808469715084398,0.5122236754433832,0.44608276728365603,0.44470906684738604,0.44572468528767195,0.6508774024314498,0.5806218420422793,0.5124337247175674,0.40823326638681917,0.47661020332917536,0.6319732889111623,0.37685302383826197,0.5453563106830507,0.44891112549121226,0.5076262014580207,0.43136125674872555,0.44882388676711577,0.5195865870247941,0.48460176234756236,0.4533444559871437,0.4396792035119485,0.41988049412473705,0.5072530777180302,0.4851803613459622,0.5277875135648101,0.6557590932220987,0.47126919010584095,0.5468542159617699,0.41221559271004427,0.4522941209677762,0.5299925240311751,0.45831646221777467,0.46247392500253426,0.5580499472395274,0.5082821964991246,0.42539827064487784,0.526074864254776,0.47912626402951053,0.5583372877835128,0.4365415757195503,0.5766087585460943,0.454064938486336,0.48300742395132495,0.5300109427127194,0.43262148931338373,0.44632569217202583,0.43336143907504787,0.3901325599767157,0.49714409804958354,0.4432668201978835,0.3904200451471932,0.41640516714420656,0.5737003860414314,0.44399597868959695,0.4665648691030978,0.4347603794172596,0.45551627389194654,0.5183549974910702,0.45942250787235267,0.5028082185316342,0.5700616351693387,0.5374167176132046,0.43925758611134313,0.4955311855592538,0.37990887323987765,0.5047741033303005,0.44822292714686046,0.4348391324472473,0.45269595267632634,0.5953456526352038,0.4685911718035569,0.4531294567900459,0.5890769570134655,0.4956512211317131,0.5161059882027006,0.4427844447498167,0.48932702144272805,0.4223697689835528,0.5521920900527304
0.6641204170894379,0.7310798279797746,0.49214505106603373,0.4406797502635497,0.36997055985615207,0.5162890410373013,0.48779109099482326,0.0,0.6800205020375163,0.6973117504897619,0.5086750654538836,0.5142337648515748,0.5885883779792055,0.5392469291781823,0.5963553981817118,0.48409447194620314,0.5363438111014017,0.6163858098132934,0.5900934071111139,0.5700572133738563,0.5243000179225,0.5602284029560098,0.6088613415874757,0.5072172488414868,0.6818520813255505,0.4521740661258232,0.6310945244311611,0.6561163250844981,0.5303983706670086,0.4951762856577453,0.7433918909562679,0.5701046338982665,0.4530016180764888,0.56513780951696,0.6129835850791321,0.5599731613182946,0.5813081454988733,0.5893440456402634,0.5299140212320267,0.5857517833966862,0.5302761142501892,0.590886488779224,0.5107996842963448,0.4514522778187846,0.6891586000342215,0.5668884580525577,0.44330527446745255,0.4474302092522399,0.6060343064203865,0.5182695861795787,0.5204273381620433,0.46994540675327245,0.4786414444698692,0.5110074230606643,0.5184707457776718,0.6545548487936149,0.5590066422624689,0.5071313890987958,0.5160427407980744,0.5764489224187745,0.6255918850151242,0.4772743295256037,0.47413344888184833,0.47412985713049727,0.5040433593278322,0.4921985327087013,0.5674234481369781,0.4840481415202769,0.5324467686903508,0.7422464587859405,0.5504236777545359,0.5263702567783969,0.513287534479772,0.5609562428619677,0.6403564395281601,0.560779513545108,0.4642099694566562,0.43153286062930074,0.5763769109964505,0.4238163886254633,0.5126696165973716,0.6503061755315667,0.5023779220035988,0.5901353974624951,0.5590050604250005,0.7685025173960406,0.6501330606205358,0.52224914674984,0.6698100185085459,0.5866726353224003,0.5032421934661615,0.5733068564825184,0.5217165041772094,0.5291747209823945,0.5520154142182211,0.5112477835623556,0.4980369051379589,0.5733417916398278,0.5091645604943891,0.6387968129782133,0.5421587151529076,0.5381891501402665,0.4602329680611906,0.455458896723044,0.576299302876524,0.5086617202750274,0.5127049427387748,0.6686065962474355,0.5607798881025623,0.543774560378882,0.48391812844652177,0.5282270776431172,0.5690195095223993,0.5479425892631552,0.5410861789560006,0.5906060434269929,0.6128077605147401,0.5332174151900789,0.43272863279478646,0.5773738482425741,0.4490563345315069,0.5657068378016237,0.576768696877134,0.5378859971490721,0.5549860150985849,0.5421851129154257,0.5117759682248788,0.506075170020818,0.5614102055252612,0.5421921323316709,0.6964022753455337,0.48385667697723656,0.5193917830515289,0.5717414616542835,0.5755335966995748,0.4555865811077492,0.5075552466243266,0.5935202597030069,0.6089808064246655,0.6371864729057359,0.428726184541582,0.5182032362409761,0.6622034121775906,0.5305303001759498,0.5443517658943429,0.5023434691043392,0.5413174557628421,0.520220721872099,0.7163496573479625,0.47264728386383187,0.6345879725586256,0.5296972939149813,0.5489814035234333,0.48123600530946264,0.5719266549980092,0.665718256505936,0.5789735011382372,0.499927510601968,0.4624462163460512,0.5034383241644448,0.5380000255170674,0.6252527508356,0.5593057752981878,0.5451635091906798
0.5678719764498354,0.6197122533140998,0.4491968009675408,0.39431937653083315,0.3530746663566874,0.454392101970974,0.44992090427589,0.6800205020375163,0.0,0.5940887742592357,0.4568807766362475,0.4580415213734785,0.5318403575230397,0.5215823685191171,0.5307730974801206,0.4459681800550188,0.4668782343995408,0.5475133847652539,0.48187821909871953,0.530130051062971,0.46123320111068533,0.5305987276613245,0.5262326054304144,0.4602255243962226,0.5593750364189317,0.40920856975308595,0.6323960925282232,0.5250515863429177,0.4652645976615755,0.48315119154926534,0.6449873450367476,0.5112206567052179,0.4035871563721183,0.4776986452768114,0.5290180479829282,0.4874944083393715,0.5329529513713309,0.5329996092924476,0.49971273741068245,0.5121613019580259,0.4494834404035413,0.5639700707771949,0.45266400763989895,0.40219951633497575,0.5868353684213978,0.5066679562240641,0.41252899510674523,0.4062747036511036,0.5330163001046919,0.47468271262729433,0.4603167066462923,0.4052776880347,0.4465121881066622,0.44526355417418884,0.4563868439746033,0.6499808994438051,0.49833975247805035,0.448697370911492,0.48436670329377557,0.5267753746570266,0.5513988356223608,0.4542817126466912,0.4116229479936669,0.4559755222468655,0.4742240194002845,0.45264815117049434,0.5628240101160499,0.46745732335310236,0.48824597834537026,0.6164541992085506,0.5136709172724141,0.49871601617317224,0.47306333707282405,0.49857285967980186,0.5446154671865758,0.5112448736109324,0.44568835176450783,0.40788603447092253,0.48276155158587586,0.39733948183394274,0.45297507445839286,0.5900222546215431,0.49069824259244393,0.5016111151554262,0.4927746344431784,0.6248247763255219,0.5854040607199841,0.49488116497327644,0.5769698973841122,0.6744771752866153,0.45062088941308953,0.5227773259936204,0.46544368700270966,0.4784420903326638,0.5163265592891981,0.46823478595589657,0.47663394199473935,0.4839906512971924,0.49035830667342845,0.5418720893934177,0.5258015615649646,0.5066573622339647,0.41058495657227,0.40213892930312867,0.5064160200134493,0.46331179103156794,0.46079990643171,0.5457210243649586,0.4953494983881108,0.49866224861698843,0.42746326274006513,0.4834215656514146,0.5044774193195967,0.5478776159771741,0.4588067074787144,0.5138333597239959,0.500525032560869,0.5016066333804063,0.37696624678370355,0.5328072402119062,0.43251178838569004,0.4996297727468851,0.49520482599669213,0.48421112721013504,0.5390473471672526,0.46702154697653886,0.483527290582399,0.4943842767831361,0.46014484126848404,0.5120229980093589,0.7410260807103298,0.4552018530756239,0.520261884925852,0.5322374818873572,0.5345050970488178,0.43606415644615737,0.4709711767949111,0.5127697584329168,0.5342972890986578,0.5856608484097536,0.38702451617149336,0.49682183621575704,0.6072263155344281,0.5037943884450672,0.5022363901299008,0.45508793274969034,0.5212257456883598,0.4851892811945703,0.5756540718860308,0.4451461700441722,0.5422371464701594,0.4681699082389202,0.513997866856348,0.48038402652471085,0.4817289842008294,0.662402321610255,0.5554702433798159,0.45281117441135205,0.41973465815927835,0.4573882826124488,0.47451131662237966,0.5412078894942215,0.5558448692692747,0.4986421562336897
0.6661288031603781,0.7008679528493659,0.5202579881973227,0.4585894689589374,0.38885856026332555,0.5499983520869167,0.5516703518409175,0.6973117504897619,0.5940887742592357,0.0,0.5255889794891003,0.523106085154928,0.6051801627550849,0.5385214668437084,0.6377687469812436,0.489265660235319,0.532022946819404,0.6045771212311184,0.5576956899738089,0.5075368503677737,0.5260653159622396,0.5753022034657209,0.6100564348130126,0.5057453276560763,0.724310535661835,0.47408813158750607,0.5906878619172924,0.5882018255166324,0.5789266536643353,0.4982961649192323,0.7029263171946498,0.6017889500449412,0.4783015425434603,0.5448708198325927,0.6055238845366305,0.5661202827802708,0.6285377342153015,0.5491046149434622,0.50738025352473,0.6015229024810728,0.5309344812106999,0.6069206645823286,0.5291442915690098,0.48284147696452856,0.6404007665534821,0.5435278717648869,0.4748465428031418,0.4752028907270013,0.639306826152756,0.5076993475733514,0.5514123869416941,0.4864879296374516,0.46151455077765957,0.5316017465247388,0.5526977728282029,0.6646817030643105,0.5238849509619106,0.5258786348491539,0.5231018712979435,0.5391931781095413,0.5855197780261315,0.4823168092187381,0.48899758123388726,0.4583607073427577,0.4893856968233336,0.47282650410326216,0.5566991600214342,0.5328905008584999,0.5500946149112651,0.7183660551925396,0.5651813154684803,0.5063050968991933,0.5112966768030673,0.5794523804017399,0.5800581211762417,0.5559276519042468,0.4761820239688319,0.4603076547531006,0.5291369540242539,0.4317553130702864,0.525039980497507,0.6286499763111386,0.5191263028842334,0.5544451238589181,0.5347200616176778,0.6333903827760189,0.6320713141892007,0.5421137724534967,0.6292729461470549,0.5341253579772244,0.5416391669386984,0.6040823015435821,0.5437899894241318,0.49662056060109677,0.544808866454072,0.5655022333213434,0.45958202436049006,0.5797876165889803,0.5027279594180317,0.644496374300739,0.522655356542056,0.5326161597552267,0.4865372487826286,0.47809962163826947,0.5555534715392988,0.5019013303799782,0.4952971729452407,0.6250038664186371,0.5761529382366792,0.5508432603752984,0.5105975676558637,0.5133082939889979,0.6046357232837724,0.5057382179941089,0.5309445180753032,0.5746068460989066,0.588114269694236,0.5477618871696677,0.4634041236720711,0.5778176215772303,0.44369121091793984,0.57600560591865,0.5457552157601036,0.5636367440912048,0.5252321428913563,0.5850854280337636,0.5112833997967211,0.5094723198504564,0.5708194869398174,0.539816197958718,0.6168966244186005,0.4747905351277762,0.4798371793364146,0.53082488818132,0.5274916140992115,0.4522303192884152,0.491444665757572,0.618739268218425,0.5627888432025009,0.5850835542492276,0.4501989867366159,0.5215420681188392,0.6358287276337745,0.5191180972478385,0.5457701959563646,0.5455880640577653,0.5380531544861518,0.5258316350587656,0.6933560018751689,0.43801304561775295,0.5878028466735727,0.5335800578622458,0.5011855499688403,0.5000790428698291,0.5850770958623375,0.614012320654318,0.5443231025034595,0.5302127288513362,0.4829025768365082,0.5328327559135576,0.5618506568055979,0.6024831186563852,0.5201285293701692,0.5375959649514506
0.5544659401223809,0.5429018554461488,0.6066514535250703,0.4654328027601829,0.5105543183586335,0.5631288167568066,0.5645470466278548,0.5086750654538836,0.4568807766362475,0.5255889794891003,0.0,0.5793296446757948,0.5493791146019612,0.4669526801361609,0.5709562109824797,0.5926770883433405,0.6216606721688345,0.4978684196541669,0.5499013657833776,0.45627560189889194,0.7116213052000391,0.62558519883958,0.5492837232661587,0.6218143826753568,0.5655877304455827,0.6582840809302803,0.477518563968174,0.5149459870466232,0.6463225785066073,0.5122877955779531,0.5232522055449796,0.5570187782509137,0.4628235096282404,0.5257693806132213,0.5216633886128424,0.5812688050847529,0.6497556505518208,0.5500376276152432,0.6441095316598615,0.6473381717623522,0.586384316248178,0.5985906099423287,0.5685403552336413,0.6231511620345991,0.5170323162275136,0.4843581988083145,0.47183645268296387,0.7120449970287672,0.6146924763862468,0.5153058626540938,0.6316142898404448,0.5682326585956964,0.41612347108741926,0.6173982124089269,0.6557183629153586,0.5125186615641687,0.5433744612719422,0.6892156481917217,0.44976587319051575,0.4956980397237766,0.5254425932778344,0.4659382356541396,0.5451546018787352,0.4421393198819748,0.4539005769221838,0.44104550966565237,0.5041359064104185,0.5307469543363701,0.48014384100326146,0.5586069485593338,0.5832301448541862,0.45705288752924333,0.4945161020083572,0.6195353019274112,0.5266675991881986,0.44158710672476176,0.5677840351211931,0.6076794615407916,0.5012136799466927,0.543237920137901,0.5467590794265857,0.5583313854500603,0.5158548961465523,0.5105357977630495,0.5664374879257837,0.5451077910201327,0.5734377652532114,0.4572578482509202,0.4596031261926056,0.4655456623936119,0.7015533446041392,0.48647626414602124,0.6261965756630617,0.47237882570618933,0.5379181144357624,0.5213010977811693,0.4262122377852717,0.49349997354042036,0.49463326549401526,0.49519439935619736,0.4980129147601303,0.5362682095829187,0.46765415912676045,0.42297975964091067,0.4949988113273705,0.5143622784229558,0.5026702123508892,0.5469067096020329,0.5372294795759051,0.6227943230300704,0.6580072266242251,0.5699478839382648,0.5596021045107936,0.47706538451886676,0.5046100270924003,0.5914123394939379,0.4805291349892395,0.5540049909482705,0.5477325090915721,0.505501919120076,0.5533373303273258,0.5349431727151572,0.5864116895090467,0.6341074570834854,0.49763880213732126,0.6076346075499064,0.49229025319687136,0.5530096362382286,0.5903523249379086,0.49259031897117833,0.45701427373707204,0.5595284030247034,0.46295470811428785,0.5643312373058983,0.5524081705407369,0.4558896986816063,0.47003122707682954,0.6319822578306667,0.5056055277347304,0.5590079167672912,0.39792454729174037,0.5564548247026085,0.5305105077606609,0.515322022325643,0.6747689671301196,0.49181353900188873,0.5889823831245252,0.49790632471259194,0.5418455505211832,0.4803667419033426,0.5546683280900012,0.46681657546227107,0.540960200106869,0.4662716278600609,0.6013015618789164,0.5292177415559377,0.5525894950100516,0.5967589964686653,0.45179092541634847,0.6051381023944328,0.4660999435597455,0.5264309536912671,0.4859517884150864,0.7779718930154824
0.5032648686991207,0.5581574631245785,0.5220531542602155,0.49559613677616726,0.45982822058431294,0.5978249009891115,0.5911201361250048,0.5142337648515748,0.4580415213734785,0.523106085154928,0.5793296446757948,0.0,0.46909917685319963,0.39769126766528945,0.5668798956218218,0.47166182144858354,0.4889508949884022,0.43667348436206965,0.5588882840199275,0.4048067491276624,0.5415995728021881,0.5364393389213102,0.5503920533342452,0.580779719919779,0.5826120370176392,0.5117510705760326,0.4543756076670225,0.4788026442310515,0.5506477279043377,0.5135930422422121,0.5376814236271696,0.46055727107448285,0.5123564882841458,0.5249996352198528,0.4879085221648519,0.49082396356973296,0.5483369071701416,0.4485348031434299,0.5104948700637898,0.5211517908686344,0.5513213586536264,0.589091264285121,0.45759833170212577,0.5664056457333386,0.48368585694588734,0.42867876403247807,0.44892581467392545,0.5193781221998014,0.5148157576474025,0.4175351667097878,0.4989158141719229,0.5415163202833901,0.36777663022944695,0.5527352224724524,0.5099462123817025,0.5397427147041524,0.4426437523578788,0.7027363845583229,0.3862918206615297,0.42282408923632053,0.45056820200272635,0.38433820210658093,0.4615945823452263,0.37366671403036317,0.38406923003533844,0.3741362443034979,0.4316320678499624,0.46133452420928084,0.40527654735764135,0.5275094337989173,0.4726018567524403,0.3863589981909109,0.41719125440414684,0.49048903200403576,0.4565428629952107,0.39949121417884265,0.4332634369749764,0.5212222496526747,0.44765494146290896,0.42952535052112745,0.4591726019233805,0.5114234423344869,0.5174147654498598,0.4413324579633123,0.4525924962600054,0.5225975388322079,0.4988747099104695,0.3938485259896045,0.43376301485115193,0.47598945974039053,0.567636295713557,0.5137110092116692,0.4818500844630191,0.40124905756752766,0.4355879568408248,0.6265325779108332,0.36965776777883275,0.5573349941983031,0.4131514723203814,0.46399691171745455,0.4141460644741671,0.4287333616884617,0.45310999489313897,0.4946016993321454,0.42622300269388647,0.44785572366390014,0.4103145963951794,0.56651039435193,0.46091259579691674,0.5662743001652726,0.607609423573769,0.45069410223299317,0.4747679766499698,0.41156569697939105,0.44146521349929196,0.5883456985188273,0.4550309130384801,0.44628340692467416,0.5116628051419816,0.4756858000268293,0.4232389555078773,0.4958537183104022,0.487174039077627,0.553656625757042,0.41861173258078993,0.5954748067683818,0.40955410574615264,0.49859007887023515,0.5349305952129393,0.40849422909372995,0.46981057874657745,0.4381423196324516,0.3887545610132623,0.5062991988048423,0.45401120725889793,0.3744258087774924,0.4573199988384198,0.5335694434696391,0.4533315295907827,0.47870815710358405,0.4061838907708917,0.4326464736979641,0.48001937888024543,0.4277688498875398,0.49829811313528394,0.4936492135333577,0.5938462303871599,0.4356298443238838,0.5148417492521526,0.3989231123395918,0.5044640547784555,0.43250995962143474,0.44665109547491877,0.4392267512981031,0.6828474276256404,0.4663087048728078,0.4711864039570211,0.6489923050013056,0.44992158291633366,0.45491922466152135,0.41280132892591426,0.47759713194411846,0.4167045896541703,0.5834189027000666
