0,1,2,3,4,5,6,7,8,9,10,11,12,13,14,15,16,17,18,19,20,21,22,23,24,25,26,27,28,29,30,31,32,33,34,35,36,37,38,39,40,41,42,43,44,45,46,47,48,49,50,51,52,53,54,55,56,57,58,59,60,61,62,63,64,65,66,67,68,69,70,71,72,73,74,75,76,77,78,79,80,81,82,83,84,85,86,87,88,89,90,91,92,93,94,95,96,97,98,99,100,101,102,103,104,105,106,107,108,109,110,111,112,113,114,115,116,117,118,119,120,121,122,123,124,125,126,127,128,129,130,131,132,133,134,135,136,137,138,139,140,141,142,143,144,145,146,147,148,149,150,151,152,153,154,155,156,157,158,159,160,161,162,163
0.0,0.8962257335682764,0.8224533139999417,0.8049157260757273,0.8689978098196233,0.8252497479772936,0.8761626277886925,0.8249598593301316,0.913622268967058,0.7961647885585329,0.8657138942106108,0.8484354856051647,0.8869498179355976,0.8598164275862961,0.9212381913094434,0.8611659466763968,0.8470958828239381,0.9675472308002788,0.8607634277662286,0.9672584963645176,0.8622061313637375,0.9202279345123193,0.8495463120239369,0.8760159871120218,0.910039025241221,0.7680110326944272,0.8042188561197974,0.8191356271225606,0.7886791847342044,0.8588036295891968,0.9078211385451845,0.883758409879997,0.8804909578617321,0.8124621985227639,0.9218945860884087,0.8421089839357953,0.9006537471598595,0.8925946071862801,0.8155177622883792,0.873255286155369,0.8401882694552687,0.8325292144835608,0.8966713984287221,0.8611045432958288,0.8978099130895989,0.8999663290915116,0.8553867883557583,0.8467893618829981,0.9099662610480771,0.906241896223148,0.8965195684101547,0.8575012877671456,0.8212184022169804,0.825595892983245,0.8197206622493171,0.7885804228598184,0.9203280855304546,0.8557869259703683,0.8627474999838749,0.919467830396417,0.7832696619237794,0.7884994578530503,0.8291387708939617,0.7819302778726319,0.8627305055112588,0.8156706700259583,0.83404159606329,0.8863402263864276,0.8379128508945789,0.8667241325914234,0.9323812806494068,0.8500290842480315,0.7796013449507271,0.8683593576422155,0.8287984303156036,0.8492930237577997,0.780092822340688,0.8128734385273634,0.8441063879488417,0.6747772574447415,0.7536901552712448,0.9122446303110675,0.8732576059761412,0.7775451173402336,0.8429211380096424,0.9091308305738961,0.8111032068960273,0.8799374322908541,0.8479114566939131,0.7904208882371141,0.919806454302961,0.9055253778783292,0.9004276702503492,0.8544329091522318,0.8656639242378023,0.8474431098209442,0.7574846235199582,0.822956765003769,0.7666674964846052,0.8383771727139102,0.8113900068653419,0.7609765270117117,0.7772337031502792,0.8367368810723211,0.8891817134366573,0.8698980369369812,0.759149566455252,0.8112279979006708,0.8912811700911851,0.8556128822021518,0.8302571926791292,0.8363075490337012,0.83010432331815,0.7627854593570311,0.8667894955111379,0.8588670154529631,0.863053115281365,0.8885905751757053,0.7259775338305975,0.7844395706726963,0.8684186831934475,0.7296713729773647,0.8884478917587657,0.9166485473136976,0.8248995894473158,0.8482943178210882,0.7513269847119097,0.8500883407848906,0.8059202175504012,0.8696067435255618,0.7906508382055754,0.7930482553005335,0.7825375474285419,0.8395450367254682,0.8402349113251897,0.8111655362479335,0.8861831511563961,0.8828638073897085,0.891131679252708,0.9145040422134894,0.8246633660570907,0.8717523262815359,0.9195666831420091,0.8012469193837218,0.8629030706143939,0.8532725734610206,0.8877468804047298,0.7743534406248026,0.8985175894216592,0.6215926016839649,0.8932478594812888,0.8275868850003562,0.8684708222408901,0.8190386241315669,0.8632660046696187,0.9110010875820123,0.8852094798933705,0.7989556604590415,0.8459710144675984,0.7674308016894943,0.7021019282811546,0.9278032919176993,0.9212089661592295,0.9171197574850108
0.8962257335682764,0.0,0.888424316109578,0.8206773969476988,0.7999689471930123,0.8885260784951506,0.8527864456138116,0.8505576241964781,0.874363291134728,0.8700504329730464,0.8216276414073352,0.9146247161291567,0.871128175387049,0.782950670009265,0.8786110660087191,0.8423194287055475,0.8528811011256182,0.8597280807598398,0.8708069561084387,0.9146693480396675,0.8859593160533691,0.933152777808708,0.8348513932519823,0.9277020095316025,0.9115572280141306,0.7172521820424133,0.7898747412393485,0.8198968154309122,0.822067702371837,0.8267472881546886,0.8588428973402713,0.8321171076311505,0.899186422184986,0.830007696792282,0.8255947261948059,0.7999619205680886,0.831908903123289,0.7952375195592656,0.8015001890287691,0.8893390460951534,0.8640239095406625,0.8721167411184966,0.7664711144449894,0.7925455695962069,0.8987930821377582,0.8799773725571484,0.8396808575241296,0.7756839297144656,0.8352365922365145,0.8140915667932344,0.8202170360500644,0.8633504463835223,0.7926322017362657,0.8494597666752315,0.7604065649122647,0.8578119833809,0.8551763103119732,0.8464967333797633,0.798396275162171,0.888618976263067,0.799261976126946,0.7014424903051436,0.756303625439047,0.7140633242403691,0.7749809972787588,0.7609849106359242,0.8254007815243574,0.8153541690236673,0.7297062414742221,0.805771891289836,0.8482660783114964,0.7305939763348522,0.7116864232266499,0.8544736172386306,0.8357175168943185,0.7665423692161878,0.7437815525139957,0.8089829838911569,0.7888850371074899,0.6504103020381001,0.770142040676175,0.86706791138046,0.9039607223800825,0.7505846925668267,0.7679494803749403,0.9489194101108245,0.7372884729644117,0.7299311200961806,0.8252254279677891,0.8655574681102407,0.8069062373103696,0.8858018029850869,0.81276424004297,0.8064303722255322,0.7931981780532152,0.8615484382314511,0.7479791656909693,0.9032409684007737,0.6678823208209365,0.8525123315732005,0.7269679485952786,0.7051048095700346,0.6744388965111513,0.8684569123285372,0.7744714867406008,0.8749710030404733,0.764910461253945,0.8879812852410782,0.8849577901624017,0.9461467031022531,0.8275569479036274,0.7266545569695964,0.7889706607939092,0.7245382957582369,0.7854224897972724,0.9157120468585362,0.8506547232088484,0.7982717428443781,0.7544806467769071,0.7413998224856683,0.7762094700270991,0.6608751295695425,0.8744004525634601,0.9039867046387687,0.7212971416462086,0.8652138755687391,0.733303147156211,0.8620070506284685,0.8688148167574259,0.7791811934339419,0.8362823403571857,0.8027288927109033,0.6977119462051077,0.8100677943706729,0.830740488931767,0.7236206847370097,0.8804518127422613,0.8102500984864491,0.8823400770071046,0.8445934364526216,0.762112918930607,0.8040617545592648,0.9260324876930366,0.7509667815901799,0.8086927419536157,0.776599361000608,0.90013920315064,0.8161900577832816,0.9280395090537965,0.655613463816112,0.7990424395565564,0.7774985029236516,0.8530007741893605,0.8884062127203366,0.9321910009635955,0.8748789018612848,0.8936893745860565,0.8683515109571035,0.7745836745838472,0.6757033606909449,0.7095363739271391,0.8222127020464218,0.9300664826868269,0.8525694605814087
0.8224533139999417,0.888424316109578,0.0,0.8282861823260074,0.781913684167342,0.9239852663273231,0.7708326223476186,0.87376341798261,0.7895958302444114,0.8666209733012166,0.8395782366875754,0.8445122936237008,0.9062260286568418,0.7677341422410341,0.7774774657841071,0.9142097525616357,0.8977491449771239,0.8150936358207039,0.790130736475303,0.8204533874607131,0.8964920795292368,0.9153655153786812,0.7548244563298986,0.8227981964079939,0.8549886949831691,0.7840332140695135,0.774756050489148,0.8049213771551694,0.7846953819963045,0.7830527635750396,0.7490978801005176,0.8494208199180149,0.8400674309794004,0.7652892816769699,0.7291405970547948,0.789474565492587,0.8157092870962457,0.7897900700847234,0.7331140970918266,0.8450912977400005,0.792756706416135,0.8732998138016148,0.7657078404461707,0.7417555320443698,0.8665313406481254,0.8305522671584796,0.810713567969703,0.7794293423486133,0.7609078770136988,0.7925077901864457,0.8160726519523632,0.872293828441833,0.7309550514644896,0.8363507042132168,0.7528470456466186,0.8033833363918033,0.7985232206246269,0.9022919637363074,0.7666889471240225,0.8276495407169152,0.8412385344282525,0.7426341838142515,0.8144063805586174,0.6974194425194903,0.7123048470973912,0.756288980510885,0.82064656049123,0.8297287921152355,0.7996583734193357,0.8411235332791884,0.8297379742218751,0.658460727766333,0.7628378681537158,0.8993974973943749,0.8793797798725717,0.6723048953328402,0.8024305829782357,0.805423504672488,0.7551247726137496,0.6337372325127764,0.7993238500640032,0.8111942950977319,0.8348931550306907,0.7993960315855522,0.7820408208461086,0.8854773386809185,0.784175875298679,0.7152669794250863,0.7828003439964175,0.7789486560995409,0.8341229591322006,0.7765135043348094,0.7704033906403163,0.7240659543416736,0.7844880586916089,0.803792726360255,0.7404986075656647,0.8508262446932284,0.6274134072408916,0.8318616834715391,0.6443808790119985,0.769898159863863,0.6852039336244645,0.7989611722206482,0.7681539434794908,0.9015183265760448,0.8189820549689423,0.8732209820156329,0.8285360188502091,0.8734682697312421,0.7928054483016048,0.7129485590131543,0.8489882971006022,0.7683833520962352,0.7547082773970211,0.891080890955447,0.7642244635145925,0.7513610082888209,0.8517805190942618,0.7636677272986094,0.7244031560159145,0.7262980450057912,0.8193386911500417,0.8268625950082553,0.6324438387689406,0.8175127463433826,0.7939812566830267,0.8460651637476511,0.8905324756421914,0.7417977329745947,0.8066188256309519,0.9165059597158086,0.6912258701020977,0.7383270658591288,0.7766584520830931,0.6551723800142154,0.7663488379853787,0.7251674231164311,0.8378932578062749,0.7591883322980818,0.719068404920436,0.8268313380635446,0.8439211270029626,0.7753257412774937,0.7746682746064261,0.7593099675484035,0.8339837561898269,0.7992054575325175,0.8815584930971929,0.7005757363363463,0.7241778837054595,0.6911420754182553,0.8155016904654976,0.8746241952096819,0.8932320036431993,0.8179450564463063,0.8199979047184794,0.8719139880969217,0.6826209875995709,0.692885926722166,0.714100417986873,0.7013100418184991,0.8511629838714653,0.787674688777482
0.8049157260757273,0.8206773969476988,0.8282861823260074,0.0,0.7386613263629535,0.8141088824898814,0.8058447756618141,0.814546767449341,0.7170765390999713,0.7344094532522223,0.8809756674406096,0.8169449357801591,0.8447809524442548,0.7830224963527326,0.7933804231073037,0.8264633826567516,0.8676465915763558,0.7938178873923674,0.8526515544504792,0.8141993987331204,0.8919407242811808,0.8519061334079342,0.7799445954503365,0.8384094075897567,0.7921301168747372,0.8109044493429359,0.7671047034154568,0.861046830675281,0.7440671351440538,0.6889723899448482,0.7460896078427487,0.8197235191372165,0.8969827406798966,0.8486865893536792,0.7655622783110961,0.841546228874749,0.7860805891800833,0.7735200610908638,0.8029427151651559,0.8924428143101526,0.8255920387177361,0.7541267059661528,0.7625671402083065,0.785083382761219,0.8628603869320871,0.8195591752478592,0.6716867145970634,0.7907854853538642,0.8047790475686079,0.820567197878952,0.8930834151896168,0.860911351151597,0.7566532715451522,0.9302668822031106,0.8499377067584366,0.6684308265003969,0.8598414974257181,0.8360699969916956,0.811717466680794,0.8844354574093299,0.9035465152366249,0.7231706332985294,0.8161537176698805,0.70282960076609,0.7533920872277143,0.8000029961793835,0.8967803329664216,0.7262282455492346,0.7375541704379591,0.7968949391304028,0.8028485983195005,0.6991648491152833,0.8286439904569557,0.9343549526889043,0.8340476428941878,0.6802009714793212,0.8878014550815403,0.7475518246243762,0.7753147402167471,0.6249416435000581,0.6980812458380644,0.842803501720115,0.7136965709236829,0.7553497047272105,0.8757117218900914,0.8004037791417026,0.7913675986400546,0.7564159502668863,0.7552709811508921,0.7109744003095613,0.8308944847496924,0.780325959963469,0.8086697435243934,0.8078899091887287,0.8636614126324984,0.7152185439633157,0.784429104596895,0.764004263669238,0.6527711892587235,0.8670833573938517,0.718235844076417,0.8159988636643118,0.7768826927264637,0.7142278681883071,0.8147105584473973,0.7982083416501644,0.8515886801102918,0.7524072836667018,0.8075779465311159,0.811034267877493,0.8980625022293435,0.7882166119794639,0.8803411914979169,0.7596621231815315,0.8015760374731562,0.822511612664319,0.7482791879962524,0.750814673641767,0.857269115002114,0.7211174763272814,0.7453586475177294,0.7461822232215926,0.8252277243369632,0.8216201416852487,0.6626035967025922,0.7964888724461375,0.8135757839718559,0.803215838799265,0.8788003499123687,0.7308698000692323,0.655627701186587,0.8182290902045085,0.7740224723624242,0.80610363744673,0.8256519265909752,0.6578533811073669,0.6784404757681419,0.7637946850295951,0.8446695494669861,0.7736759910057991,0.7545034634966131,0.7764917281234679,0.8830301430006395,0.8160788087248975,0.7826477966919436,0.730930571369576,0.7583211722384554,0.7155790537771811,0.7451430941590035,0.6368421602530003,0.8286433135727145,0.6959087735822397,0.8764898262084522,0.7393204966158465,0.834285643649729,0.8070906130481975,0.8665048916843103,0.7709189097612391,0.8044789629163318,0.7839649607281837,0.642479942645567,0.7157883473752975,0.7497654159640136,0.8235001482925298
0.8689978098196233,0.7999689471930123,0.781913684167342,0.7386613263629535,0.0,0.7123495970213838,0.8607441225376736,0.6965539554819276,0.8240427151078704,0.7061213658865917,0.8703803839268005,0.8165639013412682,0.7531023689273388,0.7880231029335307,0.8678600019463776,0.8032874420638894,0.7640864875311426,0.8316059452020643,0.7564223112538501,0.8419749629503538,0.820472858045541,0.8934332791937247,0.8006277644626664,0.8551913860613326,0.8091289758324969,0.7961298853161787,0.7441617678666217,0.6924276467434367,0.796758808333786,0.804258367065997,0.8282918317577532,0.7551501829958396,0.7958887387579876,0.7244745683270329,0.8849256417169492,0.8314808183406242,0.8378467226057387,0.8467996564517893,0.8239259276871341,0.8146692480612412,0.8088810978966786,0.7934248523025998,0.833001500780629,0.899374031689959,0.782368806862132,0.7380020405680998,0.7980457132526491,0.8907028001200591,0.862290009124695,0.8411577771501866,0.8135138458085311,0.7751227527486301,0.6935783654280118,0.7786164417370831,0.8022568415211596,0.7111879397373716,0.805852326555617,0.8204245624907296,0.7723636572919431,0.7861545556957982,0.6583998375931598,0.684650786683424,0.7292179617458553,0.8121449718728929,0.7711115860165378,0.6669885426953274,0.7503237046649204,0.8216262836491764,0.7722025717684181,0.7514262280964329,0.8531262294439704,0.7996094688421364,0.7204920104914473,0.7703509258534982,0.6980476152422421,0.6866037522202181,0.7302973195257345,0.8743464122483586,0.7093881929469797,0.63937940531718,0.6494144563552456,0.8316143993472422,0.8084410690955384,0.6561595642543607,0.7631161517548728,0.8040771485034404,0.7185613842683548,0.7769214272371983,0.6653814605062661,0.7320266108489221,0.9232522586927904,0.8270659151419052,0.8666362994345825,0.7135376623251706,0.8135987150408609,0.8220107146805108,0.6577485638870898,0.7376057892843357,0.8043469059413733,0.6876627200022257,0.7898719506229814,0.6797135560382525,0.7462961787139605,0.7796506125403679,0.7694613663502321,0.7539024007497158,0.6480295404625627,0.7332363530185537,0.7828460059672513,0.811920200059993,0.809421154202178,0.8662578412804146,0.7100412487837209,0.6992757246811869,0.7306141563648433,0.7606059690265501,0.6871572695396573,0.8696109114846786,0.7047999653358167,0.7311686703601222,0.938656077218184,0.6521511613340052,0.8249327234400563,0.8224355722721365,0.8262211984343046,0.7808849220242712,0.6716744432575511,0.8079357359412688,0.7460974983162267,0.8144973470155656,0.6967825487190674,0.7258014000710423,0.6837635956730651,0.8326821235124361,0.8161959633424916,0.7847691012270326,0.804664761097197,0.8856327445710228,0.846621520066509,0.8387325003178738,0.7126463350538419,0.8510297953346628,0.804770573745528,0.7949998422637292,0.9110480923382382,0.8230378657833107,0.8746539769988848,0.6570925980896888,0.8146712618731061,0.6318233725283005,0.8125361723019495,0.7118443679193074,0.8292820333766728,0.7812420003172842,0.796010625915622,0.8088614041792046,0.7820492545787099,0.7327093031617746,0.8082427412042612,0.6923666752872535,0.5976385413711064,0.8240522003138222,0.8177024922699823,0.9306896062378687
0.8252497479772936,0.8885260784951506,0.9239852663273231,0.8141088824898814,0.7123495970213838,0.0,0.7451584570064734,0.9067350667568704,0.792927627305098,0.8509790791695679,0.7905959838384771,0.8641246440514876,0.9057582751749358,0.7089588577354532,0.7536245584346376,0.897281710770397,0.8881252560952732,0.788980676312426,0.8450221128189591,0.8189114251538516,0.8809579859865803,0.8460120388825179,0.7421859439554221,0.8026140522290076,0.8639661665698919,0.7207117649485715,0.7366371051037002,0.8377226723968405,0.7311392890299265,0.8082131270220069,0.7612662961842549,0.8776699115971083,0.8280311726743396,0.809905456103082,0.6978882644502288,0.7344249394331451,0.8022344323141383,0.745981409534146,0.7225301925908069,0.7974203559027164,0.7652430412041722,0.8559946813591924,0.7451898941644904,0.712763504751015,0.8552017775048418,0.8662850721246571,0.797155677113896,0.7307218418819584,0.7381201741509856,0.757957076416184,0.8125334830991221,0.8862976013238066,0.7534560190668959,0.8162085434767011,0.7224932684140297,0.832489487409379,0.8179757051324231,0.9023895672448509,0.7199941408136578,0.8368271761407817,0.8741665553477351,0.7546046532224768,0.8224043546336637,0.622926406499616,0.7078521321421548,0.7937315066765954,0.7889756167312681,0.7970448915078784,0.7211029897603861,0.8424679793322297,0.8087545025570083,0.6289851137731242,0.7258920195722146,0.8800134875691092,0.9055645319622012,0.7280918850365337,0.7904137052083278,0.7585136687219037,0.7890941942916826,0.7019474291777192,0.8485969128177698,0.8032464771027417,0.8495525856687389,0.8114001113795865,0.7854613171724136,0.8830107617053355,0.8028316495371711,0.6954788249591731,0.8562304382042482,0.7970467906404236,0.7776376727788169,0.7832913113170704,0.7444351355596638,0.7769266431562886,0.7368552625950349,0.7855762274555083,0.7632920832825124,0.8699971187734393,0.5898370658957502,0.8629955889746626,0.6278254147681376,0.7774922000148162,0.6584013295140582,0.783019213310721,0.7630958513077751,0.916078935712119,0.851164814265514,0.8714808754419444,0.8136362766918703,0.8702296891457875,0.7937920181295781,0.6638876150642223,0.8563308197910576,0.757595241777863,0.7716911540347358,0.9100904656208597,0.8447543142999364,0.7181634248339617,0.8042257149835158,0.7360144358441771,0.672794137438472,0.735223492044066,0.8180256979723135,0.8624020560002071,0.6121391953761135,0.8243934041164908,0.7841660440746536,0.8359262255873083,0.8596546846969427,0.6875298471665334,0.8317827547611847,0.9182439365445192,0.7139419384346942,0.7273892040674211,0.7451191394445252,0.634118312353701,0.7909504950772475,0.6754746881020455,0.7570147679298226,0.7712574812941293,0.7148584634176627,0.7843768147765156,0.8498806371551862,0.7150449632048741,0.7235057667969497,0.7217730064632952,0.8148382542516834,0.8486057741548043,0.8558174084379733,0.6805686136873544,0.738346376959786,0.7216802632525764,0.7843844698368276,0.8154413391141738,0.9136721003342708,0.8162089555125657,0.8383884272116617,0.9076802139136978,0.653996156532598,0.7160873231658887,0.7114379650031979,0.72634290337542,0.8551021653446388,0.7600295911720462
0.8761626277886925,0.8527864456138116,0.7708326223476186,0.8058447756618141,0.8607441225376736,0.7451584570064734,0.0,0.7356813968741226,0.7908911262407727,0.8145139601713671,0.8279903992765401,0.8627762842594254,0.8282418316643768,0.7990822326667201,0.8775252185196819,0.8049811206761079,0.7802495521346174,0.8388300033641446,0.7869145334271505,0.8354136685914672,0.8111423330876676,0.8459185097806424,0.9413029763382633,0.9044012471451182,0.9018319005239686,0.8092327998802814,0.8111648981713376,0.7678655852055154,0.8021504134182933,0.8016166064520585,0.8481184929785301,0.839362521893768,0.8331194838564742,0.890689663681531,0.8473146632618551,0.7954883246123344,0.8953794049594925,0.7449677518190819,0.7919084235932397,0.9153048731603292,0.7691573156854521,0.8059326047387879,0.807043376745958,0.8457147614552903,0.8730833419811008,0.8294675644148785,0.8271260417648945,0.831355911497057,0.965209671787022,0.7936464543182535,0.8486290098703139,0.7685451222514907,0.6938478102171927,0.7951612608934313,0.8230567095289606,0.7785049281820019,0.8073431596348423,0.7801332332767517,0.8466767080327284,0.8451410525877255,0.7065681332127015,0.6848105504295671,0.6858536111672898,0.7454994353067304,0.7509259749818707,0.7091415688531698,0.8714206578299486,0.8470452701955496,0.7379386571575379,0.7514667960026369,0.8253879969972493,0.7834420620734787,0.7214568790520425,0.8382117513457221,0.6873773678897105,0.788083943703265,0.8113078727933621,0.9112166569320923,0.7186070645533806,0.6677428593036814,0.6460238862395062,0.8172710513613186,0.8350207419103769,0.6408347826463721,0.7646125618315812,0.796145796651771,0.7294984301678713,0.824058740942279,0.7832011152524395,0.7900878498804119,0.8543115437788894,0.9026323658652122,0.8391985190686609,0.7624946155586012,0.7932288105973127,0.845025620904549,0.6407772429418357,0.8211033155995945,0.7244819380347536,0.8309873604470297,0.7969396617389267,0.7246771193668782,0.7998940173457293,0.8128905680801195,0.7398463442552803,0.8091633881305733,0.7007950230154204,0.7927360940457533,0.8704920706304689,0.8954096398778538,0.8847927098343907,0.7866411949360891,0.7767413085692064,0.6908243151725127,0.7405763075023504,0.8018953529886534,0.7664068750801083,0.8863120338619788,0.7247773796326834,0.7201882485904348,0.8120995794886688,0.6433057646396357,0.8336696627091168,0.8979339052812407,0.7308205212264919,0.8366574600229526,0.7105194667861594,0.8553934650748388,0.7870824554471858,0.7965911786994863,0.7148038733104264,0.6792947051208107,0.7061084149873132,0.7434596109573959,0.7836250903888728,0.7122424480241156,0.8260473557911856,0.8767011888972575,0.8804578988965793,0.8360765025126196,0.7325494824085861,0.8141975202764903,0.8806907335681986,0.7235070671317096,0.8721606037961493,0.8948662595116031,0.8110687457791265,0.7289103387817383,0.8453666365039347,0.563520762909593,0.8162259626111157,0.717377112579111,0.7935385213870104,0.8678457593474171,0.8514597911443903,0.8513468595663993,0.8691833901316326,0.8146428270661586,0.8439218271845201,0.7755883578217323,0.6542798796925461,0.8120219805449337,0.8428383388131164,0.8503538496356604
0.8249598593301316,0.8505576241964781,0.87376341798261,0.814546767449341,0.6965539554819276,0.9067350667568704,0.7356813968741226,0.0,0.8430708880277795,0.8239811156604567,0.7966002692136497,0.8622286928008986,0.9045041824445583,0.7072994897538888,0.7910986249088009,0.8720994036099621,0.7964055397830915,0.7939645247318291,0.7971180311598202,0.8175449859374772,0.8101011891968553,0.8435839965522135,0.749147281052011,0.7868977662939226,0.8710823713757266,0.7551781700299601,0.8049478327183561,0.8007346536894824,0.6979603148065299,0.8101483411552477,0.8230299665518012,0.8301924697086587,0.84471566154535,0.7978567975538922,0.7106684427910476,0.7403328670826376,0.8608858371189281,0.7835346674772938,0.7558549459329233,0.7755053265340612,0.7422989343574398,0.8043559781986361,0.772706142614873,0.7016077941214973,0.919063150997514,0.8581303792513901,0.74524073978711,0.7400440444030182,0.7391609698810776,0.7429454035738418,0.7831655301963039,0.7917125129357546,0.6855993487578459,0.7832269142725028,0.7341430230733047,0.8059451538542574,0.7821038470205554,0.9017359528584756,0.6917603563228911,0.8157559619900251,0.8891462762852729,0.7262186807496316,0.7828930560000419,0.6213451833901567,0.6824054560561181,0.7574634646829808,0.8350721095598002,0.8202346695370423,0.7441213232956502,0.9429868266434156,0.8243024713561611,0.6432259620595167,0.6939820963786594,0.8506040711396402,0.8572596257440334,0.7082579633075085,0.7993407493431806,0.7429442448599437,0.8365993958121216,0.6115528193962684,0.7311558792979862,0.815781222915283,0.8516756152056346,0.8311442891775254,0.7341650037940884,0.9119541335443293,0.908278303160894,0.7201240272078626,0.861906188732251,0.8538784583357156,0.7723376732565055,0.7839998614571243,0.7237932846661318,0.7244163919704946,0.7059983405190922,0.8305167201258689,0.7563199895606901,0.8310296129640932,0.5838048659397571,0.8380099583763507,0.6659704922905308,0.8505852290050544,0.681804462086598,0.8059729730924896,0.7672335223393901,0.8970423841016242,0.7933818109972457,0.8375098157591857,0.7845876085382252,0.8190283872963532,0.7510996918910942,0.6740282170017864,0.8125802700668218,0.8076591738009764,0.761851200517172,0.8646913854066337,0.7534083418839174,0.731650889535703,0.7008366711085323,0.7536701137555143,0.6702274739267826,0.8487355553712265,0.7385608644815039,0.8356829955058219,0.6112483344633453,0.839915677755138,0.7179644344112653,0.9026941624313033,0.7910720791381789,0.726062668302184,0.8248434269081011,0.8434986786112705,0.8004072012824281,0.733612796575538,0.7684736763059515,0.6208959526901067,0.798313209134092,0.703564180825285,0.817463984114874,0.8253501441174238,0.74658108381966,0.7459418969391951,0.810373792964146,0.7097200666899767,0.7482961625970869,0.7425498572968976,0.8355444407717941,0.8044999325884024,0.8458226202992962,0.6188079643315656,0.7894795306154613,0.6761626970902621,0.7669853358964175,0.8107092915728736,0.908344645933818,0.9031342365704051,0.8421914957134353,0.88277197690434,0.6736473630562168,0.68057640619368,0.6616497307643174,0.7025219097268294,0.8752567427320019,0.7605269311450478
0.913622268967058,0.874363291134728,0.7895958302444114,0.7170765390999713,0.8240427151078704,0.792927627305098,0.7908911262407727,0.8430708880277795,0.0,0.769527624009848,0.7898498574960223,0.8588923680884767,0.8029163540006996,0.7494830726732186,0.8568630933754562,0.7914314829529073,0.744009765867493,0.8529665071093482,0.782224259580716,0.8932101170978228,0.7771437270042849,0.8891456649152316,0.7966538728040988,0.8221459080909693,0.8806551003060448,0.6920959123762211,0.8014918354910928,0.7358332205310588,0.7091971478207206,0.8900222287403913,0.9003548196246678,0.7632266358247577,0.7967190157603594,0.7439092269623624,0.8469821739460518,0.752244708613355,0.8504283060830783,0.8321297338251838,0.7705218748923884,0.7594560252009,0.7554501334800464,0.8695149908500095,0.776294876529557,0.7602137672001628,0.8491186836828029,0.7874761783299772,0.8077911857972536,0.7513647791168676,0.7962248396483544,0.7806222619663356,0.746834577786255,0.7555365825816155,0.695984095763351,0.7262869868520431,0.6982450318285843,0.852139104321721,0.7889902891406368,0.8477687142093487,0.7140095015301603,0.7898146562317617,0.7071768267526207,0.6723269086071683,0.7104940418253552,0.7126680983023101,0.7371910225767803,0.6794409467256615,0.7604508403190319,0.83066211310675,0.7537103865964037,0.8606424349238319,0.8483274288354017,0.7307790102905102,0.6879910487844871,0.7526944208534674,0.7674934138863991,0.7230482185919807,0.6789013770599703,0.7614901851592979,0.7571128725193058,0.5799518751816998,0.6622642453844282,0.8676781248368166,0.8973813750677023,0.7105492749168363,0.7140805216030597,0.9322040500951461,0.7972013364448735,0.7427849884132522,0.7711113952782293,0.8823799629811006,0.8314074032307478,0.8743089175411801,0.7591665281258453,0.7110629663287092,0.7414795977187821,0.8742889769443578,0.6891166619846699,0.8377629534540995,0.7079099074955807,0.7381171414273533,0.7194508082546861,0.6901119427158658,0.678132888904325,0.8423595503644898,0.7692771858079483,0.8051404797460686,0.6479718113042393,0.8347060444670101,0.7623122027523372,0.8248001688064462,0.7322084237514954,0.7481710931491194,0.7198940682401838,0.7623267880599028,0.7237363946018325,0.8386829480567377,0.7468740566864828,0.7925239305515386,0.6279174175906843,0.7913685251352912,0.7847711856280672,0.7050890356225475,0.8000846936521759,0.8189535323722278,0.7679319130140062,0.7725417325637056,0.6622958938249205,0.8433782282561705,0.7102041794460319,0.7661689055434027,0.8763134018082984,0.7417346483936239,0.7204686694550183,0.83061851521625,0.7887470102532136,0.7085025866053833,0.8811447878333096,0.7931048078248482,0.8333927867808286,0.8629692413950869,0.7193991625051569,0.7782912629762224,0.8361866679235898,0.7358510654555428,0.7936897006792144,0.8151795032952964,0.9332331296364076,0.6982602609165324,0.8845395426027491,0.6190340086213706,0.8210453090273031,0.7099152142967665,0.8016321244114679,0.8147382306439723,0.8531587018850204,0.8911862659533685,0.8102352899674066,0.792954684715907,0.7317178455603649,0.6280549040080541,0.608033011205842,0.8368863303083947,0.9314778435233451,0.8727445962992082
0.7961647885585329,0.8700504329730464,0.8666209733012166,0.7344094532522223,0.7061213658865917,0.8509790791695679,0.8145139601713671,0.8239811156604567,0.769527624009848,0.0,0.7521439137180768,0.821740989495477,0.8941847117536211,0.7474657631388856,0.7451088586516856,0.8573316783776309,0.808236867884542,0.8011584480574876,0.7329827332556358,0.7637106084366753,0.746314467307377,0.7995266448969458,0.8488288988272299,0.7694507061132527,0.9237279158519788,0.6999018232583586,0.8403393660911432,0.8027446484272407,0.8216359100916927,0.8320200103898153,0.7529455444296439,0.857829007475205,0.772260369118213,0.7961906328188643,0.6996693481258689,0.6891609592578788,0.8339676523708638,0.7098483333080794,0.6569541309342563,0.8159685170611358,0.6905124951759715,0.8338553448210991,0.715632037561736,0.674503073264127,0.8409943693974534,0.8171176232320233,0.8334331444162724,0.7037686296503464,0.8060117985191408,0.6865927404328209,0.7287951482098928,0.7298624482577881,0.6670919210323465,0.7082475992474114,0.7089791969732303,0.8586186649131559,0.7127053765761622,0.8034316236883985,0.7479371107035392,0.7734890849940034,0.7386920265971937,0.6773587277366785,0.6769956479518147,0.6442163461800662,0.636865070073091,0.6796699087734088,0.776533123320073,0.8235074401617427,0.7660209866805349,0.8084956430674393,0.7313313217629352,0.6573305370164839,0.6587746233970332,0.8029033610144498,0.7723376582349235,0.7599128716091409,0.7413595957127401,0.828194340393693,0.700085020752806,0.6556923669597248,0.7330749802593359,0.7008536285043843,0.868547747237818,0.738536788611153,0.6706210482577284,0.8183409314788499,0.7301057588274543,0.7181886405757174,0.8738194109699181,0.7857368624388621,0.7466412782107121,0.7773255390013342,0.7283909174943136,0.6814314947916473,0.6757296806739684,0.8444157899559999,0.6136356633644819,0.8563610549523146,0.5878229348465588,0.8322193928239984,0.6516420369795187,0.7074095836299207,0.6552837059763159,0.8563084531993728,0.6791105011233506,0.8546676272441017,0.7165192892732278,0.9234501041618606,0.8263219330478592,0.8480045728702744,0.7269885166794011,0.6181380552691421,0.7644584746648879,0.7529015452277812,0.7024860845885691,0.8480664369782296,0.8072402765667214,0.7755210512078146,0.7285906129518971,0.7585929188824853,0.6410826151814711,0.6676354266097019,0.7339172250177465,0.8218709477187937,0.5936296018380175,0.8406831232351866,0.6889945410682791,0.8133360241610353,0.8167492324256722,0.7157763432585849,0.8631991026717126,0.7307275547180223,0.6817023632211112,0.6251558174840456,0.669903513930639,0.6070006063198391,0.8214062843718888,0.7037175742024371,0.8167874287700341,0.7431462242607016,0.7201253095365691,0.7754722218483208,0.7859401381636121,0.6424211357274283,0.7280298811627893,0.77630489662014,0.7426720239102707,0.8465018974393973,0.9246365605986511,0.6263388707722943,0.6690805991951058,0.7162937493793176,0.7015729244179995,0.9002827054827455,0.8683733085586618,0.7875363492690988,0.8151372322220104,0.8870400917425416,0.682846544176054,0.7030572270508556,0.7617626948834105,0.7197203356741648,0.852583307112022,0.7006152167161227
0.8657138942106108,0.8216276414073352,0.8395782366875754,0.8809756674406096,0.8703803839268005,0.7905959838384771,0.8279903992765401,0.7966002692136497,0.7898498574960223,0.7521439137180768,0.0,0.8583415305395613,0.8443958240503373,0.8161872539500632,0.8284864564166436,0.9113006757980889,0.8768652778756597,0.8493405455341043,0.8593354863240981,0.868356098358716,0.8750132740823667,0.9108322185848096,0.8292964540601174,0.842535049235055,0.8473492730015347,0.8009896120911382,0.8274436053139911,0.852613912616947,0.8408960089286528,0.8028134741648951,0.8049144833515954,0.845499421159537,0.8429931102075953,0.8061979834527516,0.8411584857215233,0.8616831079130457,0.8554260459749234,0.8896876572511837,0.8637344776176902,0.8560806017377945,0.8106963837281916,0.7890720558280356,0.8312341413495098,0.8473838848383298,0.8394261929439563,0.7780936766397072,0.6955601332409779,0.891765868977392,0.8775511516302825,0.8514012222358223,0.8748661318483942,0.7976522356713837,0.7292412200798686,0.8705238382260994,0.9051977255685596,0.6700350254454479,0.8748511566857875,0.9170347160375586,0.7973336317256303,0.8631394542284301,0.8204616921757032,0.7098395015401637,0.802247512290478,0.7733690220740933,0.751856922104799,0.7329052055652013,0.8229258267720052,0.7639090576411511,0.8139924671492466,0.8565691281784298,0.8207376628095776,0.7644896455110315,0.7986215123234607,0.880668965275607,0.8331786981845406,0.6959521154731714,0.8691077862089702,0.829749329216558,0.7568444426092027,0.6598320726194081,0.674420203387048,0.8279954202060051,0.7701836582140283,0.761727623965906,0.849155227922883,0.8167647590693782,0.8293496772064355,0.7925022569823428,0.7372495720027311,0.710488954751751,0.9204066035217287,0.7760949231279302,0.9027755113409383,0.7806428980404774,0.8503605734142101,0.7765701805920401,0.7271995559250137,0.7240166130185428,0.7197804081939665,0.7596412761361683,0.7959465625096839,0.8093565182571477,0.7485098006434445,0.7500543319143355,0.8265683358519164,0.7775922786844421,0.7615784425067273,0.7784752834401794,0.7801291197145563,0.8110230843350527,0.8763613717214304,0.8457719267451979,0.8018386682395728,0.8548831094224726,0.7832368557093891,0.8098149984806507,0.7337129442006409,0.8862534794160042,0.7886233113152983,0.7596248796393198,0.8528314380656342,0.741810558707453,0.8258811625264002,0.8379409565438313,0.748386703556401,0.8387361817684398,0.7284230534886543,0.8320337697785392,0.8438036180440668,0.7738132545200498,0.6992764369327863,0.8200857856209216,0.8366868786147907,0.8471031414774168,0.8523771014684703,0.7102656227517606,0.7515018961919173,0.8139807428985688,0.8911237237608218,0.859970616169009,0.7529917419561631,0.8849115136440534,0.8396090735776429,0.8422306261802108,0.8871930906239538,0.7535375880598318,0.8098873248848765,0.701602774694811,0.8145429967293883,0.7016866601379429,0.8646349447817416,0.7398706072501805,0.9226463198773355,0.7381723031856576,0.8364904595867476,0.8339247615766167,0.8917289635104605,0.7603951582949415,0.8264301485706265,0.7984721271035083,0.6056948728877668,0.7966446030233415,0.7818358103120059,0.9230106096845165
0.8484354856051647,0.9146247161291567,0.8445122936237008,0.8169449357801591,0.8165639013412682,0.8641246440514876,0.8627762842594254,0.8622286928008986,0.8588923680884767,0.821740989495477,0.8583415305395613,0.0,0.8266385220846112,0.6931450419659549,0.8536418972984275,0.8545635602371525,0.7977201052317133,0.7746792027167143,0.8810953318670698,0.8589539286361166,0.8738511004939341,0.8952259693545843,0.8497989675074519,0.9174623063105075,0.9273343198257568,0.7419596760221332,0.7851219014707841,0.7891879202726494,0.7740210742797384,0.8578993300993855,0.8839605296441456,0.821958130544726,0.8420852256155104,0.8872259697321838,0.7845776944554432,0.7786256122411579,0.871312394793724,0.7589812371353112,0.8652154411693276,0.8208702081767818,0.7866229118568799,0.8615608588338799,0.7687083557812583,0.8051754991019916,0.891043429216838,0.8121975343830207,0.7653762247886222,0.8145130379313952,0.841158887809353,0.7621234586759744,0.8072263798786439,0.7909132509905931,0.678547739932923,0.8330223325466103,0.7892160104009163,0.8208271955785968,0.8157552264106913,0.9057047729464689,0.718969549930593,0.822797430849856,0.7875784788138337,0.6480469929495382,0.7103157480774703,0.6680953166575746,0.7088890790449499,0.6984055035543933,0.821375189112538,0.7904674473254352,0.6765370933659629,0.8257636481096712,0.8135018853746853,0.6717421542520297,0.6803253599768169,0.8296177240415888,0.770728638385747,0.707562632437217,0.7962052402569655,0.8431866544601226,0.7493955069829843,0.646382488741731,0.6752961401318257,0.8493737998736499,0.8878785135752154,0.6834370093304912,0.7477005677759274,0.8857774973663157,0.8088921723248059,0.7061378098309439,0.7772102393080704,0.884507372237475,0.802323425747614,0.8710833207356531,0.7876939471976888,0.7484921701539536,0.7284188989883492,0.8798780867130281,0.7087131311422479,0.8688975403565959,0.6400214740620679,0.7880113114199614,0.7234793585056185,0.7702051286708175,0.6941411899813086,0.8466362274293963,0.7243035381317305,0.8272758079983006,0.732753258009189,0.8515506182487311,0.7875342493069535,0.9428109168697968,0.8816508405290315,0.7306033879770559,0.7518305809476348,0.7489932144126137,0.7049744020748198,0.8518836721139681,0.7552582242965914,0.8280685489849036,0.7160274874691888,0.7004707136543824,0.7582388809369914,0.6882780390713875,0.8197806073602711,0.8952674026043048,0.6831969643855491,0.8697507645208506,0.681216953663196,0.9158279477404274,0.8128363892906681,0.7087958362448302,0.7914674947348421,0.7796639944913415,0.7259437669876418,0.807654435462117,0.842660128314473,0.6590420620243685,0.852635810027387,0.7686132739045923,0.8421345468438728,0.878810197011365,0.6957637881272872,0.7854957979200701,0.8680239119880883,0.7338815116038948,0.8443919249996771,0.784823925920105,0.9044469884290675,0.7464692777510564,0.8843865639426707,0.6285062197380328,0.8386683889539639,0.6933614844822623,0.8401490896313097,0.8380539035633641,0.9653978763135211,0.894579306807158,0.8923332789010943,0.8841279000471725,0.7286312946367522,0.6861652181310297,0.594161706530887,0.7669887090785441,0.88882053559705,0.865082927065739
