0,1,2,3,4,5,6,7,8,9,10,11,12,13,14,15,16,17,18,19,20,21,22,23,24,25,26,27,28,29,30,31,32,33,34,35,36,37,38,39,40,41,42,43,44,45,46,47,48,49,50,51,52,53,54,55,56,57,58,59,60,61,62,63,64,65,66,67,68,69,70,71,72,73,74,75,76,77,78,79,80,81,82,83,84,85,86,87,88,89,90,91,92,93,94,95,96,97,98,99,100,101,102,103,104,105,106,107,108,109,110,111,112,113,114,115,116,117,118,119,120,121,122,123,124,125,126,127,128,129,130,131,132,133,134,135,136,137,138,139,140,141,142,143,144,145,146,147,148,149,150,151,152,153,154,155,156,157,158,159,160,161,162,163
0.0,0.8225647126577796,0.7998408264899731,0.8147773230593325,0.7374725257693571,0.8679575468955756,0.7993164644068851,0.80588089297601,0.8578096399356615,0.7458996656282402,0.873366463038759,0.7726717644630781,0.9412793980545007,0.8258621990068318,0.8184883496685392,0.8599857272275389,0.8879046125263581,0.924412862927409,0.7928214685979301,0.9340559437471613,0.8371155613741263,0.8499798555362416,0.7782677363379353,0.8316729240741718,0.8692610856514428,0.7973016198812856,0.7373075105901165,0.8885217630785219,0.711050528733164,0.7729443768084758,0.8292268357089175,0.8805187507438095,0.7869357819686654,0.8329354273873081,0.9205984844334585,0.7623045201453228,0.8958946276719715,0.8638996682055458,0.7414216277203233,0.8225617000693491,0.7449090565138264,0.8724021666079199,0.8289101547853972,0.8481382890332534,0.855322496387943,0.8615847694176556,0.760752687550617,0.8306511798713985,0.874915384350187,0.8495275018084115,0.85808173650593,0.8653427612921893,0.7764817117787621,0.8038390320416615,0.7824762520722829,0.8628574472496656,0.9109459539231749,0.8000414045316386,0.8121545859193097,0.8406186628212574,0.8449901407652035,0.7580601346094886,0.8654456616569502,0.7362008832733206,0.8398504614037622,0.8803653744144404,0.8523643884019857,0.8561250346041398,0.8094361985494657,0.8519029594443217,0.9049030992179355,0.8333270805411208,0.8623037959998676,0.8911354458113827,0.8710641382187686,0.8511952868208617,0.8372284142870826,0.7443328163708052,0.8008579761236932,0.7473721915443347,0.825348684964038,0.8449445264718402,0.8233125063829153,0.8502246267400301,0.8803001902321501,0.8868286804129605,0.8299522351386351,0.8012937298117359,0.8721842561318222,0.8198932177782592,0.8403463349528577,0.7936661017107257,0.8030795381286365,0.8896127048871639,0.8760166541810569,0.7804358729221806,0.7343662807824722,0.8176562740587574,0.7289968881612204,0.8688581274902972,0.79474694366424,0.7582194750861728,0.7325180868783159,0.6886095710628317,0.8626637508064194,0.8631214369889504,0.8066172028323838,0.8635713337888464,0.7987596243943902,0.853238949766882,0.8441417627608194,0.8434627982735916,0.9137550667526592,0.7894530809708681,0.8728682284276303,0.8897555231117947,0.877164340232754,0.7855779944027899,0.8340846673788167,0.7994871287606821,0.8308135984877185,0.70267475269826,0.8819323991415106,0.8636223268160359,0.8259484888137256,0.767491483214383,0.7730694301800488,0.7921841754195266,0.7849203296064999,0.8043904519749788,0.8148624399095382,0.8336289331322544,0.8268206596897459,0.8379126196927922,0.8238344983792758,0.8445868594251911,0.8403864553212457,0.8101116736764611,0.7852189580435955,0.785596476697118,0.7814391660609961,0.8414167170861294,0.8487905001854077,0.7462785581097393,0.8390995373340244,0.815816393980787,0.8164497330946802,0.7560579856078714,0.7864259076914274,0.6753771992396059,0.8878452520104877,0.7691304652404792,0.81447571060487,0.7478392180890633,0.8187450905756761,0.8860950131477648,0.9008497116876936,0.8434191590641569,0.7980711177822353,0.8724178485490139,0.7566932240447805,0.8920107122062374,0.8555954970999184,0.9120180105142779
0.8225647126577796,0.0,0.8982920263880049,0.8515917068196464,0.7252833723327495,0.8755818248906388,0.8232177621269937,0.8183500893135476,0.7629860100043002,0.8951781523037615,0.8736788501227704,0.8805542931252547,0.8746358448549795,0.8037273857687328,0.881580833800202,0.8414272955786698,0.8715646160332031,0.8201134404761601,0.8403600645788016,0.8749592475351913,0.8575749167415754,0.9360739966935628,0.778163617391307,0.8911816590782776,0.8833073512444783,0.715108433951738,0.7552043317481643,0.8440675716471401,0.8802193820420109,0.7197186468387214,0.8479885484465818,0.8354336343819578,0.8854463409685238,0.7923539530845783,0.8592875953738096,0.8483316283139076,0.8024942574911694,0.8253646517763673,0.8473550955528351,0.8502152181322811,0.8764643478204515,0.8248827215097685,0.7447166514963435,0.8374736420422029,0.8633265188758417,0.817573511836196,0.7328839541971333,0.8167427560636568,0.8430964871337376,0.8146978856791932,0.8009553609908121,0.8010311807779501,0.8065117902195337,0.9096998700268832,0.8566333670132792,0.8234018853360887,0.8278791803244131,0.7953894785701529,0.8254192308132675,0.8536513932941121,0.8564152026528375,0.6767531833644258,0.7671425950403947,0.7736868503355342,0.7624674042961576,0.76662285046227,0.8061782073888907,0.7589536967480833,0.7504641483343581,0.7773455242206062,0.7914661713076151,0.7788905394253779,0.7196086927698008,0.8643413858015985,0.87428977696122,0.7357826744769489,0.7935952947321583,0.7701112259719993,0.7324488256350616,0.6653513110405864,0.8118990232420463,0.7782548954073788,0.8449368590397164,0.8133475099207295,0.7447612075792186,0.900658116872399,0.7082835123215871,0.6866802089405462,0.8024905374850209,0.8304875469771192,0.7394635246635928,0.809361049062956,0.8537569363096883,0.8044230961193941,0.8071490527605233,0.863793868224294,0.7611079639380877,0.8447652726155626,0.6498628336173699,0.8250599653488211,0.8095987548804877,0.7214060271785858,0.6356279613211582,0.8246650906581138,0.7551217137473628,0.7984683366482227,0.817561993448594,0.8829776691554121,0.8418852357618222,0.9051117612794745,0.8474801727015947,0.7259036822379319,0.7797099033940676,0.7547809754830143,0.7819815938901503,0.847675895216116,0.8220378212145257,0.8233900041767234,0.867208258250139,0.7103849596749535,0.7800687117884105,0.636735906551775,0.7708690293549751,0.8419289188446202,0.7189846063953828,0.8821625507093085,0.7105250984208415,0.8251213339464514,0.910640521661444,0.8093560780694858,0.8100407441158414,0.8040874238239285,0.7088944457117622,0.7907272654533771,0.8860337971514766,0.8171845684876015,0.8278870537464122,0.8212280045275108,0.8592280764102572,0.8052066603361762,0.8184518675435081,0.8329684796684952,0.8564752015952374,0.7915911350708906,0.8522109360468971,0.6896580890920438,0.8434394789771904,0.8458276106270279,0.879222085729933,0.7461838261709082,0.7635241550227929,0.8505900971950107,0.8576135148614653,0.8526033581889771,0.8944060107268683,0.8306243204691389,0.8705996500307053,0.8454470215775514,0.7998301261994996,0.717322427922344,0.8136984507423757,0.762443454915804,0.9109612308109089,0.8047903110583494
0.7998408264899731,0.8982920263880049,0.0,0.8208480713801094,0.8475369696970477,0.9028430275707421,0.8169594423937687,0.8250796955823434,0.7215980787509116,0.8766208919240982,0.9186114006064758,0.9075142486118051,0.8784595251172497,0.7444725296510912,0.8700054667907109,0.9383984732271639,0.9115931971832005,0.8054861194668599,0.8113259773904729,0.8119708945532009,0.9245193826071632,0.9640827995412282,0.7479363781769033,0.8673980912340101,0.8674759835809962,0.795877441513831,0.722256593373193,0.7780094094221072,0.8686791829160865,0.7836561630513754,0.8101074762883211,0.8749990570763649,0.8532196451952171,0.7502358723216601,0.7789190127591714,0.876555702982718,0.8325664515629169,0.8593673321858852,0.8714585378260608,0.8202721430631875,0.8723236556126654,0.84829590480524,0.8560997760720861,0.8945247435352723,0.8391136312372726,0.814091211557099,0.8123369951372437,0.8925141895553372,0.8270673765197878,0.8622958023692799,0.8598065223433243,0.8443119165859587,0.7400499666065624,0.9103315004999516,0.8944129259036467,0.7782608552919253,0.8236653991645873,0.9106911883740065,0.7784756831508475,0.8154644786036581,0.8253105097592031,0.7376930203554544,0.8576382962493673,0.7673841066790001,0.7457257136741036,0.7579447525146422,0.7559916723121513,0.8347342462007367,0.8133278956053817,0.8118574282734502,0.8443130166268147,0.7196091712433407,0.7067102498621561,0.9000997109509622,0.871950057749945,0.6660211658840718,0.8609129212047464,0.8574113170623955,0.7454040937992622,0.6866120106211558,0.8504086272780127,0.772366339410452,0.8794488643780387,0.8063620729417227,0.7673796068259214,0.8654085731905826,0.7339002299621914,0.7057567734679332,0.7507204774931271,0.7550428940753038,0.8400113585869088,0.7522140980133096,0.908319161037372,0.7341962801816337,0.7834472996651574,0.8814752309116766,0.7417973498135414,0.8041770646515015,0.6411375047977083,0.7620291118906335,0.7353911162596475,0.7994586190620222,0.6786537405551147,0.8315984543341431,0.7615089439243165,0.8657929628642299,0.8652120522720019,0.8511088925333901,0.8431099146858303,0.8824164675198453,0.8652569577043457,0.7782853943740413,0.7639051295390586,0.7566877684894325,0.7703955227434177,0.8314807101206025,0.7449840008915859,0.8736090432639788,0.9188382149340136,0.6858214451761505,0.8426048805470566,0.6981140047841891,0.7343585298816993,0.8623859081503584,0.6465435216589355,0.8992359356635301,0.7280612633180864,0.8837478053335467,0.9067585878147496,0.8182707816702146,0.7756745520780483,0.9098914794769152,0.6734353491205332,0.7337273305484386,0.8579444149086533,0.8129954973687352,0.8224067936552594,0.8020002203510873,0.8265846102232267,0.8402882642076404,0.7643869943390744,0.879909849867636,0.7868841627695833,0.8255005280029521,0.894527819108368,0.7250446023150985,0.9003444877637845,0.8709625924244218,0.8820714419083896,0.7633014120233572,0.7297522775322074,0.7804945593744257,0.8477332877437198,0.891197696683517,0.9316923455307458,0.8081103811797952,0.8044139263722618,0.8980644433757511,0.7013771656840894,0.7464441047088152,0.7882281621200337,0.683708025424434,0.9028407504803163,0.8130039598120248
0.8147773230593325,0.8515917068196464,0.8208480713801094,0.0,0.7154633178430899,0.7730815536289556,0.8380977285637499,0.8437108137133648,0.7269882531673141,0.7478970560045706,0.8619279630218667,0.7925115182764724,0.8712500298416792,0.819729229727412,0.9066834630547972,0.8020258342038125,0.8510893383782238,0.8535522615028333,0.7896015249858299,0.8211698108929559,0.836331202364015,0.8830223578082614,0.8015464324825757,0.8672554932555887,0.7766864095231035,0.8041182241386228,0.8165318948031208,0.8659952399668844,0.7390518815463367,0.6654678864668091,0.79490275894796,0.7869555064932554,0.9408132918593342,0.8116843411462997,0.8299215697937282,0.8626965230051797,0.7941646526302663,0.8257862837486236,0.8370491203828214,0.9095137191082555,0.8705642520623778,0.7484483355773747,0.7711669274591058,0.7971063726009489,0.9006696812399769,0.8702619483528931,0.6708419778730771,0.7684774482521011,0.8409165149458551,0.8639864515144674,0.8789509902838745,0.8162452127888018,0.7941616901732516,0.9224174405112066,0.8550969902544462,0.6970360757542767,0.865112387395883,0.7790769573832986,0.8392282946795901,0.915907701791444,0.890342608448837,0.7149644361824122,0.8086301610840412,0.7401748304723502,0.7957981076223135,0.8188303086948563,0.8937961147862362,0.7485632246070677,0.7746852271358758,0.8081901479844849,0.8271138280109382,0.7878941468281561,0.7740029217170599,0.936655003954471,0.8437677643326306,0.6857597896222215,0.8901410023070973,0.7410574872101625,0.7938795856773972,0.612566463527648,0.7044007721441279,0.8579261867436259,0.7498065584489345,0.7922700359685898,0.8114116761927117,0.8651164552666335,0.7339386626287582,0.7640873394761439,0.8012566418635734,0.7908969400529745,0.8071639361207439,0.7825752615880063,0.8299907096996606,0.8133432521847606,0.8911313262601979,0.7427621146678544,0.7797219987373097,0.7451099823690343,0.6471039163576918,0.9009893036555553,0.7857264502156641,0.7948869762157406,0.7417808243715225,0.6998662311006638,0.8236505433111369,0.8163057102636122,0.8579469126636982,0.7758446409496611,0.856079851246148,0.7931189224175257,0.8517389383736015,0.8269595266895743,0.7998051882879649,0.7725134631855668,0.8519715163331456,0.8578380907828811,0.7253622008962289,0.751167625117512,0.8180087093630594,0.7284957579173066,0.8022985168058069,0.7449380603085909,0.7207465889523718,0.8207368242889471,0.6553921630546485,0.7946920350697854,0.7852920659616274,0.8406661751869026,0.8169879379894415,0.8420706833845316,0.6768625140222693,0.7800921399323815,0.7624948179643939,0.8137083921148847,0.8454590406092867,0.740744057276342,0.7058151787325135,0.8709835554749876,0.8738707441720198,0.8059242191853528,0.8067748304911124,0.7467679066460161,0.893582519576882,0.8098282971888874,0.7956878639255147,0.7216624763951994,0.7969602201258118,0.7741040071543058,0.7249120126953255,0.6429761765340555,0.8332239472663795,0.7163728256781537,0.8906747513374955,0.8047771230433364,0.8172236476586765,0.8430563496268186,0.8689439148914087,0.7988532416425309,0.8460818870866214,0.7813530466239093,0.7382552889570743,0.6773642119220276,0.794823581062858,0.8257522232915869
0.7374725257693571,0.7252833723327495,0.8475369696970477,0.7154633178430899,0.0,0.7669801890738707,0.8252412952832032,0.658757857111748,0.6474820252743748,0.6947687547331051,0.81727645216823,0.7892157130026,0.763372378550457,0.6572671236906763,0.7815286325664556,0.871265863505292,0.8482966364680468,0.7403067895439496,0.6900850754815806,0.6735147147596093,0.8451183655144742,0.8217957167912806,0.7389508859087465,0.8120989686829211,0.7104393191929503,0.8219003420195397,0.6654638180624436,0.6759381574389174,0.7324628012241032,0.8498244105557997,0.6679513344122575,0.7655763774083701,0.7403973070293397,0.6738868000154814,0.6706129842562951,0.7324351419881785,0.7588437852497024,0.7517218370372424,0.7576744431601974,0.7842576676082389,0.7837478821303102,0.8055814054443541,0.8055525537382032,0.8415888614870107,0.6885266005034288,0.7526366538278851,0.8755603500878111,0.8017227220148774,0.7782802159387074,0.7919776821444507,0.8306305120922678,0.8285833480337024,0.6691480374021078,0.7585001470284777,0.7551999282950572,0.7146115685056328,0.7705366645652209,0.8576558655334312,0.6634359769217504,0.7390434607279397,0.6484238086113634,0.7250546805566991,0.793495715371752,0.6581316869511002,0.6823459417079817,0.6615031401321334,0.6514445623294415,0.814722682596245,0.7141588028244193,0.6813741124110323,0.797830429214666,0.6498687807964341,0.6292355420618319,0.8070101842013118,0.7156306657892743,0.6115639784054103,0.8122996203864401,0.9342379373211911,0.6699966777802647,0.7437777856444174,0.7615017745283674,0.6981238133997011,0.8638982119570475,0.6609489683918709,0.7265835707665995,0.7341857422432736,0.6202905864188311,0.6552448976851561,0.6490421886441988,0.6707474157572348,0.9108053846651492,0.6634373310960305,0.8547779471091468,0.6693130544158367,0.7236586593035087,0.738661724448885,0.5940130520147038,0.6609402446162389,0.641513823936824,0.666905114382119,0.6327022711665748,0.6830120022059517,0.6370575089438568,0.6561172184957255,0.6620306939748195,0.8410622068224913,0.7416886725450095,0.7269486719538606,0.8014050266211844,0.77182590127858,0.7931464179051886,0.770443085077209,0.661507927251867,0.6553299252196199,0.7161721879139752,0.8199223398946647,0.6503674303542555,0.7659727305287061,0.7845789299377055,0.641122606129035,0.9284056567827595,0.6359951609345956,0.6705623071649643,0.853001530846033,0.585585456363721,0.7546581846515208,0.6964545937919057,0.8168351329834278,0.7205520673745986,0.7332477201810549,0.6797584875787676,0.8329334797024942,0.6011404986223949,0.6672348007494382,0.6736502357942086,0.7492771628524162,0.7689086695251116,0.7705634511382742,0.6850743644192967,0.7607921162201191,0.612604067044699,0.7836255874052126,0.7095288792319835,0.6828886981433672,0.7945114938805624,0.7070884223812413,0.8515398162102696,0.7997199533799917,0.6977397760190589,0.6804726753368546,0.6350588971997984,0.6649638856219426,0.7542338700019575,0.8277429894064375,0.7866336966297947,0.677411419869484,0.7221454578417876,0.8650697197932212,0.6278302503611148,0.7743289510361283,0.675593809150591,0.6245128731976167,0.7384688213195217,0.8238468237250574
0.8679575468955756,0.8755818248906388,0.9028430275707421,0.7730815536289556,0.7669801890738707,0.0,0.7516701064992595,0.8285818042301095,0.7917077460537254,0.8014963137838421,0.8969259696569385,0.8904350335229955,0.8867349946621815,0.7142858317125846,0.8066007518312739,0.9084068064513007,0.8769889809631713,0.7712036297126982,0.8576670525293557,0.8694124494167857,0.9126183471609525,0.900453014557301,0.6757883876477139,0.8370375222369046,0.8823468552754816,0.7502161912794759,0.6429795901588282,0.7853597796898283,0.7854695563260223,0.7837721051444085,0.856970594512571,0.904893736833932,0.7883012862114177,0.7771766219862456,0.8022822564229332,0.7959080964880962,0.8642202926047091,0.828831255204646,0.8542203400522167,0.7434590979193756,0.7821639595846066,0.8736859967426129,0.8288524430602561,0.9093928977780803,0.8135496850555078,0.7944760695391198,0.7653952775615115,0.9049042188353532,0.7860263949936926,0.8223699084975282,0.8452406021755302,0.8635512413241713,0.7491642194840346,0.8760696635711224,0.8375547132187903,0.8590924062430243,0.862119917632277,0.8865640856985435,0.726441644428673,0.7836505135539623,0.8742669553639582,0.7522378644726829,0.8833811254243652,0.6969713107303459,0.7850642839428361,0.8252498010899186,0.7667888588733144,0.8373489806106528,0.7275090347370929,0.8245652651459534,0.8821960366006695,0.7011803021440622,0.7545451345076163,0.8630849509819543,0.8924178591740622,0.7476398714128831,0.8362965300924712,0.7780334373127492,0.7519487898052102,0.7778736378201427,0.9249606070665756,0.8117871569454913,0.8763454414664053,0.8322936099173196,0.8089964649323038,0.8624765461585336,0.8264807288301533,0.6898291196162194,0.7793090071420133,0.8117460152716648,0.7814912161006649,0.7743556896625624,0.8331662815444021,0.8273730443189297,0.7765151333999634,0.8668698844409466,0.805322416029342,0.8284309454196754,0.6563349346314006,0.7634975391608104,0.7588322764839632,0.7984260068335964,0.6540548562304899,0.7549461773953668,0.7881676155760127,0.837892809962094,0.8512819998437753,0.829367058802942,0.7583576790320393,0.9133468914648182,0.884030486354583,0.7567608061713565,0.8519202790911504,0.7498907285573455,0.7726187320355301,0.8201173870444833,0.8209564392363735,0.8182050410790899,0.8886666339011893,0.6911261428201002,0.8014739084251676,0.6896006557122419,0.8226210329375616,0.8821015199117366,0.7521515041761901,0.8573351182676379,0.7267369092370125,0.8416069990749445,0.851246275838296,0.7368201811944539,0.8062532312050007,0.9398160581384439,0.7431543222382875,0.8190870855929829,0.8901852252906259,0.8494781537205542,0.8542129386342024,0.7237574697384319,0.7274202961379217,0.8201069459425241,0.7542885279106587,0.8935781557020508,0.7909573953061654,0.788132942143856,0.8870814755522174,0.7079230731284138,0.9033926161413806,0.8203354419415596,0.8456106604287941,0.7500302623367128,0.8180868315825014,0.7959605745558221,0.8075997551602222,0.7595947938220482,0.9055289501324139,0.8591722800317587,0.8418184666273923,0.8955482860224855,0.6897210157155429,0.7833223792423042,0.7308496618830777,0.7986902777255447,0.9062041749193787,0.8509147621531374
0.7993164644068851,0.8232177621269937,0.8169594423937687,0.8380977285637499,0.8252412952832032,0.7516701064992595,0.0,0.706857829375036,0.6674099473095739,0.799601088811832,0.8240575341408531,0.7966665053019438,0.8487536218374241,0.7888880038009377,0.8854630304302232,0.8211262210446468,0.8364519700989411,0.8256946974159134,0.7173303213503996,0.7442645733874161,0.8116652263267441,0.83987280972903,0.8856202919699573,0.8806589298223848,0.8027317370365421,0.8251173769517948,0.77826147479704,0.7725599878940141,0.7833338865504618,0.7412620278151416,0.7575997804325828,0.8246544623858446,0.8398751435399134,0.8076613630052053,0.7870144145377931,0.791223193507032,0.8254486370680891,0.7382656492514208,0.7704442485573075,0.919445444765596,0.7975854298920189,0.7869778880619547,0.7873618173721425,0.8394641383407141,0.8198200721657679,0.8449853501711475,0.821045999221124,0.7953139356288975,0.9366607336854296,0.8070921858206898,0.8683999136545794,0.7876420391172714,0.7188719489927233,0.8241650010698919,0.8353332621188687,0.767655333645492,0.7941896623984293,0.7550326235706157,0.8429680961279075,0.8427523012318447,0.7306436071697339,0.7131456439446179,0.7320611554577934,0.7302674182177787,0.7410846917181608,0.7313530956184305,0.819815211855487,0.8318564185079692,0.7535999363065781,0.708705295929588,0.8060172785842679,0.7858354779294243,0.6991728247005626,0.886132364029539,0.7170742834323878,0.7398990601759801,0.8777590860721769,0.8872117690524827,0.6928583781472951,0.6886739458701894,0.7166229265451841,0.7457135685632729,0.831798903877045,0.6863951748446617,0.7458783525015196,0.765828918985577,0.6531015373838701,0.7771646666984743,0.7781753710726831,0.7558803081755052,0.8374348759371383,0.8052303218398194,0.8638451929244323,0.7516633111603659,0.8117315075900926,0.7885426033067922,0.6243733638802689,0.743750618397509,0.6732150772810126,0.8439241754275384,0.7656391414025129,0.7208560342526343,0.7360938758159472,0.7130726231320352,0.7060582782022254,0.8323463172735125,0.7782950558612852,0.7783426903412084,0.9073156276403286,0.8368769293695361,0.8641203097672087,0.7788137535143075,0.7497453838972296,0.6799866944892513,0.769439990901732,0.8301210836325583,0.7279392975857963,0.8239812437968089,0.8116256138523394,0.6881335675810062,0.8441458034341255,0.6353416300501054,0.7102611705405715,0.8810593996481192,0.6335263008930525,0.8084630898449504,0.7451881013747337,0.8431103516099423,0.7837257515185101,0.8337217889017131,0.6820501908148056,0.7295569984283949,0.6671007493745773,0.6757879081594816,0.7384704315959356,0.7630195612706955,0.7714629712222023,0.8926708163104419,0.8083205981522702,0.7751421898761934,0.7262011534710252,0.7869401248316146,0.8392701826982598,0.7081139112719396,0.8267992265006103,0.8042754563136817,0.7784276480301492,0.8224597527170739,0.7472758583332402,0.6151831141770092,0.7130638522045972,0.7192802259385352,0.777139220363602,0.9121333582993889,0.8066988727673422,0.77242856501942,0.8269337000798639,0.8575406868964512,0.793924202439824,0.8408483780403962,0.7784576040147426,0.6831383484814331,0.7973463708213177,0.7986785617319415
0.80588089297601,0.8183500893135476,0.8250796955823434,0.8437108137133648,0.658757857111748,0.8285818042301095,0.706857829375036,0.0,0.8279061196064776,0.781278696775872,0.8315653959892902,0.8399589513047683,0.8584440551866819,0.727039737451048,0.8457048883832998,0.8269324790552471,0.7874963187502467,0.8014415415817205,0.812616726720835,0.8415013674733748,0.7914745869016627,0.8421676506343101,0.7154406999300711,0.7585585352534076,0.839975277909949,0.734330329229077,0.7727423476046527,0.8133099963015918,0.7190874641879736,0.7248004903085857,0.9255444824417568,0.8224753309456139,0.8466009921844179,0.7835411762967135,0.7861221407536916,0.8375462810223862,0.8212531617128493,0.8725697923569988,0.8510270218995372,0.7372300202353435,0.7783142382004362,0.7341662882358629,0.8266968800285018,0.7584837415467417,0.9190957141103939,0.8314846092803873,0.6581673316987855,0.7750216065593142,0.7603191399027637,0.8141965194894547,0.8008124334142648,0.7456145761478926,0.7059679340870377,0.8381181788848144,0.8396438151576441,0.7233016795038938,0.8082306398285883,0.8482870776551896,0.7262553900044739,0.8263920722499257,0.9163676920721997,0.7318793303714501,0.8242177655334599,0.7033759388895611,0.7293505176680923,0.798669787815275,0.7997224618495538,0.7535328718477795,0.7922260785833785,0.9453232994192392,0.81379510615888,0.725406035561119,0.7143925859133367,0.8473970315998984,0.8872494212924517,0.6957294802707563,0.8275437313404301,0.6856103288674805,0.8493061690547326,0.5911514062724181,0.717921399561643,0.8235141094399493,0.7713896557188316,0.8622350725056692,0.7578526750289728,0.8967626975171348,0.8666964400562231,0.7570952822706984,0.8618160995781134,0.8156509094607796,0.7481862031676122,0.7734495837960829,0.7856631864373517,0.7462640098365855,0.7383606001199408,0.8172800374317659,0.8318436666909051,0.7830320426006856,0.6061178825300086,0.8069069507733365,0.7623831807346223,0.9007589910374724,0.721612503733498,0.7930712354230588,0.8486575174795695,0.8120252875577865,0.8470860388781198,0.7897057829184636,0.7535689674782926,0.7551663634145223,0.7730011832193303,0.7565763479040918,0.7674316050661759,0.8487476159871451,0.8026245409544925,0.7764437933994939,0.731262669477584,0.7842615097642045,0.7516671051299807,0.7229758104240023,0.7052839390799783,0.8680563490249625,0.6825259985953077,0.7751991423231165,0.6358388626458082,0.8299826332739016,0.7034917591656051,0.8712928430093541,0.8081053874028645,0.7899151519280332,0.7798708149469727,0.8094118430246485,0.7957578610894451,0.7672722805915548,0.8562174207696973,0.7000405438381387,0.7617786410742545,0.7482684632765026,0.825053851672991,0.8957561509554821,0.8177112535443909,0.7624967431124426,0.7764573388004291,0.8008153314315004,0.7920902527539108,0.7097575451538682,0.8272390007492699,0.7724377614779924,0.8058361673573579,0.6765307928292049,0.8660935100097163,0.7262709562366872,0.8123711513499239,0.7488272967651698,0.8669219172921878,0.8952996511351013,0.7950357220022395,0.7936652148040939,0.7088661128888408,0.7110471683369529,0.6948685597871069,0.682965817599176,0.8937300331125808,0.7482108231800726
0.8578096399356615,0.7629860100043002,0.7215980787509116,0.7269882531673141,0.6474820252743748,0.7917077460537254,0.6674099473095739,0.8279061196064776,0.0,0.6896122335384698,0.7596808072434346,0.7309111225608209,0.7927475815259825,0.7290436989928207,0.726267181077598,0.7426953914817324,0.7480243060230154,0.7979502985773175,0.7431633225608655,0.8280676422605572,0.7173574551302528,0.7832850266119836,0.6772238881009819,0.6903386540309773,0.7751394509820164,0.6437538772454746,0.7225402663639339,0.7898262160575229,0.6309686068103814,0.7661765445488101,0.8121319451467935,0.7587129369757115,0.7060685613410161,0.7025239598967125,0.8045094468734713,0.696525800805551,0.757453372513764,0.7968243606342582,0.692656660451406,0.6725659750629867,0.654685536680918,0.8330969348959404,0.69867842568834,0.6848865598569077,0.7639843669973283,0.7206062876405519,0.6475007702163224,0.6834558395122128,0.7119928900595542,0.7427613650717911,0.715963196651153,0.713633237079607,0.7039112986129931,0.7076920164021877,0.6788660176708311,0.8153765842575248,0.7715425092920507,0.7682690823803754,0.6819335654284596,0.7405326183988362,0.7776492794446878,0.6838795532781989,0.7445503031532777,0.666838762568558,0.7220904401931683,0.7260559504893214,0.7342296664665965,0.7211456537009148,0.7390264897023788,0.8467816292977024,0.772131419308479,0.6925974871957105,0.7630607133918414,0.7508606948922955,0.8375436874472642,0.6976648403506482,0.7093738606352212,0.6292149407526397,0.6940506273557046,0.6035840586018713,0.6857674013629439,0.820557268669868,0.7520762315678436,0.7575072911363389,0.7417474457618914,0.8340216445365816,0.8004473503731294,0.7113450793087331,0.7846817189663142,0.8160105699221281,0.739817830681493,0.7684488784637814,0.692133725289669,0.7321745978641269,0.7556627500910141,0.7242311724273329,0.7252743342768646,0.7451347516997296,0.6747027961028086,0.7391508138231366,0.6835691504510657,0.7086781765646775,0.6385233792892445,0.6587115329805077,0.7985377060821359,0.7218532952081294,0.6952544613209815,0.7765070242273326,0.6554418671024608,0.7141275037018409,0.7018219704666345,0.7239170521940278,0.7703557363393567,0.8286958116933588,0.7165463174378867,0.7836757398917977,0.74101564578421,0.6919167459499053,0.6805393228632328,0.7978600267676067,0.6893003495408483,0.7142469977948573,0.7214988233061177,0.7139083390292665,0.7426721084904637,0.6734639085924686,0.7050070874041638,0.7254804763944699,0.6767475261764214,0.6786304505560519,0.8966565293311893,0.7619074875908469,0.7590955145060466,0.8322408928158036,0.7410899555560034,0.6790125159494272,0.7238087498517962,0.6678935236258993,0.6927665223801684,0.745547313388216,0.6958972655659807,0.7416119316769164,0.7825156056953788,0.7402446811719003,0.6970266068967634,0.7038437936684654,0.7977481090406103,0.657757555858892,0.7217870124799656,0.6634742639059319,0.8037805124802838,0.6900660105493691,0.7706570985105841,0.6681040991762336,0.7313604728147775,0.8034726357935504,0.765010670133005,0.7242068629992631,0.6773660341304598,0.6958291262643402,0.6189712448413622,0.7735153223363342,0.8197188502473163,0.7888701405595968
0.7458996656282402,0.8951781523037615,0.8766208919240982,0.7478970560045706,0.6947687547331051,0.8014963137838421,0.799601088811832,0.781278696775872,0.6896122335384698,0.0,0.8281663952793274,0.8417678417121761,0.8294033027280573,0.7719148606449148,0.8060675807143114,0.8280341542840136,0.7953222366613193,0.7771778719004044,0.75630743926695,0.784007796866036,0.760450557805533,0.8524003048751638,0.783310460176719,0.7702693724297134,0.9194561626902144,0.6793977798468057,0.7650784350728792,0.77321792925398,0.9321907941365658,0.7180167453351435,0.8254163334108127,0.8490951120327295,0.786409518275144,0.7476250015587937,0.7935368720103726,0.820745583055748,0.7965242940799274,0.7904914686840032,0.7748586484225246,0.7648904618809794,0.7623217329327876,0.7576070234022702,0.7608522975406026,0.7843972560572684,0.8235581445794601,0.7428993693034955,0.7286520898418252,0.806725709503987,0.8471051962217221,0.7415620809986967,0.7319098955948499,0.6822393708891119,0.6806600062891551,0.8021394825736101,0.87492960089195,0.7587331185194357,0.7100328387341548,0.768657892643909,0.8154558559485685,0.754958216952908,0.7728995595886132,0.6519708357883125,0.6970407076381093,0.7960554364481254,0.6606360116286365,0.6797752159401607,0.7358918697062898,0.7533639016465732,0.8120559230410003,0.7766675906893512,0.7089358758468336,0.7640239827719189,0.6614124398257747,0.7886670841332815,0.7878467968961493,0.7253136643529126,0.7577976137926528,0.769082755192656,0.6735511448800824,0.6206547277262547,0.7487175733019379,0.659030970061014,0.7966931717572842,0.7742480967410887,0.6638110714550159,0.7843886300353741,0.7003048814169228,0.719403096274592,0.7930128817700683,0.7151954833171008,0.7031616746904698,0.7601524650629161,0.8389828952126921,0.6780619725930092,0.7002627763487713,0.9043790289456394,0.6614102202428447,0.8108327035597306,0.6253657119672869,0.7458829107905857,0.791359763799803,0.7373711055525437,0.6600391684547035,0.9289286669415642,0.6994145865827921,0.7411841038424863,0.7539509441448661,0.8616001375781976,0.7886636470406054,0.8235007811202489,0.771875625924872,0.6674733871290592,0.7156819035479147,0.7608904716944469,0.699428870508334,0.7212683531993281,0.7655607461864085,0.9130646010642792,0.8258824390464568,0.6856893364655983,0.6915903408568339,0.6371788177235543,0.6829819100502507,0.7619526176472895,0.6467650466887941,0.8990288869095353,0.6409683652871478,0.7881108789077949,0.8982966341970116,0.7979988909401162,0.7942814840717785,0.7250115200855951,0.6668333351712914,0.6348769559738395,0.7979833811186267,0.738994235772834,0.8006870309108712,0.7669489538903665,0.8537772791145329,0.7845277033814795,0.817801638225151,0.8405952577834263,0.7302791514380508,0.7527251283259978,0.8388169615782389,0.7112812393087886,0.7347962092671337,0.8234513166827642,0.94902377491764,0.7273449194447061,0.6830131110346923,0.840509834698889,0.7460617433004034,0.8517755105517913,0.8619876144069144,0.7720266262155617,0.7676148310552053,0.7887450652348286,0.735699340974918,0.6953412348920273,0.8308288910057777,0.7055294893967108,0.8884184049598312,0.6871199698297478
0.873366463038759,0.8736788501227704,0.9186114006064758,0.8619279630218667,0.81727645216823,0.8969259696569385,0.8240575341408531,0.8315653959892902,0.7596808072434346,0.8281663952793274,0.0,0.8811055789694808,0.9321064592892779,0.7898443362163032,0.8598049967998903,0.9555245392914145,0.9246457994444284,0.8491658703842694,0.8252421708973217,0.864459632802351,0.8929541839060127,0.9441006058805336,0.7865508787429014,0.8809732608966617,0.8949459401785504,0.8221352631470007,0.7725210420787485,0.8660966433211251,0.8533205531228301,0.7990487570978688,0.8302984675809992,0.8844090212133329,0.8450382802312177,0.7981418508532033,0.8493955461482438,0.8336384532417184,0.9051801676673702,0.9098941491991988,0.8754226667467974,0.8431327454834575,0.8232458109351116,0.8467172820523425,0.8465680208554273,0.9143747440310521,0.8531966911922155,0.8082676723912606,0.7301625402412067,0.9287296799646538,0.8847820848504597,0.8365736262032419,0.861334421538327,0.8301767468734976,0.7218685565338064,0.891773816184391,0.9102618913560948,0.7713625026601728,0.8675552628161626,0.9015002878556762,0.7765147779762227,0.8228383146067354,0.8749275768733745,0.7080497123547557,0.8552107163035643,0.7505956631722069,0.7372572102392305,0.7781289164281766,0.8169508388509417,0.83353994655489,0.8159404387095313,0.8736514647762399,0.8534794836732935,0.7725021318944402,0.7644910686094725,0.9120630754773301,0.8918967871808494,0.7209890813884389,0.9042699337368969,0.8436376980846465,0.7669969274038247,0.7449149432590622,0.8261486196328564,0.7735504361629721,0.8659856565298487,0.8616375468607252,0.806156005173152,0.8756506886761624,0.8130390243283755,0.7259135396535902,0.7854799201134077,0.7854430331216752,0.8525995464886924,0.723442193786917,0.8985297835851022,0.7950577123028826,0.8204462980277211,0.8645963366474375,0.7245630839540798,0.7681898490832019,0.6587639062343723,0.7818733156294234,0.8247880448625239,0.8114682815500784,0.6801754416326545,0.7607242853558722,0.7850817059872354,0.8424936585796282,0.8283708428566675,0.8743563977363477,0.8053379639286717,0.8899666264793845,0.8901167418947779,0.8104565423976171,0.8253853462012785,0.8408113498158032,0.8100187159555599,0.8643381460464666,0.7695924942107578,0.8805198080633717,0.8971411781937324,0.7396261544132176,0.869469337616627,0.7196282266277867,0.790582898249612,0.885295033230747,0.7296190512227201,0.8908857397621164,0.7056420843977441,0.87025060557194,0.8724038971270311,0.8161254152950941,0.7707353347308591,0.8853225815274561,0.8067521606883451,0.8096316487739432,0.8845879638126783,0.8147608528807495,0.8384889967418326,0.8249279045405268,0.8457081619616059,0.8498873803992296,0.7987177582240974,0.8915152631191986,0.7882294837054429,0.7924719193597507,0.9359048407338626,0.72478432063672,0.8560069704515444,0.8242133204394501,0.841971060532534,0.7509241022164701,0.8276365283965379,0.7886010188327897,0.8678467309856445,0.7981119896020095,0.9032312860847596,0.8702058225099114,0.913294301145445,0.895138750493256,0.7899241280126388,0.8347828260061949,0.747201357697245,0.7737240385543481,0.8515110642482164,0.909424932899268
0.7726717644630781,0.8805542931252547,0.9075142486118051,0.7925115182764724,0.7892157130026,0.8904350335229955,0.7966665053019438,0.8399589513047683,0.7309111225608209,0.8417678417121761,0.8811055789694808,0.0,0.8170112469760149,0.6626831908718746,0.8417371987307438,0.9000631022350429,0.8625276539285199,0.7372774192652668,0.9028675773023165,0.81830148609966,0.9064735334446271,0.8884816570749523,0.7669701796793567,0.8579429764516037,0.8857068939642173,0.7320852677158011,0.6961393385462142,0.7869501296400511,0.8185859448012324,0.8140181791299199,0.8763003119649379,0.8698561624334756,0.8065146312231883,0.8277822701884333,0.75339365826298,0.8432907610210023,0.8045483992085738,0.8009223224378507,0.9355213490502959,0.7589251218602487,0.8280858798996985,0.8188772569907244,0.8286043029920607,0.8625224039335692,0.833929445746751,0.7982355071811563,0.7506394838793419,0.8501794693186758,0.8209310269818502,0.8143908819173195,0.8320639797328662,0.796869436632455,0.702663437809343,0.8887820103372132,0.8858241090201955,0.761721905485317,0.8285981899036391,0.9185017555839343,0.7168520044035159,0.8063874698654616,0.8127011567528222,0.6875077750359141,0.7981956725472215,0.7092515481525311,0.7162701370055911,0.7357802542295346,0.7183700060653315,0.7504090957544569,0.7134706301621003,0.7925713432777549,0.781713685905724,0.6711949437252971,0.6609383816266357,0.8484278177245899,0.839464948203394,0.6739365443605877,0.8418057224843181,0.8091361207889386,0.7463072917522788,0.6740040435410878,0.7807153628605947,0.7673333437353811,0.8540847666899886,0.7487822735151376,0.7601099183225511,0.8404552326416002,0.7415719629865942,0.6733498882821732,0.7651714286736415,0.7765045426009497,0.7739547152387969,0.7831054221621887,0.8767467920899754,0.7508146336406404,0.7091227737226299,0.8595555251302497,0.7474230909740197,0.8230755141710113,0.6070287894373841,0.7391679477932919,0.7253492190194732,0.8183034002092036,0.6670501287710999,0.8389435951456712,0.7323994622458454,0.8245187841963705,0.8575255657362875,0.8375877314797682,0.7818363675860539,0.8760203444996677,0.897886796877945,0.7491150244671634,0.7149289037707108,0.7517264465540734,0.7263110491317425,0.7935271311980376,0.7635672295378177,0.8849202060756625,0.8421853805693218,0.63298035070116,0.7819311172610738,0.6804930459513011,0.7214096591082287,0.8556640674600489,0.6228955933322387,0.893302798891659,0.6837036453233494,0.8865621278547998,0.8793718124838835,0.7228794359748953,0.7687758799351067,0.859327156705162,0.6700584797917222,0.7376842289396093,0.8648610143104065,0.735691154067971,0.8384534268046077,0.7423676190102168,0.7830608799339503,0.9059927665565439,0.7075334154153783,0.8309949655732164,0.7813449518237964,0.7835734173081352,0.8612417811193341,0.7020064985887507,0.8913789464466054,0.8278656798971447,0.8734314896579941,0.7552309748151235,0.7749135205540292,0.7656907416180302,0.852082183016505,0.8195036872075475,0.9642159164969657,0.8013395657700367,0.7991432170501158,0.8785076835310998,0.658355391104114,0.7303829240300848,0.6832238455477783,0.684534862471506,0.8951794040095039,0.7898016575484536
