0,1,2,3,4,5,6,7,8,9,10,11,12,13,14,15,16,17,18,19,20,21,22,23,24,25,26,27,28,29,30,31,32,33,34,35,36,37,38,39,40,41,42,43,44,45,46,47,48,49,50,51,52,53,54,55,56,57,58,59,60,61,62,63,64,65,66,67,68,69,70,71,72,73,74,75,76,77,78,79,80,81,82,83,84,85,86,87,88,89,90,91,92,93,94,95,96,97,98,99,100,101,102,103,104,105,106,107,108,109,110,111,112,113,114,115,116,117,118,119,120,121,122,123,124,125,126,127,128,129,130,131,132,133,134,135,136,137,138,139,140,141,142,143,144,145,146,147,148,149,150,151,152,153,154,155,156,157,158,159,160,161,162,163
0.0,0.8855944732311678,0.8835530012436158,0.8389221012175064,0.7889532408159508,0.9314256025805006,0.8651393066434331,0.8694734979037458,0.8988901276171439,0.8333470011293822,0.8980924381122425,0.9198533127976063,0.9560251844569893,0.8004816023959398,0.9206538569413074,0.8872330098547068,0.8885399196183008,0.9600690348705387,0.8611368621808169,0.922924586375275,0.85866137861504,0.9299852602038143,0.8624512988377315,0.8696389676468947,0.9265950483635351,0.8015673404558655,0.8344779755908742,0.8970044136064074,0.7297653156763563,0.8860516312708453,0.8904786396496174,0.9272647215834093,0.8621202734984313,0.9051666566627167,0.9065947278184437,0.8196882845396104,0.9034560669580999,0.8678170721416647,0.840220824432491,0.8685211140514201,0.8042602066991827,0.9133403901466829,0.8284859739777267,0.8126218763063451,0.8996124051980141,0.9231542665195633,0.7864173650529919,0.8080880991275267,0.9073994670394635,0.8555188196898261,0.8675737403660481,0.8472497464885138,0.7453094475616454,0.8247911474393528,0.794853175352008,0.8446747119969349,0.88707055296512,0.9146599351483898,0.7730392162081416,0.9004000618931012,0.8254891235765048,0.792140599837292,0.8195734852983224,0.6812660321799957,0.7940051265140055,0.8050087729341643,0.880600625540668,0.8636034940226666,0.8027057580970864,0.8686443158825625,0.9027938393884094,0.7656532439728968,0.7895854886201841,0.9163473331493748,0.900545980677057,0.8359110654608736,0.8520465564410948,0.7855308195044337,0.8321181843983207,0.6777733445024999,0.8008066334727686,0.8976258336482072,0.8834393425033491,0.8248479853675709,0.8355053250288007,0.947938248518485,0.8139380387687349,0.810445431996273,0.9044921256230585,0.8752311114261567,0.8941489866433477,0.8594428093139389,0.8337364057621284,0.8188244418182067,0.8243604657439269,0.8538802881004892,0.7121663972576726,0.842863493693932,0.7205512922983827,0.9094254205198228,0.7600051747092568,0.7712463055228211,0.7370991570243546,0.7734547376296396,0.8176620603689474,0.9039477550706232,0.8077602595308292,0.9068335916673812,0.8645299646613817,0.8745187227715093,0.8630267934105353,0.8459249498520063,0.9047400513150421,0.8342203676584578,0.8604523706458624,0.9442217721676947,0.8670321859016009,0.8502750574672646,0.7800031129530458,0.8302203372534976,0.797197986614937,0.7368757268508961,0.8559993800308634,0.8940875409800416,0.7711818561292536,0.8456183580838739,0.8263384100074201,0.8875852807566917,0.8213817685713933,0.8168703028829624,0.8475508734801704,0.8510779107012538,0.7692200892627946,0.8727207746868259,0.8310681682325878,0.7455272487246009,0.8620668006817614,0.8642037307473469,0.8626902645526352,0.9005917052557283,0.734178369006448,0.8649895672581192,0.8899031276456125,0.7674956660811607,0.8542723845101482,0.9051220122494394,0.9184153542958786,0.8477081246690654,0.8719376198323194,0.6968904444782387,0.8597152232797342,0.7647637694458211,0.8534773579825571,0.8389606406382694,0.9103777621934889,0.9008952381139965,0.9400989432746855,0.8989411313311632,0.7386246856670643,0.8094670253112775,0.7315002948579844,0.8572367750863504,0.917256516258623,0.9353147079554963
0.8855944732311678,0.0,0.871577069087407,0.8047911302995141,0.7457212728411459,0.8880246201841765,0.8806755025213703,0.7812934914736681,0.8347921473127532,0.9002791559090745,0.805404434170156,0.9252985768659122,0.8464589654118512,0.7604406239175068,0.89208912935094,0.7877863045824017,0.8519570266871599,0.8554035155208268,0.8664702136311305,0.8964682685633352,0.8472937987984048,0.9229106426127965,0.8663652414001082,0.9149571821208197,0.9019024297776873,0.6973871563132875,0.768160427941817,0.8507616762164059,0.7859281254399155,0.7988132187047139,0.8287614723385766,0.8264197996384764,0.8471540813601591,0.8851355342098123,0.8831193286342693,0.793649462071882,0.7768907721288696,0.7399496691357533,0.7983775000992531,0.8866371357951804,0.8458541996210225,0.9222844202326305,0.7000941863226812,0.7685677297705257,0.8405006932340824,0.8559746466581609,0.7858020425014695,0.7300637730472391,0.8652678860146094,0.7872872663042848,0.7815015056645074,0.8207066608866517,0.7891275929792457,0.8300527919350328,0.7300086400413666,0.8778013414864672,0.8198820103076566,0.8091534715289708,0.8195452468763151,0.8629397060110066,0.7533219897979121,0.6591632030702493,0.7116341444143222,0.7096495731707851,0.7741012395628353,0.7280651711661049,0.8156857961812894,0.760893054512349,0.6850915641714052,0.7307599462486448,0.7931578264954596,0.6973052148776392,0.7152260316424442,0.8424014852357581,0.8304430091666707,0.7634969844156411,0.7381045029363094,0.7498708632954558,0.719650316977323,0.6292782842527059,0.7822594439488342,0.8469285770551228,0.85378626932227,0.7098233388799362,0.7508849435492332,0.9199901771639204,0.6734415490678083,0.6667445225120217,0.810341957083511,0.8748465588832488,0.7716369838046588,0.8935839220279209,0.7774792459314965,0.7891439415808043,0.7900882975299008,0.8309315080281691,0.6831024100714587,0.9158055703473171,0.6709446600544556,0.883925332026815,0.6885594408893507,0.6563763950516035,0.649366585872038,0.8173730924721527,0.7044070686245548,0.8221385595184387,0.7563823601777134,0.9431287842708451,0.8733244627403796,0.9352094994306664,0.8506646909116803,0.7341602578649936,0.7990820373474525,0.707914395622608,0.746806052312246,0.9176653994799939,0.9059819149186178,0.7880693515103033,0.7940092649033273,0.7343549312636217,0.7386868702520492,0.6123076635085135,0.8729732209267081,0.8414124339063577,0.7485312029971406,0.8124720355038749,0.7801846477078289,0.8049652129800537,0.8720236951081842,0.739848026925421,0.8453725424310102,0.7733825332770248,0.6258107114356098,0.8323583171046859,0.8228041104158937,0.7300299913062845,0.8406611617631091,0.8355899243801449,0.8599845294696061,0.7986222994965235,0.6872825375254599,0.7887355691226715,0.9274880853646932,0.7366949822029911,0.7865580080169219,0.821147557238391,0.8879004628260059,0.825691905105308,0.913792766058789,0.7146968421568384,0.747694442384051,0.7911033739943047,0.8445295657275927,0.891172278974668,0.9010696908243163,0.8050184783441132,0.8862091169513802,0.8565886408777177,0.7290336556710181,0.673422681267817,0.7868650834584252,0.8164159712383162,0.9080715514031213,0.8534347881825876
0.8835530012436158,0.871577069087407,0.0,0.797584614164425,0.888932569684701,0.9510527295569158,0.8379516130037812,0.8040479777906457,0.7654834476563224,0.8239760082158224,0.9303839202544075,0.9235319266627238,0.9210115656258918,0.7344165471466376,0.9103734731064863,0.9510200229712402,0.9348579015763914,0.8607076717268011,0.8275233361563205,0.8438840727746411,0.9401361900957227,0.976741436617426,0.7635339816062371,0.9089521103180433,0.8504308658706972,0.8623631672260783,0.7247798185262494,0.7806596729489396,0.8219517445802493,0.8484268928231672,0.8036129288172315,0.9123247798568856,0.8590416685421445,0.802531117860714,0.7902885792856699,0.8692012471341568,0.8688780253940472,0.8683705078064673,0.8950830249292785,0.8798791465553869,0.8934304662779159,0.8726161437775632,0.869846973781931,0.8910411232154941,0.8363044878354369,0.8951485281130431,0.8466672910521493,0.9051603479476807,0.8438687843839267,0.8982856127588582,0.895650499611897,0.9038953800374354,0.7499726549680403,0.8759073869857711,0.8395090488070548,0.7821505428461255,0.876479327800271,0.9419781976419231,0.7360262256105009,0.8677042132776995,0.7977085673467407,0.8370500039221033,0.8722497687223787,0.7089122919492679,0.7924328899977788,0.7935731307286913,0.8007288764172997,0.8875747790694142,0.7805033456906537,0.7930920587737378,0.924323366260728,0.7003705233364803,0.719919121234011,0.9274877561919158,0.8787082900296389,0.7000367550614469,0.8736116339101488,0.8669804825968258,0.8145737223881985,0.7395200334462934,0.9178652074221216,0.8363446326907265,0.8933149047103447,0.8173844787550728,0.817774332784933,0.9006701343176504,0.746383659985316,0.7168106203893284,0.7667150545744252,0.796109039592563,0.9102845276371786,0.7603054961922349,0.9061801395597426,0.778485971801953,0.8034405709757411,0.8505037970009299,0.7201601022183272,0.7826088701823207,0.6844124194976285,0.804839462468653,0.7210802738394617,0.7650052080683731,0.6800427844104302,0.7577948277369992,0.763934995896894,0.9400261305276721,0.8588118124229034,0.8417182315999349,0.9149410330055334,0.9095339688980661,0.8793567532582437,0.849553033486565,0.8400869873942849,0.7422367047019716,0.8437454162158676,0.9108531192504186,0.7714146773635768,0.8679484518973373,0.8676527766815565,0.7130831048067862,0.8929597194767347,0.7022421187088025,0.8326534981313565,0.915836802968146,0.6838244092212601,0.8976611451580684,0.8176184703238302,0.9084024591052808,0.8967125089378363,0.8527056227253861,0.7574491465188663,0.9399870526244283,0.6864509004966781,0.8146952366121443,0.8538970590341832,0.868656918340476,0.8581991954280062,0.8729433946207308,0.833121890703361,0.8732337885545506,0.6935543612571545,0.93334169666366,0.8140777914612655,0.7873420145871368,0.9328104585857755,0.8062822506173984,0.9450278265986779,0.9231081049718431,0.8707219079158746,0.7889925677986117,0.7616878138781072,0.7494095552215748,0.8476029269559634,0.8820046754784197,0.9165533909125866,0.832654323001052,0.874504269839686,0.92135640047942,0.6650288164171438,0.780096821975847,0.7955990636572723,0.7260960337161582,0.8725565079335462,0.9189504517040964
0.8389221012175064,0.8047911302995141,0.797584614164425,0.0,0.6896531805273478,0.846247369419043,0.7830221422267508,0.8221522140143978,0.7244210054645689,0.7209833328690148,0.860491980314486,0.8326145029449157,0.8270176016332211,0.7827271297611947,0.8791862726943142,0.766761700335989,0.8185629618311299,0.8325403220927884,0.8897082126942476,0.8194347760135058,0.8367238615488286,0.8409813778150668,0.7392313217548917,0.7976002256267224,0.7958563631136152,0.7749065174193351,0.7322797585357208,0.8697594606881511,0.7108820287349409,0.6755833987338307,0.8117974478509162,0.8139933633939208,0.9604550496840843,0.8645034489178558,0.8894100776623575,0.9318726151335754,0.77253833549686,0.8243978445613164,0.8610626620693482,0.8308522244411319,0.8969429116815232,0.731793211676948,0.7823842170545392,0.827004968729617,0.8498620320314583,0.8394352066657956,0.636327202950605,0.7780890996767618,0.7957295884791232,0.8619983184626019,0.8872236101646798,0.8481155000546455,0.8076081314951203,0.931633906885914,0.8714185895636979,0.66119083347017,0.8659597447573677,0.8332228947615107,0.8115505593148337,0.8868722697534349,0.8875249607340426,0.7706067622490025,0.8546117000241588,0.6921140424969923,0.8392419776908426,0.8485912412169169,0.8704444604215685,0.7150244376685987,0.7370383471093707,0.8058425681673737,0.8226704449601533,0.7683791979452382,0.8442291480539,0.8970467337197123,0.8765257954807386,0.7125489659766714,0.8263456811929826,0.6813624295292342,0.8562577783382774,0.6079181933292999,0.7588698869571554,0.8954980246383664,0.7039814895627116,0.8352694101129355,0.8880464134326586,0.8317364459130768,0.7823651019596146,0.7926751860942464,0.7922221970584377,0.7200285181709474,0.8198256141097392,0.8206067764587368,0.8211766443516852,0.8427813121743378,0.8936618210997079,0.7536763814986385,0.8045942514011353,0.7831603491427035,0.7099283780949273,0.904345925484709,0.7893925863993336,0.7775510449123557,0.8639582679478905,0.761382878511668,0.8888047392102042,0.7700487942555959,0.8518782332410342,0.747915279686358,0.8020633942028138,0.7561600230294052,0.8871060581567606,0.8909823583619307,0.9180992885463524,0.762222810602419,0.9234254262520418,0.8040337017324524,0.8060048681134475,0.7366966490881638,0.8503615692307467,0.7608318190057941,0.7223123564573016,0.775826976113913,0.7861026554224576,0.7971306763205063,0.7424506564400611,0.8190149609366756,0.8470542488998318,0.7786106111492863,0.8910290402576155,0.7790772400339231,0.6512240172215725,0.7880407705258257,0.7451119118806847,0.9144732850031752,0.8671542138218982,0.7236642060066076,0.6728377054043069,0.843405138110459,0.8354466272955071,0.822609991184234,0.8613727501163952,0.7507997009429701,0.861077421906886,0.8624045275496989,0.7926603027964819,0.7624728470398568,0.7886921986141905,0.7488465356136893,0.7379081068977479,0.6522662209779433,0.9016031703964001,0.8054654796172672,0.8478996282369861,0.68912661486505,0.8584258550289344,0.8097461352272309,0.8281499534991059,0.7693111398808803,0.8660517872898273,0.7819702507867737,0.7196976953330158,0.7722463014234077,0.7832038379932449,0.8374892911943149
0.7889532408159508,0.7457212728411459,0.888932569684701,0.6896531805273478,0.0,0.8427172973460147,0.844923894141067,0.6465632084170403,0.6518718159870125,0.7193341651225148,0.8496083038355875,0.8157649527035808,0.8048062528484152,0.6423408023788546,0.7977007930349423,0.9054229270737912,0.8873448611303646,0.7659094802435817,0.710078651927026,0.6869728590737147,0.8648030268315038,0.8403683384412475,0.7410975491817878,0.8592496755514665,0.739328636875181,0.8661565273719494,0.6397162031044532,0.6733572176698817,0.8052829395803554,0.8599090180649003,0.669603664791643,0.8120144502815013,0.7497575953665627,0.7011410168326759,0.6762481424504448,0.7178859821474778,0.7997243198444604,0.7545447754119039,0.7684092709115452,0.8402539179977037,0.8205537500771876,0.8156947144506536,0.8084446197729248,0.8920998961953386,0.6761791270895295,0.7886482068389717,0.9179007767143916,0.8750456262914872,0.8100433809555684,0.7829287291138284,0.8311053793876931,0.8780328400974713,0.6748948047193789,0.7504435457044885,0.7434833980177378,0.7349295726559396,0.7874392600880802,0.8629874846478636,0.6287206979047981,0.7410967284688597,0.6386325139734729,0.7760294357243007,0.7989005957541375,0.6053875142815434,0.6911205378174042,0.6735240065985081,0.6564396639180863,0.8669574942244943,0.6840936885082535,0.6672935965026778,0.8332819485317883,0.6345061977183956,0.615125568998608,0.8103039805380969,0.7232758038938197,0.6696774539350507,0.7941080184050925,0.9637389111241235,0.7029450513682624,0.8949258569309927,0.9217583414417568,0.695976278509314,0.8798695267260604,0.6888285101468378,0.7385321267368173,0.7535915128689451,0.6271852874109926,0.6267172679392288,0.6571549883429134,0.6898760758335722,0.9147522543865912,0.6586207008067939,0.8813127397363378,0.7023978423180314,0.7153121234028273,0.7724257358478387,0.5788315581162938,0.6776408179409321,0.6753245312883951,0.6750398113119804,0.6355233033832635,0.6479056664654859,0.6129514191661736,0.665719094659916,0.6354788345589185,0.8809612974717388,0.7319798664345839,0.758615388936142,0.8783705072362229,0.8442313300503903,0.8143622215038111,0.772586538528518,0.7133934414903734,0.6297638492367613,0.7664232003775593,0.8622379173442124,0.7096543691714768,0.7965780363533935,0.8185873592811092,0.6472401464646917,0.9539729206481895,0.6168396575730097,0.7779599268233232,0.9081550128751358,0.6265398900065607,0.8155104130545971,0.7136518543481214,0.8084314120846411,0.7653177377973716,0.7622886568302196,0.6801024045176343,0.8533628998964684,0.6001193693074102,0.6963353158762978,0.6789196593510699,0.8731669682212265,0.8424461243759148,0.8351506497323932,0.6812339050580973,0.7614868273021596,0.6016396669412536,0.8727509560833776,0.6994236240085928,0.6404420297802852,0.8785989197587827,0.7442164382094506,0.8484302797683732,0.898780148668257,0.7408630805407133,0.7409301637607597,0.6376427439168662,0.71657591180272,0.7237838142898282,0.8250137289390777,0.8141336177494093,0.6900871187026262,0.7805920044323685,0.8976913726054906,0.617488954502056,0.8084838062195685,0.7763245262091562,0.6997493588188545,0.7425170711041961,0.8912332252477486
0.9314256025805006,0.8880246201841765,0.9510527295569158,0.846247369419043,0.8427172973460147,0.0,0.8560256740883447,0.8428896232990558,0.8132081232263828,0.8204643545792331,0.9190378493287348,0.9694003927033309,0.9185511808737405,0.7070797403321379,0.9295725862419519,0.9154181890194275,0.9085494465671557,0.858432254748459,0.8956830203774366,0.8721659785157733,0.9418077146375164,0.9536097736695466,0.7781087159196134,0.9059739632083761,0.9013052934848222,0.8390408002592142,0.7178955761106153,0.8149375429705513,0.7718655756901952,0.8533809505021333,0.869393521009091,0.9306851935232796,0.8926416386349416,0.8766369741445955,0.8384539228237199,0.8679856881441035,0.8861235682081113,0.8463446881808752,0.9073418983119966,0.8499769204575812,0.8838907648425487,0.895103939683073,0.8662320684431208,0.9078958987373503,0.8642845693331983,0.907132419144743,0.8198870024594519,0.88829733570734,0.8533928691872795,0.8811945128567302,0.9127812970560315,0.9240744667244639,0.754144395690387,0.8957393648453461,0.8390533927001655,0.8174361943143669,0.896421565160718,0.9592405494208726,0.7282432132683436,0.8701401423893212,0.8301171934560609,0.822617333789271,0.8822858729351339,0.657304299049647,0.8176389584186852,0.8220831723809254,0.8270617219969509,0.875594778822657,0.7426999183392801,0.8255664020577881,0.9344397952224535,0.6792647189348172,0.7531226704564072,0.9288443786176342,0.892249987755796,0.7571179111070043,0.8662280695836506,0.8263236405444436,0.8429929738473196,0.729771353844703,0.9122588571581902,0.8990180016897091,0.8915231769812336,0.8180758405238314,0.854268237252271,0.9225752397175045,0.7945710541479343,0.7390576539109724,0.8160447808494867,0.8340673585310088,0.9021956383257279,0.8429175817641896,0.8743332798173613,0.8194554843623377,0.810094335319517,0.8795154764436082,0.747900297648113,0.853302567798896,0.6878247976661737,0.8534378799270783,0.7264491024468145,0.7820745088104397,0.7420249483819916,0.8017171758247933,0.7988211089553671,0.9221900507752481,0.8608215434419264,0.8609315587823092,0.878774389530567,0.9191768027584619,0.9276730319662458,0.858198674893792,0.8995203167750178,0.7518578850670732,0.8570523989400451,0.9157883584750168,0.8429706483420492,0.8467701218739274,0.8694125650337751,0.740621992097514,0.8330968785585829,0.7318434114260737,0.8722804802908498,0.9325457672566503,0.730217911385572,0.9016297167474219,0.8281668267651686,0.9030968405916403,0.8955929797748875,0.7958784429888233,0.7787834196569302,0.9198651283976383,0.7053449401784327,0.8750470917655508,0.8748136171608922,0.8187120797425664,0.859789789719358,0.8486080973681597,0.806845134944721,0.9008818474367494,0.7320920175172791,0.8922821400068517,0.8586578927351441,0.7952356551812858,0.9119319734716819,0.8530320618531001,0.961369840798479,0.8908047324636225,0.8766184213270133,0.731753777418547,0.8372833770462877,0.7812495141706676,0.8457615271483154,0.8380929806491667,0.9679368314337307,0.8696623581257832,0.8883992795004301,0.9361563222025427,0.6955811216351903,0.7943547748686866,0.7515514923394877,0.8026402692991929,0.9138717516408192,0.9355874911348568
0.8651393066434331,0.8806755025213703,0.8379516130037812,0.7830221422267508,0.844923894141067,0.8560256740883447,0.0,0.7085124286936647,0.7367555839678058,0.859478933667139,0.818891127931621,0.8987030591750556,0.8429218950898433,0.720244003374142,0.8958466403515745,0.8245007173704375,0.8454764119872161,0.8379157086636687,0.7891465926255534,0.7649200217754581,0.8252552579628627,0.8500344462985686,0.9282088704463624,0.9178592075154529,0.8790543335140224,0.7897119516504588,0.7502380889007582,0.7820909047806692,0.8293285530108442,0.8504713080440459,0.7875898740379333,0.839427525460637,0.8451076323483107,0.8738545250947806,0.816362008132568,0.7444416777294807,0.8318286711445617,0.7193263532118599,0.7747806543153664,0.9239455027708761,0.8351681802944633,0.8631379819323469,0.751387135385521,0.8514218623320331,0.779592047841948,0.8569780360191642,0.8742605684616486,0.7922903098204956,0.9488407560291293,0.7488462729629848,0.8165657847551802,0.8355394691640212,0.7047638339969843,0.782234564063652,0.7580055397109228,0.8423158092773779,0.789580407231957,0.820451437390375,0.7501494771842249,0.8107559865655566,0.6800253493976434,0.6881545293114061,0.7176190929397521,0.6256971017274481,0.7080763383434685,0.6849179252285325,0.7644884462960451,0.8332711778898962,0.6724590818055287,0.7031334133737333,0.8007438824059128,0.7211403754563973,0.644610880480336,0.8283585684120077,0.7317202238970162,0.8456582268676174,0.7721834289012462,0.8863270658565159,0.7201641879249701,0.756563031807876,0.8148163929837067,0.7583907941814014,0.898925876527056,0.6826983298216116,0.7297770446968164,0.8259719269198673,0.6504602360221655,0.6888148598538991,0.7963647765977379,0.8037654428912363,0.8419627853792503,0.8375442885134586,0.8363716275482157,0.7547964932230928,0.7397504777855184,0.8585074997673826,0.588930052231585,0.8318821958983101,0.6743735895117607,0.8321117728568549,0.7196429797865473,0.6469618608196128,0.6884068645433764,0.799311590143068,0.6546761377530295,0.8520890994101531,0.718537161999232,0.8800523622994914,0.9372727684209714,0.911749335242976,0.8691556375639445,0.7372696990033004,0.7645925554855366,0.6606473858871403,0.7763234416211828,0.9062387758769445,0.8678384781218575,0.8245282803863571,0.7969531562720811,0.7185128241058053,0.8033968345191185,0.6211051286810855,0.8189022927415394,0.9258543314165273,0.6804669035728401,0.8627373555418304,0.7194660435031617,0.8212259656276765,0.8223219475068082,0.7721398106496643,0.7638181113711429,0.7437057339396173,0.6231463844603367,0.7355502673268108,0.7169282863790777,0.7588827560751275,0.8850230459541627,0.9193694017145878,0.7923290462351411,0.8035775438695058,0.6932972644955236,0.7997482159852491,0.8264606001644481,0.6435116527120116,0.8452683789625894,0.8667855040321075,0.8482225000006848,0.8965076584931062,0.8402980717625197,0.6441464012580764,0.7115282234594379,0.8138631237612455,0.7449140249660079,0.8892615941343297,0.8979399805719447,0.7631593364564255,0.8675158562814178,0.9192076141088998,0.7624338486910528,0.7847296360577692,0.8526198890673149,0.829737416259756,0.848544000387987,0.8705440238028586
0.8694734979037458,0.7812934914736681,0.8040479777906457,0.8221522140143978,0.6465632084170403,0.8428896232990558,0.7085124286936647,0.0,0.8823988497056094,0.7716944895747054,0.8115175098290602,0.845507561028949,0.8961271101747574,0.7286082128369823,0.881805615675576,0.7989149918106555,0.7350850382520795,0.848838191690487,0.7990232678406552,0.8664769723567961,0.7552637906022007,0.8353847217664511,0.7199313923791424,0.7362412629446451,0.8602662397095366,0.7563492512838463,0.824627018012642,0.8049119782722567,0.6353638947735755,0.7560238041790635,0.9560190190508749,0.8509368854224584,0.8458919890990843,0.837344247401844,0.8094747623646703,0.8385588852362361,0.872169088350159,0.8717948572412995,0.8535541250675663,0.7251330286446096,0.7314834431420314,0.7446550372768633,0.8367778488189005,0.7160179608663674,0.9698520971035272,0.8803470518842922,0.6509633138356223,0.7522289139294118,0.7562303832059972,0.8049631100092967,0.7974384994058162,0.7238208776298481,0.6516291133043912,0.7894090976901804,0.800106813542658,0.7309280041509514,0.7911830395011243,0.8575049520055423,0.6954962022329684,0.8406773295793789,0.9163467378213783,0.8011993212813509,0.7970318672159957,0.6388478243981142,0.7352004510610448,0.8196736395242658,0.9119248264565842,0.7982044317002313,0.8128029497604459,0.9650592811539799,0.8629636459307506,0.7153735542425328,0.7440916167122825,0.8512447882579262,0.8748128438994217,0.7418703287393839,0.8320123019325185,0.6600823770506427,0.919523438717269,0.5560832107968511,0.6843235734904177,0.8883300936282441,0.7671946304929428,0.893251093549526,0.7587239864174451,0.9118847364461933,0.9425064876996112,0.8632547708039116,0.923078850149556,0.8542827484739962,0.7686280965127494,0.8117175449039583,0.7320443065125397,0.7276885141617185,0.7240781069296498,0.8273009047440014,0.8081373965913244,0.7796592189037961,0.594257860629301,0.8767126252166997,0.7875978079672076,0.8994909079380661,0.7857445934051208,0.7786629087728678,0.8737160881254171,0.8291696506493209,0.8157419822049583,0.7707013884949327,0.7495463339910375,0.7361091877134621,0.7543044336466622,0.7880052902888528,0.8625516716399824,0.8779295024244843,0.8302100955413986,0.7814610386938843,0.7119995299896726,0.7839786353043763,0.6747123392238648,0.7832444429025032,0.6628430305480062,0.8782875379259415,0.6826748799894587,0.7705412135640208,0.6374969965371631,0.8231375639697764,0.7575712417421985,0.8925948927437409,0.7642571263845036,0.8260766803150766,0.7702803895979586,0.7896330424924347,0.8550594443455051,0.8102928446054252,0.8646721077293317,0.6388169578510436,0.7521722103081155,0.7658777845440324,0.8744218698594078,0.9271231409240359,0.7999087101153802,0.7507590595049757,0.7875762529233977,0.7927141957226874,0.7877186234154848,0.827744904155403,0.844015711487833,0.7660559082909298,0.8154064253281949,0.6075765246363527,0.9233973359279593,0.6589146693730464,0.7770946688513792,0.7426297078554659,0.851828498575915,0.9678529539166482,0.8263627697970881,0.7902295142904071,0.6824015832284077,0.7027281384870491,0.6438373111306346,0.6925326367626076,0.8923394906730228,0.7688707891546328
0.8988901276171439,0.8347921473127532,0.7654834476563224,0.7244210054645689,0.6518718159870125,0.8132081232263828,0.7367555839678058,0.8823988497056094,0.0,0.8142794707403439,0.7342127683012275,0.8280821672813132,0.840545441121328,0.7312192553266861,0.8144863444895754,0.7443222073623113,0.7259816173245044,0.8655227828391714,0.7573988859393849,0.8720472442176576,0.7099341008355021,0.8187453149455236,0.7964346076084384,0.7368801615679471,0.8807188682433749,0.6604264387609291,0.8512954433234428,0.808355998801451,0.6194751597621792,0.8289751807860978,0.8906564012150257,0.7905601610548457,0.7500544196885642,0.8109118983147683,0.8318465061269422,0.7077751040749753,0.8037038767494585,0.771645150989137,0.7175926639494595,0.7190046726531613,0.6687881652375958,0.8661855845192556,0.7033723893282103,0.6477534632304152,0.8678948984214234,0.8122588751902425,0.7065872763988462,0.6536823176573692,0.7656628919864246,0.718586982086821,0.6999985911546622,0.694167603336455,0.6444138574230094,0.6896663914061795,0.654233945177007,0.8727776915630517,0.7355713721117297,0.7944245779854829,0.6836427988207715,0.7795776470125539,0.7525462881995082,0.6744464668206582,0.6792214001232602,0.6339005246063903,0.6801608496550131,0.6928197036873874,0.81174102146041,0.7666754233497882,0.7542810873757257,0.8507353865490929,0.7789214523074919,0.6653698911914528,0.7074588240451215,0.7642773594414819,0.8143237977955973,0.7575852150460669,0.7042854320994267,0.655231387322942,0.7464102547102824,0.5465349553470416,0.6516206452609599,0.8387655765601983,0.8127774819240828,0.7451918908190225,0.6897686683074606,0.9209459203886112,0.7881021918492348,0.7463789612707395,0.8969197494302045,0.9207616960880162,0.739082329048877,0.8592084194563336,0.6643345153270269,0.6797282832917924,0.6921945417755457,0.8110970293067377,0.6712279849275267,0.8482632017407344,0.6331468421562095,0.8376439838196874,0.6592026660436145,0.7091064442569457,0.6666186727012566,0.7725145263087404,0.7431330001385671,0.7893044046105658,0.6850344248724554,0.8832426551743111,0.7232063694835474,0.7643116649560951,0.7009812396018728,0.6966670108440993,0.7770064718169885,0.8265647836964477,0.7070457955006426,0.836431272685596,0.7762047472831254,0.7346020231303402,0.6295877328809477,0.839512946346632,0.6399924122721985,0.7079668552800672,0.7261441413252504,0.7410288134210112,0.689656452839969,0.7246458659624602,0.7209479494385556,0.8049429885663555,0.6945899970451871,0.7169871283170337,0.9420433907250938,0.7231146793190913,0.718373807402775,0.7854204548818812,0.7442670454453204,0.5914564712877777,0.8014994516012951,0.7226330814337405,0.8124814289301845,0.8165657247979515,0.6768663030689782,0.7206415852485573,0.8203825155815476,0.6975227757711295,0.7022017852973048,0.8689856059031296,0.8474807908000379,0.7229870049788273,0.8531906130100098,0.6241215137589069,0.7870071349936119,0.6518344204060016,0.7508299709404191,0.7945579018367263,0.8137123425938927,0.8673829405831786,0.8089646589920475,0.7861094168745134,0.6445266134126729,0.635390587857329,0.6317381977368791,0.7693280361413187,0.9172262040459467,0.7723039793521751
0.8333470011293822,0.9002791559090745,0.8239760082158224,0.7209833328690148,0.7193341651225148,0.8204643545792331,0.859478933667139,0.7716944895747054,0.8142794707403439,0.0,0.7739872907982811,0.8753387604264355,0.8342780698706725,0.759245136065173,0.842503691524122,0.7842198229174093,0.7619874520479784,0.8346541026659835,0.7509124428648785,0.7959873109358557,0.7296991596152144,0.8356176586666402,0.8906901126642367,0.7967273920321972,0.9480669610163089,0.6850770616101004,0.8332385049167322,0.7797032131395552,0.8454929534386564,0.8320124827137121,0.8450085429212348,0.8238525122730733,0.7846210110000994,0.81924351456048,0.8359199289379443,0.7383976303050134,0.8174362273475951,0.745163130172031,0.7322861493794388,0.7955219099774671,0.7357569230153576,0.8443412735247298,0.7110650448501074,0.7297274088131895,0.8184227412354598,0.7882203500778799,0.7856569425890776,0.7275174790986647,0.8787547187406678,0.6929603232933208,0.7053526788258934,0.7012263889871619,0.6368390448428098,0.7160706163194901,0.7303431965621939,0.8607477184988203,0.7011604812874225,0.7880383274426636,0.7475332038591181,0.7557660558741208,0.6918534044558754,0.638147771881804,0.6519719778086426,0.6982377319523811,0.6331236707300159,0.6323817876519922,0.7557224754596574,0.7869392855917197,0.7464327138796314,0.7611277235940286,0.7332889191774102,0.7328206509201671,0.6295447258594179,0.7574973496771142,0.7500673462329647,0.8157590657827553,0.7033911385057889,0.768926641357469,0.6917606377424653,0.6169826901681914,0.7194695882496567,0.7214664276679754,0.858230897895927,0.7199684896017916,0.6468924984121021,0.8493918916748988,0.6901600337562444,0.7043052655749458,0.8457803743852724,0.8314658892761674,0.7442212735132511,0.8400119373025106,0.7547063834388673,0.6571684910951962,0.6663808810904421,0.9075316896953884,0.5924471214094781,0.8663027455721048,0.640239322873576,0.7958311266961595,0.7360917101755099,0.6582063193219999,0.656164969385955,0.9023963354633093,0.6555734244005372,0.7815000499463524,0.6692373072956437,0.936737375303993,0.8178078650590772,0.8418272206829681,0.7480312800510089,0.6600405332449233,0.7263713662643027,0.7427181123627697,0.6942269077855017,0.8194696231518667,0.8267519749568387,0.8554337542402022,0.7136812712629588,0.7747408421932864,0.6759570197092601,0.6371492737780365,0.7315932161888634,0.7946497590081883,0.671554897090939,0.8494766079226829,0.654447185705307,0.799955543221253,0.8184572144546943,0.7686292975372758,0.874083608427987,0.6943395440935163,0.6436748557590329,0.691581663417043,0.723321706506257,0.6581372101710464,0.870266641616278,0.8164357928863409,0.8670430870187666,0.7992388900147164,0.7247045463329418,0.7939498684956716,0.7742534064156189,0.6598669072348791,0.7952189802756054,0.8556889757240552,0.8087020158131836,0.8280702888386478,0.9790428498990191,0.6773503186923344,0.6961758159057739,0.7983869374573628,0.7136615570433195,0.8810155948551435,0.8707508679422642,0.7904259552324812,0.8110446071508454,0.8358240903631303,0.7151913590223881,0.6655015185295032,0.8319151113881594,0.8034989473823396,0.9108867579661364,0.7562777089444221
0.8980924381122425,0.805404434170156,0.9303839202544075,0.860491980314486,0.8496083038355875,0.9190378493287348,0.818891127931621,0.8115175098290602,0.7342127683012275,0.7739872907982811,0.0,0.882632238866581,0.935489292445635,0.786961514466265,0.8926199024207966,0.9601099927545867,0.9439978946438344,0.8973869469290902,0.8562926839539203,0.842578266629508,0.9108296134572906,0.9296831865387835,0.7690296440795285,0.8534072981653318,0.8377729281771172,0.8795925139604394,0.7562276115860681,0.8525867885028379,0.8216209201088415,0.8209538142156082,0.8005272906720312,0.9440213247462281,0.8775074680329653,0.8220769861261455,0.8294331768642118,0.9019056079309494,0.8858567894429545,0.9372359161364152,0.9181329954061059,0.8707718017925662,0.8767281268200738,0.7995162851143321,0.9119442843429229,0.9081037504317261,0.8337699471592194,0.8831927517426094,0.7472975349611084,0.9333350398135658,0.8787188358671714,0.9224484207895102,0.9417729068346482,0.8810796968045326,0.7648545929721342,0.8953777415214852,0.9310496729069199,0.6947239291135628,0.9182616218748673,0.9529549648466552,0.7610320231243186,0.8945363496239006,0.8527718706944412,0.8748894567198218,0.9248800847060191,0.7159815241937328,0.805657344597523,0.8370080403480519,0.823717696399576,0.8469566911752138,0.8344582503945248,0.8415739207952005,0.9079793498805694,0.7933701788159643,0.7822892721780473,0.9526436846835566,0.9163950247002935,0.7453105775481417,0.9360770436961863,0.8328836821234956,0.8589707656091621,0.7521219497721512,0.8807027503470017,0.8268576195493027,0.8212738443549893,0.8895031699458334,0.8837980590861134,0.8514156732680104,0.8031858314415755,0.8019429984255492,0.7941021598827634,0.7275209705586237,0.9423170727518395,0.7258676130423439,0.9660182511197686,0.8323600436859522,0.8505075118062435,0.8080158370154871,0.7395100015123974,0.7195163656574267,0.7183324282028494,0.813692132449615,0.822043116267635,0.8214781524693229,0.7423188303507522,0.7254508477737813,0.8417426951143271,0.8901483265349187,0.8843443741859145,0.7931520947439531,0.8724716275193655,0.8301909693000195,0.8986473844996374,0.9187439585493924,0.8919991523881623,0.8192842766883562,0.9317211250738845,0.8706390660169249,0.7815177831457438,0.9030321275710912,0.8749996303659431,0.7442468449127909,0.8880119639794097,0.7631375206465887,0.8110845922336365,0.9011695164279457,0.7309343804950064,0.9083400684466557,0.820357186323397,0.8785661192149049,0.8951738367046969,0.8674239541755815,0.6980490727478068,0.9246235422094737,0.7892890457517869,0.843086981887574,0.8595245514446043,0.8593638536723363,0.7943674462300883,0.8806086826199925,0.8420446687721951,0.9011858920132712,0.7622746717984132,0.9476627811332258,0.795433541306519,0.8207088918341151,0.9436670834386647,0.7759269788303983,0.8619641018601415,0.8841675668140988,0.8088358670494258,0.7795720169517941,0.835582163701343,0.811620439602655,0.869420167939794,0.7699669617824851,0.8825123316350281,0.8353412497882926,0.905448353752975,0.868717121929613,0.7438137732224788,0.9021384286975829,0.7607657690470203,0.7726552824845031,0.8067887554178397,0.9372621385191724
0.9198533127976063,0.9252985768659122,0.9235319266627238,0.8326145029449157,0.8157649527035808,0.9694003927033309,0.8987030591750556,0.845507561028949,0.8280821672813132,0.8753387604264355,0.882632238866581,0.0,0.9064580014192508,0.6969779522469182,0.9503113346698687,0.8875402193739113,0.8781717415842789,0.8559154978026327,0.9020074881951258,0.87289240592657,0.9052514230255851,0.9359280277569402,0.8417061529782373,0.9207721139393427,0.9394362432723895,0.7987615315368096,0.7523575501090847,0.8255566011686277,0.7866531976962323,0.8712699149961763,0.9028619578839727,0.9242485459360531,0.8901136548079834,0.9224374760282257,0.8390582451990313,0.8414018828027298,0.8807522676408299,0.8047811409324841,0.8999436406088885,0.8619684802731019,0.8664171609588308,0.8963208523080447,0.8333460487671934,0.868228869213693,0.8828696690750809,0.9206581784307375,0.8259433535092247,0.8433216191992052,0.8920164902021589,0.838392854142256,0.877968764056825,0.8729488428325032,0.7373967942565055,0.8701858807027998,0.8243063441994706,0.8476957634956658,0.8682786619869949,0.9271181016845901,0.740132992572089,0.8761096184665554,0.805924397856382,0.7660002974381713,0.811664347649618,0.6439041687919358,0.7836094832005318,0.7844820754562575,0.8275795670754645,0.8563399818511845,0.7171632037533022,0.8119616815836154,0.8884652425751417,0.6810885062711884,0.7029370928180243,0.9035781966028396,0.856461889160201,0.8015867495547463,0.8428361350067559,0.8260646387870421,0.8214951503458708,0.7020221923286456,0.8530852676757427,0.8773261142860906,0.911050195300493,0.7748405720887437,0.8017677461806224,0.9259004513388122,0.767720634795064,0.7343950292714697,0.8559568455673634,0.8701273586976386,0.8580508557931606,0.8830777891640875,0.8576342476305704,0.8059975262455819,0.7666579586584957,0.901984095644545,0.7159938000465323,0.8826934633943642,0.6458975165443095,0.8741167812346697,0.7342665660157303,0.7635773041822798,0.7256563797304232,0.8416572011902106,0.7569599091659731,0.9089114289572896,0.8308596740549479,0.8922737583558448,0.8980204135583886,0.935335545774128,0.916798177320787,0.8003077268444655,0.8450034782714614,0.743852963608566,0.8186974607475511,0.9150139783961473,0.8695380094312758,0.8702418588409252,0.8204323909177158,0.7260181251601515,0.7932240034282134,0.7063353749674607,0.8358577035420363,0.934658672085557,0.6882133774863902,0.9156721760725204,0.7854788801031879,0.9096666331706821,0.8857283706257177,0.7859852537689576,0.8081488672593581,0.8563475519049091,0.6880729090352737,0.831626191948298,0.8538593414645572,0.7676054713582499,0.8925231671126493,0.85769073813506,0.8333775322146472,0.91796800762135,0.7261095671193382,0.8531078071967811,0.8750745111513687,0.7529221524558023,0.887105688862984,0.8686582721615274,0.9500116456833173,0.9088335638539464,0.9131299933864223,0.6968702548416269,0.8228572985972589,0.7942136596317163,0.8319672449688574,0.8771850914549303,0.9818937550766454,0.8734130407612516,0.9014809002516856,0.9416102452115965,0.7014360158793199,0.7679711253738081,0.7590900533346142,0.8008518775397316,0.942091548326789,0.8983759088219919
