0,1,2,3,4,5,6,7,8,9,10,11,12,13,14,15,16,17,18,19,20,21,22,23,24,25,26,27,28,29,30,31,32,33,34,35,36,37,38,39,40,41,42,43,44,45,46,47,48,49,50,51,52,53,54,55,56,57,58,59,60,61,62,63,64,65,66,67,68,69,70,71,72,73,74,75,76,77,78,79,80,81,82,83,84,85,86,87,88,89,90,91,92,93,94,95,96,97,98,99,100,101,102,103,104,105,106,107,108,109,110,111,112,113,114,115,116,117,118,119,120,121,122,123,124,125,126,127,128,129,130,131,132,133,134,135,136,137,138,139,140,141,142,143,144,145,146,147,148,149,150,151,152,153,154,155,156,157,158,159,160,161,162,163
0.0,0.9229485279774999,0.9132763797990174,0.7762502933092527,0.9024598791600137,0.9030044409918752,0.9003322437112409,0.9247766350321845,0.9027776754605307,0.9115532537494245,0.8610566693455275,0.9362707480330971,0.9373290247875534,0.7603337329654473,0.9010276928997757,0.9296520745998635,0.877830717020691,0.9483176862760783,0.8792495542976073,0.9593726962726283,0.9000117246994899,0.9179763279808744,0.9238679928096662,0.9101449646699021,0.9628068864747241,0.7831562584671695,0.8707268163969601,0.8712105852719523,0.7740109153372192,0.9113385090231761,0.9372649283715776,0.9281088198357483,0.8205822354064897,0.883805524680201,0.9225926193772752,0.7765616124164448,0.9488293811401304,0.8462375671113265,0.8214960540222043,0.8346498157473534,0.7820005222231027,0.9107567754450954,0.8640106243256572,0.8340502360415037,0.9369166431793009,0.9336303645519836,0.9253905464125,0.8277738437416016,0.9316883357284996,0.8296437235413637,0.843918244141346,0.8768630753763078,0.7149059596978156,0.7789755187684128,0.7138048138297135,0.8714777939520965,0.8831147186382782,0.9385627751924344,0.7922916427478988,0.8944082608004045,0.8060988423044848,0.6868343481943016,0.7400485201682154,0.7091922126582608,0.7607243586570034,0.764651609449952,0.8520769718177174,0.9057757302960101,0.825816561358934,0.9413856744419584,0.9364736557009542,0.74074056688918,0.7124593952487175,0.8888528426775977,0.8840152088751263,0.9008328601738674,0.7986058393109857,0.8764498222192418,0.8087616348620587,0.6754670965558273,0.814167087278506,0.9193436477355557,0.8958854155376306,0.7729070868900481,0.7333080612233545,0.942772270213174,0.9017381504559594,0.8223376560740363,0.9381645789088626,0.8683925283234843,0.9239139558823022,0.9171573748988746,0.8039922492757015,0.7973244952839417,0.7404627257935229,0.8985668334367795,0.6483966855633858,0.9085179868393103,0.6618506093109987,0.9022066127592787,0.7083884986670519,0.8112078657739445,0.7361598729479657,0.9246612560104344,0.7840267691499981,0.930215891805634,0.7580763797140008,0.9203915560268694,0.8789954709251303,0.9357862595756841,0.87451648704644,0.7434762894283904,0.8594038908137153,0.8577780115837802,0.7684829870353005,0.9321126968348049,0.9068388707827859,0.9253085830550092,0.7156973021907731,0.8609320381169604,0.8191979425928508,0.7901662620998745,0.8586090058732196,0.9312559634753863,0.7393557099582811,0.8853208095033469,0.7483216570715524,0.9141676519248377,0.8059049432574763,0.79787075803749,0.8821932627146082,0.844229745431574,0.7683602697507428,0.8356888384831491,0.8618857574741821,0.6860315012822884,0.9321845811659916,0.8328279705429947,0.8506408854464037,0.9515007183316984,0.7310784786888932,0.852147922528798,0.9310899731198627,0.6816616672401327,0.8867368384695059,0.9238409867389765,0.9129251564706783,0.8444209991254396,0.9531228383374386,0.6321050217908935,0.9020834221275587,0.7723790351702889,0.8728254739965371,0.8976662119997981,0.9384313331911488,0.9371786532472294,0.9034458605141833,0.9057306446019696,0.7040409521998323,0.6931164157123186,0.746813067289068,0.9319513071024627,0.9412346985676062,0.942725491775588
0.9229485279774999,0.0,0.9392399263391012,0.8088860068582956,0.8647364956061497,0.9162613292993018,0.9287496620069952,0.9423784234419276,0.910802078007668,0.9556569528436494,0.8204759561847965,0.9372628999789938,0.934883465063324,0.7610506385061268,0.9388352766024243,0.8693451776368356,0.8149855568613232,0.887930004375122,0.8035326587186434,0.8684289272592317,0.8467971334948136,0.9600764381020199,0.8919292880593005,0.9430028825619458,0.9213110816614871,0.7517784960398113,0.9025979385169619,0.8157192457695261,0.8137628865615757,0.8854443116613441,0.9244553102439466,0.8376096594938353,0.8930690419698271,0.8160454857763634,0.8430712105701519,0.7295730391718315,0.9267532219048792,0.7722327725799497,0.8266699640056993,0.86570826245553,0.8024057125461705,0.9104901676801793,0.7320584840225517,0.7697204351633401,0.9275517599061459,0.9099956751608732,0.9006889852020152,0.7544608177871318,0.8696755518788332,0.7387548833455632,0.7803712171756838,0.822833976383427,0.7038195164001761,0.794534638681786,0.6739895183952754,0.9140088236300494,0.7924519647501629,0.8848649017817423,0.7469513847018736,0.8715885232949571,0.8273109270265513,0.6326406909555811,0.6517965412256455,0.6352421737792032,0.6858426796424428,0.685653905137966,0.8961101165982469,0.9130963712211355,0.7357310600497706,0.9080108019349269,0.9088085093286337,0.6800627656815637,0.629007021245655,0.8699433082017631,0.8440084925129886,0.8289130578769894,0.7787152035630084,0.9063802773898353,0.7430772415335736,0.644497999551765,0.7868768870149581,0.9046630405872582,0.9511852949182029,0.7385696738088399,0.6288796588356698,0.9575068318151281,0.8188960954372628,0.7176810273528311,0.9104291259595937,0.9471276565387263,0.8374237415257919,0.9177988531334793,0.7442244795160324,0.7330669365018546,0.7143939012614974,0.9452504703088366,0.6322239923276319,0.8788814093024057,0.5913328294112828,0.9103065913271233,0.7006008880457169,0.7348475092558113,0.6297268408483087,0.9054403186882037,0.6802494678224903,0.8977164637282035,0.7012573208904967,0.8983342292276087,0.8947491978737532,0.960828986215345,0.8181414823366437,0.6402813701977137,0.8112472475212443,0.8182194996052221,0.7135482234665957,0.9613970517240242,0.8145346463896612,0.815649641692231,0.664351134285351,0.8555993633228173,0.7671203236654452,0.760252723174995,0.7592985399059209,0.9505566793179874,0.6666215333441621,0.9158733616257032,0.711191444693493,0.9538192827255247,0.7643044438648756,0.7938664513243667,0.9008617512148244,0.7988161901862034,0.7447492381709759,0.8315041329721992,0.8282937712763208,0.6417149525740726,0.9093491987988888,0.8286292561482911,0.8387621430178597,0.9029791033366381,0.7481201659388459,0.7724602242236708,0.9521601643515423,0.6357149840730957,0.8408863889798937,0.8380363981935041,0.9452456323705567,0.9196875050084241,0.901961241893012,0.5852952716728341,0.8049939846799056,0.7379775274650882,0.8275581107715291,0.9595027001026784,0.9259364369052298,0.9558583160109154,0.9372356542854937,0.9503579919234546,0.726517227965456,0.6228692529980737,0.7724593049703335,0.8243058553518169,0.9515094348292829,0.9024991870289603
0.9132763797990174,0.9392399263391012,0.0,0.8315039499591372,0.8982952053436706,0.9134401994063045,0.8904240843811947,0.9276651497522899,0.8495685952036438,0.9289910451477414,0.8691858866354509,0.9011572817275969,0.9575757128604216,0.7735642944461327,0.8930821333770216,0.9303332040344685,0.8836853624705484,0.9058716136401005,0.7944543052393029,0.8673947195055486,0.9042830670109987,0.9594415169699727,0.8768305649351127,0.9231572999181209,0.9019707716352021,0.8228358873737578,0.8848740694991434,0.8389260552628279,0.8125852413341949,0.8532321687132107,0.8532924334625673,0.8613060726510443,0.8739078483946899,0.8146787319703547,0.8280013158562459,0.7656772069703152,0.9205787181637692,0.8141391210050365,0.7969897784821778,0.8795207476913223,0.8159359034123371,0.8986546573721134,0.7867262526545166,0.7946190398592371,0.9230807940668463,0.9132469633734739,0.9011034820277155,0.8106902763967777,0.8653141961019347,0.7851123331444267,0.8239148405295543,0.8866203248464813,0.7016929531118177,0.81974962906912,0.7014132356517473,0.861093417614163,0.8184264960108297,0.921601480990719,0.7738286151475179,0.87230237949496,0.851775137147021,0.6692529450883138,0.7328965284543664,0.6719319891157154,0.6964347540987884,0.7293432912814692,0.890488758431384,0.9158159394738592,0.8134328531716702,0.919544509097027,0.9235116856073006,0.6831233360582364,0.6899748000700189,0.9234457462827987,0.8895807250168289,0.7799145394348372,0.8272742215592629,0.911868215697759,0.7726664323810588,0.658639666621833,0.8463861902964266,0.8826385957782972,0.8983707124144611,0.7900435761783673,0.6833995502513082,0.9391832418203749,0.8403729302007271,0.7381351776899963,0.8814402081898457,0.8732405310024454,0.9018689177972246,0.8513350304403648,0.7670474505100084,0.7292955225327565,0.7504534086323507,0.8925007131608645,0.6425878778663582,0.8677139015111743,0.5984248170559131,0.9075179390634981,0.6707215851070173,0.7872092355142082,0.6753332238515345,0.8826276354274598,0.7198002206484437,0.9320780490824161,0.765516533278227,0.9033507352353196,0.9005465908369277,0.9376070970956286,0.8378672655393101,0.6887232977150783,0.8661589917885907,0.835639631769147,0.7487265631091133,0.9577831865976135,0.8075183238782736,0.8227292101534686,0.7545754830316656,0.8578359947656509,0.795638877149136,0.8030547557833816,0.7941584019081747,0.9197434709345104,0.6409045170135721,0.8952350521230008,0.7621371244245083,0.927775601291833,0.815661304669297,0.8085508047743059,0.8578496840875015,0.8851790689658396,0.7434357892515328,0.802660895158707,0.8346424577613845,0.6443505701365295,0.8710209874811441,0.8252516066775135,0.8584044729289639,0.8649446037752409,0.740679473969165,0.8086248102341641,0.9123266395566377,0.6741647392333217,0.8627944161608353,0.8525770831859412,0.9046815589604384,0.8944856873171703,0.9000522080012273,0.6229209717947821,0.7929259037672566,0.706695979404353,0.8505731251944748,0.9399238190108863,0.9223436880209707,0.916661148336078,0.9077032786705845,0.9350821311223416,0.7082777449475468,0.6573594378845392,0.7995932641896222,0.7847542827499357,0.9047801128602311,0.906700554952973
0.7762502933092527,0.8088860068582956,0.8315039499591372,0.0,0.7760777950844922,0.7180062801034617,0.8346091118428542,0.7705974719824222,0.6631402891536389,0.7672398084189458,0.9066744509656491,0.736606414813109,0.8587304439221579,0.8699174103558702,0.8471479578215869,0.8082911798857044,0.8450978569568147,0.8511765289256311,0.7392189163733033,0.7704031373267493,0.8229543991394966,0.8488199625137606,0.8062421023680665,0.8570258380820258,0.7351896658813591,0.8507589135371698,0.8461071614402014,0.8438022670317078,0.8762226362763186,0.6572927193542568,0.7172188081369337,0.7522582683186874,0.9356438589773379,0.7534752491808203,0.811698410138562,0.8520908205192126,0.7910964005145296,0.8141987960049238,0.8294592816786521,0.9387175773829155,0.9007834284195994,0.685305489749405,0.7407598342846122,0.8125063143304484,0.8359905278342572,0.8391914595123381,0.690907664292223,0.8196720403666314,0.8404052158349601,0.8167927334580967,0.8776164256811743,0.8181666405883156,0.7916942690572416,0.9432746692046139,0.8631341217333365,0.6539323290359539,0.8278800809258857,0.7477324714428689,0.872495468278293,0.9112520508916798,0.9295858066623842,0.6679958776148759,0.7511267978955056,0.7195939988280993,0.7303612954072733,0.7762786081952578,0.9182871338642231,0.7422467078515446,0.7930359832450654,0.780864459663802,0.8053574433570334,0.7843945753414047,0.737023789477219,0.9321291476345108,0.8203375335198377,0.7200360026453632,0.9060939815673886,0.8111824705774603,0.7652388724493772,0.6350786060818508,0.7225057554622646,0.775170552419183,0.708710216192833,0.8125787766500722,0.7165681000581324,0.7829377026550435,0.7150997500794137,0.7640286170274474,0.7652902952264437,0.7024990908102935,0.833339834613749,0.7116198121078268,0.8509156613270341,0.8018453874535147,0.8776590738210631,0.7215567847809863,0.6899872119960891,0.6902008608480193,0.6133828855308173,0.8759410512107944,0.807835162961375,0.7829036770799007,0.7085628896385542,0.7198343176402153,0.7596268836109065,0.7815178316498348,0.8104748226945682,0.7344502468854739,0.8888041854333881,0.7761007963826504,0.8359721462502288,0.739598821121705,0.8445558076059535,0.7790523371282455,0.8394307114257095,0.818688672538938,0.7124233201702569,0.7632961739846469,0.8051120740512521,0.7629055273855798,0.8271239704717301,0.7956204859362923,0.716479360566265,0.8170619341644914,0.6500201355937417,0.8549650437080053,0.7623760465626683,0.7946538034298398,0.8376851391692081,0.8658901603114387,0.647224170752374,0.7436749246144343,0.8482039735509758,0.7890695748009634,0.844280030814937,0.6940707021850534,0.6968085272778988,0.8813057041659577,0.8749190155311365,0.7702805565493739,0.86686918279539,0.7393112413599741,0.8376097270896521,0.7290638369140928,0.8412738745589413,0.7056118510311497,0.7145014405357679,0.8055202976662608,0.7175712802842529,0.5969465593878289,0.7917286291709297,0.7494163030048275,0.8736513732295399,0.7753447243138054,0.7613581241546116,0.7928607308635157,0.8851760171707623,0.7550991476470021,0.8957445159203465,0.7522223525440543,0.8161681958136435,0.7053171603276223,0.7118782115342703,0.8381299166595583
0.9024598791600137,0.8647364956061497,0.8982952053436706,0.7760777950844922,0.0,0.8264790711323171,0.8952181462509884,0.8148675818470831,0.8211072155820207,0.8368492902478214,0.887867064876161,0.8595279156602201,0.8701212293749786,0.7677573155146767,0.8917656363085325,0.8876356511552957,0.8309843403847471,0.8824923693538147,0.7767918643609248,0.84081781541869,0.8677126882507948,0.9228908279290988,0.8468271856446143,0.8878477521592713,0.8518111915758069,0.8034848680830768,0.8263050828346389,0.7734431288836718,0.8201317426168542,0.8425918564269375,0.8480681271547209,0.833123621459247,0.8249212990059768,0.7679053129063329,0.8698946874879125,0.7771819170855493,0.8984827589890145,0.8252460351556763,0.8410518905216929,0.8334329194574226,0.7981297407962563,0.8446617827231476,0.8218572090135874,0.8835372662040173,0.8417466779513676,0.838024457885067,0.8679223251729927,0.8807990928834483,0.8826562368173353,0.8116498436947696,0.8389111969877799,0.8339872281822457,0.6963147713954692,0.7947139567559884,0.7412778499960385,0.794255192305443,0.8205193440327616,0.8854578006785029,0.7680351245363074,0.8336856048386078,0.7521833692492937,0.6724686183136238,0.7217441065735919,0.7040445665599014,0.736393089131445,0.691126136442025,0.8212205910794182,0.890523562504726,0.7955939402000148,0.8510720242876243,0.9155710155665953,0.7327372917029468,0.6798551050209314,0.8569769846347742,0.7991454376161473,0.7791375843512941,0.8072036492935365,0.9223884959113963,0.7280631717625514,0.7076491586310886,0.7818565585585568,0.861962349116463,0.8578176075351438,0.7203011362089441,0.6852167976474562,0.8559007372900198,0.7968059827974853,0.7741316789675059,0.7980701718671304,0.8047809922940122,0.9401847596142506,0.8335472980856901,0.8360840994533278,0.7309967476644103,0.7663970860391153,0.8611913299206452,0.6143691454206255,0.7881619666250462,0.6745994111969492,0.8070384764443262,0.7280532546588468,0.749709198033094,0.6913322489340624,0.8284814433822544,0.7258783912239853,0.846923577188628,0.699354566491185,0.8166427446857581,0.8500811184831671,0.877132278378339,0.8452263016277395,0.7420511413545506,0.7989323148998106,0.79256702760312,0.7297240096430067,0.8674082924441324,0.7610046389367033,0.8853990646266092,0.7154634280849623,0.8117779087589246,0.8954524780633503,0.7492790006538277,0.7731910429947504,0.8998585517345343,0.748550695264652,0.8630500314540227,0.7142246265269022,0.8761199944099705,0.757116717878264,0.8120546881928166,0.7874647784366708,0.8201330851533586,0.733632084641905,0.8314806627522059,0.8315787155997071,0.7308365470061214,0.8438216733307861,0.8476278828162239,0.8102665768614052,0.879961815312761,0.7267939626474696,0.8469598584690915,0.8640331352776452,0.6988159490980631,0.9083788901765316,0.8338113294985953,0.880867825771349,0.8161227117785864,0.8421532782985022,0.610799929861619,0.8146228802306252,0.7414370849806005,0.8452669001665866,0.8614587855842577,0.8512873941602427,0.8667109163570241,0.8615724206794523,0.8544558083868885,0.7325084857878359,0.6904674484264396,0.7231858458508171,0.8340982325100169,0.8515341697811579,0.9482276488590873
0.9030044409918752,0.9162613292993018,0.9134401994063045,0.7180062801034617,0.8264790711323171,0.0,0.8341276693312792,0.9352296415453059,0.9156076493458561,0.9003754381501055,0.7665973498117306,0.9421588457169185,0.8844221207985572,0.6650601733867044,0.8224136773827996,0.8758683482544753,0.8049977043875381,0.8096674612580779,0.8392943746878349,0.8441823062632454,0.8591415124880157,0.883159743463884,0.813376945172481,0.8424351253910332,0.9113591512895556,0.6929546751339284,0.7907054637614299,0.7813847927135339,0.6983112135364498,0.9219335856144198,0.8955037046199265,0.8930621984264542,0.7692018887555129,0.8097743982682674,0.7652360012357424,0.6799154497247697,0.8836852665500781,0.7215462046940069,0.7708489133702309,0.7433538187204533,0.7003655908050349,0.9465795796421642,0.7365381586217681,0.7293779999545852,0.8611260459976442,0.8562241791363077,0.9044539422925549,0.7229800267774674,0.7944991746313886,0.7172831415421609,0.7669784625314203,0.8276142554375671,0.6684364899639591,0.7358015586198413,0.6264473533466324,0.9261618263866038,0.7821700668295689,0.9428118424927221,0.6716919891683603,0.8027656398551121,0.7979941611223668,0.6741581595491039,0.6858977253269442,0.5919103717147278,0.6742861109446779,0.6962429114294896,0.7942919356807321,0.8855611263999525,0.696550463693024,0.8972911096422571,0.8849141815154101,0.6005613073598828,0.6429939402633599,0.8264280786803319,0.8626314509125503,0.807643634984039,0.7556462897154407,0.8351511588820903,0.7094884450773286,0.6836368547467253,0.8441494819546129,0.8986944207387678,0.9219426958924489,0.6990874990170209,0.6552652509313465,0.9009204368809612,0.8861756258366025,0.6971913385573832,0.8938032111956739,0.9043725980555879,0.8179108101728569,0.9073977972763138,0.694935431543464,0.7198250407931475,0.6596946160736973,0.8955108471737114,0.6570356600560715,0.8926688079662828,0.5829281474134316,0.8485129072269986,0.6065175665768598,0.7760377424732816,0.6288668513908608,0.8608329616890378,0.6855290047264583,0.8835274656155818,0.7234148081381323,0.8749648959493482,0.7898372155553784,0.9233363130161155,0.815425618296441,0.6245518462468928,0.8304384068363347,0.8094970432764071,0.6611703560714975,0.9070825470277029,0.8372809620638864,0.7880297616176504,0.6629959804031089,0.8167200247914764,0.6972619400427239,0.759982446912184,0.7706151044406838,0.9036855855656023,0.6325369292167982,0.8309225807666912,0.7431559567192518,0.9059031156433995,0.7253065916129284,0.6780557769754672,0.9227547854483561,0.8947473313564523,0.6886940733412434,0.7981196601407207,0.773109064269125,0.5925440379127515,0.8815993101290104,0.7009396667017455,0.7238133822548044,0.869495737284365,0.6441056809546765,0.7971866208589027,0.904581306780006,0.6373799418380662,0.7711629262909723,0.8345624359838582,0.9334416847660159,0.8553648163184633,0.8885090523585859,0.6131243227543981,0.785251335027999,0.6922434946180954,0.7842559803252651,0.8817082828962847,0.9120851631531756,0.8950318343952225,0.8428634825173464,0.9325898532345762,0.6039317932097615,0.631341119552913,0.6819389215086029,0.8118354365104519,0.9366698512987042,0.8461688545982005
0.9003322437112409,0.9287496620069952,0.8904240843811947,0.8346091118428542,0.8952181462509884,0.8341276693312792,0.0,0.861594819272291,0.8322587235489469,0.9282047992207995,0.8443798576395017,0.8836005546514313,0.9252036528494846,0.7972848341290386,0.945705399987511,0.8554258403435948,0.7997724324930928,0.8917806370831357,0.7620571998122736,0.8226977065196166,0.822044521211342,0.9228700187602722,0.9154549802298472,0.9317132070554685,0.8943633011055391,0.8002803661424817,0.9034934462981685,0.7998724182108461,0.841423662720877,0.8374209926584398,0.886919433683635,0.8533911764283053,0.8891073761608893,0.8180627735424918,0.8494155769517805,0.746772236655609,0.945364021538243,0.7518977176072373,0.8284529722414844,0.900596473959279,0.7834888921202882,0.8503611362332578,0.7667021996269137,0.8181470499704628,0.9073848725669443,0.8962373892290496,0.8763836305056357,0.808393554456972,0.935584805228864,0.7516118894222628,0.8339324092223938,0.7891296542389087,0.6868336474151159,0.805558299492718,0.7413804180834559,0.8447975473066657,0.7855106185853493,0.832055079962875,0.8151644109269464,0.8716816184241908,0.8026295111306354,0.6466568705964839,0.643743041660986,0.6569230069089519,0.701059985028796,0.6911049374380931,0.9357565873945258,0.9278530359235185,0.76067540498992,0.8639577098933652,0.9019552148893915,0.726537734674406,0.6485992059871287,0.8945047164845923,0.7674854271204672,0.8539748676386142,0.8557616187574919,0.9526719510207796,0.718257794983931,0.6736620023538034,0.731260968279275,0.8657693327035729,0.8983939067445736,0.6998346098541204,0.6379889569700835,0.8704120997172219,0.7957238134769824,0.7983515931211688,0.8818693789704378,0.8749239931007794,0.8679128471705924,0.8948967663825586,0.7946872762723745,0.7382057434869581,0.7499481007624198,0.9108677622329954,0.5937336917121947,0.8172398239857904,0.615319398831055,0.9123950404930488,0.7584078300372985,0.7697080199204481,0.6920199519366687,0.8582494289610183,0.6792637973292384,0.8636235025869873,0.700929447860523,0.8383848585621541,0.9157946066794811,0.9254343922262064,0.8602657768803261,0.6702921447495849,0.8309988739356329,0.78600853527277,0.7190371187528153,0.898464389840048,0.7761050234423618,0.8750764748307657,0.6817002705752152,0.8208569868226128,0.7994363153427363,0.7507754397494466,0.7348420406593893,0.9528218736612379,0.6714649634722478,0.9189283526562867,0.71823576285878,0.9312713068952742,0.7521226046301077,0.8328575993814726,0.8108808367102542,0.7366546663971643,0.7625521498288164,0.7720674872340739,0.8096991376924533,0.6658904587333603,0.8572675686558757,0.8722950711233065,0.8445005112466304,0.8854542271649792,0.773937352186838,0.786922132525045,0.931126439212656,0.6406450171902824,0.8798526426864163,0.8582009790159234,0.8700684242019009,0.8961159098385086,0.8504495143842217,0.5424847071914074,0.807370149034629,0.7350971578532481,0.806727189428589,0.9394067793608585,0.8738184166228236,0.9293829424544302,0.9358995860475322,0.9089648709356561,0.7852562176334859,0.7025972478549445,0.7857249953642582,0.8038245752971012,0.8855284097513482,0.8905442494222385
0.9247766350321845,0.9423784234419276,0.9276651497522899,0.7705974719824222,0.8148675818470831,0.9352296415453059,0.861594819272291,0.0,0.9181769350391077,0.9385080937606531,0.8020724194894852,0.9491408449293177,0.9374466746914653,0.7058992026945523,0.881972183211752,0.8960035796885458,0.813448607049449,0.8702274871500307,0.8184628391213142,0.8830451762259351,0.8433424372595713,0.9066637480960643,0.8821759110943138,0.8948628484433845,0.947900686888259,0.7578864654413513,0.8842102363191803,0.8280724601744525,0.7388904228134121,0.9060285260076092,0.9312347673687182,0.8598767099628106,0.8319106768628385,0.8494933812193385,0.8108622702945413,0.7080726840152471,0.9401924652842263,0.779388745502397,0.7929116469433632,0.8090841614440524,0.7495290949362275,0.9118447183804602,0.7671658950905059,0.736067641836097,0.9455257946565069,0.914381001020931,0.893991693456579,0.7470802058255773,0.8433686357628297,0.7232184279718118,0.7597196457810478,0.8213923802704317,0.6451277861196651,0.746576526236142,0.6512319393448688,0.9146770365267806,0.7873167860235988,0.9303931281859023,0.7005363711903431,0.8385049532841871,0.8349708054583621,0.635042125389037,0.67506437039751,0.6182647878811568,0.6551858505256697,0.7009778688229957,0.8626107027169477,0.9036070066319952,0.7497645972628418,0.9689722809452873,0.8952505144937838,0.646655922085768,0.6343638531915955,0.8544668007779562,0.8641107409584334,0.821766623243173,0.7722233150546388,0.8589122063177783,0.7863132162017356,0.6273902924714683,0.7812496890486832,0.8876282317603352,0.9310837205384871,0.7684511946713666,0.6472417890801759,0.9664013420560097,0.9194431941557761,0.7166494358794017,0.9423167211637866,0.9396280108641728,0.8272842031011318,0.8940963052936677,0.7016085592816419,0.7110807607078599,0.6628086087524399,0.9325066987835153,0.634002605718689,0.9123940736328228,0.56739340529828,0.8979541749575013,0.6547573236987296,0.8053733766598256,0.6558488410869121,0.9266660602505937,0.694382483314186,0.9285586510410665,0.7226351029788466,0.9257494211860375,0.8473222579530938,0.9375525400986815,0.8011004382275289,0.642486276229678,0.8163301834194135,0.8526804233269113,0.7107470574559681,0.9472479823382493,0.8307993651393775,0.8113608663129477,0.6587095404243261,0.8513261058705652,0.7167562247678783,0.8344964364560317,0.7748878806173239,0.9157343368562392,0.6227517613296653,0.890918963980567,0.6993993076957291,0.9536675258713518,0.7639455482559233,0.7528848652721011,0.921530571578059,0.8279326072344837,0.7622080594968527,0.7903737825621473,0.8144060068793951,0.5922710813436318,0.9229954299147335,0.7759343529480114,0.8270901065032316,0.9146558458994561,0.7116554100623999,0.7581852441988006,0.8968530891828005,0.6173605806195728,0.821317493621619,0.8665204922889894,0.9305087711211798,0.8806444536117605,0.9295120869750296,0.5976032229712619,0.8305378291455815,0.685037996852546,0.7992297790421077,0.9251142382458103,0.9545635386198641,0.9636654507322548,0.8997000048426432,0.9543000872833076,0.6616053005421172,0.6171029813481318,0.7319796235425211,0.8091568450556516,0.9563705279357672,0.8683609839610675
0.9027776754605307,0.910802078007668,0.8495685952036438,0.6631402891536389,0.8211072155820207,0.9156076493458561,0.8322587235489469,0.9181769350391077,0.0,0.8947518853960489,0.7222748214634086,0.9221450683920306,0.8346010550933222,0.6542921382210625,0.8394118498173411,0.8007669077802336,0.7167699914056276,0.804504648521046,0.77267097854753,0.8267105084605174,0.7635186746770374,0.8791839534523661,0.809581164310087,0.8158821135214612,0.9108746632377516,0.642499143330838,0.8088590628063215,0.7239994326959401,0.6728138158501386,0.9514606575093777,0.9422013121209188,0.811462207619698,0.7397142812227135,0.7550565292402354,0.7821369522168141,0.6365590048752099,0.8803253472951157,0.7052059332862505,0.7448565238655983,0.7068496550477195,0.6572962899898144,0.9562520015168685,0.6958592751670768,0.6877447045491164,0.836018415309255,0.7999486512078555,0.8898480721315178,0.6743604174409106,0.780231015735909,0.6677318126428927,0.6862572497663317,0.7273527017712413,0.6136112080926609,0.6616922088524932,0.5790267098741204,0.9572211365344995,0.7132823697762318,0.8869014152075365,0.6408453565934813,0.7421801258312911,0.7099158455393425,0.603314538475481,0.5989664720552359,0.5816117487697983,0.641451487775005,0.6109960087376244,0.767148234638962,0.8916357949101964,0.6828523590618972,0.9022579896875462,0.8582915080847932,0.5986559442193685,0.5927419490268319,0.7449908564170973,0.7798752153618045,0.7860454757382362,0.6743457962611559,0.8078767456047509,0.6632430343545874,0.5910763642878116,0.7156181504314287,0.8946479866837982,0.947755424341081,0.6448897632839814,0.5851634186275435,0.8984708146420505,0.8639013927719033,0.6832775043469509,0.8591028766417275,0.9473971439915806,0.7834391872878991,0.9327970009597154,0.6511552616111059,0.6453380139444307,0.6221610823950422,0.9364757330143847,0.5951850863834509,0.873127941219695,0.5878116102521723,0.7863247981906045,0.6083412016524453,0.6994928819806432,0.5964366311117228,0.8816905036141099,0.6396258747651575,0.8216312929798126,0.610028619856436,0.8611279498934599,0.7452512652506305,0.8902115303907994,0.7340045479124961,0.5959641543741637,0.7390255992001981,0.8011301923617896,0.6072959223280062,0.8701174427893724,0.7736124145717591,0.7835217609988523,0.5725592362184833,0.8270247793169198,0.6789825533764239,0.7243454391700322,0.7145644173689774,0.8592524934246506,0.6713770655997283,0.7915456945402831,0.6547866278009312,0.8884384680969954,0.6488976133798059,0.6752640410285747,0.9673206918010804,0.7729957310646826,0.6662352538097288,0.7976366443885834,0.74416835371326,0.5860059848196263,0.8953467414876984,0.7010038257105744,0.7163633032704357,0.8748897604028961,0.6353399943702415,0.7451635628151364,0.8745715705507818,0.6071472505049077,0.7457106886772554,0.839785469879245,0.9622210560861232,0.7998353027063985,0.8865427420893371,0.5641586022185475,0.7696700398925039,0.6660544699032495,0.742282318746444,0.883974943655181,0.8763222652259341,0.9130371548572049,0.815903660627822,0.8966472654828315,0.6040678883364898,0.5640298547778907,0.6383610060029206,0.8233122555778399,0.9630845832584142,0.8392681246809744
0.9115532537494245,0.9556569528436494,0.9289910451477414,0.7672398084189458,0.8368492902478214,0.9003754381501055,0.9282047992207995,0.9385080937606531,0.8947518853960489,0.0,0.793117993077575,0.919210020967356,0.9492944158091627,0.743724492141029,0.8892672510016034,0.8824950306425468,0.8055127278750857,0.8862784342199953,0.761160755693601,0.8384192564721783,0.8022420405876209,0.9088543724413332,0.9210232625113062,0.89845911112942,0.9510533277320128,0.7558535688549038,0.9237081289409533,0.8179021443898443,0.7949523748255622,0.9077676434269409,0.8986607433777019,0.8605852958005187,0.8358149662044692,0.8277783719569458,0.8036400265418185,0.6858186146178176,0.9483368542705124,0.7448631531404308,0.7445107599438076,0.8463193201073115,0.7332444380864777,0.9179519021875433,0.7356761991187446,0.7240415759945147,0.9237625683986075,0.9022672727752619,0.9243280042155082,0.7323867628551289,0.8823783178263677,0.6951991772204454,0.7475076161409484,0.7829616003829208,0.6389257242592065,0.7246306328878704,0.6503595155000996,0.9291498270382152,0.7464742914970999,0.8782446749746357,0.7376491542201777,0.827514406119784,0.781435618631277,0.6194240772636729,0.6257653877471371,0.6199963602278801,0.6320977337035388,0.660203698045723,0.8785581143718344,0.9359084183696949,0.7651035485750022,0.9238590876575962,0.8673406628450671,0.6597650021801522,0.6186934006356986,0.8525504408541618,0.8107993085193016,0.8467527863771778,0.7745822250930782,0.9172582209157158,0.7287536996054894,0.6424640926678667,0.7622980346874109,0.8388284776752827,0.950306121987509,0.7288242227478209,0.6120404935157921,0.929637315306856,0.8330004055508622,0.7317497504909658,0.9428772889501174,0.9316674614210555,0.8293113580440629,0.8951499079289923,0.7102154989423458,0.6833255554660406,0.668065743768003,0.9494989997316294,0.5664876006079378,0.8908134457164285,0.5670714779265393,0.9088516474465167,0.6649401547597692,0.7431508087089761,0.6443069409027674,0.9248848646425251,0.6506418774905454,0.9091055631637693,0.6815747210129779,0.9271802285792384,0.8802140765561738,0.9443666047102862,0.7863479863915526,0.6152167932976396,0.804908140525933,0.8304804683637612,0.6894510511669184,0.9471420660459602,0.8184786970761825,0.8299141743751236,0.6564082960621381,0.8649306522008251,0.7125590102396303,0.7616383295475151,0.7438810469676448,0.9268218919669899,0.6104392241437252,0.9001652673580149,0.6908346749667218,0.9398983160879952,0.7494592407738173,0.7737935288017184,0.9223701456352116,0.7643452656031926,0.7318307453764004,0.7296525190700235,0.7550689703282822,0.5898761035370149,0.915653801311161,0.7972932105606485,0.8337495087770745,0.8729802009047277,0.7236082755489301,0.76331672581984,0.9008733946622518,0.5907563272201581,0.8162910049609223,0.8764267456568303,0.8970607945985579,0.9175436916198477,0.9252335259421371,0.5707039987305181,0.7615412899412185,0.7018653383083023,0.765522787242961,0.9732896676625892,0.924773662491886,0.937128525268977,0.9112378918557429,0.9637587140269087,0.6920503077575448,0.635268327353567,0.7897636804762554,0.8000647894201998,0.9445679341325568,0.8470200679221342
0.8610566693455275,0.8204759561847965,0.8691858866354509,0.9066744509656491,0.887867064876161,0.7665973498117306,0.8443798576395017,0.8020724194894852,0.7222748214634086,0.793117993077575,0.0,0.8029185549910013,0.8882549263353825,0.8412694705023658,0.8518208906872999,0.9160992055191286,0.9207737107426577,0.9127919788239713,0.8195046040026503,0.8542326328213704,0.8828293964887235,0.8824318296272966,0.8628584219096938,0.8724507883233638,0.8062266656996738,0.8543296991976776,0.8675835254744538,0.9002348730365476,0.8890025250305679,0.7532075472464768,0.7715902045303172,0.8321334183202231,0.8668447865069817,0.8003417823427429,0.8819540663579502,0.8602776721525841,0.8509650379553969,0.9124172904829284,0.868158373159631,0.898926258497542,0.8703906297564706,0.7481858841884199,0.8374748973419607,0.8766477497624493,0.8512673462525302,0.8549122241523732,0.7456574154187832,0.907571182948585,0.9065180246008598,0.8707368965435703,0.899768768408098,0.8539588568967579,0.7666703564013377,0.8879402028107938,0.8727247402712751,0.6869267056868618,0.9018486871039096,0.8595859632208878,0.8428456712394308,0.9169163536631983,0.8738991413217921,0.6822895127962519,0.8041719515957602,0.7623368108894955,0.7479510537969689,0.7728319075459543,0.8536909612245391,0.7771608426253559,0.8641136028880613,0.853890850878705,0.8420837986697826,0.8071486614371884,0.7600506723923548,0.9293110223705988,0.8857315779420045,0.7676917947473375,0.9036447949676455,0.859688835447615,0.7985515655226654,0.7046374730745576,0.7604019020812218,0.8003117358661268,0.7536464692654132,0.8379835365694767,0.7730785017350764,0.825317177388863,0.7933118554359476,0.8039373055529037,0.8021405643069387,0.7183435169697014,0.9393843343821072,0.7375646778877111,0.9238707546476254,0.8235430816286083,0.8485833577106019,0.7593834921804453,0.6625816519179314,0.7304331050122631,0.6623504767291924,0.8416516540545124,0.8017751662596114,0.822314571108058,0.7289829089172556,0.7705007904961313,0.8088648789505636,0.827387531539061,0.8057853802572468,0.7984650017683977,0.8695216297794992,0.8121732921769292,0.8779586894816659,0.8070403386319275,0.8365205963671941,0.8771329209158268,0.8453591027972227,0.8558154041816863,0.7789140501014403,0.8871541873058293,0.8092971145202096,0.8052201471115404,0.9110274652796008,0.8111447436914809,0.7874975029570853,0.8542998224825423,0.7208753396211379,0.8784526441677932,0.7453321255573581,0.8240080518426479,0.8549591661750624,0.8478014213612629,0.7037367751271293,0.821702083621569,0.8814410836296009,0.8360891417094093,0.8732058051531477,0.7209347250790152,0.7707826898445077,0.8785366486112443,0.8846958046612337,0.8574687135247648,0.8048242209274729,0.8407982379387979,0.8397982884922477,0.7471080107047492,0.9147066683203657,0.7634093318367485,0.7656811572111698,0.7996237702917836,0.7943102611312733,0.671119835587114,0.8619175038647123,0.7970066269458457,0.9417969963956362,0.7831392302334153,0.8160809433529599,0.8199671881342452,0.9064835340237665,0.7886502111125023,0.8276415281917874,0.7934268835768836,0.7578330879117637,0.8098792453970525,0.7573982672928072,0.9383788879678681
0.9362707480330971,0.9372628999789938,0.9011572817275969,0.736606414813109,0.8595279156602201,0.9421588457169185,0.8836005546514313,0.9491408449293177,0.9221450683920306,0.919210020967356,0.8029185549910013,0.0,0.8966325569686927,0.665266243499223,0.8753837897180616,0.8951019904904941,0.8135575541716771,0.8431198245676252,0.8751040617527277,0.90031033610203,0.8759051015013894,0.8942724201669,0.89894515240251,0.9166172307201302,0.9695041608795764,0.7368026099984776,0.8380353170649663,0.8177461037868842,0.7281793126241547,0.9411667321698562,0.9525646482295352,0.8775168386448126,0.7910919270691045,0.8858761964240247,0.8227394034748552,0.6986276042321018,0.9347847986883429,0.7506209792792694,0.8263305750648199,0.7870866804994342,0.7356340979362535,0.9379754762415383,0.7775354682101993,0.7753544721256271,0.9177675856331861,0.8951275127114755,0.9134777852040272,0.7701795477217731,0.8682117446887161,0.7248389563009461,0.7681534502905277,0.8288902360897639,0.634531342117776,0.7419537507199849,0.6513884289135692,0.9242661555271507,0.8081572737834414,0.9468698885400813,0.6881590935396761,0.8235780541493729,0.7785657873332283,0.6128408175345471,0.6598270960796394,0.6162149940845205,0.6701435694107831,0.688534745622702,0.8214815702205948,0.8865622467504907,0.7043734333967809,0.9163041641437496,0.8848917569199506,0.6362788757417913,0.6250818033972909,0.8323399239234521,0.8263269108563843,0.8366062634022169,0.7617110606146134,0.8744604130208744,0.7624031688507187,0.672103794734081,0.7742971950342493,0.8966449903659656,0.9383876071508817,0.705592842906507,0.6618043298845385,0.9431208337047247,0.8930845997532189,0.7038725937337724,0.9152434518831722,0.9352288531625892,0.8297079071259659,0.9226464169429779,0.7139360304860596,0.7310932854781085,0.6480602729689904,0.9318726321333337,0.6176314615894514,0.9317390871706108,0.582280156229936,0.8634677592507033,0.6477542153575362,0.7818237496680739,0.6596259141609725,0.9313753659825423,0.6762057487978513,0.9137955855429055,0.7107607022238528,0.9272811853271171,0.8250590967487961,0.9746474276962528,0.8588621677663622,0.6563926008516412,0.7876205122800094,0.8114809512739704,0.6824730049812225,0.9306876029713594,0.856785191165046,0.8551980983282762,0.6590905482902477,0.8021133905101302,0.7374909606977165,0.7454932678290133,0.8114057864831722,0.9363286156916267,0.6509172639107409,0.8805677884444861,0.6833076718317744,0.9427021768506749,0.7568413830608355,0.7123800639845062,0.916930467258933,0.8226977271043336,0.7154050340265834,0.8057889777443124,0.8302838883630521,0.6027025956991093,0.9509057369850831,0.7632900378177593,0.7967015457700899,0.9394352202325533,0.6599711775326376,0.773188641124445,0.9034910185341674,0.6119744902422142,0.8397815436573772,0.885120953639026,0.9501725042164453,0.8483588589137988,0.9431057820412578,0.6029836350385219,0.854098063309539,0.6887113458413364,0.8131562481487751,0.9098165734532936,0.974383524858207,0.944567859208424,0.8941567415280255,0.9560239835858458,0.6398949769169839,0.6249456510492561,0.6793416603881368,0.8503918017964848,0.9582660327438282,0.899918026033447
