0,1,2,3,4,5,6,7,8,9,10,11,12,13,14,15,16,17,18,19,20,21,22,23,24,25,26,27,28,29,30,31,32,33,34,35,36,37,38,39,40,41,42,43,44,45,46,47,48,49,50,51,52,53,54,55,56,57,58,59,60,61,62,63,64,65,66,67,68,69,70,71,72,73,74,75,76,77,78,79,80,81,82,83,84,85,86,87,88,89,90,91,92,93,94,95,96,97,98,99,100,101,102,103,104,105,106,107,108,109,110,111,112,113,114,115,116,117,118,119,120,121,122,123,124,125,126,127,128,129,130,131,132,133,134,135,136,137,138,139,140,141,142,143,144,145,146,147,148,149,150,151,152,153,154,155,156,157,158,159,160,161,162,163
0.0,0.2630366821954596,0.2253674983500393,0.24079939826491709,0.24168369925224154,0.26722471083941546,0.22151794842012415,0.2579301997916409,0.3155390517023805,0.24500677479252506,0.25299508781225066,0.26007162245330573,0.32828896457844603,0.2555229627321124,0.2585144062913087,0.29270959038159755,0.31868064362139953,0.4205382695864074,0.2980157822706841,0.4520149702299434,0.3228923214288856,0.25206612234365117,0.22491027379014147,0.2333295999818395,0.3403589958687888,0.2121933775908937,0.19924197367896987,0.26065647760174815,0.201796693690122,0.27093885905886067,0.3077255092453213,0.314246599880248,0.23540820168474835,0.24566162935305028,0.35535869489969474,0.28343124857302043,0.3134622762679184,0.3547156080626129,0.22488986658844506,0.24998329620287205,0.26137121836918403,0.25265626818722436,0.34462604892762183,0.31269099169488523,0.2578466698410321,0.3353510760892639,0.2756704584702603,0.2715452890888773,0.2991573872604016,0.4553412573508109,0.3817004002162112,0.35183515029395135,0.2740826461707056,0.2609286295697662,0.25027695903327307,0.2679865728105456,0.5436588398134087,0.2600076267229231,0.3010591300451755,0.36940472791243667,0.2517769346839692,0.2720258266156373,0.3150349048027196,0.2504805094586031,0.3223335913138725,0.35451905491886515,0.24470964073236517,0.29544116042821095,0.279671025261918,0.29906666124935594,0.3798484013313013,0.33991432991458426,0.3017930423002124,0.3087944180556875,0.3447133094524501,0.303056253053949,0.21595488386721917,0.22283233100543393,0.2956249404712659,0.24633040570918138,0.25255064301260755,0.3300771264758968,0.2995563765228558,0.28412903374731713,0.3170151010827095,0.3280750140615629,0.24173470739954667,0.40163795225560167,0.343926247650972,0.25620078252976136,0.36606049435234134,0.2711561102302281,0.3420089140560252,0.3747884017807099,0.31271677965208244,0.25302778782317586,0.22925290723902084,0.2362228209465238,0.23616298920923912,0.3298142866343064,0.2728532869878753,0.23190529878286753,0.2800018921058548,0.2568998002234678,0.3947002013891613,0.3053651935248875,0.3346312376141594,0.2641954646954595,0.27412085402451897,0.2675448471643668,0.2856531042144302,0.3367777061008698,0.32921462210623115,0.26737647860268,0.3218969830562753,0.2956366116796616,0.294196516570379,0.2973238163872192,0.2477170105131164,0.25811926491039666,0.2946318950875597,0.24587471461078148,0.2809300291857628,0.33442231990867116,0.2636927581080128,0.2461571524376562,0.2643094543804064,0.21449654774688678,0.24338502269732365,0.2969413730951459,0.2618103190443713,0.26093994541609833,0.2623683385756816,0.2967503798283572,0.27387235090451595,0.2706970324230155,0.32715463939355494,0.2636788708770113,0.2193625242192996,0.3613095380904086,0.2331005969836325,0.27417893123148857,0.3388169490409157,0.255951995109609,0.29229719835456364,0.30339152055046953,0.28363512151738823,0.2356199433407384,0.29316037151485697,0.18413170533516346,0.3619734835503748,0.2934335797497411,0.33269471723405275,0.20080010713998298,0.2997593248823337,0.3011822612006748,0.24317642429152747,0.2730648867693642,0.24259769175953094,0.32019662078780553,0.2114040159508221,0.34445501168900344,0.2216991327835336,0.3665707650752195
0.2630366821954596,0.0,0.2878237517479629,0.2851312450910956,0.23340132386212323,0.28733034610275177,0.281673458391298,0.2851025464595279,0.22558534964826973,0.3949216715788127,0.2772006623334908,0.2473823261147835,0.31315884150982076,0.35356427311877453,0.29032029712828894,0.26000208815670633,0.28749581755178333,0.29387665109930666,0.263051445217973,0.2723901104668931,0.28054443995066514,0.35334862935435846,0.2521787324147249,0.25950673921350886,0.3001935241331653,0.21100551711737736,0.2034946609605125,0.2489228798170897,0.3520114639224081,0.20875603561183867,0.26818703337523464,0.2661968636248782,0.31950274441403503,0.2011507452107154,0.29173786931492135,0.30179813844703773,0.275171698802557,0.28902676525118054,0.25239606668669495,0.2734226776208809,0.35162358563300866,0.23929922274871582,0.22260353544024103,0.2704278152174138,0.31878357573609123,0.26252955343427564,0.23769131931326962,0.2564941059546426,0.29580170995862676,0.2782238945091035,0.29038258833817276,0.25635849613899786,0.27725613921772896,0.4098997910982443,0.30725503225976775,0.27471059433590883,0.27410377176311285,0.22872352682732272,0.382911005937126,0.3455649732419148,0.32245015257435605,0.21332617785689698,0.2168774172405068,0.23941427378202848,0.23348924905142848,0.22472069679449597,0.2785726666595675,0.26870093918836685,0.2716326313039094,0.26777127971725273,0.26317043514507,0.33658607254745904,0.21708110068585174,0.31918070992124264,0.2796939874841954,0.2284476674382566,0.2324294453371704,0.3203854334503775,0.23517720165545747,0.22508249180707202,0.2423950138680091,0.2437448877130569,0.36991506026212706,0.2711027303131935,0.2398292331921656,0.3382286331479922,0.2094800696252359,0.2553421851558988,0.24126889371136487,0.2779838067785601,0.24678446931821243,0.259224909124082,0.3436552620878208,0.24732862089222923,0.30535845892322916,0.33107934234765696,0.21994667238667961,0.23795127921592493,0.20868155273432668,0.3070638753587077,0.30669269238543595,0.207639898194276,0.20308190713499438,0.28302108035564677,0.25224829807003446,0.25182439718516425,0.25194465472859484,0.28812569670167343,0.31225406563104063,0.3281155957564446,0.2404814450062428,0.22748759204521898,0.26623321736568334,0.23062031429708915,0.2903782268080009,0.31300678939740384,0.2383645661270467,0.22796705995757494,0.2843907454906541,0.23316798217272205,0.2729977383139941,0.2215587866130492,0.23780493951324927,0.3232892897085552,0.2367164619949977,0.37641476898258586,0.24033429304086676,0.2795517080898567,0.3348038186419828,0.2956979163855363,0.2641746999473086,0.23367405546073833,0.24235931379401407,0.2426883717558988,0.27527307760243636,0.24509924898669305,0.2607605053396467,0.277063166835073,0.2592431552610018,0.2647710650289619,0.2994929648662478,0.2909605498923282,0.3388596833611986,0.2424506174030309,0.2892210035585523,0.2161827987477968,0.2519745368126845,0.29908993861514155,0.3200532960580473,0.19752212755249274,0.21711890674408224,0.30902350688207686,0.2656008738636913,0.31332670043330907,0.2750376930289642,0.2940508874376121,0.2591631244255038,0.29030257111794144,0.2740842737315424,0.23425597218374583,0.28660124975238355,0.29109833578489225,0.22216271998761797,0.25117969313108013
0.2253674983500393,0.2878237517479629,0.0,0.24634623942734038,0.2293548326294363,0.26554536763791553,0.20380537303912707,0.2755889391558155,0.20813791669924325,0.33801736818001266,0.29830248743897747,0.24030915409014034,0.3072301771974437,0.24397586480331862,0.22593806868628213,0.33768599478209727,0.2907228330951494,0.25063355889116434,0.20593548514312282,0.2118612393944915,0.28199955786625275,0.3522543186377929,0.19592637468840673,0.21943537642123223,0.24743099402448696,0.24145356049113179,0.1989735419203675,0.23361726879692193,0.25207677564164754,0.21954848893235127,0.21339117008483965,0.2509147022949251,0.22908361008792286,0.1794020390972845,0.21773190426649955,0.27243677548640666,0.2639729705106024,0.2820009833676924,0.21726278717128375,0.2198032537215989,0.258775956443918,0.22717052439085716,0.21704248146922958,0.24436581485885797,0.2611000117546264,0.23710243730184155,0.21984345285725063,0.2760357653502802,0.230262068269055,0.24504330583234313,0.25939964065452037,0.2550988678630334,0.1796544157781104,0.32372793887331863,0.27696975390306106,0.22158063522274302,0.22128045794284676,0.26059720067026865,0.24659196870772673,0.2515805002364224,0.2599316330627409,0.20549712959700459,0.2386313183337062,0.21411559312134965,0.18207440148123988,0.20584800531134623,0.232775176938407,0.27673574955774405,0.2924820560927789,0.26752769712664853,0.2540391671093986,0.2200037402818671,0.21942865891213922,0.3592098193541254,0.27756831519303704,0.16786026760539446,0.24755472562378883,0.25697251332578636,0.20877403876344316,0.1860953309366701,0.22648849676901622,0.22399770836490387,0.2821916471772391,0.27742892961805116,0.20968285600146414,0.306729172102782,0.19372443237836443,0.20749377875866262,0.21570492070536143,0.22539173092370357,0.26329230903756334,0.18730129264292852,0.265713576218247,0.18099243953007305,0.23495104417869184,0.2797708900964543,0.19154735215775676,0.2125387973864465,0.17210685382501023,0.25079744305664115,0.2128228785458471,0.21055979618502638,0.19288661451841255,0.2690830066821275,0.22749011758661655,0.281537403386202,0.2465150560931909,0.24271087282607437,0.22976370954816971,0.268692643746513,0.21574971060019812,0.20189823104411578,0.24601630733167534,0.21874920869141284,0.2283310193421545,0.2802270831971676,0.17878075268784374,0.24631017572141847,0.29141862083812603,0.2257921675138982,0.24583850921316147,0.21674296935959927,0.18939687982774245,0.25489858156920037,0.17379400360711666,0.31872915400139445,0.21816522034020927,0.2551925339241007,0.2994975819553667,0.24659180771677802,0.23928195284210202,0.3135439663100777,0.2091477678670988,0.19394153177099438,0.2499688390631177,0.18847092745735453,0.20559260375886762,0.21004690286240835,0.22088891545542239,0.230800887149351,0.2209826538917954,0.23621953433137657,0.22533224963086618,0.22641819510166797,0.24521185042150018,0.1874308933000507,0.2648008407878869,0.24907673568794322,0.27828858121042294,0.19333650239433695,0.18968251995472843,0.1886124162996671,0.24404659915399227,0.2902496108015187,0.257924805457192,0.2423547718820939,0.2386058286108326,0.3159097763952969,0.18086171894670636,0.2197812585235921,0.2381578648718023,0.18915334300660572,0.1962351906903318,0.23552332512721236
0.24079939826491709,0.2851312450910956,0.24634623942734038,0.0,0.22981749697284826,0.2248550296040577,0.31417470722193697,0.2626544109726446,0.22300978885388967,0.26626174145935216,0.2864103237476749,0.24078245654591962,0.31213897082495906,0.2963014240387155,0.3205579630359126,0.2545293325700309,0.2532459233587572,0.27020250620113356,0.21092172240800983,0.22635295097978092,0.2644794118961562,0.27793630606513453,0.2859943201427356,0.26974426694722287,0.27031380431843127,0.29283788082448675,0.3086586645332795,0.24581288871146967,0.2502796992397733,0.20225040388506216,0.2528675318699636,0.22981000904191837,0.3390130949527435,0.23967404907725798,0.2508750809405386,0.28386091432157506,0.3157814484221574,0.27506321883885515,0.24830465930498097,0.31424388866901765,0.27531072369135456,0.24308510484932186,0.21158343220647072,0.25344349980832953,0.31201824941669654,0.27796793547903703,0.18222223297989468,0.2453531876459453,0.27885667733962943,0.24324597069528997,0.308483822159788,0.23304400955364565,0.21180772926407954,0.34706298601588587,0.29295492466147244,0.24090362671454868,0.25256977318809765,0.2531173171804599,0.27822684608391923,0.31344954182366375,0.29596473686947605,0.2145810418304785,0.21725806362427696,0.20667844430813334,0.20892260333961798,0.23513982696033803,0.4330327367951497,0.24945801344048335,0.24565174444077548,0.27246863629027457,0.24649345859563887,0.2554370005723812,0.2489998936935286,0.3918272960532399,0.24808972922529926,0.1952863867763283,0.31639164962081845,0.3224845179391519,0.22798677490985092,0.19142134583972417,0.19882629096065826,0.2717592394633398,0.2665166376133349,0.25014451870046883,0.2651558018972477,0.2879970770696625,0.2596009599624642,0.27071484962400033,0.25734740915164783,0.3018769415700891,0.28059003713598657,0.24859904698968316,0.24593230418605463,0.21147809408068932,0.28652554621329257,0.263540825279383,0.1915960481842834,0.2284374792808586,0.20205011210295182,0.31305359663296495,0.29262395255858453,0.2358407283548979,0.25869610626337347,0.21646189029303534,0.24221750747690712,0.2558427733467495,0.2497186151851988,0.24878579019316263,0.2948586504953893,0.2614940196176664,0.2593862036291825,0.2483081659624715,0.29766748450457087,0.2886500929066574,0.26091337878873605,0.28868682088174213,0.21011458840728098,0.20274792781493609,0.2390483224465743,0.2597473630950245,0.256089713452026,0.2665787205051249,0.2191691108275569,0.2867911586252746,0.19975419048159185,0.27462230990773684,0.24257376173815828,0.30554154381906745,0.2521666406413702,0.3105753247249154,0.21510637337299768,0.23310870766417063,0.3085411178154416,0.24438481004015933,0.2617083866284863,0.18776464282724756,0.1937730355725284,0.290601785529828,0.28372011892633486,0.2787238575818187,0.2907994998190828,0.24143617001542106,0.30890613644636883,0.2451788412836264,0.2706842203032291,0.23801390404156228,0.2561512153000721,0.24511869871484931,0.21461360042407193,0.17004954310715095,0.25956436696014223,0.22195958873187183,0.28087813126346506,0.27721439840791434,0.2784131216073119,0.3178257695592121,0.3090345833825339,0.30619944248911996,0.3141641249160317,0.2540098529565532,0.23288826963913414,0.2223518420248849,0.23898360500739005,0.27356640459295245
0.24168369925224154,0.23340132386212323,0.2293548326294363,0.22981749697284826,0.0,0.19837048377899294,0.2664327623380894,0.20558938272861782,0.22950128364587127,0.2224446123982614,0.27242495995210747,0.23037464966312265,0.2119877367425649,0.23916105636261167,0.23038788673400648,0.24740455187325583,0.2649336223348572,0.24306534263995153,0.18734375435070788,0.2265013179707549,0.2728011906538537,0.26851823600418434,0.2341880735724939,0.23981689793470293,0.22840637486691318,0.22119701198911224,0.2008307586796073,0.19585004753617213,0.19625871807772272,0.2339743732022113,0.23603757881585224,0.19426930048759444,0.19897116551127125,0.20152669103812326,0.3162585225091665,0.27277184305574026,0.26762961443777555,0.2668235043817473,0.262356351201073,0.20985331407826602,0.2315444072657028,0.29212865137178307,0.22068132954653577,0.31672663504822735,0.20588095415777413,0.19819540021225646,0.22630197388467505,0.28409579267977175,0.27256542886407736,0.26257159789539236,0.25666219296327003,0.2249077702039431,0.20572475772571394,0.24317903616556158,0.23603761546037627,0.22061091933847862,0.22363827913053966,0.25465247176372835,0.2435788695009595,0.22469912272174622,0.19003405388625424,0.18097612904987184,0.20035629488676973,0.25922902606531845,0.22153690876341062,0.18106625413880542,0.22515244642590238,0.24869140703431394,0.2184838441129382,0.2370935237546966,0.23899478881635153,0.2607863504660581,0.22887911043679593,0.2486312202896892,0.2122905349456062,0.17856986641513956,0.23614521714732972,0.34537999704370226,0.18931178542402022,0.19625021628874367,0.20367607047206102,0.23666847534876784,0.28706132433633813,0.19306478602336039,0.22435291835896046,0.2346531968640202,0.20568469000624662,0.22072347499463166,0.18965035768794486,0.24653428291387394,0.34092388396798395,0.2506133470845584,0.2868595755298393,0.18738038615496128,0.27479271946516765,0.24928603928099496,0.16547713612658252,0.20694052535488244,0.23276392373375748,0.197507223753823,0.24707614565270705,0.18631778109618025,0.22218717896791973,0.20785015254787115,0.21245721787066604,0.22148436870149554,0.19930606339872345,0.25641550053104367,0.22190694699644087,0.2727158627002098,0.26128159960957653,0.2675832413415548,0.21942127952507373,0.259555318182357,0.19614728588670854,0.2290209291859599,0.17962741010989383,0.22612649124574677,0.23847149353583982,0.25209773052052087,0.3750350034738955,0.1989891088011789,0.20845531122036356,0.2670132153150431,0.22890172233663347,0.1990870679003587,0.20948428950799447,0.23611240615402443,0.22121592856366754,0.22007472992727692,0.22318782816403354,0.22184119526802973,0.2062279854667373,0.2591027377257034,0.25400315129005213,0.2328528052340513,0.21949302298186738,0.2488174505254784,0.19995648238081917,0.2488320855738394,0.18570522198818512,0.26030910932211965,0.2651767933252004,0.2478832991162654,0.3074118886874651,0.23836225291618007,0.2895131151692324,0.20727840797568853,0.21493223328200864,0.18715905854188386,0.21674316492304604,0.20540289305857054,0.2937098178802177,0.2281544592698122,0.2475656750432002,0.2603591214462833,0.19666540628791693,0.27571701875565185,0.2103110165786728,0.212553835495618,0.18647505498508973,0.21664712718132645,0.2149124572899104,0.35458513663467195
0.26722471083941546,0.28733034610275177,0.26554536763791553,0.2248550296040577,0.19837048377899294,0.0,0.18760747415295714,0.28151583108541667,0.2713152830487567,0.26065030690464863,0.2357788986005801,0.2659264737654115,0.29027972769062477,0.21029967524817164,0.22978594655141713,0.3014379269274942,0.2732157596224628,0.21224282243865353,0.2994095722788261,0.26561137579906546,0.3154798620434771,0.2555418959210272,0.1655361526732667,0.18474156605466194,0.29081003638525665,0.18891037600457575,0.16757846959055608,0.20970398132490375,0.20684508186570058,0.26123202694300407,0.2792994118921624,0.41413842558418396,0.24731101420701454,0.1984677571015035,0.22252691064334115,0.25282700218212223,0.25373360501885434,0.25994910891130824,0.22901124602309073,0.18540342478659289,0.23204332144095438,0.2811818740404713,0.2738580859986094,0.2746569557017445,0.22351071536047357,0.22615719098919015,0.23500091793687028,0.2508474561297326,0.19897735662045576,0.2934671321226618,0.29751094059222055,0.28558131766456285,0.21678472543130609,0.2906400789108877,0.23747729527512984,0.3028790147824452,0.2798597655460132,0.32873705368609185,0.2260757235417253,0.24312617639638556,0.3001454056423261,0.3125609220168543,0.30195605791245766,0.19322754084802027,0.24706186020910637,0.2606695906657122,0.21801487993744753,0.285103414026403,0.23152250311250824,0.2625357891460181,0.2916206608904084,0.2181793138895891,0.2525538917386543,0.2780296424797823,0.3576259281873849,0.21775754212336,0.22983217121709645,0.22109789362197735,0.2212663308120059,0.2916149460301406,0.3383623969473809,0.27227274028178927,0.29918540867524857,0.27491160668416376,0.27915175014165233,0.2569714087256291,0.2727565153663702,0.26860820086227827,0.26690499608638835,0.22864813966969327,0.2537004459856373,0.2663717749522421,0.28543586384111086,0.23029883860531805,0.23768860625639204,0.28626406359928525,0.28314451624738823,0.2587465293198433,0.20912069340233294,0.24428055854035877,0.2156874658673719,0.24481857563100087,0.23165492040907554,0.23472703122485689,0.3123882933048596,0.28989434369808226,0.33929188109424296,0.2443540102623434,0.21432604821190068,0.2560915352015734,0.2463130025862936,0.22646571962175638,0.3394414273331419,0.2701296437987003,0.22718215764981245,0.24104798847165407,0.2654104026133657,0.2202000229700198,0.2957408176137837,0.22720223978076112,0.22011744443600545,0.24947956835482593,0.24510289278050812,0.28084973066741636,0.2427423400263252,0.2675387227697354,0.2895530692390201,0.22241662068055895,0.2539583344803966,0.21532140388347126,0.31616988425055725,0.4238512304221389,0.22534389380818481,0.23970777332734716,0.25161950852133386,0.22322668064531834,0.24503207005731253,0.18565311601710385,0.18514273492139172,0.27040165951113565,0.23487551594796088,0.3347092108990137,0.251410984749898,0.2708513679923449,0.260134072957818,0.21961332225831154,0.28913375919691153,0.27270822959685254,0.2757904717136205,0.22309422781690894,0.23081296764028117,0.2643970468157628,0.21254974864522394,0.2183744919943271,0.29599061212083355,0.25155269850913925,0.20681060656361264,0.30139275557818607,0.18066677001587494,0.2742366700594857,0.21111194439142822,0.28405103123288666,0.24137199591480257,0.22375547720063713
0.22151794842012415,0.281673458391298,0.20380537303912707,0.31417470722193697,0.2664327623380894,0.18760747415295714,0.0,0.19180937849717025,0.19756051295520174,0.2364819265660967,0.2768290251422014,0.24798702403598732,0.24659995960141276,0.28176696650891037,0.28892658624950257,0.2109977060759342,0.23205255649178663,0.2408445280592033,0.21501336174181754,0.20419222798110295,0.24278012816484315,0.27890888496533905,0.353726409532428,0.3132076148823464,0.2379360528540535,0.24540906710365593,0.23424442411657967,0.2240684661461248,0.25805319539646876,0.22283736199718054,0.22581455047919885,0.21315865772753523,0.26694395860936176,0.24005007835095662,0.24150865727704246,0.24714628720680787,0.29484464090180607,0.22616254362419463,0.2631509381501005,0.2894148358609185,0.29253077087684665,0.2399233095812956,0.2112522658430891,0.2721048147761089,0.25271650085239783,0.2297847917817353,0.21366237136627833,0.23882744245141543,0.3864923997754242,0.22166052946980128,0.28045527573802725,0.20681615353286387,0.20850291564581655,0.30353834478851244,0.3021378711199738,0.23289929321513622,0.23043850765995602,0.2088618260005417,0.2981549044288982,0.2606095470027926,0.21036038381627375,0.18399085810371243,0.17849802800161058,0.22658062274819912,0.2029539862983414,0.18258304730352334,0.3080087818270281,0.25071346605618905,0.20391786225971892,0.20570493244543017,0.23682856426703414,0.2501858765029205,0.20284176412212496,0.2886899643700048,0.18140211262604325,0.21353624676655733,0.3230190272072693,0.34838947721209784,0.1871583646253774,0.2074442583547109,0.199903203186818,0.23149284778969656,0.27376794891095413,0.1847933975275665,0.210420765864441,0.22945149781960048,0.19534244102347284,0.2343531892138998,0.20906647762831712,0.2585389735446002,0.261654983383307,0.27251464288758664,0.27835478425950766,0.22229671087010366,0.26450754816939637,0.2700962950973568,0.17024577535867974,0.21583127924474907,0.21249527939000948,0.24953695500679177,0.30483309484802734,0.20472741562661884,0.2250941435386919,0.20846835470727698,0.19263314964734507,0.21296569041475671,0.20006003604165162,0.2283078184306428,0.2882305862489616,0.2914297467809011,0.312458555453204,0.22872405408098273,0.21729940495914046,0.21212693627739193,0.21059389367638964,0.24924419915212737,0.19527572572030208,0.23505688655620374,0.2282303519326794,0.21300438108106362,0.2689131709400112,0.1967443705325187,0.20599387809695094,0.3007833346318965,0.2088977699862376,0.26289523103638907,0.20325405515860798,0.2853736495597963,0.21763591288336614,0.26142577720622534,0.19080205535035918,0.18618073763466317,0.22522128103008082,0.22305253211653928,0.22599254456977075,0.21921163644921443,0.22053801234634193,0.2770338606766274,0.22794091059603133,0.26129158896456983,0.2430775224076189,0.23057099829538116,0.28322607535463673,0.22296578650050441,0.28193166733912955,0.23440292927763043,0.24593393161195648,0.2471944723811174,0.19886684895455026,0.16195738473049695,0.22617056698813534,0.2301356483608453,0.27124980374436897,0.2851427205086953,0.24931695111218477,0.26469218421580426,0.2812179479457505,0.2735353894198352,0.2948446361910314,0.2528340355521965,0.2263195123622856,0.21962928602714837,0.22896020479562432,0.2771104128645056
0.2579301997916409,0.2851025464595279,0.2755889391558155,0.2626544109726446,0.20558938272861782,0.28151583108541667,0.19180937849717025,0.0,0.24396953551989883,0.2825457205206346,0.24748948735127776,0.24245143266450628,0.31486088389091627,0.24207931894077744,0.22641808045160555,0.322161064456377,0.30199972830970323,0.24834460313827394,0.24656771240006972,0.2717863603816711,0.3032743837845114,0.24290132792972385,0.1999627992030469,0.19823165696894435,0.29482037621379786,0.21925578333625126,0.2095196120546218,0.2549819752919635,0.19773715630043315,0.21704331517809614,0.31024576729104786,0.2812736373273542,0.24818731748888076,0.219111280891324,0.2755164112003123,0.3222496008886257,0.3134741176224838,0.34215571171452736,0.2524018314466378,0.21519980508121783,0.25495316334283546,0.22453280663103048,0.2692730812238835,0.26179219073055454,0.33512986187503624,0.2560193608702049,0.2118717137751049,0.26716288523688103,0.24503437676046025,0.291287278659655,0.28872974606340046,0.2569674353242713,0.2176149101635476,0.28635943823213,0.26527267891358974,0.24715902170840587,0.26742018813536733,0.3044794002038877,0.27534604065388957,0.2804925857512536,0.4332392059628038,0.22545271857130217,0.2738404688725324,0.233920410366837,0.21017345651913583,0.2507664315829037,0.2551181015555251,0.26690083661146424,0.3040059657087175,0.46715626722463155,0.2693019906261239,0.2734997103270301,0.2472943745245846,0.3398309986612883,0.35848939382636413,0.20679639923299478,0.27481626610170823,0.22741397093962235,0.2926052567943086,0.19570105927929596,0.22869957816984302,0.2573485321182893,0.2927005574423824,0.34081371015652395,0.26789092637974055,0.34747010084685237,0.338680735360053,0.2712816417290595,0.29875513624619937,0.25829262917926876,0.2603656976426552,0.23416872123225163,0.2735846504135675,0.22186195289283364,0.2763367673105105,0.2826369517473768,0.2574243950191936,0.2521356933578281,0.18917632613473406,0.29075743446210844,0.24588078433620675,0.3211348559714608,0.2376924276268664,0.27653124132070617,0.30185670037693463,0.3014461193096803,0.31700346815186264,0.29309695053230705,0.23194722114836314,0.2622844264831685,0.2331682559561722,0.23964973030450515,0.30930280049352676,0.27222225091909286,0.2548766302949993,0.25771041532126837,0.23410929308450232,0.21998574009375654,0.27165736422161785,0.2445895612679166,0.23895280949860984,0.37154824538584846,0.22104897775966523,0.2702583601433135,0.2069669177716367,0.26066141070093657,0.2452313962288993,0.28682443836939825,0.3004286824154494,0.24221067314427783,0.2845760765215743,0.28872506130268494,0.306840210305786,0.2251604365920206,0.3028997544165174,0.1991695721875079,0.2367834468873748,0.21819894875502627,0.22774224737243734,0.29478226067964597,0.2511344253059963,0.2541010203951614,0.28785396764648113,0.2476584112692461,0.29234491012931746,0.22915352974875916,0.2624899748796596,0.24807696487813707,0.290670829814816,0.19259771064097173,0.27320683176441485,0.24639024400351262,0.26236100949615737,0.23116527992587754,0.32360619013342007,0.33791136993563164,0.2237531231398287,0.3089810831807149,0.19804245182205701,0.24445164765186628,0.2239801855244993,0.2497368118271478,0.22481662869162078,0.2392954001647118
0.3155390517023805,0.22558534964826973,0.20813791669924325,0.22300978885388967,0.22950128364587127,0.2713152830487567,0.19756051295520174,0.24396953551989883,0.0,0.20092818330447923,0.21257620531128152,0.22338929336872096,0.21103495961921945,0.2699415028232736,0.21208749480038777,0.23435995282187533,0.22716920201693003,0.25462616932642684,0.24677941314801002,0.28593207016859423,0.2680146981532467,0.2794343158177198,0.1797489030048876,0.18344264571197283,0.2566426576609515,0.19473545102507087,0.1924907086681067,0.20851894279494615,0.1772806533049368,0.2901179640266197,0.3184744968487067,0.26066014110557656,0.2155584974964258,0.1960490055690741,0.2951951390658872,0.26713617709426213,0.2405154287996686,0.34921971151755976,0.2224721981570024,0.18881063805367648,0.21246345965483018,0.3071793087747456,0.2425197120124449,0.2644177860910887,0.22517508558516652,0.2124191617593587,0.2073368945067352,0.2211041724911829,0.21837900966608007,0.298526193112205,0.26765300379887297,0.24039021083012801,0.23692180857468362,0.24285356607042655,0.21659199423603517,0.31550504654948547,0.27991024980234935,0.2707334633701722,0.22998837263897023,0.22841777020672505,0.21689070910363148,0.30238996878243235,0.24899667297729677,0.24590297976222225,0.2991715213319097,0.24862248790986183,0.2482765099529847,0.26271122506851297,0.24154472932256071,0.27841398132290873,0.3185470276245589,0.27222091942706633,0.3548871126214486,0.23682209757838316,0.2780187575229224,0.22522973210370614,0.19616016804370973,0.19564530580662048,0.23224199342306792,0.22968692389062195,0.23590338525783225,0.46124332630930287,0.26469170805351167,0.22474332598450683,0.33587283181842736,0.2822815201376261,0.2798461217453519,0.3283132319728864,0.23582398227979381,0.2947097624923936,0.32039130622729367,0.36298179776295003,0.2409858056045897,0.23298385687222978,0.3511542585667813,0.2740245542244674,0.2914960710248919,0.25807201219871073,0.33133884748032394,0.22502568400795034,0.26893026238512785,0.21524716194632038,0.3109741272006475,0.23233542849696076,0.3685354635693012,0.22683915605073898,0.2258202730687282,0.2276197925843873,0.1897264502525591,0.20234738068169283,0.2183173833121472,0.3293760248956371,0.33594080533290815,0.33117920732004363,0.2246874493108772,0.22576878103488301,0.2357893202761983,0.22909884736049455,0.20803778470928388,0.3002294792950024,0.27017803755911574,0.28632201837125937,0.2746479028993522,0.2419838084416508,0.42361175459545225,0.19662204617138224,0.3203141224893411,0.19692208702429437,0.21193538014587404,0.23671112125355862,0.3527171818853271,0.31470136696935613,0.25875582421982257,0.38689320539599276,0.2534624481601895,0.23120383005622472,0.20758406176152058,0.21442439067973593,0.1972408855648081,0.3133654318208166,0.22218390727323972,0.30513984392525306,0.318928761406801,0.36514462634717965,0.2581362345631733,0.2826433606053161,0.34258845244896363,0.19701193918301343,0.25162171972161307,0.21021229710691539,0.328024500330577,0.24571434007446485,0.2581047948170202,0.19214400736999834,0.2528347690549838,0.2922862462508458,0.19873877106874244,0.23419747146275272,0.23311863662591295,0.2652288443961719,0.17804659884765378,0.35127825698548143,0.31855148254795007,0.2910806321217348
0.24500677479252506,0.3949216715788127,0.33801736818001266,0.26626174145935216,0.2224446123982614,0.26065030690464863,0.2364819265660967,0.2825457205206346,0.20092818330447923,0.0,0.24417182205667895,0.23521315606002144,0.2934286108762825,0.2720040973819512,0.2339123797096543,0.26989157822588666,0.3084258921253236,0.2801706958035578,0.23558756379850013,0.243203731566428,0.2591104174600466,0.2644007517333471,0.23676383180903077,0.2183479185767772,0.3110227028120396,0.1912373482045257,0.19867659967164925,0.2673141545770352,0.3225051980235766,0.2011653803894036,0.24749265377186128,0.2663208037192217,0.2270607411693098,0.2052946296976939,0.26287013914911517,0.2661279642064852,0.2666413854622952,0.25366829330012036,0.21693406773320478,0.2444799006620838,0.24986834643418362,0.2352689150272822,0.21401348180561217,0.23935979768102364,0.263294599055744,0.24999229045412177,0.2081793999485557,0.24268278110722505,0.2941758470716712,0.23709916095028205,0.26842376131883583,0.2311139960130212,0.22415539784867206,0.3118930607954407,0.30120162255776817,0.25323635020405194,0.24393773268337648,0.2197544146297839,0.3463454618330219,0.28699643988018814,0.31667870862741493,0.1980921261330539,0.20013410897183187,0.2180993251208482,0.2112247839908225,0.21487475864632372,0.24177901237916521,0.23948292434918483,0.2674269326015075,0.2695613821274504,0.22637030470602504,0.29570998158525513,0.2119324791721878,0.327476164806145,0.2677436837321319,0.2153712279542793,0.24070044783417038,0.27839540361446014,0.209884901096061,0.22012128761624236,0.24218128036650405,0.22076576730772465,0.3071785591607422,0.2671135080735645,0.23444991791237502,0.28581105189513195,0.20687849162032163,0.24602663146508047,0.26012141613917084,0.23282421744541595,0.23118922796404637,0.22736391221249083,0.30217409829847885,0.21381973501086468,0.2761127656038092,0.2820040602941198,0.18371833507384827,0.23220934174348182,0.18941664607716338,0.30159831266023984,0.26234151424485685,0.21961144702140298,0.2004220172283662,0.2983974552090383,0.22529900626756558,0.24732973898914326,0.26056865249624317,0.30261190366270946,0.25694867851076963,0.3007194460874233,0.22695244796405142,0.2101041651888572,0.2688997212566528,0.24123234490169088,0.23492655832585582,0.2773298124924835,0.23318385690124135,0.25911908918234317,0.29952743274498395,0.23429661099219404,0.23835327104911921,0.21661306849796852,0.20847373360727015,0.2850387591821805,0.2009451182801143,0.3236840073720619,0.24107977953438997,0.2322203984919907,0.3445808944591668,0.24190304669930904,0.27411879268863276,0.23551068698297217,0.2398050050965832,0.2023830437506821,0.2427869732286675,0.2054199791426522,0.23128312154238773,0.228605034098465,0.22945721948835576,0.251305981428131,0.23574887412016238,0.25985251121078257,0.3046278513096872,0.21571851710972895,0.25318225365484,0.2053156393457041,0.21075915165089107,0.3013136675789043,0.3425774088795003,0.19512291579294877,0.2041245322495845,0.26682396977654743,0.24683849276049616,0.2749472253957966,0.2678815731206165,0.2643198597876258,0.22330537335326614,0.31339762885628225,0.22898215065418737,0.24991981109476014,0.2799953161338883,0.2545838314288286,0.22115097258791955,0.23266444641488107
0.25299508781225066,0.2772006623334908,0.29830248743897747,0.2864103237476749,0.27242495995210747,0.2357788986005801,0.2768290251422014,0.24748948735127776,0.21257620531128152,0.24417182205667895,0.0,0.34050703802802024,0.31304528133526793,0.2306801298503714,0.24265779495504677,0.34617640669650296,0.2826777225772013,0.26803371567501416,0.24062716322645758,0.23086780129650447,0.2764114060731885,0.34346947684699414,0.26395606626046764,0.27015232375714293,0.2909960778617323,0.26299981134373035,0.2718871745635498,0.2575756882287729,0.24226906623815395,0.25530830171377544,0.2454413758232784,0.25679803001789536,0.23259612273257527,0.22429669587970494,0.24088986633283718,0.29387446991648575,0.36236821034850925,0.2792901546185831,0.3244697837553435,0.23488048685855978,0.2419808640684945,0.246854884150693,0.23137221135502695,0.28110731065035505,0.2831243461051106,0.23631861682378366,0.18241601969240354,0.34346439794821365,0.3075645438711692,0.23543492732971372,0.2837184661525802,0.2111793252517678,0.18216193119453353,0.35848092173128093,0.37608271001604543,0.19404931455850294,0.2540168891127387,0.3250824979207047,0.25492991684642974,0.2747491413589598,0.2613903321560366,0.17369781843363316,0.2210634043067345,0.22591268525079775,0.17392518475786953,0.19703022956205946,0.27396508836867006,0.2463180861263774,0.2728786994363804,0.26967989106772844,0.23722460454432376,0.22412326189757428,0.22876672394081898,0.3371071004198509,0.2569274903330785,0.18643831564485563,0.3313273615451652,0.3150217732813435,0.20453947987560125,0.18308168543543468,0.18650286724244217,0.2148316192651288,0.26762539137106417,0.2378793563384833,0.210503100227296,0.2601569425453237,0.22849967870591892,0.22603774137439223,0.2203496674616366,0.2580587069895374,0.32020939637719853,0.19886924416665552,0.3218033752988376,0.210507573957379,0.22816847522628922,0.28593187048898816,0.17812233337129318,0.19334370946867116,0.18108230773516887,0.2352856036725282,0.27119096584477026,0.2369628290958447,0.21625904364782278,0.21671808094358702,0.22306829577282095,0.22936485345300797,0.22671498084844727,0.25183618175772954,0.2240637554945018,0.3228289006153123,0.3248565067461228,0.2337972126532564,0.22127717627059967,0.25363835269812735,0.23037584582877732,0.25997990653448017,0.18305624349806457,0.2628474976027175,0.2575235673554321,0.21811488340024443,0.26876696519466653,0.20004064069357916,0.19770091680323237,0.2840353664871154,0.18075557850082244,0.31685429198124704,0.1833079656347814,0.3330355881421817,0.2440351600974224,0.22270356364100713,0.20414852053054447,0.23659265442811514,0.2685184785348241,0.22646644708257457,0.31085775357748135,0.180944557794598,0.23297433418973942,0.22067095391421576,0.2529563201097745,0.2708421544461826,0.23010758812318804,0.24913902027746088,0.22787363285001808,0.23565977945558395,0.32620480241619226,0.21939805469983673,0.2505748972763944,0.22851955042230612,0.22742208046533902,0.19601774079411083,0.2583737649844078,0.201653617161205,0.3736034255652644,0.2476707860684297,0.26580258936040374,0.2833013932685457,0.2751007353489644,0.2913396893907825,0.2162294822310434,0.22806473529438873,0.18756001455386886,0.2053995105600144,0.18209405742773752,0.3335145552000625
0.26007162245330573,0.2473823261147835,0.24030915409014034,0.24078245654591962,0.23037464966312265,0.2659264737654115,0.24798702403598732,0.24245143266450628,0.22338929336872096,0.23521315606002144,0.34050703802802024,0.0,0.22797772372763156,0.18172115939891934,0.21035477149888507,0.302381836379556,0.25752511256339106,0.21071666497637404,0.31714392591504964,0.25701509573958414,0.35287657760098756,0.24594070023178277,0.22800639950302545,0.23640222026525257,0.374539631099456,0.22559141057821835,0.21037614191750656,0.20880345391340485,0.21901972160302097,0.27128320816336,0.29064940391698546,0.2974451371409342,0.2098555914060857,0.2820407323971822,0.23426384946919934,0.2965627960340609,0.3085561900711605,0.2746614481640862,0.34456872025332064,0.21079807759695687,0.23159267433533504,0.24818903973170775,0.2716983678658276,0.30890354537631187,0.2462558529399484,0.229812310999659,0.22418789190205152,0.32981674218350704,0.27579903103846404,0.2614230911039711,0.31341605498101704,0.24436163362835536,0.18553145668042095,0.3059391190463243,0.35686245038931647,0.2264694087074471,0.30486605841870557,0.3437472109555341,0.21803758131569717,0.2458270432585651,0.22086434827860962,0.19906252449689077,0.2389113930879119,0.23426015899352406,0.19992826740995398,0.23062446876525264,0.2247241465239937,0.22280679110138202,0.21340153855045937,0.2386630541031511,0.2391068366337668,0.21042567447577595,0.23458195511623772,0.26339955208984034,0.24878038578981296,0.21481298801266877,0.26762530264818946,0.27400739138417457,0.2113225744625008,0.2076149090378533,0.21285140141887804,0.25054904437343134,0.25765126879462347,0.2062519666775533,0.26233060412849973,0.2540011868199506,0.2406903836563507,0.2557194684080704,0.255142690937511,0.25356172016304085,0.2893371415289899,0.2466783749565503,0.29208183592056564,0.24862164974558512,0.22696344980301122,0.32330466765142246,0.1990612473635061,0.25012503795676067,0.20087093732081635,0.21683150560739106,0.23591595399629645,0.2677564388725616,0.2817857671696931,0.3001697305231674,0.24117250097541743,0.2362715921745299,0.27827150660125893,0.24250391570847393,0.20947341110946177,0.32024987723863757,0.46010462696730137,0.2972666811086104,0.25042021846603685,0.2813998336455838,0.21470478645649185,0.21668670857927763,0.22044539732369153,0.34160306292576675,0.28191054567174345,0.21468785368779256,0.23439457486948093,0.22287641258612825,0.23122522162992407,0.2757300737241136,0.19515245906805842,0.30742193094038456,0.209738389879539,0.26968448542855306,0.28129850714693383,0.19876905968157302,0.2160283838812181,0.24217037733308977,0.22765672346899501,0.2598795372572912,0.30403996180280707,0.1884871348213428,0.25850679706391194,0.20624125247836592,0.21567218288004938,0.3282378952524615,0.1942443573889803,0.2713953136883919,0.25082352152983695,0.2669004586459074,0.34270375695412675,0.29007227280529463,0.2951550723748124,0.2122495027039716,0.31032630610386575,0.21991066683291444,0.29894054747841864,0.23886586158620882,0.297595482550666,0.2212041844775233,0.3626433007293853,0.2496247617088935,0.21980565964728607,0.2781050144112654,0.18683454944349542,0.2602202896627859,0.16742357295940885,0.229721776328454,0.21568128780923584,0.28382253973178756
