0,1,2,3,4,5,6,7,8,9,10,11,12,13,14,15,16,17,18,19,20,21,22,23,24,25,26,27,28,29,30,31,32,33,34,35,36,37,38,39,40,41,42,43,44,45,46,47,48,49,50,51,52,53,54,55,56,57,58,59,60,61,62,63,64,65,66,67,68,69,70,71,72,73,74,75,76,77,78,79,80,81,82,83,84,85,86,87,88,89,90,91,92,93,94,95,96,97,98,99,100,101,102,103,104,105,106,107,108,109,110,111,112,113,114,115,116,117,118,119,120,121,122,123,124,125,126,127,128,129,130,131,132,133,134,135,136,137,138,139,140,141,142,143,144,145,146,147,148,149,150,151,152,153,154,155,156,157,158,159,160,161,162,163
0.0,0.5547736703281093,0.47090763251892226,0.4988035021174286,0.4530678250164197,0.5218382224674363,0.5398080483563065,0.5346678382373604,0.6246304206176663,0.4806979882100449,0.5570734343836093,0.5363408876700433,0.5561662511414986,0.5302469856257358,0.515922265686167,0.5351633832661948,0.5660565473248478,0.6562897908086778,0.5724687511979099,0.7172213249062752,0.6023023469591425,0.5484047125689607,0.5364431784963731,0.48845941652192215,0.6253281376385941,0.5046310090799592,0.42863674057079704,0.5462468723264072,0.43423613570558234,0.5235891668723758,0.6306377002199117,0.5782923593582787,0.47534798816380575,0.5931356488274063,0.6415655740534162,0.5614258391056527,0.6540422980855234,0.638436449142091,0.5372474135118817,0.4548118668188979,0.5185871162910569,0.5828188522023039,0.6178836220178859,0.6092169501957225,0.5738005752914078,0.6020365843810158,0.5295253329225331,0.5338819220231295,0.6453823898455893,0.6389839981625302,0.6377609264872707,0.6006102028570222,0.5879609939208331,0.5609210270692998,0.5416407261353171,0.5815455760882627,0.7065994541223237,0.5338767948033142,0.5605491504749951,0.5800683694537918,0.5302167465112906,0.5245072473496046,0.595044678545942,0.5371032370393132,0.6349874660225494,0.6347453063860952,0.5507483333069431,0.6112285438466488,0.5730056653553741,0.5968759404150926,0.7244385010387491,0.5991568950037711,0.575729183533935,0.5764703013515923,0.5738758305098184,0.6637970144212694,0.5234497570094392,0.4883098876399374,0.6056721761300895,0.47678416741723084,0.5464337917772675,0.6878206073218828,0.5650812366308219,0.5465558548462796,0.5883450153752748,0.632551415749558,0.5616397326268762,0.6067629827854893,0.5737450202416879,0.58391990655067,0.6169541809515422,0.6022906753006702,0.5780148613921652,0.6882937216271634,0.6364974537964276,0.5789714392834956,0.5534957663975932,0.5698019425245388,0.5345353881184007,0.542602420839526,0.5763883742643384,0.5161284356583339,0.5566609422516015,0.5219835354327431,0.6240001895134792,0.5657889482275437,0.5395260260130456,0.5568128217798971,0.5232521939949957,0.5708367010693673,0.6195545244426744,0.6265020834544621,0.5972735139395986,0.5306855234594139,0.5975907688663166,0.5239593596429031,0.5855939891402469,0.5539731037805463,0.5141657786464754,0.5472512843495053,0.5659202229076085,0.5283438582326397,0.6294485101682311,0.6207266452705832,0.5865835867245595,0.5103632191490323,0.5156049792785798,0.5058159382962382,0.5255387373493665,0.5441901404200981,0.5375165700499813,0.5293856688287985,0.5519577507873344,0.6323765772477156,0.6005535625414886,0.5892859065474387,0.5983421898313575,0.49808719642380445,0.4596334964246799,0.6152544329331966,0.5185077608804065,0.5800567651787651,0.6495830838765229,0.5692883054540805,0.6447759033686035,0.6086078272168334,0.6023617347703506,0.5041975021396297,0.5728563122236534,0.43720330184030054,0.6761888522387949,0.5794887240349356,0.6071342461464757,0.4495305746205554,0.5853386971164539,0.6755795197801893,0.5075669789212122,0.5203734712884089,0.47118272891844104,0.5790529748798221,0.5078645483662603,0.6337745038742357,0.527927385660749,0.6694144329411458
0.5547736703281093,0.0,0.554958812651145,0.5645975175943992,0.4295509743971704,0.5021800274003418,0.5777283232695729,0.5582584421507091,0.49108198639441153,0.624018658745279,0.5957331122887659,0.5681669042658675,0.6012122362397492,0.5716259857610657,0.5492226097089429,0.548093867233508,0.5824152427189456,0.5950469083274234,0.5132545862149153,0.5687894989522843,0.5492660915136421,0.6333995278018262,0.5997554594187677,0.5548863282397196,0.6001283372879634,0.500505067571066,0.5147979402475245,0.5900264175649261,0.5969300546864126,0.46842167149076475,0.5440576055780756,0.5155991444076714,0.5820293661736297,0.5554883661419193,0.5507455042946502,0.5797959651180908,0.5871488087294437,0.5912200770996845,0.5442525203333987,0.5350471014069583,0.6199284275733911,0.5060714877753083,0.49447441493798344,0.5348913257390763,0.6367921702787918,0.5913395773895693,0.4881685274514261,0.5059410907344698,0.6262132510350584,0.5314741593523448,0.5387188828253254,0.5306933854791166,0.5493785708198738,0.6473982552952099,0.595157118717651,0.5295960699646858,0.5490506171644187,0.5039026026174599,0.5554587069067131,0.6053364680408216,0.5628338916230251,0.4542997836362035,0.4907904640110832,0.5192704475796385,0.47326443402451124,0.5020816160657229,0.5638282286745591,0.5265997229276113,0.5571839065356634,0.5495908358365997,0.5351010690743634,0.5505649587693742,0.4670473136790248,0.5858065332976982,0.5721990227579651,0.5299508684601815,0.5171454531246275,0.5327132629440823,0.551914612553351,0.43083584488960325,0.5022898899715282,0.5082272517416921,0.5880759387884593,0.5788681576914477,0.47921720717455296,0.6726339068684275,0.461215896158438,0.48720985957401564,0.5571165157390323,0.5995749005441713,0.5216924351337779,0.5142809796745613,0.5848339103826568,0.5375141886789612,0.5464335987843832,0.6547718811916933,0.48076457818106333,0.5334263979256406,0.4463869227477602,0.5644343082552602,0.5827299637342717,0.46573276734240704,0.4617370530945778,0.5776404754323367,0.5007801737183389,0.550107605249174,0.5173523259630536,0.6135331781249345,0.6048715916513029,0.6108176323552231,0.5499841717370682,0.49473356989258255,0.5035639802995112,0.5085059548738805,0.5708502649510747,0.578575626016013,0.5153103977398065,0.5275571779577505,0.5343971538828497,0.519740575809538,0.5070843047830524,0.4846934929919782,0.5029784614323993,0.5923993959596344,0.4596413902468668,0.6580398652769628,0.4604232001026037,0.5589011579421694,0.6412389307197397,0.5837263440552147,0.5204395890934217,0.47673227702128096,0.5141874495862088,0.5177701789628222,0.5652379824760304,0.490861447934918,0.5811874806057329,0.5402617752215416,0.5655461392218384,0.5443926981597805,0.5782754205883135,0.5258435299374064,0.5843391854773977,0.5040260091383431,0.6066697115388526,0.4817265019924308,0.5354381269790718,0.5845323753000982,0.6087278859797921,0.4479241943289962,0.5025244612695003,0.5641168720274169,0.5989487624755184,0.5495795946433126,0.594540595047084,0.5900395261615454,0.5682039897225962,0.5538696052246574,0.5195889877763575,0.4916268873176327,0.5816194888181523,0.501534178533873,0.4780147165629375,0.5410365838467395
0.47090763251892226,0.554958812651145,0.0,0.4903950884734118,0.47097232807997297,0.5251263101318392,0.5200002152583549,0.5038079423287032,0.4091103645494176,0.5759103856555708,0.6101841994625117,0.5564979843963896,0.5839536471586358,0.44784806493973656,0.4720318034393537,0.658037423169942,0.6018513962133611,0.49133840142938784,0.4644883631774949,0.4586959566339997,0.5778182810595451,0.6090085777168042,0.4959699974133057,0.524118693458129,0.5231393821375766,0.5283902829029418,0.43621067558322874,0.49280471236000833,0.5439179607807979,0.4772474737879437,0.4430628980584402,0.5174045809480614,0.4887940540614119,0.4791782611407994,0.42397873150051957,0.49053501919103154,0.5560171370960582,0.49183646075616017,0.49706016048791074,0.4869805175963501,0.5139998475494579,0.4906621039066605,0.5031775848800525,0.5061186810597522,0.5190762645027707,0.5274700299695573,0.512377828436012,0.544269668205933,0.524099565216159,0.48123208556045377,0.5319316391742978,0.528497168757548,0.4506571225162922,0.5917775461430509,0.5540941537489791,0.46623954432566145,0.4891282103440232,0.5461560357421548,0.4652627845002199,0.4944686336928395,0.514768406885486,0.4337625639064365,0.511890710555864,0.4302023995261857,0.41772542119379874,0.46295367052153974,0.47607294633573205,0.5596049066237986,0.518128291001802,0.5026867506418153,0.5043061585419212,0.4291585992225988,0.4198042405077629,0.5960706688326597,0.5199731672354002,0.4365204115300142,0.5847915507145613,0.5999680952220044,0.4781697394003065,0.44035862269508336,0.5024995680557632,0.44236671538305306,0.5815195780480065,0.4981260407867351,0.43888958088969493,0.5171154430947865,0.43528889580908287,0.4314515286980955,0.4700044820139309,0.4739555451371333,0.5152239685732579,0.42556530675113924,0.5417072944026409,0.45410823784695786,0.46282145422285476,0.5589025621097075,0.42739294439288145,0.45741101240376053,0.3824362017196454,0.47566779284367583,0.4431961520892837,0.4912837792798431,0.41966422161093386,0.48931606425488045,0.4328890820098038,0.5721836253978269,0.5284423180838023,0.5283182238942831,0.540405656282271,0.5988194813836486,0.5384502080243457,0.43915780524791964,0.4642473003104566,0.44704263495293334,0.4793281206456371,0.5319282119985025,0.44160586468049606,0.5118370262051475,0.5779430662200552,0.4311064132714598,0.4714680000673262,0.449175975302426,0.44227691667135743,0.5692573752976186,0.38029099185406756,0.618522247828887,0.4329435515336414,0.572246702310214,0.5621185807079183,0.4854796985896797,0.4514361475458366,0.5234821574341975,0.4366348233356043,0.42258305115311195,0.4838994994664038,0.43062421355999647,0.5143557015319659,0.4482720828672922,0.47084996703613324,0.47815243453621387,0.45638959219932074,0.4916706986186953,0.4737726145552783,0.4472639905911733,0.5379343258851793,0.4416805414873985,0.5013826261987298,0.5877126364361683,0.5302322038703944,0.4165157617061714,0.4244075702135004,0.4583716805549809,0.5146846567618122,0.572156554242518,0.5505750929054087,0.4969278818168985,0.5048570998821159,0.6123981032508327,0.4071853023531718,0.48052135716085337,0.51125939181738,0.41288213616287267,0.42373628658453,0.48339467199196673
0.4988035021174286,0.5645975175943992,0.4903950884734118,0.0,0.40259682551259035,0.4447610615848936,0.57453184237684,0.5412158995794857,0.4358925888241304,0.5157313277616604,0.5503047165856582,0.4743192057253373,0.5738162741976717,0.564218439982468,0.51903787345732,0.49186169674561675,0.5435612794541722,0.5805310335655728,0.4563861664747953,0.4763420245957637,0.5018484595931277,0.5313019359926169,0.6120011499915388,0.5061076496650154,0.511067645703277,0.5598203870989327,0.5711402365353718,0.6070750607100511,0.48897412223894965,0.4121943581337768,0.46767258298811415,0.4614243463688842,0.6611651878664917,0.5309948283013264,0.49166868710397105,0.536976701295792,0.5379803754918718,0.5426812193658604,0.4754611113338068,0.5862182660967348,0.5960998911338974,0.454034426631797,0.46549350759267977,0.48435953905260115,0.6059844801207992,0.5808170915878892,0.4312069385291709,0.4512023177719175,0.5746489698126354,0.4924150908409979,0.5407065708153206,0.5204653250978187,0.5043445575640232,0.6180395626281883,0.5514807437841942,0.45875737960694346,0.5105235450752783,0.47046635899788836,0.5423374378214586,0.5757291786772127,0.5677847336674311,0.43864652833484463,0.4854486191754283,0.46601833442656904,0.44311261145202774,0.49109856531720303,0.6162038178493099,0.49212552180461305,0.5571578298166978,0.5471128513054933,0.5021151406436373,0.5118215448119843,0.47318406756993625,0.6165813341917099,0.5248057627411606,0.47538989632743606,0.5475892189242252,0.5016780178068212,0.5572774197136591,0.40297083963226565,0.45723310140865203,0.49201304667568624,0.48894954634578375,0.5584367026100745,0.47504138128457896,0.5781104088273371,0.4490748036827807,0.48650146284756207,0.5343857227343717,0.5195389121576991,0.5299969315192652,0.47420132531533554,0.5161073976891875,0.49332942825653253,0.5580567673224914,0.5207061645201647,0.44554563944619935,0.48348135790722757,0.4180380814847221,0.6134395048228234,0.5206005326425206,0.468520066851632,0.4927050593002861,0.5047547393692564,0.48784247348626336,0.525287733494665,0.5073468496418425,0.540285212763827,0.595379514366731,0.4908198093277248,0.5192745070392474,0.4884887173611446,0.5044366522976796,0.5004423121418805,0.5931162495679737,0.5733014285425813,0.46673612124148983,0.4453099106439535,0.5227414740914292,0.525343040793681,0.46696387903712644,0.535178548015968,0.4551036911801991,0.5405443181490939,0.41447284258899253,0.5479269013452911,0.46624148302417007,0.5077452714422133,0.5549899197635475,0.5687952859290942,0.444411612041544,0.44342840733102573,0.5214328995440589,0.4857627028587853,0.4821110075268769,0.42744574039419575,0.4513473460699186,0.5392181747385894,0.5676625941527689,0.49415717766244105,0.6093201734511581,0.4554663694381937,0.5562417976994624,0.47780037929142566,0.5280320259649165,0.47007216656667256,0.45872730392891803,0.5374279019543537,0.47905604271455166,0.3981786833817288,0.4859844909674787,0.49598698222316356,0.5396723420021927,0.4998414988008022,0.5416337815578023,0.5427940615809684,0.5386159155903673,0.5227282658540457,0.5707247153252483,0.5063614449580645,0.5739741197546568,0.4529588074842784,0.4608148214988621,0.5089011290593978
0.4530678250164197,0.4295509743971704,0.47097232807997297,0.40259682551259035,0.0,0.4149519472808869,0.5012102555437006,0.38383532690151134,0.3981506622245292,0.38811456918285725,0.49526170453681434,0.47712522727698803,0.4225557017501012,0.3862070674223874,0.4754351061732473,0.48550657746238796,0.4647385321801593,0.44019967261836135,0.41985144309098693,0.4177357953720189,0.5096896803183184,0.5057206327005511,0.4331685319400117,0.5010008491117083,0.42062531578054757,0.48344636551187276,0.3599889776094626,0.3822713092270701,0.41394009170061513,0.48747516345683445,0.42374572512997016,0.4240258675504845,0.42013315852666255,0.4060266704452088,0.41754541724099287,0.4392716681621861,0.4694881274514094,0.43984327177149274,0.49242820537870124,0.41916716292318673,0.4717196932531456,0.43862836766847774,0.5029212312568059,0.5438703440473888,0.41060769212876497,0.44405344467418606,0.5357173627090909,0.5193974619507726,0.4733096521586198,0.4796237495413635,0.5027998445901506,0.4953077994735858,0.4156609751462376,0.4718601054707494,0.45885779004190597,0.4049318356959882,0.46579820121452004,0.47816176251131803,0.4005262498607101,0.4318091510809247,0.37690656947130957,0.40422442089151234,0.46690901446084987,0.4003079567825309,0.43060292459301003,0.40474448153200515,0.3901643814547177,0.5114628475251409,0.4195630466315934,0.4047131939660198,0.4995582217136395,0.40967717914051266,0.3749072814483952,0.45668212156444943,0.40216245647812315,0.3950237858603118,0.4578251334792482,0.5651621450459736,0.4221147890428365,0.4230855001764309,0.4236705045761394,0.43830744797599835,0.5198339735762076,0.3865858563404661,0.4076312671198919,0.435130537304374,0.3746106893054346,0.40538463781490625,0.380820852054827,0.41165467502344055,0.5370073453384072,0.40721589960143484,0.5236964150227583,0.42156643043329156,0.42541479034990404,0.4606965436314089,0.37840395737362265,0.3906439164695243,0.3918447920117246,0.3838291248170239,0.4074218860111216,0.40030900754636006,0.3962116813972562,0.4065179190611465,0.4014480670157742,0.47021376738554094,0.41550446518916884,0.4044143413874786,0.45970836601115106,0.47517767100450714,0.49190077684505823,0.4430663171903532,0.38759677529002873,0.3760135334160473,0.42854259298905867,0.44418972180777994,0.38597060380143194,0.4729911306593312,0.4326786101053612,0.3786286437483933,0.5781937777731696,0.3889374304461148,0.4087012259994765,0.5191661211811928,0.3873597739080356,0.45418917581542884,0.38649454130598654,0.48315100793805305,0.414141844281767,0.44019364768943653,0.37960428229841525,0.44445566887579907,0.372249861378413,0.4190744980736827,0.43223104976715787,0.47225740313485365,0.4884804595705531,0.4506985914172448,0.38780406058037936,0.45487774583702356,0.3821670496289442,0.43478540287323075,0.42626535721260655,0.40852571120573306,0.4822918224640632,0.42959649428420343,0.5445017760466185,0.4372005987098038,0.41707009983491244,0.36277659579344224,0.41043383193942107,0.4084270630020567,0.4727248919152486,0.449325263257283,0.4475640989582321,0.42662571183945075,0.41375552222752315,0.4703465670677326,0.37637796840176196,0.4315412419658423,0.3922899129744659,0.3956878626210725,0.38256844379178995,0.5177223334316979
0.5218382224674363,0.5021800274003418,0.5251263101318392,0.4447610615848936,0.4149519472808869,0.0,0.4425817686855506,0.5275430910920349,0.47726529415277746,0.5077168963996809,0.5145640463290395,0.5828637394815868,0.5235812756705465,0.4256974245936107,0.40205219065201686,0.6091691654544567,0.58042273052695,0.46270343305228784,0.5614960837547817,0.5000817780256663,0.6035128460390655,0.4724048136601903,0.4419983135437481,0.4193822733124534,0.5914952375225834,0.45605486795394073,0.3749313339110005,0.49960592346058147,0.433365317348394,0.5484415241006363,0.48644069111972393,0.6351011120965008,0.4170072213509636,0.5438144880417666,0.44084572096517943,0.4776367388070093,0.5499038775564636,0.5125105025832742,0.46947627036586714,0.3929553125664119,0.4469885091448432,0.5996144952919945,0.5109294830922665,0.5169287101348838,0.4765232503973882,0.4980663279068693,0.5100633550310205,0.5071374017164596,0.48204339279174047,0.48069832298755627,0.5337782822223339,0.5796353490987021,0.4727780686802508,0.50947159212929,0.49231778587143993,0.5955397360911554,0.5332445291384114,0.6347443598483489,0.43437328257561536,0.4724621872157084,0.5257748872660372,0.5095225272476127,0.5870417791189607,0.4315979206846067,0.4514385199586685,0.5283544356305517,0.45121169597020777,0.5265349564682341,0.46806018281335315,0.5400114418383907,0.5268268021981634,0.43090230455162803,0.49107341538941496,0.5220479205365272,0.6007893678989495,0.5175028467450604,0.5109557696420354,0.4857573045207136,0.5010883916128187,0.5513323285133336,0.6552025018205833,0.49126578164016654,0.5506367263014268,0.5309609334087062,0.5276879789371263,0.5211195269219142,0.5541299617535976,0.4553376586376246,0.5285105006531735,0.49897961845916056,0.5117640570051378,0.4908182678446373,0.49280625780841425,0.5218790101588845,0.48562470159732196,0.5512955923441275,0.5019779106750338,0.5661672540958831,0.4365304193246393,0.4738466853898359,0.44498966809680035,0.5222325013034708,0.4680191154839292,0.4982847447771562,0.4958215751730381,0.5486287111477438,0.5677289437090617,0.561331213576991,0.44673351525991656,0.5637832735717049,0.5789226191285394,0.47916944774330333,0.5647577909540842,0.5092627807466698,0.47974310727487113,0.4906608460377699,0.5571451999472041,0.478293059189186,0.5832017142745823,0.4926685638362613,0.4410996812314168,0.5023561492341199,0.5505389535810876,0.5616234097069915,0.4402287426780529,0.5136934324603478,0.4920771469908148,0.4826698224198117,0.547166541253266,0.4186117225490442,0.5629718246526061,0.6527808473679182,0.4770173886529239,0.489862609154392,0.4785093467430566,0.4351638976831134,0.5263316074397927,0.38597796624357295,0.3845375266647451,0.5065508693561719,0.43518700390179205,0.5823338560435373,0.5027307677918169,0.49436026442334974,0.5470807447767715,0.4753121192195854,0.5146732533185286,0.5275849891321713,0.5643775118469856,0.4949707983390561,0.48278142614192426,0.516030303761045,0.47605707901954797,0.4185556091169908,0.6069742270696519,0.508232166499234,0.4404867178260603,0.5892582985068371,0.3752845118905655,0.5516389727307572,0.4747386200316981,0.5093368682911993,0.4940122055387348,0.49421271582415166
0.5398080483563065,0.5777283232695729,0.5200002152583549,0.57453184237684,0.5012102555437006,0.4425817686855506,0.0,0.4698284327832506,0.44790032484164183,0.508015826242521,0.572645174491813,0.5091146359224367,0.5513796151155721,0.5339855795422872,0.5956185637900936,0.5126096632909349,0.5481138978085685,0.5962936730302933,0.4575355479986166,0.49333922484343223,0.5393631532997178,0.6104212381256021,0.6536485704309768,0.6025472490228944,0.5201489687548776,0.5773629660670614,0.4963251886766336,0.5097186040448631,0.5021259226334457,0.45475143497149445,0.4881736764685483,0.47953032925041356,0.5755497193797078,0.5194658488887394,0.5210090284979693,0.540633307511986,0.5751552193160261,0.5192468136701059,0.5065312343370595,0.5930641046920847,0.5873460731808929,0.48792129492502845,0.5119285299732685,0.5558318460649322,0.5667398889569799,0.5758728281830857,0.5261663240451088,0.5068643908385176,0.6874150894527257,0.5379844107514676,0.585069093310468,0.5413103644899493,0.49954006663488626,0.6095975328131695,0.5633544249459193,0.47627272233935525,0.5271970995260442,0.47767501092400627,0.5645893008197352,0.564469655351397,0.47266859680450557,0.43917791207358176,0.48202521552542643,0.4872329004862787,0.4763821457419859,0.47518573368653966,0.5514970218283156,0.5757837384506997,0.5494887006450504,0.48898503218970446,0.5519400347844571,0.5222812886776701,0.4544434986384042,0.6060514519522963,0.47313473385642385,0.481210310391534,0.5492274881070598,0.5970704493025263,0.5026746594162921,0.41518656432978607,0.45390387891331185,0.5084817592590076,0.5553620717147078,0.4717304091186389,0.46346283642537517,0.5478095545533012,0.42165911379164067,0.5017338295926387,0.4862670383234993,0.5159342804293351,0.5928202754479192,0.49479180557812996,0.5844693051569302,0.494166934254289,0.5441666747672623,0.5578394620634338,0.42125382214374996,0.47554347516569834,0.436023780930152,0.5397442981168294,0.5136869233782532,0.44678838404746724,0.48179053109041764,0.4995505194937483,0.4698094870472388,0.5429735515181089,0.4810388715221853,0.5142414438018631,0.6429513373178956,0.5592311095046033,0.5724636408088809,0.5034796830052295,0.47678442498905826,0.44849538850818044,0.5398555905596737,0.5577515980656034,0.45564331689021714,0.5141530298036296,0.5179801841830038,0.47388165007280886,0.5521409606529845,0.45698322771356015,0.46671771365983494,0.5971840435788912,0.4294359501394507,0.5486807233540967,0.4559945149109023,0.5452983769760538,0.5218424012975154,0.5906795239793321,0.43902213208799573,0.44514837188123707,0.4526519422794009,0.47494172502375137,0.49801919572025927,0.4832053400026475,0.5104904017997065,0.6037296859891037,0.5361741100542188,0.505127451360177,0.5133751543317253,0.47777023816983627,0.5629294545918347,0.47213409264447,0.5617076885359008,0.5286676647418664,0.5221620433881328,0.5205623929469005,0.4965488466275181,0.38553750325179315,0.4764345581900257,0.4828508134472322,0.5655462087072696,0.5942569758526606,0.5299922980921781,0.5336981332375325,0.5309244169449456,0.5371131109653888,0.5233086950591147,0.5056343848380807,0.5236045058427052,0.4544858297786492,0.4408676435434611,0.5611894465788368
0.5346678382373604,0.5582584421507091,0.5038079423287032,0.5412158995794857,0.38383532690151134,0.5275430910920349,0.4698284327832506,0.0,0.5250166398223178,0.5501466073833049,0.5266470217811484,0.5459611240096979,0.5771702346617843,0.4969522421593246,0.46497363946649173,0.5447097664382495,0.5476840398916543,0.5484285469614149,0.5347378631797522,0.5454000091953631,0.5322780794826881,0.510369546785318,0.5207548606933589,0.4399743260505604,0.6002606153148062,0.4791101006966115,0.4850064641583864,0.6001073410096271,0.4467818270394732,0.4811458569011986,0.5514370874247754,0.5483154868497346,0.49568520332597715,0.5791068310277452,0.4844939612939382,0.5420550953094352,0.5709548099870211,0.5959603943185189,0.5089104118817177,0.4448191152303518,0.5016596608532794,0.5078668487454353,0.5152689513519133,0.47234291318996535,0.6366593450929464,0.5883293247093645,0.4450511089221073,0.45724920424984966,0.529348572295043,0.5136524631424103,0.537265501150973,0.5076906500468908,0.5054659492498452,0.5538299090007348,0.5401161856009956,0.526711401041972,0.54793177969853,0.5530609956328519,0.49549115697309526,0.5634325474906209,0.6680044491862536,0.493218902472841,0.532371891086477,0.47372975702563985,0.4649469211810348,0.5508964390632278,0.5505539834046236,0.5048050197380363,0.566926648160285,0.7399794039895273,0.5314538494632716,0.49361718294513784,0.4961014037287207,0.5776228594541264,0.6559522080192385,0.5246411130132865,0.5438907024176067,0.4596818003949153,0.6154051942927129,0.41920703734577236,0.5033402494013858,0.5361529038302012,0.5211216529769795,0.6247224114055642,0.5177865648899066,0.6375921827341703,0.5793214091845824,0.5168266852504287,0.6440413210541339,0.5849177131489938,0.5118037074309966,0.515021903960091,0.5074095532709232,0.5233144547864141,0.5299444181139368,0.5631569861686763,0.5513242242260324,0.549970852880361,0.43684367517955947,0.5662702992705994,0.5105127005595432,0.6042659414024573,0.5039037077253558,0.5485512350248527,0.5498721564466904,0.5598846272963879,0.5849796178143376,0.5872890311127325,0.5035043775103718,0.5009697320480582,0.5198823792824373,0.5051215444163818,0.537435615104632,0.5980745149869795,0.551327147724383,0.5208876652352843,0.5237709680171653,0.48715840710538405,0.49556692774549793,0.546631811675858,0.44358800152553884,0.6389006549506201,0.48452025070969434,0.5370225563224341,0.436110630970176,0.5483455598670125,0.4929208650581273,0.5393942056088645,0.5637152338886895,0.5016083779919611,0.5607736174445077,0.5209308217491785,0.5776912036060479,0.5130462360075219,0.5252344726758997,0.43007514805179153,0.5014159823822677,0.4420098298124316,0.4811382694252989,0.5767352653928676,0.5273076766185879,0.5151752768670016,0.5624325947945394,0.5304843612516222,0.5488218191763644,0.4876814004795978,0.5055608968416502,0.5504866794686255,0.570537362313532,0.45200798326164615,0.5414317835418654,0.5261159898788478,0.5474275502010201,0.4598085504654703,0.6082346172541931,0.6213595714538238,0.4892022550882389,0.5342120256288576,0.43500262293912173,0.513127978005358,0.5189010998222148,0.4908529497370249,0.5177104839712229,0.4921170169748762
0.6246304206176663,0.49108198639441153,0.4091103645494176,0.4358925888241304,0.3981506622245292,0.47726529415277746,0.44790032484164183,0.5250166398223178,0.0,0.44074956993593645,0.4585298241391669,0.5096471049581802,0.4549421673546352,0.46065691949814347,0.4485972878586547,0.4575305235325697,0.4722190885558756,0.5313596201719272,0.5678585666271174,0.6310318794073849,0.5084183721349111,0.4636803725888634,0.4721997637686888,0.40891585763684796,0.567446257082756,0.4150274723924356,0.39845284278681026,0.48183828763885117,0.38452730159049714,0.5201768418785866,0.6600906345241249,0.5135381028946062,0.4151901558942864,0.5308254922768892,0.5672056123996426,0.5084481487702897,0.51479268249676,0.5756229592271408,0.499409835021012,0.385930768818918,0.4512577234215939,0.5528874516639293,0.5226540604870505,0.4936508038491366,0.49909838881148616,0.5018933512187013,0.4569285487123694,0.4385319001932727,0.5147101242562109,0.5437635284607258,0.5124281642653015,0.48584187204409646,0.5246308274022001,0.4680382329636703,0.46410378426418525,0.5651449129399007,0.5794598191033575,0.5019309838690588,0.47762516155400025,0.5037917261971658,0.47082720933835026,0.49419815982519544,0.49868954809627614,0.5044771603288274,0.5721399806041645,0.5369173318476343,0.4702241797005318,0.4826238882912306,0.491027627402929,0.5620258078026955,0.558060419313564,0.527968116588852,0.52276460718223,0.4700122017559354,0.5314644336083965,0.5791319359398991,0.4402262393069548,0.41582242133808495,0.5364365129678006,0.42179620960339814,0.48326139580363947,0.6652476862887877,0.49440814149173323,0.48437015455991406,0.554631180541173,0.565887646842534,0.5585329830676247,0.5517593181045417,0.5366461979593515,0.5642971472164399,0.5142898671420614,0.626478758039931,0.48884054325557436,0.5613239870142173,0.5484561417588788,0.5166151116272487,0.5640426113744524,0.5618097860140921,0.5408871042558386,0.47022709545784647,0.5112520877603272,0.487317606808089,0.5289985045255177,0.5086566908991127,0.5959467215936843,0.47661633614187326,0.48194788569915603,0.5084588392532126,0.43715322639454196,0.4707348925888902,0.5099705357731277,0.5788751232490337,0.5073777345837805,0.5460341305542012,0.4931206165142522,0.44858894070149385,0.5541914100115517,0.49640413317163484,0.4306097739456928,0.5336945386078803,0.47577196756757784,0.5214914216261383,0.5434602880268278,0.5019152516450444,0.5849530567158612,0.4427297353243358,0.483344896316461,0.4481118581797765,0.46229743264308965,0.4591727637635338,0.5845019569901494,0.4857999515066951,0.5072646520162364,0.6360492427430173,0.5324269413880115,0.49928081271881336,0.5186570698044941,0.42456674426090574,0.40792009807963536,0.6102718770267703,0.45516940775589537,0.5282282563726353,0.5849870278517176,0.571105588634148,0.5364782717972588,0.5398204466516732,0.5629726687080043,0.44543277959198574,0.5387562771419236,0.4415406938079291,0.644329511362663,0.5464549396662521,0.5381712501997743,0.3961627262786098,0.5363736474109866,0.5824291550147698,0.4248986700020869,0.4496848075259781,0.41059241258345286,0.48559625728688627,0.4376729976239571,0.6199682286897147,0.5549490057018142,0.5409676712462226
0.4806979882100449,0.624018658745279,0.5759103856555708,0.5157313277616604,0.38811456918285725,0.5077168963996809,0.508015826242521,0.5501466073833049,0.44074956993593645,0.0,0.5268568034455673,0.5364473292645181,0.56403039306105,0.49791681903919316,0.4507727342209767,0.5373182329967463,0.5610428322279065,0.5174708067113715,0.4926513156675895,0.4931236073336529,0.5185785787720435,0.5314768651127856,0.5486511514452952,0.45918986437767345,0.6098957248130787,0.4551957839077903,0.4792255596763228,0.5736449174565023,0.554015714073121,0.44659203581402773,0.47453963370367636,0.5343801689410675,0.48431602704638366,0.5351534526284297,0.4587797824338314,0.5145077661028905,0.5258059242236407,0.5127480808021034,0.46439988216839306,0.47050922029316866,0.49678369464353633,0.5041795331304308,0.46547749824814155,0.4640015230797375,0.5607345786837876,0.5275881835884629,0.4595574634711602,0.4606509443521535,0.5509885350114337,0.4702665435265936,0.4957439863612191,0.4786333433917645,0.48111211208804266,0.5566260848083705,0.5454480802567736,0.5092201223414785,0.48503363418738943,0.4945619173353409,0.5320372998450006,0.5145510436086723,0.5505018054501972,0.4372365597400518,0.46486331298481287,0.47636132485947197,0.42841228253265506,0.4793439959874068,0.514729827999209,0.4886832934394103,0.5578256932942004,0.5353492135727131,0.468787302866443,0.46840054817819426,0.458252494560641,0.5584666874414858,0.5605041136315191,0.4896761132606047,0.5105130079839253,0.4880788747775615,0.488866514593145,0.4115117518620876,0.49810487135127,0.4560800306658501,0.5134972551697141,0.5350244731570234,0.4635368009153535,0.543199110630609,0.45837677966912865,0.46732865118145905,0.54904179851191,0.5015422432114655,0.4743431839171157,0.4759233784781749,0.5087825544107514,0.47189794950835906,0.49569858486833035,0.5756295788401877,0.45123592561556675,0.533021453818796,0.4088874910852753,0.5339026499684739,0.4797866659466364,0.4856577832100524,0.4574173085358286,0.5863239221459859,0.4641616147698863,0.5140874624330377,0.5313918719937718,0.6275961880215662,0.5229822534811632,0.5536132127120365,0.517961549677606,0.45195311154113277,0.49687446144825825,0.5102775936906829,0.4851187551551251,0.500526310497933,0.5047654028659608,0.5127307824187838,0.5623713953294592,0.48778173959268883,0.424025596342987,0.47179077835856614,0.46533693108430557,0.51457509063823,0.4077625080741889,0.584821977550686,0.456526484691146,0.4897802819131943,0.6372192965807626,0.487844721887978,0.5192430937086213,0.475955062455237,0.4668634489858314,0.4416310786063465,0.4912472788822093,0.4187481431202074,0.4880501379258784,0.4394107775639131,0.5014552003194788,0.4921576658885035,0.511143669674672,0.5064249737104431,0.5229180553396857,0.4863195032932637,0.5311271779199195,0.46408923827441245,0.45528770851449657,0.5695963628987938,0.6305775642554935,0.44422376351517023,0.44664432954927513,0.521825244656821,0.5109352348677434,0.5256968155765582,0.5808093218469368,0.5179027713142589,0.48629227359946725,0.5327001135838412,0.43646013510795534,0.48048108529809597,0.58545744865597,0.4553471265485522,0.47504211129258567,0.45329038572404645
0.5570734343836093,0.5957331122887659,0.6101841994625117,0.5503047165856582,0.49526170453681434,0.5145640463290395,0.572645174491813,0.5266470217811484,0.4585298241391669,0.5268568034455673,0.0,0.5773413033979778,0.6149212163703234,0.5042993754065331,0.5495067618801809,0.6354874991719249,0.6042081123700149,0.563845341563191,0.5064953173399246,0.5351977273524231,0.6083053687344009,0.6987873268381007,0.5387559293708541,0.5921281282870596,0.566795351581722,0.5822398145743548,0.46319759652241127,0.537417534069664,0.5559993332761113,0.48444819599511657,0.5133369371154491,0.5219970296301074,0.5449120284422981,0.5217343910725839,0.5118569201771215,0.5498234360251087,0.6799838419156621,0.5804553107790762,0.598597799008222,0.5187664330916227,0.5808207907472659,0.5004192783893538,0.5580673591217282,0.6200507469750549,0.5763616433287041,0.557821009551765,0.4862705284429653,0.6615066931656898,0.618317843134526,0.5403833673089095,0.5902213914707262,0.5633671840916463,0.48925748693379056,0.693029874382717,0.6534576440468851,0.47837129159403313,0.5632284291265108,0.5560072375248412,0.5062140406736214,0.5429601120911176,0.5643222337127256,0.44796040898391554,0.5501502286390861,0.4772115501914804,0.4691536772570745,0.5029823588745994,0.5404796752813978,0.5959640636252302,0.5539992327337122,0.5658388625705614,0.5842575562975787,0.5027671312784598,0.46391917708540054,0.6260067775732953,0.5449206688069749,0.4846182431063085,0.6080013060994087,0.5967501824042332,0.5419918116544047,0.4634926134226412,0.5092662975816044,0.5032143774607641,0.5978795737470496,0.5529499616775213,0.47823310972713917,0.5867108022377348,0.4864529222188803,0.47615969810364056,0.4916511237586251,0.52768160741415,0.5760505808532752,0.4647689284227868,0.6173035333740174,0.5221401291135827,0.5274826686146012,0.6286034872203629,0.466969956045735,0.4769194120395696,0.4262011326707441,0.5000082252169632,0.5444798176803175,0.5100808076352251,0.45861611364482635,0.5114682340477291,0.4848307650080551,0.5634929103530054,0.5211246154487174,0.5424009495211489,0.5582831960861867,0.636664336883899,0.6115981610589628,0.5031392753180058,0.5080929286452595,0.4832234805631958,0.5496125073426361,0.553697644483894,0.46795789968171253,0.5627635606896364,0.5699991241043426,0.47201935481168605,0.560167089483315,0.48876644096605065,0.49687848002505475,0.6378722091087509,0.44661473164640836,0.6685975124551019,0.4421661619472567,0.5947166777612908,0.577807552131685,0.5585543975532579,0.45667125937917097,0.5176188345971987,0.5178036838726904,0.505542293681637,0.5960076890422373,0.5041108956098694,0.5693307480647315,0.5259198726935849,0.5215896063061835,0.5417252650085513,0.5304162622360572,0.5266225311438912,0.520859060325721,0.49063967020052557,0.6609933882518121,0.4763865645529739,0.5599744373012095,0.552921529616817,0.5452283754064757,0.4235356890888485,0.5137253058750086,0.5056581201401887,0.6055888816212232,0.508848039465825,0.5830177326458402,0.5960678644197207,0.5960669322248332,0.5855924007784964,0.48583558921007275,0.5225840947893855,0.510663654247671,0.4734795971691749,0.44998885484539736,0.6122609177979427
0.5363408876700433,0.5681669042658675,0.5564979843963896,0.4743192057253373,0.47712522727698803,0.5828637394815868,0.5091146359224367,0.5459611240096979,0.5096471049581802,0.5364473292645181,0.5773413033979778,0.0,0.5033005542273717,0.43825315364280587,0.47893247282732104,0.598967101695273,0.5623828023047001,0.4967042104873357,0.621392521951121,0.5339190427172099,0.6344777159609268,0.5579915419788227,0.5056204305554152,0.4792438118346026,0.6291816286751177,0.469637920102673,0.4093209721411047,0.4947273955637764,0.4858953723997697,0.5936319338710659,0.5753385590317465,0.5709823880249005,0.4645078752658319,0.5554310680107806,0.48939779272677825,0.5493736989830643,0.5679450302879796,0.5540132564852017,0.6024846378363574,0.4215188945306212,0.5178224079108358,0.5667973232205842,0.565276996026452,0.5834311731940068,0.5217020812477312,0.5177453404193145,0.5227266174220415,0.5486352027493179,0.5498223629375958,0.5316548089428541,0.5623896872418414,0.5482142840243571,0.48186593644594283,0.5821028192621983,0.5755406180827072,0.5339838975324551,0.5549532914549948,0.6788338141682285,0.46073634177463796,0.508148179280955,0.49888448600197266,0.4708263653194008,0.5422993958034407,0.4726094059040428,0.4735239762300661,0.4884098749474922,0.4570497454914659,0.525868119291259,0.49523060081150894,0.5543639132453497,0.5427125410212427,0.4643813316405857,0.45343523232158417,0.5321004939012605,0.5561115665200063,0.4921098539693055,0.5150859177314853,0.5330721635788039,0.520643979462188,0.4575645017779116,0.5281398078988855,0.5289739471026785,0.6046914180748665,0.49792064229198063,0.5026295345330027,0.5658368790370352,0.5051106369063463,0.4745745631377652,0.5056995856568325,0.5266107608947892,0.5557028856164279,0.529012482326947,0.5838646946557223,0.5046345700711551,0.49419794444707943,0.6633386789187922,0.49496224934542876,0.5530016847450558,0.4481502484246858,0.4646789829441053,0.4839481552868382,0.5256638818140166,0.48238409077743727,0.6000279975499881,0.4995488313009082,0.5384819387796451,0.5333048291443165,0.5595401543312823,0.4840959146953725,0.586529113180704,0.6305760220859058,0.5113600325515799,0.4820905246680215,0.5021123173331257,0.487361515981318,0.49337609824550194,0.5114184476715755,0.5866064299433267,0.5356062145417848,0.47553620795502916,0.4969722533211213,0.49968163882196126,0.5014101149005861,0.5917015171659687,0.4486582004873816,0.5932786710724849,0.45600833459061296,0.5510909269526449,0.5715514243464428,0.46313374061165036,0.5321231283417215,0.5532989905049405,0.45905486179477367,0.5149186967182607,0.5493193723918947,0.46942399397782625,0.5900191509422119,0.43961412705180164,0.4354580685798031,0.5990157241999072,0.4625119839998033,0.5599749644730886,0.529827936450606,0.5260088603756374,0.6054464058845803,0.4987064370890497,0.625679338081521,0.5277601249916222,0.6301154708998378,0.46869037876999814,0.5168884755977925,0.5347110077484989,0.5688114392419314,0.46750149964155807,0.6748720159220806,0.5421809040931579,0.4575923517658352,0.5696456657357619,0.40495447844572346,0.4987300179272585,0.46256623854976825,0.49750048277317666,0.4885505268268198,0.5406910727247309
