0,1,2,3,4,5,6,7,8,9,10,11,12,13,14,15,16,17,18,19,20,21,22,23,24,25,26,27,28,29,30,31,32,33,34,35,36,37,38,39,40,41,42,43,44,45,46,47,48,49,50,51,52,53,54,55,56,57,58,59,60,61,62,63,64,65,66,67,68,69,70,71,72,73,74,75,76,77,78,79,80,81,82,83,84,85,86,87,88,89,90,91,92,93,94,95,96,97,98,99,100,101,102,103,104,105,106,107,108,109,110,111,112,113,114,115,116,117,118,119,120,121,122,123,124,125,126,127,128,129,130,131,132,133,134,135,136,137,138,139,140,141,142,143,144,145,146,147,148,149,150,151,152,153,154,155,156,157,158,159,160,161,162,163
0.0,0.3256512330146516,0.31380876023163345,0.2755209670624145,0.28703786447311375,0.3230819328238732,0.27553292266086066,0.3252551456634064,0.340393578431036,0.33017387800809217,0.3107543936298589,0.26500847407620803,0.4488130214684098,0.28684728760730405,0.343004577827995,0.33665972529303156,0.3619707354154779,0.45788085972224346,0.3022287838241927,0.43591966978202656,0.3322101595773001,0.323642922326053,0.30651247647317714,0.28903774353011236,0.3821613391155218,0.264438896510172,0.2614669652475276,0.343298423626233,0.25324442541014436,0.2711668155998801,0.3358260712775437,0.37089952060480313,0.2909599130518139,0.2981757443756773,0.3941686319656466,0.2916014426671637,0.3871554361182899,0.3321697804382934,0.2454222802656873,0.359507948793396,0.28436386289759974,0.3250750952822601,0.35652766900998273,0.3246340802333962,0.3395757144088186,0.40131568305070775,0.28672845063486857,0.3094898611245735,0.3673053041632444,0.37918144560077366,0.3704720018396816,0.35724657015020106,0.27193092880584535,0.2868751765311021,0.29202614566467294,0.32928990346753123,0.43509932002227864,0.30068787233023747,0.30896090096195583,0.36546672666947433,0.3108358543066728,0.27168544263181515,0.3399445524962857,0.24774954941760996,0.31848132324347284,0.34524972362375833,0.3139306334673905,0.337094773165706,0.29555759861809444,0.3541619711979755,0.45546127878660153,0.32316363911813034,0.30876209333513505,0.3510513252404159,0.3514737352829843,0.3322840800206307,0.265361557577258,0.27170758791902305,0.32541021072873366,0.2521088711627101,0.31299228739591256,0.3705695270822942,0.31455283209049245,0.3163366261905887,0.346751726810736,0.3791923910937064,0.3223509106302734,0.3325385855983633,0.3788608818370089,0.2751544816374305,0.3630395357767141,0.3148830031037513,0.3627051134972848,0.3446233401795034,0.35228826412534703,0.28106370323834623,0.24061007348605395,0.3068004071032582,0.24841376613318045,0.36937716178951313,0.2700905615533735,0.2881248700338506,0.26360034413016664,0.26852378087505896,0.39623554816564355,0.3834230397738794,0.333304523345869,0.33963942985440854,0.35634691412251396,0.31324660815472477,0.2940596458688102,0.3404823164409316,0.3568051970204324,0.2682165775729183,0.34311466020750386,0.35196064762364415,0.35300742395070756,0.3224874797592071,0.2723991331546167,0.2745184792811703,0.30800425211088744,0.26482794049270264,0.3444678935448637,0.3967530163599386,0.2981568543697495,0.2915092703415144,0.26205467540860466,0.2586523246523707,0.29257421623761853,0.35560264245436113,0.2827216509030562,0.30516877734158293,0.26411365074380705,0.28887449142836363,0.29196503506507154,0.3051185244679184,0.3059029599021936,0.34495849726072253,0.3147152492112382,0.33915522753378924,0.2606700987602439,0.2976337688918733,0.37507175563506695,0.28801296106595187,0.3109314908164924,0.29407012110808367,0.30488560576512874,0.2803043676406472,0.3765485513382145,0.19878562150382176,0.37144617701020904,0.28846041417428664,0.30710786859432215,0.2485145256344438,0.3241648061079788,0.3654508232514081,0.3156431518368694,0.31563296706154087,0.29201987982190797,0.3295528202113401,0.2766805939877131,0.35188577282709194,0.24707463386030426,0.37331742279787455
0.3256512330146516,0.0,0.32683334356948435,0.2910924027315978,0.24256103736261975,0.40562020689888373,0.27361562642029985,0.4022652724771316,0.30050095054365517,0.3947610119218275,0.3002575307360619,0.3294276790352887,0.3311857366201857,0.2849633730328738,0.34337217509539336,0.3012918754338467,0.325815946589333,0.287326483866517,0.33033287673972445,0.3435925273290823,0.31370177608958194,0.3723844066952148,0.2842148176830962,0.3214912143901896,0.3525807807035768,0.23248031807191896,0.2524781500529787,0.33110863312685124,0.3471042951291255,0.25013864548338993,0.37199133765449355,0.3165330720414364,0.36051615836071144,0.2731943668060259,0.32141503305776065,0.3019973853180512,0.29522206980120097,0.309504682672054,0.29518969957345,0.3137410152566022,0.358539561432311,0.3021775073455523,0.24520922705567594,0.2834933332934757,0.3574302211897278,0.2913200491709417,0.26067862679861253,0.2652896363376807,0.30036446877714734,0.2992002871290819,0.3074315006932701,0.3072150198493893,0.2867891022915663,0.34865899269279693,0.3103501704598442,0.34597707007726464,0.3290613634036117,0.2913308471923228,0.28881529042764104,0.33879641055601517,0.3634123323115797,0.22196476452437336,0.2675050376796736,0.22682943295104455,0.25444566663627655,0.2563969895528464,0.27691708393023,0.2688359280025818,0.24268687564832017,0.32373319875638223,0.3069328460401997,0.2898504223742896,0.24265118835856275,0.3246762819753591,0.3529004293690391,0.26370030588932686,0.2473516000647955,0.29493573715877663,0.2759884932137283,0.24423234331863455,0.28389688300646293,0.3101591118995366,0.36038509424821996,0.29516422507216555,0.2816150419923587,0.4259770606610702,0.2708926708604752,0.2466723964753687,0.29877797174898374,0.3112477748538849,0.25718674077721476,0.2990716002359374,0.3380411430731347,0.30157881811419307,0.3004607328146499,0.3538534559841298,0.2662701345350905,0.3127803769883133,0.21991573347485044,0.3322278419634764,0.2841257070220755,0.24406044075655461,0.20724151628702714,0.2931738867953427,0.2892174675576572,0.2975868350802764,0.2811996443717165,0.36863781928329137,0.3047216684946225,0.35802716214200925,0.2706207201449599,0.25505551005078464,0.2967922385305209,0.2511015696171778,0.3069820123696388,0.4263607843184086,0.31622202049190395,0.2514495377338313,0.2799397394617351,0.254165026985766,0.2811316715534093,0.26413598790034565,0.2978081506478757,0.3700109897015695,0.2832918984052218,0.37482476614377624,0.25630106427820126,0.2992509862773809,0.3511281044294599,0.287152102148342,0.3194183087340187,0.30316519086993554,0.2528910181801612,0.3103770719850681,0.30634280320313106,0.25902984948939267,0.29288687297424887,0.312831365911923,0.29446669338148745,0.29304180424583776,0.2721239803296307,0.28335927646719794,0.36676929518210516,0.2733580276165236,0.29948342324016536,0.2400277075383533,0.34840060023041586,0.28999699904651505,0.3801025557338207,0.21262264620361832,0.294675349425821,0.29755571961058624,0.27852537212096906,0.27935486800433135,0.3152832587659387,0.326961195496924,0.32621694582596933,0.3458189836517278,0.2808346875385644,0.26258879013303305,0.27125762650001156,0.3385845062346086,0.24104061377140887,0.29769514430132615
0.31380876023163345,0.32683334356948435,0.0,0.2735811699854182,0.2986746693887601,0.3223524194761589,0.2659644939394282,0.3179166598407757,0.25844749876062956,0.3765551276668318,0.33214476274759347,0.2870741157781396,0.35082164743046923,0.25165946288160673,0.30371359260683833,0.38105200364244857,0.3719459014277783,0.30476339359568244,0.2644416012521066,0.2775505562813474,0.3643642669360964,0.4513803428994744,0.2670039793532774,0.3100266420860341,0.31191124719317004,0.27060751978770514,0.24378676275275993,0.30383000047380165,0.2691054624933127,0.26239529705222225,0.2655603265873111,0.3108553257163912,0.26182795310936985,0.24679620539131747,0.26368965772015435,0.2754470396159858,0.31850803616949863,0.27474621479551214,0.26111422892852226,0.32486891256109013,0.2687650030375105,0.3231732205919041,0.28397856042636627,0.27809292151976317,0.32403457015528514,0.28669174728445423,0.25719300387318617,0.30869656959313985,0.30153131203895917,0.28893643018226756,0.3231247693577798,0.3051898304757386,0.2132596976591477,0.3239589031374169,0.2958747424383206,0.2585039510563916,0.2856936017545138,0.31255672310586446,0.2700389090624334,0.2838837038861095,0.2910904131338639,0.21618041521996872,0.2941841750866355,0.21998511421739436,0.24188372863464358,0.2568997637439409,0.26621198235211313,0.31601896210556557,0.2794114290191167,0.31358760275278985,0.3330504746963099,0.2356085488049454,0.2515524700128992,0.4147892615326619,0.3090685090087344,0.21080664930750162,0.2976512988429939,0.2926865410975792,0.23416022185604607,0.21362121546364565,0.26008298618619874,0.30871382533776437,0.30783996235876027,0.2507108611194927,0.26488123649809386,0.3308012943063047,0.24700732101065917,0.23145485392064066,0.2593020318236335,0.22986421271774238,0.30517868140908583,0.24252655655607946,0.3048731362819483,0.22696024848212545,0.2893193108174712,0.2724457648211476,0.21348563659322273,0.26654342628882005,0.20068661205860486,0.28647501860217817,0.21659749385974209,0.2789952133824348,0.21064727077631248,0.273105942450725,0.26711768699239663,0.3331860250805247,0.28891805280157984,0.29506448140721364,0.2866949428614598,0.3509046973850352,0.28121134967236455,0.24555227068784471,0.2749547180717019,0.23171271608686345,0.24035573798502127,0.34229527786353703,0.23251976059328666,0.31790844271468727,0.30088168043060975,0.23243854830986543,0.27885656439878814,0.2257354768692436,0.25264693132409555,0.3220615216890999,0.21257440818368015,0.30611379132765026,0.24179852233282656,0.2869429091872858,0.30513494892395915,0.2697081996227486,0.257069965980599,0.37261947866302947,0.21042543362427332,0.22851517904375884,0.2845945788254248,0.224435070218951,0.23233816393800769,0.2701838264895636,0.29777473527832443,0.26916615135163297,0.2178416151381403,0.2683157108194899,0.3066702554267804,0.2728228916574617,0.26629002159403314,0.2208258452431269,0.3231888128186152,0.26787380652467785,0.3474542742637787,0.1949338180084051,0.24674441102267788,0.2123261099263703,0.28088177044936874,0.30082070531264654,0.29602896605522167,0.2942461310936165,0.3213416030835512,0.3396996382431937,0.21480536893334173,0.26508258618605435,0.25611213034217484,0.2252325615606684,0.22174741865721967,0.3018601797387715
0.2755209670624145,0.2910924027315978,0.2735811699854182,0.0,0.25984100995896914,0.2666594739406649,0.3162998710255076,0.2843578734585456,0.2432406723827528,0.27862064455369134,0.32085291098429597,0.2854824709032372,0.27375408519650263,0.265310900510029,0.3159610573595504,0.2657806960356243,0.304270992830671,0.28172098506654564,0.28691508556963596,0.2663869699906054,0.3376224522813331,0.29704487403020136,0.3050899018859611,0.2766818871648542,0.30689596714298834,0.29056874408898536,0.2757944373088186,0.3031669937866314,0.26188386920058143,0.20708227306712323,0.275101232840729,0.257696535857598,0.38183112419393384,0.29250808579972737,0.299235752333566,0.32303040429649554,0.29290419907913096,0.2895489818289734,0.2930364689972538,0.33942592022613105,0.3138406031062004,0.283674258591786,0.258850433559028,0.32696007274761346,0.2989021627120744,0.2846837163480708,0.194716105018042,0.2873182145317894,0.3107361091549395,0.2853110419788755,0.3535550020149191,0.31446902045859865,0.2515623553685412,0.3940912546047405,0.3255756196065116,0.25647415360847736,0.32114855603009373,0.2959977966797119,0.28210012335478973,0.3144203720736656,0.3273678721524247,0.22444526689213573,0.28859110483546174,0.231678959753557,0.2730911318882779,0.2806445262182743,0.3458641592195983,0.2323429555033371,0.2535313549116506,0.2859879624570414,0.28646089874123093,0.26331161988012614,0.28485380650060216,0.37765736952609896,0.2865464362805587,0.2274245740102237,0.33023574081909746,0.2937167003912262,0.2607614648327011,0.2049767637978638,0.24777480379326283,0.36398739714258743,0.24152422428260342,0.25254605120276286,0.3445928634505115,0.285265747933646,0.3128977511300147,0.27066005771547835,0.26576807801920954,0.25296903213608374,0.318800871462567,0.30009870052014387,0.28525241199405044,0.2615624850285111,0.34712307201795795,0.2720930514127,0.23209798782756894,0.2997002451106752,0.23959608148521092,0.2966952302661439,0.2681002056266048,0.2980689924582465,0.3136052086746302,0.26821334145028625,0.2904551732388974,0.2637249689905666,0.29638485929209335,0.2814874532969741,0.2816973233689217,0.2830943480970386,0.34954462050136126,0.3083780267092761,0.3296624702215247,0.2906246105504778,0.27721357871473173,0.2750984286035715,0.26754211435382896,0.24673735037964362,0.31579664561954596,0.2839318221000241,0.28726213651650045,0.3104020479976644,0.29025507878796053,0.2951427826858164,0.24878455510205186,0.27009383925664393,0.27489768998217123,0.2688854588715509,0.32051884504021494,0.30228880696676874,0.21953942351435993,0.29251771769266066,0.26775582049642194,0.3075019453402217,0.31320328033762995,0.22698729468896273,0.19181754327769965,0.3154930654230774,0.31964960880148147,0.28954535383880237,0.30737093961786155,0.2680248685076349,0.35844631284663736,0.3172974491003812,0.297675556038528,0.2527892796362174,0.28515298098812536,0.24186098741085627,0.26102489980723687,0.19606361265654487,0.33571485222044706,0.2596081647274251,0.3163508249722116,0.23678657696358849,0.32058254757414995,0.3019889592225361,0.2834611273128451,0.2913119879542161,0.357249248671235,0.27637127534295214,0.2649497736726241,0.2666286045223723,0.28146278365669575,0.3047259263459611
0.28703786447311375,0.24256103736261975,0.2986746693887601,0.25984100995896914,0.0,0.22845407288134953,0.32179534157332784,0.23624978365503307,0.2475628378397312,0.2718623929328407,0.3236186648620102,0.2563911206507876,0.259375776468129,0.23928901859174248,0.27932840289519506,0.3040504545291517,0.29271554211635203,0.29068690255169544,0.22366158155490487,0.24177434213243573,0.3050109098119386,0.30036042943179236,0.3291476593695171,0.27230895410183836,0.2818127892114308,0.2841305302644356,0.2628506793142272,0.24353067112472024,0.23133396881436996,0.2633609685072263,0.26194300337134513,0.24421076349630708,0.23153412948600588,0.2564296078243766,0.30715160005938175,0.2779439057241345,0.30332604874210817,0.26366906443977495,0.2626437868070644,0.28351266903302647,0.24513244001792184,0.34209532672436377,0.27387320419769007,0.3092281923054563,0.2462080142711308,0.24559038647421705,0.25256573422087175,0.31985201561298277,0.327988932932096,0.2610717588576088,0.28738232282156456,0.2525172223210698,0.20566603420530366,0.25375453050756314,0.27224830802347083,0.24774672580152676,0.24391855613848382,0.32220801248886216,0.24260953086394396,0.24420362312716265,0.2128326393074045,0.2052504889684701,0.24066257904974941,0.24830577322050515,0.23081563009232145,0.20535621041941907,0.25722600409563234,0.2672540310284003,0.24037226409654816,0.28403474168380893,0.28508544494594595,0.24212828546674567,0.23787769355194197,0.28389621193736886,0.22931391323431852,0.20721180385791607,0.2782957377995577,0.40245672932281873,0.21834947497655777,0.21304683976239075,0.2387939062093404,0.2890467924497104,0.27716525279322685,0.20825522746213018,0.2604284975332556,0.25050422151956214,0.26351373330286776,0.23421380467106404,0.2282850606519467,0.23106173245878425,0.391460101832406,0.27940859784695304,0.30610171255974394,0.20008198717528822,0.2852800018353296,0.24814127810820671,0.17756913241199587,0.2533009191557593,0.24398108913924685,0.23150357726108703,0.22830389070997417,0.24872463594950228,0.2502902162674764,0.2314020126831306,0.2426374834010353,0.26820721869452013,0.22779690561735813,0.2962195675267385,0.2771180397614717,0.2816541417943181,0.2929319453416426,0.3019935115339453,0.24337325224579628,0.2700606981227428,0.22191510977681483,0.2596955306855067,0.225021198115397,0.2810354228533459,0.24534476867231822,0.26856776426211415,0.33140620284953726,0.2358996677562141,0.2438155111896685,0.30923392143840284,0.23763537088854308,0.23756367406811324,0.2197054591666528,0.2690464510790161,0.244180382715873,0.251289052479337,0.22979743878891531,0.25939559274175195,0.20851602287757254,0.2545220192847388,0.24877216213682524,0.23376833670117278,0.21568816051065592,0.30284034797790127,0.2788817134258494,0.28273099351247094,0.2007613799335555,0.2724318843379124,0.2902885294363757,0.27983164080145284,0.30185650334011693,0.2551234000812131,0.29132334880225247,0.24220199974022355,0.2606832603593029,0.20049676646790804,0.25305825693712225,0.21993011239402493,0.2827686825377027,0.25845522487038813,0.2897740245985144,0.277841740705699,0.2359386036923791,0.30541790649622214,0.23417972070112242,0.249421959644783,0.22393383491669736,0.23659186944459232,0.24789553573584985,0.35427205908139553
0.3230819328238732,0.40562020689888373,0.3223524194761589,0.2666594739406649,0.22845407288134953,0.0,0.24405785194053223,0.3344785056707249,0.27615737123519507,0.29039280077212787,0.2997062492959334,0.3340806882929268,0.3480407990080062,0.22529290970246654,0.3184709381233662,0.32615474982462733,0.31999992051408443,0.2433874922776552,0.3241604199507854,0.3249137233302332,0.32375259676758855,0.32424439949685135,0.21897540776515567,0.27001581938025415,0.3233887600759658,0.22598426381872191,0.21550499361216027,0.28463995983398566,0.2807649549683082,0.2555130668421344,0.3288532151228121,0.3597382644303704,0.3393316464544854,0.2548037790936648,0.27637975538880644,0.2625029202140804,0.29649686852521895,0.27260038401965814,0.2706913548968575,0.2559383376623397,0.3118773586553745,0.2885865857989196,0.2676266155379353,0.3143942951984364,0.2858790642385716,0.2690404380210943,0.250037777958475,0.2765591954398845,0.2398140383282075,0.29598238458338405,0.30569393661625655,0.3592084752000298,0.2445692791383439,0.3210730433799659,0.2732701234078768,0.31553521700996795,0.3180646266823828,0.3569109835804708,0.22944627098806816,0.28230492296936854,0.3473451517986784,0.24406510099172063,0.3219577194876794,0.19731044519134974,0.24156900180582083,0.25549680524552865,0.24687417911024043,0.2865535753642914,0.21980322012307135,0.29225616882807526,0.3195176436317847,0.23259453706903932,0.24463743673207292,0.30263705813535824,0.35851412070488287,0.2464180149858367,0.25070031642085633,0.2592615361986809,0.2531664310865075,0.2757446704079557,0.327527044179747,0.29282546005533194,0.31066133158422354,0.29357666820382594,0.27021015519555597,0.328502021481399,0.2907478428284702,0.23559774917133192,0.29752074700786135,0.2575678156105242,0.2691376369280554,0.2943535215549155,0.31585519613007434,0.27574894791455173,0.2519145629969534,0.32892277601258,0.2715896728591517,0.31312568279022723,0.20427598792952956,0.2891106695306178,0.23991186707698386,0.24381360354017773,0.21343973758683585,0.26177010672108686,0.29586215215388506,0.33018251482050365,0.30347449862548703,0.2964446510686824,0.26330335238941094,0.31946131350290285,0.2850442775061005,0.23382637179405738,0.31417386919063356,0.24531691161048907,0.2693301512438137,0.3488475240373088,0.3068921886944824,0.23645396217986353,0.3092439575613352,0.24078907349628842,0.25977607613839165,0.26566701892960853,0.28785782603160204,0.35255230014243305,0.2678077646640033,0.3429892410476548,0.2526606890506206,0.2653847624891167,0.30002127512517335,0.24443502807227563,0.2893377364413236,0.3810580293067452,0.2415201076488143,0.2798680838290143,0.28286532277532567,0.2501207798655562,0.28188790540285746,0.24925195148051582,0.23932728722732344,0.2686071087701487,0.2588718210653311,0.2794353573180686,0.2904451257995148,0.2608141886250353,0.2789570569512448,0.22697434739551883,0.34211832818644244,0.2854840766322724,0.31404749217254574,0.20501583074598825,0.2805842736352363,0.26738064812261286,0.23959402711981642,0.23572329815043527,0.32584774505202563,0.29415180014689496,0.3002156391493763,0.3497480851508301,0.24392565590581008,0.27029089798578193,0.2324011416743639,0.3071456809783621,0.22524651980986807,0.2846770777237937
0.27553292266086066,0.27361562642029985,0.2659644939394282,0.3162998710255076,0.32179534157332784,0.24405785194053223,0.0,0.24160152708254498,0.23639798721925845,0.2939646786369641,0.2867308195437729,0.29537385234988006,0.2872405383905363,0.2638173815302128,0.3427216829533028,0.25428675743447277,0.25965220718203263,0.2718207930019362,0.24559476327467572,0.22725044809463804,0.283983787884967,0.3012192953893305,0.3884935395177896,0.3060129130336861,0.3149207684848808,0.299105950299816,0.26247046526450524,0.2435535264788911,0.25835855367826294,0.2377647172224682,0.2822951398483572,0.2755387970928517,0.28832324482972266,0.2972096935161108,0.27571852348644016,0.27016485900007076,0.33916979826508886,0.23962537260449995,0.26481072653371235,0.34255460490427253,0.279152019961559,0.30889459239733036,0.2769007528451113,0.31685139454387407,0.30221745462447613,0.26657557560178313,0.27371077615293654,0.2815263775781718,0.40610656349181357,0.24802456454646316,0.3230439287241381,0.2537382199335227,0.20275105737344767,0.2995931799640523,0.31349537593678484,0.27529152243669325,0.24501089252145436,0.27972673824018635,0.2981467466375265,0.24922164848203843,0.22378932332377333,0.2180112948329323,0.22413386023846535,0.25096782943894086,0.23284664192381074,0.21328665906545508,0.32441484324305186,0.3139998317338123,0.2517858915349126,0.2601966910681714,0.29591986758516686,0.23950191457558825,0.24665966322400876,0.32672982125953404,0.2069499681381777,0.22710908150307627,0.34559201804512973,0.34278611636513884,0.223118800761064,0.20773307803412414,0.2414530015432193,0.2933901243634653,0.27667530017617137,0.20161549089710676,0.25506911463794096,0.2606778755012821,0.2585020871980334,0.2679219534030154,0.24717526597049938,0.24959175883833618,0.3356411325920039,0.3553780871810615,0.2828538296401858,0.21702053941052876,0.28553492805443337,0.3068975829204745,0.18437114766823884,0.3096349549967496,0.24055971686730018,0.2914175238504996,0.24931302121387927,0.2744239572649419,0.3116372270470233,0.2647747173863583,0.22942422441379443,0.2740592083390072,0.23167401653131056,0.2884965385415081,0.31547301541009726,0.3097702906366692,0.35990437541124215,0.27159618223086285,0.27169755261695805,0.2318761499409645,0.22970980053007092,0.2646248640067679,0.23698634929585546,0.28850549696549505,0.2851333163761978,0.24319840956878133,0.27324273404944505,0.24171981425957437,0.2449178491453608,0.3263547193050366,0.22940629949116692,0.2841891967369091,0.23744141747367686,0.3022171009470602,0.25458972387346007,0.27166337427763637,0.21793656227144065,0.22613260415394176,0.2130212268433049,0.23371756714805264,0.24435633628672665,0.23563586198361583,0.22597495737845585,0.3201168197542175,0.28949115754640947,0.2852660907797348,0.2413676507083934,0.2581079082392851,0.30688430072973616,0.25710060681414804,0.29455118124817736,0.32514266635341654,0.2838878929678329,0.26250695942837526,0.264422935642288,0.17904265132408975,0.2657396471462496,0.23830586775195153,0.25517642029845367,0.3338332259828462,0.33578467509244025,0.3037143591228797,0.2761655956824033,0.32939204683903645,0.28579459481523256,0.28678160818664017,0.247146106576553,0.24038178092282209,0.25913404668882534,0.29760670156667324
0.3252551456634064,0.4022652724771316,0.3179166598407757,0.2843578734585456,0.23624978365503307,0.3344785056707249,0.24160152708254498,0.0,0.35285039051833256,0.347172467109889,0.28783147698707606,0.3232442216343319,0.33893523835057376,0.2548157166126421,0.3143471573092122,0.3342481376890901,0.3355538428802815,0.2870941561417457,0.3108106747130948,0.34000760601773805,0.3229405913013387,0.2993109122195135,0.27130117204465176,0.2745658415261893,0.3511736788718937,0.24235212475094428,0.2819503115009879,0.34390701711416216,0.25603946186444804,0.27742051274758506,0.42751288485299466,0.3135162989607573,0.3128231957054527,0.28128853751819166,0.31090586458410346,0.3097321643100149,0.32372303055511203,0.35470246254782495,0.2965654031152031,0.30148651267529164,0.30957512775045215,0.29114156198278324,0.2787211708334005,0.2789465355211625,0.3935572173427983,0.3073553441100507,0.24627012449819777,0.26629403750735375,0.2948920100943796,0.29212402646375973,0.30352876273500723,0.2827101447229549,0.250951989934138,0.29230926080098857,0.28684720687893694,0.3141445534225872,0.3177510488224046,0.3621996665780486,0.2807612632716072,0.3029274319999431,0.39933698450383287,0.22571460326896717,0.28693133493684464,0.2353338812218437,0.24014862790212813,0.2583456546637504,0.28940921117387236,0.26793249132048186,0.27213571724083485,0.4452288452444601,0.3096176011134173,0.27809567107556965,0.25878474371336435,0.3381766470315839,0.3854878737126731,0.253878390838434,0.27949144750118304,0.26656992647927147,0.33066332517795083,0.22570347462061324,0.2803288095261295,0.31750933922688446,0.34161177855451536,0.32977088273526317,0.32021221396221705,0.4700089743090201,0.36501678162790757,0.2721609241925167,0.34734899776646166,0.30525856459273026,0.2726268334371476,0.2915288785628565,0.3075459711735755,0.2648820189955767,0.31244515488390795,0.3196957748704236,0.2752490324856391,0.3264747339471678,0.21876412054635677,0.3303878974292183,0.26693282177196764,0.31462818770877254,0.2344440407346225,0.31252144276407157,0.3270129791187341,0.330927282586528,0.30505067603474445,0.3758212908017555,0.28576403681938695,0.3069609245581305,0.2532327867508309,0.27538599244432815,0.3140914247348668,0.3015018991974766,0.2895079700006753,0.366559926847841,0.3195345711332055,0.258824885081138,0.2549645914507558,0.2636911955575541,0.2734819821870435,0.3518118298362168,0.2753737559335176,0.3378163043066195,0.26972361030025577,0.3148601990881486,0.25002144004043736,0.3166082239096314,0.3193745945836273,0.28075603595590265,0.3560239999410173,0.3294522216726028,0.2918442485663041,0.2791627071140333,0.3052891608698899,0.23476340670815482,0.28200356873406146,0.2865175895854927,0.3097573506028105,0.34096522976191335,0.26201823751441156,0.262313018316267,0.350941198238438,0.29061519846124684,0.3049015095385193,0.25627019537231016,0.37035466890765745,0.2904211057415295,0.37798987119616506,0.21528139223071419,0.3473440376686991,0.2894718808073993,0.27984728481682286,0.2635702956401097,0.36592734166955154,0.36596177815790243,0.30741867099850045,0.3581973711433332,0.25239655997450905,0.26691102301536956,0.2563674808919929,0.319008916950225,0.2699308450731984,0.29869359900799364
0.340393578431036,0.30050095054365517,0.25844749876062956,0.2432406723827528,0.2475628378397312,0.27615737123519507,0.23639798721925845,0.35285039051833256,0.0,0.2689193883573103,0.25609723752061647,0.27894094943456704,0.2727179155757859,0.27727908343457464,0.26742631531327127,0.2922439187686313,0.2769665738382074,0.2974099399919582,0.2620127054705693,0.3145802576343729,0.27089155669628834,0.3128606852226766,0.24802027498700743,0.2423591856990619,0.3037795110568745,0.2241499467555986,0.28047838985566464,0.28922708636692857,0.23151069208871397,0.35465095510331013,0.37844878331697446,0.27925361789174435,0.2535193522946151,0.24105897951830907,0.3174700885161596,0.25276226136732954,0.27868106126623715,0.3623932182402484,0.26006157065379126,0.2605700861619404,0.24688023480608692,0.3318694544323256,0.24812548061741002,0.26473992704676463,0.29815891872280853,0.26306279667913407,0.23124675979713225,0.23492500145053005,0.2693078374572677,0.26637990080843255,0.2590595622385079,0.24614655134615432,0.24388474458260812,0.24805885898259086,0.24414920917364108,0.3665766721254195,0.29511210492851087,0.30846289956366457,0.24512331271930307,0.2512004027200451,0.2628504229997166,0.23787825347153568,0.24481044226670176,0.23866630377091597,0.25385075092951875,0.2402689035651416,0.2847847738501006,0.262295646283985,0.24629078172820817,0.34245278793789585,0.317562513552007,0.27292442940363093,0.2862690459966358,0.2654780484185891,0.32061714968681315,0.2544821982094033,0.22982657018919192,0.2339712776395976,0.281652849574764,0.23624424302535954,0.26313240590340653,0.355511469640093,0.34467348030815304,0.2637307352072147,0.3171099097849428,0.3768671492208074,0.30964961014421116,0.28332790911738437,0.29087998298972195,0.3637462036995425,0.299592377128492,0.3235426231416532,0.26716855393957334,0.25099678746273907,0.33183733561400064,0.3019133348259236,0.2586971778456519,0.2963965857494491,0.26876647179271373,0.2618187102854243,0.27868862050051,0.24667090797495453,0.24699219003895853,0.2594849017671872,0.31514048354460256,0.2756819973547991,0.2351330168539394,0.32246221299566646,0.245218850130139,0.251963060978526,0.22414031218875102,0.3036225835829242,0.291170266735538,0.3453406254210845,0.255412094472856,0.31756848072005145,0.28558068286578464,0.2566532120241832,0.2110242126400414,0.29198928041114514,0.2903090039622878,0.2966188010042838,0.2777221978819312,0.3010594032829998,0.3708812220501069,0.25352723246049824,0.25834016445655406,0.25899231805820205,0.24516863143131531,0.265826446194012,0.4390428373863394,0.3096763937791945,0.28522370030558414,0.32893597300352506,0.26519588550387574,0.2453780605906282,0.27234527629747934,0.2667050320830381,0.28280654796614535,0.3377999745478402,0.23707785766811998,0.2757913488173894,0.3283619511267549,0.3089923862940686,0.2815160147422635,0.26250260677937054,0.3942611537317845,0.2508533705399896,0.31603121877632706,0.22144205154419647,0.3409742825714106,0.2647398830883785,0.27151763491200104,0.25261614832708124,0.30086239707135115,0.3478204149284969,0.2747817514077665,0.3063193074352215,0.27085042160606454,0.2685864697859014,0.2171716262962582,0.3412392414517622,0.3140495876155475,0.3184514746499772
0.33017387800809217,0.3947610119218275,0.3765551276668318,0.27862064455369134,0.2718623929328407,0.29039280077212787,0.2939646786369641,0.347172467109889,0.2689193883573103,0.0,0.27371030036526994,0.2681445835019615,0.33442501017907605,0.2823168669080802,0.30925630883180444,0.3015098047306537,0.3123612764463484,0.3384060526826436,0.2733728014908395,0.28035524379170984,0.28987529707919013,0.31184523325868446,0.3496226219429153,0.2681751837556985,0.4214612327755834,0.24604768823975906,0.2732587169290519,0.30592102811114896,0.33199352225590517,0.2518809064978082,0.33313829416655094,0.31678019673060726,0.26134249681771254,0.26615038878153185,0.31136617418274176,0.2795336901826497,0.3443867344911912,0.2836549203652542,0.23127148099144437,0.3142544062729116,0.2561827586400956,0.3103706038468799,0.2840321071497297,0.26827303397836355,0.32790967567019125,0.2877306759977543,0.26326668469701936,0.28199913501535506,0.3690729956034799,0.25691218767500196,0.29761231297309604,0.2615647867734249,0.22561009503306334,0.2948605943588588,0.3136420922965794,0.3201473160334318,0.27234572046447864,0.2613386738734737,0.30784607510026124,0.2848355405273424,0.3004348938545154,0.22319615273831658,0.24517596856193194,0.23180781699264616,0.24620262068389356,0.24713563326534185,0.2708815539784246,0.30584544263557734,0.2972418177928879,0.3556357688195487,0.2962189754401197,0.3052767142628662,0.23130878556139922,0.3317826915530021,0.27721663890977305,0.26867473124881885,0.2580071699065589,0.31127894530856837,0.2498943064209805,0.23021796642233455,0.2735150164800258,0.2972561325250666,0.3394905482821309,0.27829717031918266,0.27712153192569516,0.33172751831253194,0.28375025613846594,0.28043347449812867,0.32321941858842695,0.24713658849688838,0.27811420681134214,0.2842135221604894,0.3133302270467579,0.23300070804089165,0.30481361899143516,0.32973888973540705,0.20448451753188565,0.3084239499233375,0.23022702849037754,0.31392954877304863,0.2625417246712643,0.2764197190995253,0.241431855373382,0.3425518721460849,0.2723647049136651,0.29811369843026414,0.26804609912223476,0.38130354329141414,0.2997388834813753,0.32144314179523625,0.25911940612839696,0.25786580139498744,0.2955935631744321,0.2616051930803285,0.26078092497932287,0.3140301977791846,0.29029611106963493,0.3380873367440495,0.27351293389164244,0.26984680838754027,0.252212734166866,0.26388654563490066,0.25529645021574343,0.3330329541166403,0.24631468536850273,0.3404368957879651,0.23845020963332544,0.2682876305225535,0.33154542406000026,0.3072893901271922,0.3147682720115718,0.26544554364242817,0.24540614715521522,0.22954523876575944,0.2610160795000214,0.23678577158116768,0.26469204615772046,0.31578257575545854,0.3255350861678062,0.296696443987191,0.2645592004357657,0.28642432449620603,0.33061431371195465,0.25454733655095785,0.28720771486837127,0.26879290897171476,0.26451729109979266,0.3028454737638233,0.459862367909096,0.1965045877335324,0.26219222211720644,0.2871379361386896,0.2501645458226724,0.2952034081834052,0.3107836951821302,0.3208213589567669,0.27037757578232974,0.3465040757179675,0.27169394290839743,0.2923531633004906,0.3236619918482179,0.3076279356255168,0.26290842514201895,0.26460043905955966
0.3107543936298589,0.3002575307360619,0.33214476274759347,0.32085291098429597,0.3236186648620102,0.2997062492959334,0.2867308195437729,0.28783147698707606,0.25609723752061647,0.27371030036526994,0.0,0.33591752900448935,0.3164530355259849,0.24722620574983015,0.2948628226386111,0.3748194343786357,0.3534513208221169,0.28737062492486515,0.28362859526019873,0.28476453340940444,0.35588587570553437,0.370471284142092,0.29812431770900744,0.3163597642851453,0.33290325515675245,0.3147871920332576,0.2825372363084692,0.3304145277113639,0.30023553071714915,0.2619046288014435,0.2797692964784404,0.28930777029427013,0.27561765080831324,0.2754987675991017,0.2992311184869884,0.31220225296542575,0.3515898591732374,0.3051339370562352,0.34902950167597097,0.31088679747898573,0.28525570594884153,0.32740325494279826,0.2807226614055082,0.3539629982383276,0.2882442611452711,0.26308745580177806,0.20235597465803287,0.4009524509976591,0.3295948346053318,0.26435750295534144,0.3248924913986291,0.2757258538049125,0.21827020864312935,0.3474217309640634,0.35627118714183414,0.24577834293197456,0.3110157557614599,0.3913812990118598,0.2617633690700819,0.27182058893186023,0.31765300414852127,0.19895773463829836,0.29560891621800706,0.24090996951542207,0.2185105833235719,0.23915218710211986,0.31026785083513964,0.2583506753445341,0.27025320513115425,0.3176005721176807,0.3037556447348243,0.23744657289932639,0.2801158526810184,0.3484851344855874,0.3083926764423937,0.22649483402661255,0.3605182233602166,0.3219955597146395,0.24927982487077746,0.226476280562197,0.27382519153057977,0.2775293698409638,0.2767957782512131,0.2693100924926044,0.28305403379802563,0.29008914768418803,0.32388058559396926,0.2344846412194118,0.24172644357551062,0.2634686355860482,0.37089298292447986,0.2383854812243191,0.3411289102993349,0.2550833958105233,0.290920000612285,0.2929839288732733,0.21213895647983233,0.24934890166620113,0.21990763190745086,0.25245284581800215,0.275329926631671,0.29419741841936803,0.2448436157854729,0.23742033242446126,0.26523050276167176,0.26355018463861873,0.258983919816453,0.3227438165240982,0.2608824619934042,0.35057384988525137,0.37138878601008235,0.289584828381772,0.28941372452148956,0.29601936370368087,0.2668695969958565,0.3060861698040287,0.25540850955475386,0.2961052306181102,0.30738685961248885,0.26703069070100455,0.32377903965232163,0.2518136326725733,0.28435744456842266,0.3385838063905459,0.25171049925804595,0.31747104161447126,0.21570476132284067,0.3007518038054302,0.3051224318013323,0.2577529874113348,0.23181743839155297,0.32956492287613365,0.2712296102618908,0.29864190709474864,0.3635669692532924,0.24472357233552272,0.2403830915948659,0.28222529068561353,0.3157964000106929,0.2968037725521743,0.2537517275710171,0.29008948369225346,0.2682069261719989,0.2938513623795006,0.389339366087369,0.2344278641057136,0.2996144713927326,0.25774535289290795,0.286626102054983,0.23073972444518673,0.3551533397630112,0.24081147948400528,0.3692800118584776,0.2477723584367465,0.31658200239052875,0.3187170659183436,0.31305888899801804,0.32535602717400675,0.26969977301370995,0.26806498426321795,0.2363109984121986,0.2740428255604872,0.24161006961618048,0.4380513448472167
0.26500847407620803,0.3294276790352887,0.2870741157781396,0.2854824709032372,0.2563911206507876,0.3340806882929268,0.29537385234988006,0.3232442216343319,0.27894094943456704,0.2681445835019615,0.33591752900448935,0.0,0.2493566144988902,0.18944087039090007,0.27991134286823793,0.29263163516520635,0.2841809414561504,0.22166533081303513,0.3292703671153111,0.2671206750461626,0.3322856045521533,0.29660535598048376,0.27244816896911567,0.30033186373191856,0.337473162870784,0.25355701664280655,0.252018811636246,0.2561441872153462,0.25949185796224683,0.28668835303749357,0.32556086073432955,0.2648583356034231,0.2810523041907232,0.30000490523647666,0.2488579007334165,0.2755266873437071,0.29788703563228686,0.2708043318315315,0.3726298117355932,0.26543595304445744,0.304632793025221,0.3075739995422592,0.25216046656715985,0.3139263701578537,0.27724534234011183,0.2546397612638074,0.23708699260768024,0.29294455342190573,0.27284625954295494,0.2509635532578059,0.2955140124163536,0.28796411297249186,0.20582942607991586,0.31873890523194043,0.3135941327483731,0.26928446668727,0.29215854825795545,0.40303636117644404,0.2096811342527903,0.24768688250953574,0.2528354974087088,0.1916112457995827,0.25876435661026936,0.2130257576780342,0.2102422931712475,0.22166938408988318,0.24620226629852257,0.22798364360207515,0.20199767054316728,0.2675939784358192,0.2609693796648263,0.20690116526386518,0.22754348687040862,0.2775921296033765,0.2759693074560899,0.21126713962080904,0.2733108084047871,0.2992203116657003,0.24536832437289754,0.21132337099917028,0.24789547331423897,0.2836610248783,0.2974907860231565,0.2227749936229485,0.2716312132469675,0.3141733659643044,0.26663233479295495,0.21668557353030551,0.25470354642704024,0.2967799488692002,0.28761339007604736,0.2814118123833783,0.2776486988000999,0.24329891787801056,0.24285624581736176,0.36435338133525597,0.2121465337371718,0.3055401212080878,0.20344612125697858,0.23992297170285284,0.22638374491281663,0.2580086664304921,0.2483043772004846,0.30222168269449734,0.2359146541365598,0.2692725526669516,0.26370136551619333,0.3010839963215907,0.244358904543724,0.34919151306493346,0.3844314470927927,0.27787521786930713,0.2448928124040046,0.2743704932190151,0.23238598726898158,0.305159080531284,0.2513399538840963,0.2763369594989277,0.2850810073761611,0.23057563267672265,0.2573008879973942,0.25761336366189624,0.2523425127471526,0.3067886669076634,0.21942887512644368,0.34277391673093605,0.21163414630969213,0.31020044065945485,0.2955739734757594,0.2215872456575097,0.2534432474984332,0.2789675054347856,0.22257617953875722,0.2955739744586798,0.2936760852872736,0.20665667589506487,0.27450610601211,0.25277809981808647,0.2577238183662204,0.30227387899602476,0.21499023375871232,0.24284063884789375,0.28111446101081683,0.26982453745283014,0.3160536043721181,0.27662448005599916,0.4123252412284526,0.25024851041055146,0.3109901203201513,0.2197783762387481,0.30728753754603,0.24561794384224606,0.2791873342318158,0.25479689326418425,0.4028183463585107,0.2706139801577955,0.27494959905574634,0.34778742334888335,0.22477311363872218,0.2378039265721888,0.19446480923950174,0.25002394822120955,0.23897220081231135,0.32444997824376626
