0,1,2,3,4,5,6,7,8,9,10,11,12,13,14,15,16,17,18,19,20,21,22,23,24,25,26,27,28,29,30,31,32,33,34,35,36,37,38,39,40,41,42,43,44,45,46,47,48,49,50,51,52,53,54,55,56,57,58,59,60,61,62,63,64,65,66,67,68,69,70,71,72,73,74,75,76,77,78,79,80,81,82,83,84,85,86,87,88,89,90,91,92,93,94,95,96,97,98,99,100,101,102,103,104,105,106,107,108,109,110,111,112,113,114,115,116,117,118,119,120,121,122,123,124,125,126,127,128,129,130,131,132,133,134,135,136,137,138,139,140,141,142,143,144,145,146,147,148,149,150,151,152,153,154,155,156,157,158,159,160,161,162,163
0.0,0.8866033302179077,0.8368469796891826,0.7844004859145267,0.7928248858705242,0.847553097193889,0.8464816475893253,0.8261043368828251,0.870879359358138,0.8183062490882198,0.8654675335949871,0.8680617296956735,0.8990630647434614,0.802517008570118,0.9130140428407559,0.8399185593594948,0.8569299290967608,0.9568071670604004,0.8862107198224305,0.91921416760771,0.8608735905658244,0.900054307626014,0.8467320257363747,0.8617354444039601,0.9146940929888296,0.7908458180533738,0.7809509596359188,0.8368636651049087,0.7837471490199481,0.8597437562028633,0.8973799604995886,0.8999703911284653,0.8427204923083689,0.822617651975515,0.8900560540063521,0.8566017132853858,0.901110447684816,0.9040644804711864,0.8255008374027631,0.8512950940995238,0.8544419304636707,0.840592989757183,0.8874962436180023,0.8436914380377221,0.8854406160413888,0.9053324210740382,0.8357257004466211,0.8332687722941807,0.9213580700742289,0.9080049810889134,0.8911106193772592,0.859353523089093,0.7933487742391787,0.8442548765692327,0.8345586631138627,0.811842338277533,0.9257869871224255,0.8557748094179035,0.8210512544947091,0.9071784070041707,0.7890352900874658,0.7885013443620927,0.8546509459723637,0.7388270775094915,0.850534988730159,0.8301361802899209,0.814981675804604,0.86397848150621,0.856504696019208,0.8557510666705147,0.9127837122814618,0.8165216370929494,0.7909546166291687,0.884513459137418,0.8694824987459863,0.8551243786881216,0.7820019427916691,0.7696811673146753,0.8550701714273551,0.6879693694139556,0.7905327670085913,0.9077308166901752,0.8546798005336113,0.8252233435150957,0.8643993493457408,0.9351091650429512,0.7903170852864047,0.8622567479078251,0.8605660663153959,0.8042941085933811,0.8922503393611718,0.8418901820710588,0.8870175532878061,0.8701145535651076,0.8658082510040884,0.8544394094102813,0.7412394917185419,0.8101591071265876,0.736767040847286,0.8552718357227757,0.7935041456493521,0.7513693456581232,0.7650517898476612,0.8067275080965136,0.8740388600330246,0.8618446804086802,0.8001770839694574,0.8312520067651833,0.8795970544561423,0.8517154313662516,0.8425373015366647,0.8586842409328134,0.8607664794249866,0.7595651068525243,0.8830825439041509,0.8800732201121942,0.847467731287901,0.8874467141177845,0.7709745973675073,0.7742327994246275,0.8208520645477347,0.7469935868669682,0.854437364071816,0.8802476656484924,0.7835651486726735,0.8604537844507041,0.7839185296931764,0.838730495982749,0.8238970462901706,0.8668734897854317,0.8085596488981744,0.797608290522608,0.755855539148486,0.8428408483078635,0.8523656859651428,0.802429934680373,0.8910389478163413,0.8832862662373313,0.8409643664973089,0.9209103827365244,0.7768949677515761,0.8468304420353538,0.9028046570188529,0.7942742129629612,0.8611425865864587,0.8777371474101432,0.8890071762792684,0.7942486976177956,0.9016063018559556,0.6524958176161165,0.8775172407305232,0.8068647508833381,0.8717057239403179,0.8140964164473838,0.867118492262257,0.8905910536380064,0.8854882002913719,0.8222153588649569,0.7695140646257179,0.8104935298424805,0.748034870942844,0.8835791002106582,0.9345909656038133,0.9035317344008271
0.8866033302179077,0.0,0.847043268398408,0.8015650528681191,0.7563872250463823,0.857075450531413,0.8767686210009454,0.7878570266637367,0.8281333054896579,0.9057805760609591,0.8125361365832378,0.8852703595311577,0.8523291855297935,0.7877206406927152,0.888010074100493,0.7818101628999182,0.8228766575260702,0.8547954667720825,0.8518274089371543,0.8275119525369509,0.8293098147399546,0.9045154333548893,0.8426525795025798,0.8836317329802506,0.8916183043025432,0.7282860786870231,0.7829905303922687,0.8074086181823431,0.8527215438665712,0.8106336175866178,0.8425121221996035,0.8235752071461236,0.8720413575940703,0.7929241333420299,0.8266332108352907,0.8136293323750701,0.8231962241580779,0.7913602114409236,0.7906798898817475,0.876457118365378,0.8695532514856296,0.8626810766088641,0.7458074820563386,0.796045090238674,0.8418250974531135,0.8425552019947896,0.8150824605328503,0.7632999408497441,0.8650736231362561,0.7980941542638127,0.8125198512487596,0.8248643760659545,0.7841026013615741,0.8546924508171313,0.7837210572065938,0.8769883506540866,0.8244535027109718,0.8033326920553763,0.792986302828838,0.8646376324533429,0.7605014930645452,0.7020153278240976,0.7513526433188069,0.689593318204045,0.757019775151795,0.7299043800628702,0.8053157863083736,0.801705198598036,0.7390586244504018,0.7676803660252206,0.8194589599192804,0.7327787295289451,0.7100274127772538,0.8406800982043806,0.8245903238929799,0.7838138544354665,0.7270724820895949,0.7739721653010548,0.7495781030754949,0.66659106448792,0.7755818623396937,0.8474681813858207,0.8700389204724348,0.7566943537294651,0.7541332739668876,0.9161739623896366,0.6909523945228162,0.7262176762603125,0.8140093706862211,0.8574221317744304,0.8044838524973829,0.858277472482788,0.8236878577432013,0.8000423127962379,0.8207573454832395,0.874523911529938,0.6935107789547829,0.8379320660105488,0.6766677367797579,0.8584914611750648,0.7469377089308848,0.6613732685704579,0.6850158066895549,0.8234478245739432,0.7507611979651867,0.8039023976458279,0.7437667427257617,0.8539756276192517,0.8751185019073326,0.8951746329459742,0.8251159777730299,0.7352111447659627,0.8053483442153019,0.7052984082136833,0.7909659116606863,0.8961876942297566,0.8213949702719391,0.794326831263056,0.7742608029407146,0.7632342452887518,0.7524987408009709,0.671810249181139,0.8024841343856546,0.8612602683367363,0.7177031797573042,0.8637413339745378,0.7534831727321576,0.8131320352871623,0.8409767665542431,0.7947122027020131,0.8385960216068814,0.7467439211819444,0.6681106846424527,0.8165547252460883,0.8018567570573097,0.7318738941498846,0.8493945675235008,0.8439064424057613,0.8149905041504337,0.8249616517541963,0.7593759405509614,0.7904841121725376,0.932512374909352,0.7448087410041114,0.8056680248473125,0.7928336439997474,0.8720025026654928,0.8173546455365347,0.88919879333896,0.654228963072339,0.7654115426896866,0.8014796922496176,0.8290854111515391,0.8712182312572608,0.8688035809850125,0.825024892965227,0.8772635157309736,0.8396070724058448,0.7789676344270959,0.7224377099982946,0.7724459989601982,0.8207681538137586,0.926026367071941,0.8398899868676393
0.8368469796891826,0.847043268398408,0.0,0.7633968488426339,0.8725378638298016,0.9192008498820541,0.8247907629381186,0.7869254110792905,0.7171580115276388,0.8323884489408567,0.9146440655425606,0.8853894635337682,0.9219515768320995,0.6958921651995098,0.8273963697355765,0.9533177693397608,0.9275962081244647,0.808644774385687,0.7976359653095179,0.75715087995808,0.9402395246822252,0.9346074497310521,0.7648434361869025,0.8911509064176124,0.8307253933159877,0.8749769539525054,0.7197654462583751,0.7576139630138001,0.8350349575690268,0.8715026511568876,0.7414181150725434,0.8946201444726296,0.8082902644553162,0.7469616258611897,0.6924180855234402,0.7915624944562997,0.8905852910468474,0.8203147692379752,0.8232811453265924,0.8722606695275739,0.84008438081461,0.867866559738396,0.8483540460709451,0.8365318164604654,0.8059024211108502,0.8571350522434477,0.8712437248082856,0.8890719362755227,0.824343131537637,0.8287791650457715,0.8913679963404929,0.8933645798829029,0.7028072114479098,0.8661911510823469,0.8256128723008903,0.7947136050516017,0.8505577452978331,0.9251812298257933,0.6985308887454567,0.8241333744079303,0.786148266570396,0.7813301105444046,0.8692223278569267,0.6365867925691127,0.7135619757760107,0.7624282911677761,0.7734851299290832,0.9070270225609606,0.7836355633696596,0.7959485927153356,0.8901343577300437,0.6460768760228505,0.6987432903842402,0.9354569721815548,0.8532146573426262,0.683655057626642,0.8822736260323726,0.8937131955444507,0.7738503742637222,0.7891983009826286,0.8688102255058764,0.788179523863636,0.9062346793935165,0.7934203981408479,0.7974807623450266,0.8628915270941623,0.7388238163630947,0.6976772789428916,0.7453819459094246,0.7735129540120176,0.8989513453761804,0.6985338083654976,0.866967322317499,0.7566006494639229,0.7816720921197743,0.833816300665527,0.6835903962415639,0.7327800907765497,0.6091693668047768,0.7764722555368146,0.6699177808957302,0.7678126778546384,0.6627919014590189,0.7247331847789961,0.7249005651121074,0.920512646408506,0.8524380325676357,0.8094002793686961,0.8781111554403691,0.9147030649621667,0.8566974721412867,0.7623055845708185,0.8254160603022923,0.7169025475839602,0.7913631093652068,0.915985057694568,0.7180689027150263,0.8272789854547272,0.8501837477925356,0.6891135452816247,0.8304707908888929,0.717595301580604,0.7808942542885118,0.9158078432750125,0.6065150209142538,0.8888352882096813,0.7861810902728547,0.8981333475990441,0.8342410377121018,0.7885058823245804,0.7524576221660927,0.9352638309525576,0.690361198778905,0.7343836184933714,0.7876474632710331,0.7231983793589575,0.8435558042629369,0.788624920527681,0.7638407758247607,0.8276998101775183,0.6751974171829472,0.869136650196035,0.7939499266569797,0.730792174978805,0.878669317448755,0.7625962063815716,0.8928811327862625,0.8877722232005191,0.8321026762581448,0.6989975748496141,0.7165609483711798,0.6941111871646619,0.824687511500764,0.893789841271695,0.874613406621411,0.8119976358539048,0.8785276799005202,0.9305937925996006,0.6520543440378894,0.8224836917702026,0.7437186877410801,0.6855554415228845,0.8351318625537909,0.8737647575884282
0.7844004859145267,0.8015650528681191,0.7633968488426339,0.0,0.6909171209853261,0.8102004025148054,0.8199048172318754,0.7922404436228399,0.6922162144158058,0.7655847627864355,0.8315868888191148,0.8185188903958492,0.7849939911583108,0.7394207085834065,0.8162108977801388,0.7245197705670186,0.7604527250160962,0.7635322092254291,0.8330226380433012,0.6964274252332949,0.7842737622978091,0.7900758739302476,0.7704734658371721,0.7652716432764881,0.8171539163770642,0.778144848608117,0.752234827989935,0.8081170751683616,0.7747211118799171,0.6743065109963418,0.7763854362024609,0.7551647612018498,0.9438915534770438,0.792904128936499,0.7825840702482018,0.8512486110394143,0.7874155664726784,0.7701170263445541,0.7678957475275638,0.8099220669413716,0.8563638142949136,0.722817020470796,0.7353419622716281,0.8126595834683635,0.8053926440757048,0.7485330090398518,0.6605710722248483,0.7640242345207136,0.789278056076108,0.741233529590068,0.8325535443195404,0.8167529742730548,0.6878319274547372,0.9085366989204229,0.8568430794004865,0.6867567887408417,0.7600966858027223,0.8128595169422616,0.7321328634763189,0.7755259752642369,0.8253714987596078,0.6796808491510994,0.7942674585689059,0.6323927196797494,0.6843566213252178,0.7094749424578365,0.8220901325696479,0.7193717829387655,0.7303030601315429,0.8102984664988935,0.7602011825660518,0.6733931233972549,0.7932660492813509,0.8382523865732963,0.7910616392438321,0.6764711150429674,0.759026296653968,0.7131383551809505,0.7647322449871651,0.621558950520793,0.7138089734819705,0.8267900120347351,0.7094374578158396,0.7856858962896451,0.8019508932967294,0.7944703101299891,0.7695464193045254,0.7383037416682436,0.7497433095249655,0.7039948718995094,0.8181210058187763,0.8105303318308585,0.7762269015479699,0.7268119228433548,0.8372113454345042,0.8168656221101486,0.6974701220247732,0.7947157825548365,0.6447438964799067,0.8452964916983632,0.7270277763726926,0.7222228178694937,0.8556233936589824,0.8248974302436749,0.7895036189311083,0.7149010119300531,0.742442934892039,0.7509341450682703,0.7612011863240032,0.7385360007196848,0.8617660355980368,0.7719856341552382,0.8827105834668604,0.7316487541457987,0.8057222961988131,0.7855799747413055,0.7332936748795865,0.6993975182082627,0.8490696207257663,0.80436516511102,0.6711628577588529,0.8202586591489189,0.7275584562004119,0.7814810383694389,0.6508109734758357,0.838674335143773,0.7497894808475648,0.7435054240172186,0.851698480902222,0.7255045477254671,0.6549994122288136,0.702684788640544,0.7152546012486798,0.8306130395525585,0.762347520325744,0.6291982586301409,0.668436039924375,0.7948420691111786,0.7713315205791675,0.7621532462189468,0.862438145238524,0.7008103160598508,0.8277847943943114,0.7904996892844796,0.7700707239600015,0.7679182726774043,0.7469539389872362,0.7075369016981753,0.7390469578179057,0.5925404605191186,0.8264840407117787,0.750928958549684,0.7615753783533583,0.687011317869396,0.8623261378676143,0.7692745122492477,0.7751836684627899,0.7764780936009767,0.8694974177422109,0.7759473077281226,0.7042683113943243,0.7536909195094802,0.7833576476998442,0.7911159727778484
0.7928248858705242,0.7563872250463823,0.8725378638298016,0.6909171209853261,0.0,0.8009946508752777,0.8574888110688251,0.6373650095322639,0.669746768865044,0.6991303728561776,0.8809377836033064,0.8332908883134789,0.7752528260645,0.646865517497481,0.812538875950102,0.8718553009504044,0.8382687308833731,0.7422810841500358,0.7304578630178303,0.6898013641590202,0.8920126198779689,0.8726933175220781,0.7383670040951367,0.8858771758565611,0.744421009191028,0.8616292131922569,0.6338201179901495,0.6420797744039018,0.8202118170269773,0.8637073355471908,0.7035087868836126,0.7851206505403963,0.7472316991224338,0.6776541071543233,0.6984945468932383,0.7487194552995381,0.83549235457697,0.7674255997748431,0.8203805977342762,0.8217654143294639,0.8199986753506395,0.8197716545226038,0.8215684756933906,0.9014162881955546,0.6842658171716826,0.7461565481109109,0.8809257679509261,0.9150457663185758,0.8231804672489774,0.796679085254965,0.854287932388884,0.8533457477988392,0.6558031890817001,0.796540741394674,0.7905138016223341,0.7314290035793838,0.8011147666144466,0.8597377696879505,0.6449004858968548,0.7335676168558755,0.6321828979921005,0.7201819018067726,0.7946578070390675,0.6368508877141216,0.7053299572011977,0.6602365877311746,0.6674757425703817,0.8746765753207634,0.6921188982996294,0.6779414373529761,0.8544992954098616,0.6536671210333809,0.6324116211484566,0.8120944429360876,0.6961841681685257,0.6431681553601685,0.7993239860670694,0.9516880443315726,0.6877812960563987,0.8513654792099065,0.805183608403837,0.7407810068593851,0.879050072579697,0.6626838504453245,0.7488642666870617,0.7534950535339164,0.6428437931332561,0.6555815572928485,0.6206463249336415,0.700000317218562,0.9193917843214855,0.6788514602151947,0.8830786070756913,0.705530915011109,0.7561205385692704,0.799185100680628,0.591181477827011,0.6619386389836598,0.6741460436895795,0.648439535562031,0.678265607478449,0.6595777362436863,0.6443277474435896,0.6748826318184983,0.6574828835586365,0.8174509679926226,0.7097642234948253,0.7102519852013184,0.8168103050986563,0.8689076255756883,0.8492637086255471,0.7925536160750616,0.7084907246716422,0.6149834886012286,0.724053907886461,0.824007560989048,0.6503568015900744,0.8263026932709435,0.790921240749079,0.636576089751571,0.9361925217147963,0.6335802154973931,0.7618015752369423,0.8985334311478093,0.6675655363421149,0.8203210712882983,0.6886332088303755,0.8240875255627214,0.7364894006037157,0.7543201995260046,0.6564494265030437,0.8337332687827513,0.6113207020389291,0.7395956140805117,0.7325609897839686,0.7818543017347348,0.8238437925877891,0.816656248830202,0.682747148041249,0.7910530448075057,0.6220502051324038,0.849380245643203,0.7254529621958895,0.6864891755324213,0.9022907855453802,0.7445717112367989,0.8841273471527384,0.7880147619401796,0.7370073844759544,0.6606098797908162,0.6811473574881004,0.675353380968749,0.770712193642166,0.8180265075135551,0.7988596107736156,0.7214857523877547,0.790614173233689,0.859126069320046,0.6553820454118334,0.80229758734272,0.6569732546467045,0.7017347351332638,0.7561482097745394,0.9237919398699129
0.847553097193889,0.857075450531413,0.9192008498820541,0.8102004025148054,0.8009946508752777,0.0,0.8163363783754202,0.819288562618576,0.7475168160085631,0.8347814111194903,0.8610410626374146,0.9110673518580527,0.8852902271936739,0.6703601387657868,0.8117646189345935,0.8834383073151081,0.8743062018304012,0.7772564073797764,0.8599518017989991,0.7356646925744362,0.9034761281499383,0.8659135336086337,0.7397610885559343,0.8271549979524356,0.8642853982294115,0.8122955726755101,0.6843955940801317,0.7693382484477456,0.7965859071460962,0.8604596323105748,0.7847201229391506,0.9042842346075515,0.8492559391139699,0.77595691496558,0.7057109963348708,0.785646073672734,0.8692888927944986,0.7857890197982271,0.7960026073407553,0.7967121658277782,0.8328528172840425,0.8663299599269781,0.8150223310003616,0.8415153730230136,0.7947366442029322,0.8353914021290002,0.8400116509343862,0.8403849675020731,0.7866344569884881,0.7855348319616924,0.8864199044517987,0.9118852681550831,0.7191576456933005,0.873504675558031,0.8130140471513327,0.8397144341357753,0.8308746324077979,0.9382470956660955,0.6661766032017564,0.8011466768058844,0.8098206507101192,0.7951992150720018,0.8828047878681529,0.5903481136041933,0.7093761456714787,0.7662179025326079,0.7487879816407486,0.8657990297426296,0.7268287238830068,0.8198364966272331,0.8659455544453439,0.623837882011751,0.7137119252446223,0.8922044816520188,0.870487988490487,0.7326269291564178,0.8225486067884374,0.8308991555495493,0.780950713172917,0.78661789498674,0.8983306004822006,0.8222644375381023,0.888376785902615,0.8056130521898359,0.8121064145871195,0.8571761753380207,0.7802542606433878,0.7033792206401035,0.7975348045790587,0.7814985159028566,0.8726669919861938,0.7757925201125206,0.8299590423831243,0.7765328954098449,0.7671850106658792,0.8718510180815465,0.7107378445714172,0.802425668583078,0.6156316954985481,0.8114371615907643,0.6606702010653546,0.7578372026569419,0.7138000785637199,0.7825880644898039,0.7569918869029626,0.868726383971062,0.8337838149820096,0.8076582343526242,0.8266647887456409,0.8726810298303452,0.8745523285075605,0.7334237622754772,0.8848032340123463,0.7172165415346976,0.8025254610636673,0.8953300887442854,0.7889614963484816,0.7640836220391174,0.8585414519747869,0.7406447330388445,0.7439178542743432,0.7710367796774683,0.7816262712949571,0.9141669720814322,0.6207396406719089,0.89757145185172,0.7975657596111301,0.8539975529786354,0.8411801742675123,0.7231002084402198,0.7853006779359941,0.8931863235242548,0.6887895542693011,0.7738925403797444,0.7524396645191899,0.6873772562196978,0.818352164328591,0.7433483113343682,0.6959064408191913,0.8227550803730928,0.7313399360458942,0.8292092085626577,0.8223543039360875,0.7310675892426843,0.823509138940771,0.7702239702419419,0.8783175029796723,0.8701819017168669,0.8240250880848283,0.6735059046426154,0.7551723473751764,0.7551716428807232,0.7678981911315633,0.8027011591305862,0.9168061782750795,0.8020436960585344,0.8266513565615184,0.9341744114874897,0.6754122630150146,0.8322874296294006,0.7416843910985482,0.7517229364813656,0.8751512796089053,0.8387279226965763
0.8464816475893253,0.8767686210009454,0.8247907629381186,0.8199048172318754,0.8574888110688251,0.8163363783754202,0.0,0.698656549120526,0.731489003549799,0.8330718534482444,0.8473601955652817,0.8840480362418247,0.8090205129378748,0.7341277514663593,0.8928300245407547,0.7876773929136544,0.7999556277524499,0.8002522569190744,0.7909822178294664,0.7216506841018211,0.8379707385748982,0.8700686001882508,0.872937426346971,0.9054470061558416,0.8618283345770593,0.8156876687006224,0.7380625992036438,0.7277667208675908,0.8643412282948109,0.8133915535085912,0.7982800554428477,0.8020926110016411,0.8688715530046958,0.7864982120824048,0.797346319924013,0.7975509055764745,0.8615461034556081,0.7453420060410239,0.7976384403805908,0.8983801615219664,0.8571700917060179,0.8420511269758867,0.7738590750864236,0.8865565860078573,0.7769111566675633,0.787730972899567,0.8431826369179478,0.836613876537906,0.9225669591765443,0.768017275636509,0.8542454843935088,0.8363610634788375,0.6870032902944576,0.8501561417518553,0.8249479557625482,0.8188050270217736,0.78380740920173,0.8174441277613249,0.7557846193219317,0.7856338806539593,0.6828584056012841,0.6821700757792011,0.7437759795051205,0.6565612194244129,0.7156707111017856,0.6705578577429118,0.7839548409940892,0.8490077728672967,0.7075911011110309,0.7228961661259631,0.8246224630887325,0.7073402047837124,0.6856657404476805,0.8364983050630175,0.7069642716158494,0.7369372733525387,0.771086361220958,0.8828229908567597,0.7053392129658289,0.7325579642855382,0.755524039601685,0.8073741929681634,0.8700515515577866,0.6793408263793116,0.7491759704550847,0.8065548555069274,0.6706297307454735,0.7281401736746034,0.723905988706588,0.7844514848366781,0.8788151674007769,0.8410739706507763,0.8535431302671298,0.7353036139211334,0.8118935190860257,0.8941967164765493,0.6016288875626025,0.7890450805800358,0.6912576035815879,0.7914746948184015,0.744760623821134,0.6551315322036521,0.7487798185071007,0.8054473112302994,0.6943722338095145,0.784347241440567,0.6969033196058904,0.7891606095036836,0.8664425686665145,0.8941112406909847,0.90017139687055,0.7733060380079391,0.7892839899160332,0.6441900918495169,0.7555049517775457,0.8514374325806457,0.7389378152532048,0.8194963106209652,0.8123481827372724,0.7308997675541791,0.8036440280386258,0.6689880919634311,0.7775834040962267,0.9029964274930984,0.6967733973125154,0.8735655697416383,0.7157163278328399,0.8153233464953831,0.8019875841120376,0.7795400946904735,0.7155817590171752,0.7195078992843811,0.6322981873606106,0.7776514818128613,0.7493597761180781,0.7263862320547078,0.8151712455539355,0.8862178543447106,0.765421851778184,0.8045577060325825,0.7394290434702623,0.7870149374691062,0.8579614027707284,0.7083347635457573,0.8656192807913089,0.8463700775995244,0.8553862934561034,0.788912227391009,0.8062679433755784,0.5924485240588073,0.7489452257003752,0.7518433158061879,0.7660930104485153,0.8589732368472993,0.871727212310778,0.7810961534471388,0.8397980740458798,0.8711076210842187,0.8081289734066869,0.7996171456132242,0.7295634161473465,0.7898984582329361,0.84854531800984,0.8826977973351805
0.8261043368828251,0.7878570266637367,0.7869254110792905,0.7922404436228399,0.6373650095322639,0.819288562618576,0.698656549120526,0.0,0.8318942113846215,0.7924304586527678,0.7856539426617645,0.8168191455541272,0.8768975693211092,0.705285622306969,0.7977116448555945,0.7804720397808972,0.7387980037423425,0.7991336926776791,0.7988813534841912,0.7973333916162509,0.7478480519176228,0.7960752508347142,0.72869236557759,0.7239222338568141,0.8508534928298364,0.7408322575262841,0.8152362416187274,0.8064716269291171,0.668333559647057,0.753044813360738,0.8634608146689041,0.8267336679779282,0.8047615326825887,0.7902818347996521,0.7258437253251007,0.7861394397009571,0.856475194388623,0.8258831084504548,0.7798345979646144,0.7265468770023819,0.7297065906705518,0.7327469517323396,0.7925659873656188,0.6973588457838831,0.9299918369450907,0.8356889608834838,0.6729061134969534,0.730172419552091,0.7444563036663129,0.7588578744370781,0.7793735774737128,0.7314481175091904,0.6529031444613689,0.7855881609010313,0.7822059288928433,0.7444916507622157,0.7763761874753676,0.8276089483282543,0.6817959405252313,0.812622706970757,0.9222822089327093,0.7411001111181661,0.7874775025097811,0.6204523410532999,0.682817830705443,0.7826895049437049,0.8638364941759936,0.7746504646207685,0.8009416072619552,0.9629378127659547,0.8093215402045151,0.6637108838823621,0.7357266895876045,0.836692767245936,0.8715897924187037,0.7184144338454195,0.792079940298993,0.6626571652059343,0.8485930127875483,0.5813964656769043,0.6849055134366179,0.8374703288113636,0.7575835588895096,0.8667167634784719,0.7538602000591341,0.8904182300641024,0.9322241953746242,0.7875207766494859,0.8847894180042141,0.8326815637691012,0.751385055186675,0.7562482195583613,0.7210585214469335,0.7263463687671218,0.7172479536582033,0.8080511284717026,0.791355484658829,0.7637571014957442,0.5860633105043007,0.851447518100312,0.713752575184924,0.8791012198087836,0.7346188317943333,0.7646612493979017,0.8226903446147317,0.8015381329446591,0.8044593533233704,0.7695815091543435,0.7420785466091249,0.7326503118600156,0.7363164101345637,0.721093826024141,0.8444280807293956,0.8581321892990064,0.7881595108032127,0.7864701805549922,0.7113903672136667,0.745035371839698,0.6855321105221766,0.7614448118343432,0.6450588822727814,0.8864615168729222,0.686178028550081,0.758918956666846,0.6037253413437663,0.8147541233764286,0.7357154987003206,0.8494465296541391,0.7618803081209272,0.7578113539202053,0.7865471221455685,0.7623926798673071,0.8559633572113675,0.7529572685290101,0.8072969490066868,0.6154553952695567,0.7494197927099192,0.721239995284643,0.8025873605348385,0.8586390795304657,0.7605896329625214,0.721174688025326,0.7863182348932659,0.7513366198073044,0.7488100744283765,0.7696869270087088,0.792573409890241,0.7416387001885683,0.8100179834376997,0.6036819944566973,0.8520170101640461,0.6646196915434539,0.7649024528442003,0.7353363001400901,0.8249458036522886,0.9222815107392245,0.8149141178509107,0.7774181366176587,0.6765376109953138,0.7146824818349593,0.6619974264648869,0.6898777074542963,0.8647548602404433,0.7354057165460613
0.870879359358138,0.8281333054896579,0.7171580115276388,0.6922162144158058,0.669746768865044,0.7475168160085631,0.731489003549799,0.8318942113846215,0.0,0.7630199837632765,0.7289265998174059,0.7903657848603333,0.7703521045848926,0.7312566001581213,0.8137783024332179,0.6985613518285229,0.6824307090409546,0.8158386275519799,0.7663966139684447,0.8287807621126401,0.6986706906691489,0.8139352661434796,0.7426998696000076,0.723160571500215,0.8305654781039844,0.6406175748358275,0.7860213235301682,0.7286232910364292,0.6577017907116965,0.8019012743251502,0.8953297720302588,0.7539477682212907,0.7370760034972795,0.7120648859498317,0.810837239129671,0.7375723896040509,0.7918191367177373,0.7841970229588526,0.744524515893362,0.691328878958559,0.6948452034408734,0.8071361222984431,0.7207852772583503,0.6854660114127359,0.8156575022780851,0.7477794339496695,0.6998952656371146,0.6781142352683123,0.7620073601512292,0.748123386926753,0.7134595703650369,0.6790224174968237,0.6774397724580946,0.7092873312063,0.6933730824617722,0.8220851441454674,0.7471046057146253,0.7521536936450249,0.7001084706753308,0.766871103253982,0.7291090138926107,0.6718613230653665,0.6840971231082337,0.670245100746302,0.7246705789652832,0.6798164793663882,0.7670217447894928,0.7525802090578309,0.7495201398747006,0.8318727197987555,0.7834345130233735,0.7073054499975608,0.7043124511933154,0.7287551661461936,0.7717661572416847,0.7303975251633483,0.6668361774091748,0.6474587378158769,0.7097001708291554,0.5555911143536533,0.6325284710099321,0.8673348314308583,0.7840205893378351,0.7061803067573406,0.6895143744131977,0.8636699328400893,0.7792076830949903,0.7693491455778333,0.7872737787467621,0.87407058677203,0.7390581611687673,0.8357313431094295,0.7109720113047774,0.7032996973056207,0.7346764852715714,0.8066744203360439,0.7059612840347518,0.7535002993194546,0.6853880663349544,0.7501214268683836,0.7201535075654355,0.6934328638660292,0.6690795392437374,0.7469101183491932,0.7679401426481514,0.7124262240427005,0.6513489482957036,0.7529410964386567,0.7021117962257288,0.733699714513615,0.6947925455356039,0.7172596306002874,0.7385519165006136,0.7797273270951859,0.6978795636118873,0.7589435739864283,0.7067279540207786,0.7612645513748785,0.6112942125433838,0.7685464520719126,0.6789313709628692,0.7112376965386458,0.6961486606187437,0.7281284144677057,0.7451341931785209,0.7256527531310877,0.6833382888195139,0.7700178636045972,0.6686400581314131,0.7346246807241249,0.8768401620252348,0.6826998273264462,0.723780532435863,0.8153957813916052,0.7758264148498811,0.6686673529725845,0.7752644276342867,0.736787133369178,0.7477497464947239,0.8306988089047843,0.6983173783420997,0.724998288047159,0.8371855813396922,0.7498752378860885,0.7178118496367122,0.7862927689165679,0.8399227689006092,0.6692077204072157,0.809934540578534,0.589766223085615,0.8081956793998222,0.6880593256937546,0.7767995928909225,0.7427083029040912,0.752223790959338,0.8624838763855889,0.7753175476064016,0.713222605486893,0.6866342556850844,0.6391627414980456,0.6098367053211479,0.7790738336002698,0.8960327119769851,0.7738768740406802
0.8183062490882198,0.9057805760609591,0.8323884489408567,0.7655847627864355,0.6991303728561776,0.8347814111194903,0.8330718534482444,0.7924304586527678,0.7630199837632765,0.0,0.7713986207754082,0.8386107256033758,0.8567728272854243,0.7461536467757551,0.7950914551848073,0.7788228259665578,0.791616014815844,0.8166544091755663,0.7756587887821945,0.7470876536955386,0.7568167465145191,0.8174009412359778,0.8513301042785171,0.7872378805925846,0.9157485373025547,0.7123307117554408,0.8146880793620023,0.8081047080812088,0.8394278987001877,0.8012002366035863,0.7807291316353467,0.8297065504192167,0.8080324807501585,0.7822293785565019,0.7395348050530776,0.740384595004901,0.8182140037022275,0.7417256626610234,0.6951927704935253,0.8186076328171353,0.7655760541760955,0.830987906510551,0.7217109750126749,0.7264847387685099,0.8203532889863746,0.8034503669395726,0.7914295977453492,0.7233048098594477,0.8358666117428468,0.7080871051508042,0.7502637473401322,0.7569761748234092,0.6827523902199943,0.7649248590970252,0.7488845760742074,0.8632795742786101,0.7310108842202259,0.7857353744933327,0.7530351434610064,0.7775867644612866,0.7356507467887804,0.6699243480254644,0.7110884975164753,0.640686650885316,0.6518499011908746,0.6818561110380501,0.769404632479477,0.7904860093189414,0.7703567522878215,0.7858926009208252,0.7442064961743311,0.6720304595898101,0.6748913403653561,0.8045459437252233,0.7917955307277496,0.7701769371603465,0.7142844023134256,0.7572791729782408,0.7189437301701619,0.6461497698989976,0.7490729171246919,0.735961667461152,0.8344347459725873,0.7590350186712594,0.6965478164354715,0.8459426681048448,0.7004104868607527,0.7158798448907676,0.8479792460422555,0.7973094770440632,0.7623106410714272,0.7898426749791121,0.7570092711656081,0.7017786226136163,0.7188211810149361,0.866154364508327,0.6164780524258695,0.8327337375995445,0.6025730886629392,0.8421384213002533,0.6806672375964516,0.6700543603423491,0.686911415581576,0.8459965537062281,0.6964421337316559,0.7873843194530625,0.7168582335309646,0.8867154130522535,0.8252766670933663,0.8332220116345666,0.7622676653933871,0.6603892339354781,0.7868378202223449,0.7288368547567406,0.7409561890995973,0.8463079536547439,0.8024497871939935,0.7780633306572956,0.7630260057694485,0.7676114918579281,0.6600700082781907,0.684408724139868,0.7310528067175404,0.8047819583928598,0.6131940959117796,0.8495667950230574,0.7029810379663175,0.7776849985682095,0.8243365948521196,0.744812786673815,0.858289692839016,0.7079201050838267,0.6584227899756864,0.6801717172123374,0.7028407176835025,0.636784364126188,0.8112634163106502,0.7612725533594008,0.7962113142179046,0.7652652806369656,0.7499639064640751,0.7530640194953265,0.8158969990619109,0.6696622664647143,0.7534119027404266,0.7954615900251379,0.7712126374448509,0.8161014860255236,0.9067038749098633,0.6308971643253298,0.6972998467107009,0.7593499835183095,0.7225963641782366,0.8591577035426613,0.8552791821992783,0.7808915404319497,0.8170558664037615,0.8371970524091502,0.7228984481641919,0.7207953139643376,0.8034802231190836,0.7518506660609203,0.8806876502281508,0.7393671575152378
0.8654675335949871,0.8125361365832378,0.9146440655425606,0.8315868888191148,0.8809377836033064,0.8610410626374146,0.8473601955652817,0.7856539426617645,0.7289265998174059,0.7713986207754082,0.0,0.8950177094226353,0.8872178630193533,0.7372803417214545,0.8613565578207566,0.9272122377171047,0.9010575708759335,0.8299584536842723,0.842836151651813,0.7815692738346065,0.9205667914766341,0.928096364219837,0.800789929967972,0.879798982833681,0.841773534404393,0.89563489123586,0.7601748286886517,0.7947253101958832,0.8536441745341937,0.8454626217217694,0.7886476972721009,0.8756649155085212,0.8449683661922904,0.7803021050902967,0.7748501269374465,0.8682955390382942,0.9140027376080637,0.8955622157048725,0.8979970663287984,0.8695533873742547,0.8670424603967364,0.8145892198547574,0.8815405195415704,0.898087200305413,0.8191992878909001,0.8166278932805865,0.7803630340453215,0.93998786402216,0.8838873015980199,0.8638756573835287,0.9223401947273263,0.870165086799265,0.6918178077992908,0.907741506678309,0.9263231296693966,0.7137666340086222,0.8810158505771827,0.9431053915596934,0.7204522475139679,0.8380168907027049,0.8042924266761636,0.7615053063311621,0.8787149238591604,0.6900602435830107,0.7325080414931512,0.7491273694396531,0.7998552793832185,0.8548535578945348,0.8158004167594483,0.8369582569664564,0.88428314283506,0.7102194975990578,0.76014382760375,0.9276123165202518,0.8449869022316193,0.6837471288570247,0.9022433824943475,0.8712472355165076,0.7956663477118973,0.7555429529572881,0.7892945919302295,0.8235497469891929,0.8388837590366207,0.8091378181734082,0.8540460185186223,0.8475400017187388,0.7938228312282896,0.7557842251689371,0.7281868923040343,0.7364107811668726,0.951299351578734,0.7235377899686565,0.925115713387167,0.7744759933663434,0.8430259353579703,0.8388693739918923,0.6949965524332271,0.7181103765097481,0.6767603200821414,0.7612033462652855,0.7657168703303158,0.7981343745526301,0.7370715597722833,0.7415067558936004,0.7863184548186716,0.8475617187268294,0.8170073036119366,0.7802134828855558,0.8334821475751235,0.8559041225122725,0.908103788758348,0.8667361607914282,0.839623602955288,0.7817753731476048,0.8229807118623743,0.8665200689912125,0.7049383784763318,0.8842047257529024,0.8512982267096166,0.7322066145147863,0.8712429055057107,0.7706453114537778,0.7939384436590425,0.8939289444992997,0.6816075441571117,0.9017928061674563,0.7605653314894474,0.8817725499124368,0.8465017837104291,0.8105043892881374,0.6946922190616862,0.8746922120507764,0.7701342726808571,0.8282395908652778,0.8474566490524764,0.7390289037841253,0.8055397036970129,0.8501767088751145,0.8078780390653033,0.8807374369299107,0.7256026160371533,0.8846498150776573,0.7992489834074612,0.8055734355581492,0.938540067660207,0.7856819033562487,0.8746833835138262,0.7952489376340117,0.8085706226942337,0.7004455132996508,0.8172811240383762,0.719703927519616,0.884346392788098,0.7923519264068576,0.8740295874920935,0.8323242791091696,0.8936300508657248,0.8642879748297668,0.7405846235446336,0.876085894600533,0.6792147449151502,0.744034527599907,0.8116351068513658,0.9447020550764637
0.8680617296956735,0.8852703595311577,0.8853894635337682,0.8185188903958492,0.8332908883134789,0.9110673518580527,0.8840480362418247,0.8168191455541272,0.7903657848603333,0.8386107256033758,0.8950177094226353,0.0,0.8489355908669821,0.6662600348413893,0.8689487173631879,0.8636166755971276,0.8414592423065202,0.7813772204540927,0.8927830082491999,0.7846070107389688,0.9050890159475019,0.8934637510162134,0.8415526968823165,0.9020825749995479,0.9287529584180186,0.8295022583747583,0.7354424880868642,0.7763718247463208,0.8139093670370177,0.8787067957175607,0.8602932105554354,0.8596199104822195,0.8503992001021504,0.8602087148384412,0.7754811752126424,0.8260614740385324,0.9034461022277811,0.8019683834274397,0.8704657145357108,0.8269262364486265,0.8504911150081984,0.885459816423058,0.824795799681266,0.8783258762147879,0.8458928647476517,0.8190580327461734,0.8216512289052668,0.8701526467091767,0.872075873482932,0.78975423422791,0.864074459271577,0.8684382724466809,0.6591303222881493,0.8777834547991985,0.8435030436279407,0.8437919209056401,0.8306317417701513,0.9343731300790559,0.6809780592908998,0.8014182761066749,0.7644378428712348,0.7022302499911518,0.8048518960236164,0.6412648421874255,0.7010529114280937,0.7103943612024065,0.7797458501121767,0.8403547272330463,0.7169941363858024,0.8168906917584671,0.8509781363087637,0.6560471893086257,0.7015450455066969,0.8673654450295085,0.798887056909225,0.708152923157902,0.8101966161900935,0.8494775782315502,0.7818309095982924,0.7238381296277492,0.7785369261481387,0.8505756809302228,0.890192635828123,0.7487819242417079,0.8052371692195808,0.891422428724202,0.7816922919915009,0.7061739883247008,0.7667595973844654,0.8461595088310118,0.8794820948379588,0.8298592138726414,0.8376191588870395,0.7483264965238592,0.7577585376110744,0.920124026174223,0.6725596324965986,0.8497902899294534,0.6494803528419042,0.7921214520289893,0.7120884746027495,0.7489434859454296,0.7493438027323982,0.8389233013686656,0.7368503067982997,0.8459492071471733,0.772608171609136,0.8527299518669275,0.8182948918846791,0.9262872879923962,0.9287950322523654,0.7946392259156251,0.8149716826990239,0.7228538241491564,0.7678378148932841,0.883176539181448,0.7569227869959395,0.8397134833114989,0.8256107525775715,0.7319207162747755,0.7821339944604948,0.739728008673498,0.8186185523363131,0.9057994375600851,0.6611279778548215,0.9091575432820534,0.7256261293313732,0.8887386057032148,0.8531626197237918,0.737903667151411,0.7820053624340555,0.81343489922541,0.6864124813832695,0.8222439266215287,0.8270610204559813,0.684701870798182,0.8634677113529808,0.8139572800417457,0.7787457837776357,0.8824689218934743,0.7140166828115653,0.8149365645993513,0.8404551455610918,0.744267938048804,0.8916488559896552,0.8473160718011294,0.9243187836035429,0.7904337161695657,0.8814526372139313,0.6635735912337702,0.8193701924845961,0.7166675982921094,0.8197411982023574,0.8350827796685479,0.9643263708917523,0.8474965329862696,0.8587082489899217,0.9187090134946861,0.7128417648110813,0.7791471915663475,0.6676100164840763,0.773169352688681,0.9069420844217447,0.8985022847091272
