0,1,2,3,4,5,6,7,8,9,10,11,12,13,14,15,16,17,18,19,20,21,22,23,24,25,26,27,28,29,30,31,32,33,34,35,36,37,38,39,40,41,42,43,44,45,46,47,48,49,50,51,52,53,54,55,56,57,58,59,60,61,62,63,64,65,66,67,68,69,70,71,72,73,74,75,76,77,78,79,80,81,82,83,84,85,86,87,88,89,90,91,92,93,94,95,96,97,98,99,100,101,102,103,104,105,106,107,108,109,110,111,112,113,114,115,116,117,118,119,120,121,122,123,124,125,126,127,128,129,130,131,132,133,134,135,136,137,138,139,140,141,142,143,144,145,146,147,148,149,150,151,152,153,154,155,156,157,158,159,160,161,162,163
0.0,0.2944632037763663,0.2741850328569345,0.22849140756670305,0.26351683665445536,0.2621581811885858,0.259947211494344,0.29763119205419747,0.32246367512521,0.27683489124037275,0.3080721277839411,0.2694809829023305,0.3589639058457676,0.24992880117414487,0.2811731935950268,0.2943053702788832,0.2985494049554174,0.4082106362966545,0.28722290776433845,0.390545809332341,0.31266550753920797,0.30081356941858617,0.2791380739006791,0.2713588276609353,0.35744351219101006,0.24106282374906035,0.2306493616895421,0.2836446025440141,0.23070923705351404,0.25623935105659446,0.3171131909538364,0.3231752030557588,0.2416065039398782,0.26690949274952436,0.352835229031399,0.2888158446211025,0.3612759109854873,0.32872508520210225,0.24195938549425325,0.31027560139666055,0.2671246858541845,0.2926818512008836,0.32183228810032993,0.299653566218567,0.3044100666542083,0.33803673505725074,0.2723653572716171,0.3024055137728706,0.3711075294119189,0.3513297129400001,0.33470445213700667,0.29338417914054943,0.25539574465698367,0.25392351909922006,0.2783796144725988,0.28446068249894624,0.39628151711592097,0.28631714408788667,0.2869287100519437,0.3071573375117555,0.2582026743464012,0.2277243945381082,0.30646943009369615,0.24446014661179308,0.28038380075808933,0.30200764991527096,0.2779857667909528,0.29527264715225426,0.270643906758661,0.32966059812260073,0.4067987115258444,0.28272429778402003,0.2960460641435559,0.3058803846475971,0.31043814731585034,0.30815136189742653,0.23630237803495288,0.24491784453383597,0.29353236827118956,0.21574030059863894,0.2775873216198629,0.3442153995867885,0.283811539988426,0.281120552244117,0.3085328635874063,0.3679807328969795,0.2987353469708326,0.3148694543764178,0.32352720955053665,0.2601737178370584,0.3458619472174046,0.28759705239156164,0.3368049365282036,0.3243039194304416,0.31380707768906746,0.2631351022951864,0.21339515948028837,0.2651838827979306,0.23530513004252165,0.309004714994487,0.249023658867733,0.2556047772657247,0.2496066452830233,0.24880604333761502,0.35096996066961567,0.299283546924198,0.2701497792516989,0.29873603034473617,0.30706047510933837,0.2949850153442016,0.2848047671339283,0.34376918955847824,0.30956941164726204,0.24543844176989266,0.31099219506029774,0.29772191391412317,0.30917157894661995,0.31775471698742536,0.23882996470429366,0.24400087397211054,0.27832114102554595,0.23516054504984507,0.3050160308184175,0.35036070480807163,0.2701172217373511,0.26548092674061186,0.23071728725581575,0.23576219879753288,0.2562568746852618,0.3048833990421765,0.2494774847881561,0.2580863418767849,0.2374896661148083,0.29744654755917327,0.2865761626651891,0.2657195965455549,0.29375175356239697,0.3002751915980073,0.27884507440345746,0.34548062785238837,0.2274258951421978,0.2668023749505195,0.33033922327332477,0.26927976291478634,0.31363983943948004,0.30659982203767,0.3006459809755666,0.24054137690774624,0.3564962673666329,0.18341100344883482,0.37319972202708723,0.2729479854908317,0.3044730157088296,0.2225724400919349,0.31018916762434656,0.34328715369866547,0.28214015521448543,0.2709885519220506,0.2446707351266518,0.2877271415248012,0.23947662501562336,0.3285429767922671,0.22295131974140125,0.39373433394516566
0.2944632037763663,0.0,0.29655345405232614,0.2677263047673478,0.22200323888907703,0.32446701837284825,0.27923798338273936,0.3415097666952967,0.261320017814446,0.35672103175372916,0.2893289755688298,0.306067995278757,0.29782614193470414,0.2790313001328701,0.289046804939937,0.25261135800296874,0.27202015860521433,0.27040003912433086,0.28200262545503185,0.27369783833096617,0.2807701028643668,0.33831708560978613,0.27899442671183716,0.2780212835284217,0.3143036778666065,0.2249655889481945,0.23189738169792723,0.27495482099051594,0.32568186097741103,0.22536529935354724,0.3108367523729959,0.28272542265218875,0.30829455393214783,0.2499820892024219,0.2753046153041495,0.28827951621660686,0.2860995067916857,0.27622024098704545,0.2669922612663673,0.2914654725540309,0.3163104638718075,0.28781985077262245,0.21122138219546682,0.24398520390216466,0.33743935906731565,0.2689847804695707,0.25397303549914935,0.2369530519785066,0.2920063120999274,0.26350496371105986,0.29769350355397256,0.26926197179281236,0.28227469465697463,0.3312470456186765,0.3013798539111466,0.31376478211633063,0.2862161119103241,0.2564156601712353,0.2846690206554636,0.3196546754088366,0.31147378140718474,0.20400504399936575,0.24676495770061255,0.20676396229654517,0.23042601673601132,0.23611398844464015,0.27863147669281263,0.25891132420718455,0.22606208032599845,0.28850639013290025,0.28199134705285045,0.2496496216266653,0.23675724072338977,0.306592716050334,0.29785805296535234,0.2555168687047612,0.23985020306343136,0.29426870434687136,0.24675292180492087,0.21014789952523927,0.2521270536717077,0.28767128614952964,0.32655221756546404,0.2578661668902482,0.2518922943244614,0.39204949534746053,0.24640188908143698,0.2357762707769577,0.2634534307674183,0.30806253587650423,0.24902591495990448,0.28082938841896965,0.29864336576682055,0.2821592546156018,0.29503573666919175,0.3152868010232184,0.23311877924936011,0.27037640769159044,0.20654402026488994,0.31358259369024166,0.25154292227095165,0.2191639559254159,0.19799995661558326,0.24464413685290093,0.26313100147749324,0.25163786306093344,0.23636440059672512,0.3025970777127993,0.2899065350222935,0.3344094772559805,0.26468681824929735,0.23968332049854696,0.2826368588908489,0.2250449384928986,0.2917491766352928,0.35781573959782187,0.2746424062288997,0.22056517146248458,0.24472838013397,0.23910993777436457,0.2413610348938435,0.2372332074923662,0.2669855392709813,0.34140175127057176,0.23893960565444858,0.34167416840597403,0.24250145962630573,0.28790494770153174,0.30214618584911224,0.2575316370302997,0.2685460249683868,0.2479650232080195,0.23293950186607199,0.3011543820500698,0.25837654451439707,0.22039410361101877,0.25029668885666134,0.2711023401310475,0.25193779323150617,0.26154553657795565,0.2434677673166452,0.2623231220526994,0.3638872964233465,0.26098676898893886,0.278418675179475,0.24029818160956365,0.31052017472980287,0.2588151438981739,0.3261178424540805,0.18165649161576258,0.25672590409922685,0.2876134145011728,0.24694366769689266,0.26385066081597963,0.27417027494268975,0.2985602753268657,0.2953038690915471,0.2935943109472007,0.2437618276796597,0.24595621649860952,0.25505282735517815,0.29793952942497465,0.21639764663758118,0.276795315967704
0.2741850328569345,0.29655345405232614,0.0,0.24661431824761895,0.25351433430613324,0.29011810689854023,0.24062052053627075,0.30785371744145573,0.22184395629232828,0.3344129172214291,0.32034946010643245,0.2652004390522339,0.3406547708447804,0.22130376236716162,0.24741969529679494,0.3575769453761551,0.3411351295497218,0.27980425753150656,0.23348933742000386,0.23050771968686162,0.3304918795062152,0.3751300462933072,0.243732326077985,0.27055505807654817,0.27482326353672876,0.257299048654752,0.2314118610527405,0.2772226513113315,0.23794141735953508,0.24846197510263107,0.2220018117115516,0.2929507007910583,0.22148488585476678,0.2227413228962006,0.21317029533377174,0.23774194433820245,0.29279789704423687,0.24869984050376528,0.23580576086919725,0.29212579052637005,0.24123863638113774,0.30542910540005763,0.23828723725095946,0.23201465809729502,0.2838388772073706,0.2752073401564432,0.24248016509749035,0.26264134728768934,0.27275720949979587,0.24586939259449792,0.29145989819161994,0.2736020359704809,0.2040821979440228,0.2764800993717475,0.25518394976577535,0.2362051722672045,0.2580888545827991,0.2993931488118386,0.25344024024696704,0.25918697662846085,0.27506087196645196,0.19622891873432213,0.2751121113425396,0.1887204499119631,0.20717788285228828,0.23958469026307208,0.2547039177837894,0.2879064252531878,0.25409204726701295,0.2959850284771631,0.2837604329573252,0.20048160461052517,0.2441335004115421,0.41440799137495676,0.30753978937280935,0.20210320218541616,0.29797423852600935,0.28051916865499954,0.22054421305988958,0.20416808966302835,0.25558172056093587,0.25593273371998326,0.2904546481507271,0.24746098360263766,0.24068960740897877,0.3117068722400333,0.23060262853560168,0.20970943930770758,0.25120485513582264,0.2215583036351974,0.27664768336183565,0.20310307466628003,0.264622360481776,0.21562369035764636,0.25589577664938035,0.2323497775451369,0.1874071163764606,0.2296515770941208,0.17364111661414622,0.2789933455662495,0.18966652603913328,0.2519928303090743,0.1887737755637924,0.22359153194700118,0.23426494789312644,0.30752768617288784,0.25818921963668007,0.2689080544924039,0.26762258530467936,0.32881618671772134,0.25562496660034006,0.21692320292627562,0.253634954519089,0.22378848203765092,0.22925291075967896,0.3356798793990676,0.22047954086120597,0.2569020655443153,0.26509454970446933,0.21776227403280274,0.24151182542093222,0.20966894167314776,0.22137060401623632,0.3050221661383081,0.17936441482020343,0.28172355789365916,0.2247562697188431,0.2646583836330011,0.2654759117326846,0.23062504859476388,0.23820127449743025,0.3382499862667084,0.20262178746987802,0.20903569476722875,0.24362521117894248,0.19115364169654814,0.21101236972993545,0.21842940549072376,0.24404599131117347,0.2443406852696339,0.1924126207712808,0.23308339493350802,0.26979644768283906,0.2337256246061436,0.24815797469211262,0.20294325949655342,0.2809679243380532,0.27003385403157404,0.2914304302847914,0.17899343044495727,0.2157660727807806,0.19931407732600318,0.24924074546160296,0.2769324589962379,0.27587136951625196,0.2649937477786919,0.30689207715553357,0.3289091998881293,0.17698387629332488,0.2511223482835217,0.2518310300820508,0.20101818940766966,0.2096221053252493,0.28798492231146094
0.22849140756670305,0.2677263047673478,0.24661431824761895,0.0,0.20357867545533095,0.24106534842103425,0.2776217861798362,0.25551005914777725,0.1981271648022782,0.25282744218302805,0.27071259694353333,0.24737929621969507,0.24462483429908063,0.23496092326592133,0.25988910841043195,0.22056151452362327,0.2506660565067422,0.24320234998776435,0.2530195377058056,0.20907691870063463,0.2740579748417436,0.24339989238191517,0.25349145691667097,0.22171417789477094,0.25708573784543043,0.2523727950616514,0.23320715581947934,0.25458731367190485,0.24478100420470608,0.1775286796164087,0.22459563998264825,0.23221932255950373,0.36345419082916447,0.24043664274700954,0.23074481490516607,0.26499596069495907,0.24110898074312684,0.2428306657702897,0.23893623364548192,0.28814217250637253,0.2894871285150499,0.23944329190422953,0.20961256953062757,0.2580610723239035,0.2501985901339904,0.250625583466903,0.17418120573498166,0.22621870363121918,0.2551404566549828,0.2332759066881028,0.3088934124147558,0.2772206187054166,0.23363696703007816,0.34174585868026264,0.2753536568815009,0.21738377506268153,0.26511437038912516,0.2541940900147735,0.25777942921867003,0.2689205683625913,0.2948726973426845,0.20193140007213403,0.2573090291762309,0.18635834616372213,0.22992445411283807,0.25163730070692686,0.3058382090508218,0.20473274187447185,0.22711618070235787,0.25520041058154513,0.24069288727711702,0.21258749402983845,0.2499631610465892,0.3402818302875153,0.26116856592832693,0.2054890301534793,0.28673592773831313,0.25030895910013395,0.23188007867449334,0.18195829942073177,0.23236080656293043,0.28627059151027373,0.2140140869740211,0.23429592307051256,0.2763890800136704,0.2500382063159794,0.2579879826167922,0.23986414960578697,0.233435316087484,0.2202939148869225,0.26395861318050745,0.24621553545723227,0.23843919433496807,0.23313812802227438,0.28929104534347155,0.237682767185352,0.20125623936073994,0.2493350489393342,0.1937273071390788,0.2733264113426863,0.21683754240545886,0.2515044050838809,0.2721491805350286,0.2415149526943153,0.24422178146900644,0.22107844959683534,0.24921685194076768,0.2295379638808634,0.2557667042712697,0.23195557213701148,0.297079970437472,0.2418165252962843,0.29892051727344565,0.24694867451680652,0.25213404451828925,0.24350642347031964,0.24221241720757963,0.1977512512703842,0.2810445606383346,0.24481943702140777,0.21716358896593618,0.28021797464589965,0.2280950130531743,0.2625932136662087,0.1966681967864447,0.255495164092395,0.24418768439388214,0.21840379815366553,0.2763379052727979,0.25629054883104946,0.19204983229020822,0.24671866795559802,0.237888861961609,0.25986380776158924,0.24164437236114195,0.18741742381793883,0.16448019891511292,0.2463119412420986,0.24353304683863372,0.24319003759138674,0.308727210984722,0.2215038939026309,0.30126286673431735,0.2533315442917633,0.2427938956747831,0.21736837893463132,0.2293700373001717,0.22589933235602747,0.21972628196623797,0.16555393237742114,0.26231402217158134,0.2491305370214387,0.2449196043182246,0.21387906305991702,0.28277734637449464,0.2508135175153017,0.251478827562928,0.2516921122851716,0.29996644099245234,0.24519812956304218,0.2523222914886465,0.22964401531970416,0.23863243795497585,0.24722512152930143
0.26351683665445536,0.22200323888907703,0.25351433430613324,0.20357867545533095,0.0,0.19524282290342784,0.280240762694737,0.20494944468134033,0.22358733634790137,0.2314895550681545,0.280739239625861,0.22128046826893621,0.2171561015650377,0.20646483364716084,0.26566756693560273,0.2478569794392837,0.2361203045957675,0.2618053357733662,0.20198957804305187,0.21113839595906847,0.25437650632978603,0.2680502826614064,0.2548042127950449,0.23818326292653827,0.23577013063681654,0.2282322071964867,0.20264806516182116,0.19867183958659052,0.21032443112923843,0.234580652698132,0.2521870782320305,0.2113483128973923,0.1998753151956416,0.19813392362854954,0.2797818631511085,0.2448087284041994,0.2575755267335778,0.2336506369004647,0.251615796761129,0.23141863657160447,0.22703398244220308,0.2626615344311565,0.24419401133812718,0.2772555713031015,0.20391372272965297,0.21358658156243637,0.2351203045575209,0.2901542999518908,0.2846199376659816,0.23687121423790117,0.26221103457553596,0.21650604718751432,0.19616847626216483,0.2205480891715142,0.2431109808114739,0.20477738004053384,0.21778755672016628,0.26620590924856885,0.2241828246871674,0.21054285737645898,0.18301307595725194,0.17785440339082448,0.21678176326958062,0.21206798386443604,0.2193049302518733,0.17923992144303888,0.20916318788128674,0.24490002225023125,0.21202153253641784,0.25001963573395175,0.2607943181908343,0.21649946737328768,0.1998815685396663,0.23905477212479345,0.20087156584447807,0.1923650925737811,0.2256726112683756,0.32269176902461805,0.19718956963102696,0.18839679859879988,0.21772564689964682,0.2559948892178259,0.25618216067292215,0.18441492378225635,0.20837973552726638,0.22346958379453966,0.21503694237697366,0.21954676712444282,0.19704924067397572,0.19711116637809142,0.33473283870933385,0.23511734786386504,0.29308226988213343,0.18543876518862137,0.23972213055246774,0.2208340228336797,0.15891650333359525,0.19679924227803205,0.20975829567965634,0.1994894519648046,0.20433030910622133,0.2027662689845899,0.2061799495848409,0.2007254831587314,0.2123902620450527,0.2184877269341486,0.18548411345325083,0.23245023077824284,0.24086114262961855,0.23778460540752475,0.24079490405535797,0.24567592505119645,0.20767144160941134,0.21582592679585388,0.20264522710660543,0.21965754087675896,0.1980109768301714,0.25543055231624645,0.19827716409609533,0.218659316075427,0.30366173916525013,0.20069131560055295,0.1954114884247726,0.28937401702207066,0.21871101354763597,0.22100529517854572,0.18529537788956368,0.22562342745417638,0.20111766235216852,0.22426812357384868,0.19503849543731844,0.215267082627605,0.18106882991762444,0.23021601367711952,0.22501083982911596,0.22678727113301073,0.2037654351901926,0.27014344588370814,0.220660061410793,0.2621965390200445,0.18279377038010539,0.22213092843357696,0.2469341571419588,0.22680336909169208,0.25691865238441447,0.22279157003487352,0.27504846237524777,0.2177133284133409,0.22305345703596668,0.1613212271407874,0.22950736389498788,0.2112532344674028,0.2448404935965703,0.21955357151126653,0.24111143793850626,0.24650714278598737,0.2059209947001051,0.2535546033323124,0.20234064436688107,0.21331230673515714,0.19922356306860264,0.21654683872860328,0.20399559662584227,0.331640131089702
0.2621581811885858,0.32446701837284825,0.29011810689854023,0.24106534842103425,0.19524282290342784,0.0,0.22860652384814625,0.28662162898932997,0.23136971575948423,0.26756503924496006,0.2581192562179778,0.3086394787567536,0.29769168936753987,0.19520492957161528,0.23775787749522576,0.2765282207889979,0.2750664970147397,0.20196838261543648,0.2740270113073174,0.23814621306342573,0.2788853169012245,0.2613658638296714,0.19409704165361294,0.21234778372827057,0.2815547408001307,0.2063296856806228,0.1892607390371487,0.2430916073157944,0.2410123849131284,0.2265058965259061,0.2616467885680755,0.32959793474191473,0.26101347093721755,0.2336636812904537,0.22128155220380819,0.22645162423073464,0.25963557444273466,0.22509123720144464,0.22961017429050457,0.2188786074290589,0.2513728810325198,0.2839802314324952,0.21517116390035546,0.2607833437733994,0.23798159269110875,0.22829007674602536,0.22420926221332454,0.23082462901472175,0.20859870283992574,0.23621682250385256,0.27284183153785435,0.31052180879610763,0.21493891473723942,0.27830920001157833,0.24089953796927635,0.2990927952630003,0.2516680890096563,0.3347110719952832,0.19921381850830402,0.23128435894487465,0.29690791611910883,0.22401388943058279,0.28674269892139675,0.16885529889652373,0.2042571879998213,0.2264619150092724,0.22972341048327777,0.24890139503792702,0.18767259451399465,0.25319776274839534,0.26741039005996314,0.1855016311513681,0.23937208986620023,0.275675651402643,0.3090188106784876,0.22046491638470148,0.24349731358052754,0.23724063095847536,0.2082427845748921,0.2605936983180034,0.31228477058203347,0.253914276575664,0.26008827726215633,0.25109070053485194,0.24394769317585882,0.2703957634189051,0.2656074079073101,0.20921158094947376,0.26542184574352595,0.2317557585959025,0.2471719391674351,0.27137205819084603,0.2529248725355726,0.23392609717256915,0.22567200075575813,0.2778229596332554,0.2240669103122564,0.28903944707516954,0.18416617006434288,0.2652804561784421,0.1941167331880243,0.22101558814073616,0.20231494378502185,0.214347820225317,0.24720665854100737,0.2725925464101583,0.2644257314702547,0.2573623301773971,0.2222460351191302,0.274359941313964,0.2735073509287562,0.20711056156931582,0.3136851843409559,0.2320127494465277,0.22463922857318236,0.29664096830736686,0.2704742827074417,0.19807064927400556,0.2977334728218477,0.23070025621637386,0.20650402177275431,0.24888893870600007,0.24986847990484437,0.29579616888270965,0.21800474696532157,0.2889370177186285,0.2546867225804144,0.22761532582744026,0.2606136522551597,0.19389756261078211,0.2616812814181098,0.33822405820942386,0.21595254929585328,0.2543430478970801,0.22076600468000362,0.19665626436895675,0.22170789753177583,0.1968204745114463,0.18735207157376157,0.22675823335599898,0.21152334758112679,0.2517713852301217,0.26005838920884977,0.23564783424484134,0.2380186175082036,0.2167475633436618,0.2858275967157864,0.25912534001080584,0.2574109863747012,0.18788300113550926,0.2326195381099799,0.24041654516268013,0.19628261852548137,0.2082401331087176,0.2940701231367106,0.2422661107388575,0.24752335630766295,0.3219017900252537,0.1978579255393203,0.2648751387391153,0.21366077296700017,0.26097072758836315,0.21003343582045444,0.24532865907186324
0.259947211494344,0.27923798338273936,0.24062052053627075,0.2776217861798362,0.280240762694737,0.22860652384814625,0.0,0.22077606223428997,0.22197008520408573,0.26765095322524446,0.27171076877206807,0.28532464793461926,0.25240828913861,0.2385508862776794,0.338017856000742,0.21720756090188995,0.22051383045455566,0.2624942515523592,0.2349965414007982,0.20170324467221465,0.2507194294375242,0.2971943997744862,0.3245477391741512,0.2791239328921918,0.28033447282646384,0.25508971582681855,0.22116647117822433,0.2065791885019664,0.2642886737516478,0.21685755546036864,0.26499991142504475,0.23277174149130433,0.29444986990506405,0.2330517082002949,0.24069048906615453,0.24478984457858652,0.3055068540527706,0.22331167212876019,0.25047947185809655,0.29290743664247865,0.2992441690206653,0.2617054827774246,0.24748334970729793,0.292455335486747,0.26283628520919894,0.24667648193812966,0.24655586004178173,0.2537486542912498,0.35207121321257845,0.21997579068009687,0.296958780871361,0.23576383362614672,0.20631673077597856,0.29645951971042567,0.29714238958211037,0.2428244556390469,0.22772385324056685,0.25120697417203247,0.2711832102651061,0.22746905356231767,0.20460751433015772,0.1939346919009859,0.21238266075392612,0.20636926278048834,0.21506084492412816,0.1930245699297139,0.2760732623532341,0.2935346826887225,0.21794299321296073,0.24188458983828795,0.2873205964946992,0.2166300148990876,0.20147110035540458,0.27734990152375166,0.1895578847217317,0.21817971530056798,0.27387838666397846,0.31188316174722325,0.2115178868414276,0.18933615041732527,0.23237136912565323,0.2757753010476006,0.27745376741135436,0.18774395030951163,0.21470867168476307,0.2488297989940701,0.22225389349502825,0.24347607996464393,0.22088671655940445,0.23665751015699243,0.30321228689179436,0.3333074534826217,0.27268407034016545,0.2078137848063306,0.25769715411176297,0.31785299831912667,0.17483707453359815,0.259023849882586,0.20855607515313676,0.24887003103766062,0.23152171522067927,0.22706585847137886,0.2579474055209526,0.25286334415114003,0.21082778296997975,0.23508180509504856,0.19624529489236614,0.2402780242046258,0.29923107880618455,0.2749804253386245,0.31755657637089113,0.23967208677515187,0.2303046063139748,0.20168222782929895,0.22443040398572833,0.2430978701917179,0.2175357994113052,0.24593061864087712,0.23355639098573608,0.21527615533330424,0.23904343153198587,0.22368232851337727,0.20558536446348116,0.32489549469468926,0.20779029225007448,0.3000219585772799,0.19714404086246565,0.27264349850766356,0.22457629906200194,0.25792151377618555,0.1941052706818291,0.19703181439823617,0.19235041134564412,0.22825613465363423,0.21711047586676507,0.22278383441150013,0.21850094265006828,0.2827044711944459,0.2494541891678137,0.27712879102280685,0.2579831982960593,0.22165264876085458,0.27910487148141006,0.22751922211145442,0.27351199934998555,0.28436693529916435,0.27051711211241125,0.2598667195445796,0.2393037331873498,0.15321510949064115,0.24116437135681215,0.2523436609622202,0.22678600540356178,0.28190193896329535,0.3103447567350396,0.2890443530155582,0.25802413181479755,0.2957123583167857,0.273100679441526,0.24022514736658693,0.23840555734748053,0.23228412839117216,0.2289052822546766,0.2837652066725885
0.29763119205419747,0.3415097666952967,0.30785371744145573,0.25551005914777725,0.20494944468134033,0.28662162898932997,0.22077606223428997,0.0,0.28169606088990723,0.3333186414181388,0.26424019711572,0.2899947554639325,0.33377878731329436,0.22847751527601928,0.24493969240860816,0.3076756240681566,0.3080090552005694,0.267041193411166,0.2613379749070826,0.2755941911530218,0.29163451471048896,0.2504416934360322,0.2569830107910047,0.22927683422857512,0.32147064753440974,0.2335785417003143,0.26966804216812074,0.30747438499672636,0.2187417137911473,0.2425373565333834,0.3276237140456075,0.30819307909946453,0.24652416300243468,0.2715291722733277,0.26152951211663056,0.2872062782693481,0.30647726768458616,0.3044450360048626,0.2519977810289527,0.2765549216147062,0.25728681446009344,0.2847979676314499,0.24083930630516787,0.2319994380851762,0.35939598919768995,0.2954748283645099,0.23935485004220297,0.23594334841014714,0.277455237015367,0.2578475294534754,0.28228416238837606,0.25723316848055644,0.2356453733084842,0.2514390025289014,0.2611999741982308,0.2939312208134895,0.2784504293834652,0.3247799746128379,0.2695869667290697,0.28062014550551706,0.3644045264689787,0.21118117201585782,0.2703198741497874,0.2128036818055052,0.2112211125786446,0.2514527994927413,0.2856963678683081,0.2477287341056388,0.25694045679295446,0.39945488706598314,0.27299457997917803,0.24026318971986105,0.26738735819246257,0.3341763551455533,0.3596076795757723,0.24808800236075562,0.2798836498655425,0.2486468504172391,0.296834501290158,0.20083642475563432,0.260297962092015,0.2727140749614109,0.2913635163144803,0.3129143591022852,0.30222341579224044,0.40952464817969064,0.3478367889028836,0.2569904869221939,0.3504749262584108,0.2801687491991843,0.25500048014621707,0.2543060638373695,0.26639118452131894,0.24831570423871047,0.29083549833168604,0.26688200955225033,0.23293565561499371,0.29945571554041245,0.19692984608568,0.3422786560164341,0.22217262870287954,0.2980666778277771,0.2225943252892275,0.25553331446753513,0.3013824447245874,0.30839568559176533,0.2830271002139687,0.3353527291409471,0.26979919683053843,0.28846812037411496,0.23985634402495354,0.25577544105673794,0.3098240061486426,0.27927957003144305,0.2698993755193051,0.3298767780791555,0.30450068776273154,0.22751577972470638,0.23885931520409948,0.2545760867542226,0.22709439969373277,0.32010976661486307,0.24900735629598697,0.29907867849636116,0.21729574246606845,0.27071176624954496,0.24291366276406845,0.283397805948259,0.29422141927810913,0.2412226247337388,0.3125575360677694,0.2811188655884269,0.27002620396029187,0.24567359987100312,0.2574002607954012,0.1945778362993423,0.23986597074300273,0.23564901171635305,0.2571000231824736,0.28762897268852683,0.21865446249017972,0.23557236502036333,0.32668221013986326,0.2624776799652688,0.27618244933345376,0.2510830480073878,0.2986217926862992,0.26369812761668776,0.3318075288419896,0.19364652787803086,0.2952229426796544,0.26112874374459866,0.24303503675754973,0.2459684175086755,0.3234671723090547,0.31563238536449756,0.26462012592300127,0.3209379803811149,0.2032275659748373,0.26179705506323825,0.2509343549990524,0.26880994921096996,0.24662725201921412,0.2644875248235311
0.32246367512521,0.261320017814446,0.22184395629232828,0.1981271648022782,0.22358733634790137,0.23136971575948423,0.22197008520408573,0.28169606088990723,0.0,0.23195526654486426,0.2267980493807159,0.24230389823545345,0.2353167790396217,0.25263157081808274,0.23222203760136623,0.23631636325286304,0.22722053238143336,0.2756810636090474,0.22728476595968458,0.27964490365857436,0.2289910575138628,0.28702601121596716,0.2129307590862005,0.20637568533724537,0.2571986387585429,0.19087125789609422,0.23675048336703752,0.22640961706955284,0.19767838271755422,0.3063089131716044,0.3336888568354544,0.2617614304049078,0.21120142436710737,0.20462158154878096,0.2717036305132745,0.23236969328883306,0.24699644287671607,0.29783674774220054,0.24158220049712795,0.21633439211255864,0.2085001822377327,0.29857681669817665,0.233953084036162,0.23050604112856682,0.2546747948561404,0.23037557042907128,0.21995722412511814,0.213788390345214,0.24631406112219356,0.25311189502563874,0.23768601506190642,0.20406097543517895,0.24043520233004215,0.21503248595231372,0.22471067918506205,0.30678073642345177,0.260158539954693,0.2541144585346505,0.2376094028442399,0.2232982701886004,0.22442429371910935,0.2229944846041691,0.2178031990446254,0.22718983988794347,0.24988664825230808,0.2189980199668539,0.2575813821150359,0.2504019868252096,0.22528784151214185,0.278785120813303,0.3033487446804295,0.24901111493420977,0.265957739068378,0.2302720021891663,0.26733127673113194,0.24643078319006284,0.2062195710902292,0.20571955256660263,0.23317185624377956,0.19992604681578566,0.22752127086891152,0.3335595844792575,0.30036092531338493,0.21749398583494461,0.26921500480773475,0.3041145217952329,0.27122532697213064,0.29031063124330486,0.25282321383588585,0.31637133271169765,0.26618967781030095,0.3060062260657237,0.2521164152554137,0.23198009147533716,0.3001528994145129,0.2616221314608118,0.24388045563494593,0.24275609230982317,0.2690221450946511,0.2258282194270822,0.25286770943180187,0.21829938692782788,0.2227939685754206,0.21320198489797462,0.292812370764793,0.22527718214229608,0.2008932622623101,0.24494946616250368,0.21999230245413617,0.21960889638602518,0.2036995604769675,0.2856078417456464,0.25351648077455424,0.2883301548595293,0.2213184521600713,0.24212004893049574,0.24750234876333335,0.24106449274737066,0.17534191454316408,0.24766554271863322,0.2461086961941028,0.23802550268277534,0.23460469290695532,0.25914715727194965,0.3335006706745785,0.21465323681259488,0.23127225393569803,0.22984896254085824,0.19863485879962017,0.2444206780849138,0.3530132472551528,0.2529410660664253,0.23605469950042543,0.30885515755416104,0.2361766108092401,0.22480569719317545,0.24547869649215542,0.22348369121039888,0.236321898370246,0.30309799933500414,0.20928210759520083,0.25208359384477586,0.2974437619164863,0.3064404890621971,0.2549280423786431,0.252217046882962,0.3499195856324067,0.21782090829065576,0.27118766551256807,0.18504945430701134,0.29910733461348127,0.2489166013938967,0.24187279798321,0.22101649311321686,0.23796026762530795,0.30182082358067336,0.2266589343736214,0.23525370728481132,0.22937443354887035,0.2354647150278069,0.19187752377098288,0.29537988267228443,0.2671623984272932,0.2829384789932528
0.27683489124037275,0.35672103175372916,0.3344129172214291,0.25282744218302805,0.2314895550681545,0.26756503924496006,0.26765095322524446,0.3333186414181388,0.23195526654486426,0.0,0.252814069810598,0.2429079545366347,0.30680399686554227,0.2486961358246472,0.24735216759578724,0.265710982778782,0.27309407293929383,0.29517445296067923,0.23608860592487582,0.22376004821936774,0.2537277044813701,0.2588600041762056,0.32162574898968677,0.22489718219258642,0.3700582192282115,0.22990318441871316,0.25395678895090185,0.28223342527762957,0.29052366983261035,0.22844931594758663,0.27989802910143013,0.2847047494301031,0.21978844426765187,0.24126538078225412,0.24811988463216003,0.2452663719374937,0.3066478402007129,0.254244214256461,0.20479327857216165,0.2716571059353197,0.22557657757561442,0.29432735483740885,0.22867133992681163,0.2213133003021614,0.2797612268771558,0.2615771610858916,0.24073049253213077,0.2356690131568254,0.32840578228657336,0.2131725427240826,0.26430017884577633,0.22912798622140815,0.21291626030344427,0.2521532280515202,0.27405709643693904,0.3048438573033098,0.23427841451460404,0.24246678285019665,0.28133654131100716,0.2473642135172152,0.2830999864339131,0.2020199161294667,0.22270844122990713,0.1990180686928967,0.20890099934732323,0.22313205687609325,0.258378857493724,0.27278117880087355,0.26573365168572394,0.3409061264744481,0.25008733966631735,0.2480200702291572,0.22175419211407674,0.30910175877822876,0.26684776893312623,0.2532146215325461,0.25057735074648696,0.2937767047313416,0.22961946226595506,0.21957225353159326,0.27787449470729053,0.25263292039602836,0.30909315827823935,0.2760332569414864,0.24723884339763585,0.3068430339552394,0.2666669308807305,0.2518399375062907,0.31551945522720887,0.24115101983138615,0.2503795324966121,0.24261543544818492,0.2628883034596909,0.21320793781170513,0.2728390504603047,0.2862715132040232,0.1790038811614355,0.2694220086840077,0.2019328338676633,0.30812669368717815,0.22764669083964673,0.2453807191252779,0.21991010296365812,0.2799138322015624,0.23271582875509725,0.2613095678533977,0.23742356585899083,0.37048558516182667,0.26598457859554564,0.28519522019946275,0.2326716068147175,0.2258406232718732,0.2884324167195385,0.26243108974020746,0.24334145759907622,0.2952660802544938,0.27453421520477606,0.2645879446908179,0.24987910090271118,0.2660463847269947,0.2118973692500123,0.25602448266181466,0.21990995471794825,0.3079528362183026,0.2076125092481282,0.3040776619844298,0.23093032423254303,0.23818558701747802,0.28925405411891514,0.25450307841899517,0.30259093234999995,0.24158982197080722,0.2386524720001857,0.2149785718449179,0.22006943221349962,0.19850413943573053,0.2293709385246828,0.2492063725547112,0.25760014004983084,0.26451363662709027,0.2343715972138354,0.24861605226862743,0.2915095698716021,0.22206324312702608,0.26189810367479904,0.2527225226738686,0.23195238161768372,0.30910885934847226,0.3738186660180873,0.18405901543797337,0.22831649400924153,0.2757987968664254,0.21586815323015462,0.2659976548565415,0.2896390698641683,0.2885801235286899,0.24481008396111942,0.34336207210122677,0.22166416945618256,0.2811617494484559,0.33971057003312766,0.27220524378435185,0.2554588416605192,0.24413975761015955
0.3080721277839411,0.2893289755688298,0.32034946010643245,0.27071259694353333,0.280739239625861,0.2581192562179778,0.27171076877206807,0.26424019711572,0.2267980493807159,0.252814069810598,0.0,0.3004189156398809,0.303449015439972,0.23809371792271092,0.2610183497706941,0.31874424077221486,0.3153827925970017,0.2979637764004576,0.2676751968965672,0.24950761038306238,0.32802510882754177,0.33721296682806556,0.2677892170308935,0.27705597438726515,0.2934824967376866,0.29435473754850283,0.2384121674793154,0.28512042857027736,0.2849883433590013,0.24399552041886638,0.2471068522045727,0.27295220280100535,0.2516107192777428,0.23306183907651623,0.2683033460799665,0.300298302382617,0.3409979496583654,0.294374085744457,0.29739575209754376,0.2935773779317979,0.2850402417513201,0.28167871440958814,0.2666829170943726,0.3115042642365945,0.2710546196987254,0.2575258458601832,0.20527133468725678,0.36737232632676753,0.32264114812460304,0.2553792850926372,0.3380384686599184,0.2624025383890858,0.21838333861348827,0.3319187284183559,0.3419635982950846,0.21399002089014246,0.2983549096795095,0.34171852147009474,0.2753351540353279,0.26821864322462874,0.2791001604140979,0.18651577668626323,0.30079032573933023,0.21524093891293783,0.2065141327405595,0.2332997077432477,0.28079975399029894,0.2593770384939248,0.2722852531738491,0.29713142180983737,0.29900133911515886,0.2222114450698947,0.2651180603992357,0.3443785906238577,0.28920807306398316,0.2251262799640827,0.3218391130842101,0.2879644823288251,0.2425526664139287,0.20326389958251673,0.2616825843736698,0.2551976241660168,0.26466336609193514,0.25730220866634396,0.2514228686263644,0.28344612954613296,0.27656753430076864,0.23435781130809724,0.22273647974217137,0.23490738181532986,0.3800342436342889,0.2156562494272285,0.32618020894837846,0.2532619031988402,0.2726151959814766,0.2605180960435608,0.1965933709794186,0.2126735083090361,0.1950994599953704,0.24762407595827976,0.2399572588775461,0.25810227425475923,0.226857125632541,0.21459854723954744,0.2639728704891356,0.24079965703295744,0.2326942147998854,0.26620721352992593,0.262992353817588,0.31936372927035034,0.344051349288409,0.262765289396299,0.272244699072146,0.24612803463701063,0.2702332683618774,0.28278713872393496,0.2377625841122171,0.266816982890257,0.27037313912090993,0.231367814122115,0.28152672526222894,0.2236063765627209,0.2507181952259293,0.33093840418826104,0.2151479047906834,0.31493075833066264,0.19797036201798088,0.2733611814775633,0.270594329899273,0.247388436726033,0.20473484870321285,0.282466509611928,0.24151046773483878,0.27052754510867794,0.3074569787863251,0.2194263354932306,0.22768140163494555,0.2570654868017162,0.2696722473963667,0.2797360380995407,0.24178159944587818,0.2559306173750154,0.2519006468765641,0.26168122978374486,0.34836441386175715,0.22584584084118003,0.26825670835872095,0.24263844521540567,0.25919481146315876,0.1909956433509341,0.31823146242552947,0.2395599612696391,0.32228697618428953,0.23362872556547923,0.27855047310625364,0.2936518995034117,0.2918600715239047,0.28626173138422184,0.2313959470145089,0.2484021164481739,0.22931378190491367,0.26391663916348884,0.20767557875476308,0.40975322264004266
0.2694809829023305,0.306067995278757,0.2652004390522339,0.24737929621969507,0.22128046826893621,0.3086394787567536,0.28532464793461926,0.2899947554639325,0.24230389823545345,0.2429079545366347,0.3004189156398809,0.0,0.23509354933131543,0.17691943706497817,0.24535851546190063,0.25981575685619746,0.2603873463559539,0.2203408342178657,0.3245383927814463,0.2449809077210834,0.3254536305348826,0.2618434661999856,0.24627523378462476,0.2635026205506277,0.3262293085694351,0.23380894202274746,0.21153019340198861,0.22500866131757097,0.2341310580880778,0.2638547974311926,0.2879644654046855,0.2570177822779127,0.25700003293460233,0.2679423801395668,0.22977699074869204,0.2611833080105027,0.2878812892400121,0.24996012360644881,0.29541144585645196,0.2488960477985326,0.2939869069296862,0.2768047562551284,0.24743104502839258,0.29242649734789844,0.2629677435637907,0.2511124541305287,0.26037889497453476,0.26823062775964696,0.2637115118127854,0.2470662894613181,0.3087699379602267,0.30057205231411216,0.20473638649074888,0.30626892352332924,0.2893920834939685,0.24373631764676856,0.2908842361810977,0.36417616156128124,0.2091490778849874,0.24001625209762495,0.2222337168809591,0.18311904521500783,0.2755364878696719,0.1939950687158465,0.20162364922340043,0.22531669237672425,0.2198657903353492,0.22784813033530033,0.1986304809134036,0.2444200975544176,0.2564977873017588,0.19057486547243266,0.2194556120463863,0.2646881820798582,0.252224389208712,0.21461851599030868,0.24083848489834225,0.2614929603064349,0.23261791705233564,0.18720962103464114,0.23188090480627532,0.26764840915239413,0.27301523599845945,0.20481312646009908,0.2537025704500179,0.2990383172653826,0.23726093925647151,0.21813152688550583,0.24349932021589143,0.25249259816260006,0.2905425426257316,0.272714220810314,0.2591218651162137,0.24771109714566616,0.22788673028912354,0.33118789274962546,0.19675895679871752,0.28710918792170903,0.18307496576720636,0.2334123315846009,0.19276853337673447,0.2328205441541522,0.2508287489743799,0.2849322357095589,0.23643224556140227,0.2518250324443307,0.24859333286809085,0.25436575021222474,0.24316415669265418,0.33103219976909853,0.39553754028436344,0.26145912306617664,0.236079869077893,0.22345022871267825,0.23213752056866882,0.27841270748682506,0.24406439459939175,0.25363072581306156,0.2715088710260378,0.2055163626125504,0.22119660362789018,0.23127869662772424,0.23470071167380813,0.29299860728725746,0.18853226953893176,0.32122372360712176,0.19884320248552548,0.2780538246147664,0.26958813419446215,0.20553375219360318,0.22145708583669302,0.24375236803356537,0.19100141067127796,0.2600165368988087,0.25039982901798963,0.18658780168637418,0.25818860414500705,0.2283482783302294,0.2210203552276136,0.276086008159895,0.20094168259109157,0.22052188395924902,0.2698830646593677,0.24497459318705103,0.2835905133061677,0.29137742690069235,0.35620071380442625,0.22201208707200396,0.29563295413509644,0.1813365065042881,0.2823569444854162,0.2442362490581346,0.2454098416738122,0.2375441344982908,0.37318155160337624,0.24588953928802068,0.24446670604804438,0.3073989253610421,0.19647388774658936,0.22524056854782018,0.18337175204089498,0.23567349378058255,0.20208216610249427,0.286356503769547
