0,1,2,3,4,5,6,7,8,9,10,11,12,13,14,15,16,17,18,19,20,21,22,23,24,25,26,27,28,29,30,31,32,33,34,35,36,37,38,39,40,41,42,43,44,45,46,47,48,49,50,51,52,53,54,55,56,57,58,59,60,61,62,63,64,65,66,67,68,69,70,71,72,73,74,75,76,77,78,79,80,81,82,83,84,85,86,87,88,89,90,91,92,93,94,95,96,97,98,99,100,101,102,103,104,105,106,107,108,109,110,111,112,113,114,115,116,117,118,119,120,121,122,123,124,125,126,127,128,129,130,131,132,133,134,135,136,137,138,139,140,141,142,143,144,145,146,147,148,149,150,151,152,153,154,155,156,157,158,159,160,161,162,163
0.0,0.5417041409498887,0.5008003004402504,0.5180160304640887,0.4805866684034149,0.5628908437225918,0.5148834262002369,0.5574814070636236,0.5384794739645812,0.5042288566660748,0.504843586031592,0.4663227834152991,0.6969697210154718,0.5173371178428174,0.6138901915396882,0.5719908434323806,0.6284954326566774,0.7214558359258418,0.5182472453483655,0.6443346594503628,0.5733836730932341,0.525157428273375,0.5276528964558074,0.5307072289838376,0.5941422813428248,0.49621256428486,0.5031280835595471,0.6009561366272811,0.4290599674363522,0.5067363004526099,0.5951175083065319,0.6113046635401231,0.548153688248607,0.5023938933319968,0.6267551207056158,0.5059769492018825,0.6067120065819321,0.5553536762453721,0.4577001490618636,0.602273815423286,0.5380631157883412,0.5351275398256529,0.605144213412347,0.5559544457608304,0.6059653444114133,0.7175609343996724,0.5406221383649421,0.505597977785426,0.5979381905344736,0.612862860067845,0.6195891408740126,0.6096663754515874,0.47351625115804613,0.5061757227792818,0.48404517289734217,0.5453994238300565,0.6483477671460695,0.528843804861432,0.528381320734084,0.6257991798583256,0.5386829753115926,0.4945942024291223,0.558996291851301,0.4575999393528087,0.5626946425752101,0.5802451667712039,0.5410198778248851,0.5675558312517273,0.5474287339154399,0.5782488577740874,0.6731240988829852,0.5550837237896995,0.4989138687235555,0.6244347333769595,0.5926394337320698,0.5821312228419738,0.5013589287863738,0.48990670789770885,0.550580045001689,0.48179482043549626,0.5452498277318572,0.594970081890914,0.5184968801162336,0.5314648130350442,0.5645190111256053,0.6035418180041665,0.535745302081819,0.5481821475425904,0.6787710867937926,0.46627700983856024,0.5964619164964916,0.5699794910979777,0.5670108178966625,0.5722783234607944,0.5433364749131271,0.49553912899674385,0.4658948669704912,0.5641771245504384,0.4507571834610063,0.652876613705803,0.4913648427373586,0.5100406321769301,0.4991376094911988,0.4946590483493111,0.5974393717725237,0.6673534797070042,0.5869566513728499,0.5481851711007908,0.6665207317001416,0.5494461492620156,0.5137631068670454,0.516742089519727,0.5978517199486499,0.48809029866437903,0.5720234985764767,0.6222770208646551,0.6185783266062608,0.5090461764886254,0.48951381880457817,0.4952305318935842,0.5469782057468262,0.5077029894165531,0.5592858198119582,0.6503610531366562,0.5157766787460399,0.5100486309497393,0.4986449731885158,0.4980254345397159,0.5051428558725681,0.5973201151162044,0.5253013276538556,0.560596877228803,0.4910960552809664,0.47209253521885414,0.5101832845983476,0.524023678689345,0.5097469233356928,0.6112483281388038,0.5175283474652652,0.575046459746744,0.49737424331357455,0.5108286743223306,0.6135942101762872,0.48119940709449593,0.520972369014093,0.474065164363173,0.523251938299031,0.5346160250960238,0.5425196963159804,0.38875819594785277,0.5916706878527022,0.4929497961809052,0.5222426311875932,0.48788086399467034,0.557937446621784,0.6131698537371912,0.5699036529210638,0.5810911456994482,0.5176496933095261,0.5441487031341166,0.5260835881380134,0.5786749306704126,0.49052836066182837,0.550732085535843
0.5417041409498887,0.0,0.5588056482662854,0.500626877878744,0.4581134800571827,0.6447042725805352,0.4827463913731753,0.5703271528777746,0.540026279039153,0.579305876470355,0.5104836109528733,0.5476140788888515,0.5584222778331893,0.4716294438392854,0.609317960007015,0.5320682865677978,0.5377924771056609,0.50360857829318,0.5309768738700825,0.540625411403272,0.5356780308077479,0.6157379878326643,0.46327252801212754,0.5475859949854434,0.56305064192315,0.41482497027250426,0.48941499930301885,0.5131786066277494,0.5178063693108037,0.49956793520190124,0.615196304298749,0.5197258883381419,0.5939225286355797,0.44352178317540303,0.5373632286878451,0.4990139651962788,0.5165742527122793,0.5061434688923994,0.521940299219931,0.5235015159352018,0.5645906015408135,0.5265308191393706,0.45634205147936047,0.5170208208577438,0.5370669292353689,0.5148793514381407,0.4586072333442525,0.4821960710138644,0.4966073986778158,0.4958379098408431,0.49504598375424297,0.4973474755547927,0.44801406763090934,0.5461491904005461,0.48612019286898045,0.5553316530462243,0.5142454512308295,0.5363146353711681,0.4488717787234461,0.5439970774324805,0.5450470956962148,0.42797845514315663,0.45364556238648185,0.42703608251129005,0.4557759343802192,0.44625498280180487,0.482917896098265,0.470324991433085,0.4392201410826439,0.5182068534521928,0.5204810865073249,0.46629755967235736,0.4181996887960938,0.518718972614288,0.5822078876364769,0.46380583093124783,0.4495235662050835,0.4856927007833726,0.4512877360660667,0.4405820565714847,0.5040156978573472,0.5227788670482069,0.5667639611427175,0.4881599666250015,0.4584700735071026,0.596704742209874,0.47226821498313765,0.4265453569371138,0.5277998947839334,0.5133730496733948,0.479269690424859,0.5439219592121647,0.5382756379998643,0.47913227880890785,0.4740528108572706,0.5700531598626437,0.4667582900550223,0.5284018224002619,0.4128319759832317,0.511139477344527,0.48365219071495363,0.44862819237773716,0.4065759671285721,0.5207990884543252,0.47869586912095174,0.505294861782734,0.4972108329659385,0.5255559628947457,0.5403585223323792,0.5965510498623809,0.4852065638889946,0.43702288691212854,0.48443818245623593,0.4728694088157246,0.4579555386785541,0.5701199826710693,0.5080937907710781,0.48215349401169794,0.45860423796900845,0.46209236542349374,0.48603455115984495,0.4520771354876231,0.469250874616933,0.5846546186795699,0.475117280804662,0.584242636451242,0.4336160023602585,0.5260690244279571,0.5185313177516865,0.4990007348004695,0.5686256075137566,0.5316087034347547,0.44886447229646215,0.4822725466433934,0.5367752158984958,0.4677598778977272,0.4940443386874955,0.519077165593141,0.48678708788028385,0.5430086595573435,0.4770384719387722,0.4965913388573704,0.5649948032595058,0.4718811419758279,0.5023374494670395,0.3905535211495659,0.5890887488836974,0.5434545743143286,0.5560144117035519,0.41118866897946105,0.4954975238055021,0.48904755540729083,0.5277709960566709,0.5013917984082502,0.5608213673512304,0.5557838194652425,0.5632772681146704,0.5802077116019342,0.4877302123128925,0.4353839152445244,0.46655762070024925,0.5058658757612127,0.46440900520777567,0.5025099220450402
0.5008003004402504,0.5588056482662854,0.0,0.47830916138167723,0.5203634660096089,0.5717089947816625,0.48762939977297803,0.5162587492847291,0.4421720665770712,0.5708916587011732,0.5532900454946171,0.52747782392483,0.5629644287155228,0.434691641244449,0.5644024350563587,0.5865179906841594,0.5501907197314934,0.48243512799411137,0.4831253354060585,0.4957151162523406,0.5842360061398847,0.6778083107723878,0.44924452034865664,0.553452912888184,0.5472013126934157,0.4537826771822021,0.44539475459370226,0.46754045906492137,0.4947049737309171,0.4551679000804566,0.5077025748632111,0.5369805250716685,0.5095844191168926,0.43270477208108427,0.4791842951322436,0.49738018371879317,0.5318169804376153,0.4688384790607007,0.4986021226514802,0.5183516921451475,0.5026479057456269,0.5119706043357115,0.5132011767011262,0.5375007692940217,0.5302795325764793,0.48751244524059345,0.473835865194501,0.5787693508908335,0.5028752364891698,0.5073042577621327,0.5185499901194287,0.49470734966846014,0.3960044226073684,0.5608205421459491,0.51436638349378,0.46596380610853044,0.4833481333925955,0.5493002006450463,0.4624688499308853,0.48308833659876294,0.515716846866027,0.41029043126798437,0.47357486250817715,0.4286577937159079,0.44148059994409167,0.44018237483174405,0.4728875773906095,0.510470015927443,0.4838704027641911,0.4998286478041931,0.5245154903201186,0.4279844406262375,0.4228442148917306,0.5647462579063657,0.51184824306078,0.4088713248089897,0.49955986886602294,0.5050066093854966,0.4260113906612685,0.40761536969879003,0.4730580682647113,0.4880415014181315,0.49699719087576716,0.44557461072350063,0.4461157449911647,0.5003972646958115,0.4691259473652984,0.430987063004791,0.4551149189752595,0.42917378249281635,0.5010729624128621,0.4717811819064468,0.532781667559877,0.4270486311195279,0.4515290055344488,0.5279148779399419,0.4322281679305736,0.4877607611546942,0.3861631537665861,0.47255089764900127,0.4287064545429509,0.5050149965430065,0.42053505042019507,0.5017134605051494,0.4509291017409032,0.5150994852627923,0.5178136402932638,0.4919748176591806,0.5197852093274972,0.6170897680939441,0.5164110875858265,0.43673899821978934,0.48048578236119943,0.4295957027581826,0.42424168291380293,0.49080410007454395,0.4415054484716735,0.5461080970972122,0.5244401258980901,0.40938309373981546,0.47998335743818055,0.42909532812277257,0.45082597453001866,0.5298868322770507,0.41702765169553657,0.550727278519849,0.42557084665253414,0.5242524205966382,0.5201855156311614,0.4885399454359823,0.45350648601896376,0.553404245177902,0.4032587646837838,0.41674671704137906,0.5531360676832192,0.4453494288960016,0.447788892218085,0.4960699182566718,0.5026649816185055,0.49000721426877925,0.4343207833605202,0.4854621866447618,0.49091394328502497,0.46729226578239685,0.5018709424347226,0.4136847091471203,0.5328161163674767,0.4829488153478784,0.5546235213714341,0.3804105514041487,0.45908505818046796,0.41967065135169684,0.516254479003467,0.5491277562106712,0.5365239988418962,0.5184383650755121,0.5036904197301287,0.5560217305186588,0.429803446292109,0.4311933418363154,0.44272427793859553,0.4290441560245104,0.42162578077257123,0.4749740168504679
0.5180160304640887,0.500626877878744,0.47830916138167723,0.0,0.48648032828350957,0.4986663659324183,0.5292052403623486,0.4991392802084251,0.4621439330896872,0.4554432084961614,0.5946897332048204,0.4800820120998536,0.5124038071864361,0.49745303952319003,0.5517924187801988,0.4991859493353249,0.5355359436241169,0.4953846353607132,0.5015574188038635,0.48609826089359065,0.5707219551178851,0.5403893355465963,0.4866762219668987,0.5116538255508564,0.5163808879902392,0.5063220536581655,0.49893476159455297,0.5280512833217393,0.4465056171386322,0.4140572459491821,0.5215749624570942,0.4902846569800641,0.6045113978529502,0.47450037023311065,0.5749389408612123,0.5598575441195992,0.5284440189387504,0.522976244316607,0.5325765885076859,0.5744436228939436,0.5507994933180668,0.5015940241574051,0.4788940818742494,0.605562490105113,0.5207805003945303,0.47286975429346884,0.3948089340323665,0.529067926171578,0.5402399429344885,0.5230986092610875,0.5837132172314785,0.519022627114065,0.4123547309532063,0.6326674233856736,0.5576359039829412,0.4511147539040164,0.530659549123938,0.5383128040102709,0.4879940850961017,0.5212488128683299,0.5656271129313499,0.43062213436693475,0.4786981340841943,0.45943097927060067,0.4715144998772341,0.45755779158713983,0.590572762776917,0.45470229157369013,0.46586659568761585,0.5274996492999962,0.5364625127158132,0.4876120569062289,0.5281315524974693,0.594300911364769,0.515253113077643,0.4207947602140065,0.548107293462313,0.4926705851244364,0.45091924503139064,0.4358640420742297,0.4578672763885374,0.5985255071132031,0.4354994929066077,0.4662863751605126,0.5557614791490437,0.5027969156344215,0.5398984673946773,0.4743336760962252,0.46388229549650883,0.44230610232454337,0.5874585061903181,0.5509815510169125,0.5371362087030055,0.4667419811098099,0.5918430421032592,0.4817504739013535,0.4575911192637889,0.5057318074940577,0.45862876595207236,0.5267969158427982,0.5087191871698367,0.51386196633191,0.5304666466203307,0.4667430094197655,0.5252380884495086,0.46590519485123116,0.5145252211845863,0.477499814276892,0.4951180752692194,0.5066095001337266,0.610765746066976,0.5501097082905312,0.5816278494880985,0.516732040828835,0.46350303334013543,0.49938294982168796,0.4559093889451293,0.46801205616868663,0.5382713182867983,0.5025779111634253,0.5316384511753025,0.5294476658344014,0.5011279606294315,0.5369275951969034,0.5123487568164571,0.4904720447751789,0.4872130103784077,0.4728018691187583,0.5096062664626971,0.49799558944428907,0.42361515102446323,0.5216282830060449,0.4927877650529082,0.5510492281805984,0.5673592460745391,0.4410319115919054,0.38751114885265414,0.5661473104578587,0.4997271896980604,0.5240250324390807,0.4812911528833714,0.49584006996554975,0.5911355396817735,0.5681171264633539,0.5508287777710132,0.42678199058786964,0.493399175642394,0.44399564572716066,0.458899814566804,0.3939681347440109,0.6054993153774668,0.44391379852919666,0.5728066225352054,0.42545666447060004,0.547149985782364,0.5507596265591191,0.5249782136509012,0.5098678110280211,0.6160793827001556,0.5179782006531216,0.43021157041802993,0.5043317940602144,0.49255445691506067,0.5840523233139369
0.4805866684034149,0.4581134800571827,0.5203634660096089,0.48648032828350957,0.0,0.4816983207524262,0.5531105669237268,0.4340659176252265,0.43793161243766654,0.45432856943997707,0.5647726904201534,0.4874279583041406,0.49388580100911367,0.4333644996002749,0.49680507849125755,0.5536932390135909,0.5149775394075992,0.45136311274591745,0.4249271452979655,0.4352000588510037,0.5496922184689516,0.5327247460823604,0.4825377344720127,0.5288378216509982,0.49952114461212077,0.5405981795767963,0.45765771959975904,0.4349637532489254,0.4404442307959388,0.4825956459192829,0.4664469306826853,0.47885911500918776,0.46333564370802827,0.43665118925887403,0.47200373984161487,0.46752176215990526,0.5587752017332835,0.46888170056867057,0.4803234962984905,0.5280597034320439,0.4649123630960776,0.554416343285852,0.4770808214437969,0.5839474093215,0.4615346945101784,0.44030634003488184,0.45713922507085675,0.5779753619355578,0.5279300340027316,0.4648183925829549,0.5150126110229433,0.48225178642382927,0.3601654044631236,0.4827785159073772,0.48129042031990665,0.4787471526911554,0.46380789848943765,0.5542073648156828,0.42723061731837203,0.44673626888925,0.4317231943641627,0.40660758640598654,0.4315125281580994,0.4244302173474058,0.41147853916657995,0.39981506581575793,0.4908468599162995,0.5167487750869578,0.4417279048389754,0.4659926603405978,0.5180185593320784,0.43079457594186393,0.4407603205722482,0.5249493916333838,0.43698683410569644,0.39112024104688503,0.5338632303502088,0.6820008278339849,0.4035753145486615,0.47252541788877767,0.44304495497107926,0.48412037155375054,0.4922029979581905,0.4101191362151542,0.47602922691659094,0.46221487228828567,0.4707352453712516,0.42701505376135385,0.4184813987875304,0.4426672402795203,0.602743602005817,0.47863714764026855,0.5025315696865926,0.40168144487126606,0.48194360341338327,0.49658116985957285,0.373859037254257,0.4671011435470049,0.42578997432216165,0.44289366933201685,0.4424586084794826,0.4619666636757527,0.45396153208520923,0.43542361012251224,0.4298661454646394,0.48645790861007515,0.44989208409667913,0.47377216689168233,0.4755642614487035,0.5569218873187183,0.5479844085532591,0.4899956165096459,0.48307807720335283,0.4593677195966603,0.40484855745276754,0.4925325366730498,0.40936334575733935,0.48935254159172903,0.49119219973824396,0.44937859619313436,0.5697985112842312,0.44497310737676926,0.4688156663083003,0.5463295254062426,0.44633716151916797,0.47083864789918556,0.43511219390628675,0.5077857425394494,0.4527255880679829,0.4615352235189139,0.43033438740964924,0.5199305991855477,0.4251603301020587,0.4503566852021024,0.4718942011914287,0.4190426497559653,0.4147498020675851,0.5146050529683044,0.4502402520899949,0.48495411202320565,0.392931325382986,0.4971479483321601,0.4851666606714592,0.4653386426464389,0.5527715779863678,0.43778757807766827,0.5231854713077078,0.44135696068543895,0.4569790670688459,0.38305064710906533,0.46518934660249467,0.39478827409376127,0.4764382388866459,0.488003554395323,0.5184118736851837,0.49789370920448456,0.4847382425903428,0.5818905106429225,0.44857426549949414,0.48559458775252873,0.4031482372556168,0.447702920984793,0.45985851754634,0.5641208757704783
0.5628908437225918,0.6447042725805352,0.5717089947816625,0.4986663659324183,0.4816983207524262,0.0,0.46558648039283634,0.5815668509541565,0.5255087862557088,0.5227268314784356,0.5210534138837665,0.5404896932512843,0.5680773751303758,0.45481665629125273,0.5952745341989323,0.56711869721854,0.5525962434204664,0.5010161230132053,0.5519470900645161,0.5300578506300558,0.5694971533200479,0.5899756099717502,0.4327667504226438,0.513668236255652,0.546140071663117,0.4291297408206096,0.4422038443183487,0.49367815451557673,0.48529758074131885,0.5140734977862549,0.6182394675345969,0.5577213874308281,0.5938077320478818,0.4364215481091056,0.5228933795082237,0.5053271521740218,0.5327558727286278,0.5151297867053869,0.5318641170062304,0.4900359605796975,0.5638095815363781,0.5145886112043955,0.4998537893412664,0.5629414806653588,0.5200022739197915,0.5260710074592474,0.4773832709744155,0.5213326545730579,0.48061950946676407,0.5246466662876949,0.5392632102050996,0.5471995059708467,0.45775175656868666,0.5646235673655726,0.5012279243473088,0.5294014999043429,0.5410325790484272,0.5971024567354637,0.4364761284954878,0.5401764022947935,0.5717638871364294,0.4628145584087414,0.5211672981189536,0.4154325711830732,0.47797568200479995,0.4747953653879751,0.4666270292341554,0.4982060826785341,0.4442168224510983,0.5412552309711232,0.57189743339239,0.4592136245300897,0.42608613711364735,0.5351375206505282,0.6168735284982128,0.47345191470897297,0.46776259714989216,0.4889497761244323,0.47044373882722407,0.47308272137743856,0.5529044215501595,0.5444281861714537,0.5644252851305116,0.5061871849814765,0.4758777321167722,0.5716333234478218,0.5069714195652507,0.4395714164793079,0.5299561271455447,0.4759004971878155,0.5086742542048892,0.5371385968832588,0.56690117575231,0.49940069163637085,0.4756199045681659,0.5618860022489115,0.5011245939947923,0.5148221396110506,0.41565006668986865,0.5028540623745388,0.47286613252049897,0.48452324619727416,0.41938669671305306,0.5058428738548285,0.509105499011081,0.5284495064946375,0.5332544566213088,0.49046211289721553,0.5319058540559946,0.5608649572058925,0.5002131440992854,0.4464279165058833,0.5096960317678088,0.4649784682127496,0.47956092806144784,0.5524347357415542,0.5167653364824427,0.4807679327688875,0.47636925659199897,0.45696543444862725,0.49877277698848266,0.48465708965017995,0.47213517161272966,0.6236741841196418,0.47525978384945616,0.5938700595638778,0.44670015207542685,0.5336892514287345,0.512532335073663,0.4943974603176083,0.5296642532170994,0.6074689420068496,0.4530759843910275,0.48498913529632826,0.5310033152020813,0.49065514637798735,0.4901353566695919,0.49961234216677486,0.44786155161152014,0.5556281068920661,0.48612431612829277,0.5105979197028505,0.5455695139917714,0.4795712990334355,0.5053660269997827,0.39290242246541013,0.6131256968386986,0.5535380655757364,0.5299539802584398,0.40813453356579626,0.5155953620140088,0.4965509007230836,0.5122234254320522,0.4629567011680216,0.5635930002233697,0.5523608633241032,0.5259740492561519,0.599048203286106,0.46555099411546225,0.45984033729832463,0.4633461987019232,0.5109007325168168,0.4578911126803691,0.5097667105460343
0.5148834262002369,0.4827463913731753,0.48762939977297803,0.5292052403623486,0.5531105669237268,0.46558648039283634,0.0,0.44048217027320014,0.4539694388920818,0.5081817220310004,0.513821580005938,0.4625421147023591,0.5311507685950185,0.49046027868843883,0.5300062572572403,0.4911063482428588,0.49273202732470256,0.4859950570639586,0.418815499213228,0.44239821964528014,0.49671004653875367,0.5280895641793565,0.5455986922287286,0.5037053379472097,0.5320739536412369,0.4964201482036826,0.5192178811885397,0.46120102589345197,0.4347145782555004,0.44840003141519796,0.48786737902286187,0.5210129802755334,0.4861514291996529,0.46502704756964885,0.5171229103724759,0.47930730624370543,0.575379658304934,0.44238801079834816,0.4386292253732019,0.5849486082337821,0.4379680301163764,0.5692296274926938,0.46250669681310563,0.5307291625701258,0.5043821651590744,0.45589564902298196,0.4640917028616647,0.501334850005897,0.6205454438060178,0.47268543589288936,0.5365294412886183,0.45488729929381894,0.37121268131627555,0.48877697562584044,0.4945173162349566,0.5055259802631412,0.454185767211504,0.4804586610692112,0.5097370459901635,0.47381703974769873,0.44489649296393147,0.414383640798558,0.41004712620725,0.44375298988998724,0.42933340384566404,0.41008582618371814,0.5794983918085163,0.5407805430747169,0.47869040311269384,0.4666584177961334,0.5138021705466213,0.4550147447787903,0.4821467725586067,0.565580288154318,0.4283499981484585,0.4213818713670956,0.5549747966062608,0.573529260065324,0.38643336867046,0.4137396157440504,0.41474271162385906,0.5115458190264164,0.46693419045028556,0.3952218968896554,0.4680697656656806,0.4471150716218509,0.4687248732915302,0.4971928781065948,0.4545272212900075,0.44677898735410493,0.5820496768786432,0.5652364250161386,0.4979162685251446,0.41050406874891376,0.5084584623976841,0.5016618016858617,0.3728652992462335,0.4910922803594998,0.43906214077919764,0.5236419612134312,0.45424455146994125,0.4663592925874475,0.4998840454138787,0.4450666537211798,0.4453080392730161,0.46658617218464704,0.44736727558768535,0.4709131757738392,0.503146867887774,0.5446518261388887,0.5654077369746437,0.47769021691990565,0.5392110323373523,0.44965860885172637,0.40464909487636364,0.47947545856061785,0.42338390774175516,0.5127033797641667,0.4894830952936646,0.4676262058968658,0.4910903985234425,0.43502807571177254,0.45919476192470216,0.5254422808886363,0.44715360805785387,0.4574760171777232,0.4732960203692901,0.4915684996963055,0.4498036210614577,0.47867594181370493,0.43872272903633797,0.45343320390694286,0.4190135426947152,0.43135571959300756,0.4569038791261111,0.4089313438854182,0.3944700209906384,0.5438697420356714,0.46962112680275436,0.46233981627695625,0.4160658343261421,0.4923013952152821,0.557904109969769,0.4743907811867004,0.505279438453977,0.5045497712563618,0.4734961197237759,0.4296893998477856,0.46221016938865683,0.35394828565571346,0.4706126633433302,0.39817775658439386,0.46953502589526985,0.5475081953833895,0.48701266911713686,0.5098625324190277,0.498246108926166,0.5313354339897296,0.5070908763920786,0.5175617006082166,0.41916287143046943,0.4518394745007123,0.4427415523582574,0.5039780502097484
0.5574814070636236,0.5703271528777746,0.5162587492847291,0.4991392802084251,0.4340659176252265,0.5815668509541565,0.44048217027320014,0.0,0.5750537262432308,0.508452247549831,0.5199364277656922,0.540733732056588,0.573196695164092,0.4429853375024495,0.5824627437428855,0.5530609022779793,0.5142783540842041,0.5115028738201362,0.5255898073898597,0.5644270941552982,0.5200010793561026,0.5476215990530128,0.4640149544041799,0.504987762775214,0.5790761320668599,0.44170552475996244,0.5149777129947181,0.5286881168257257,0.4415963765154205,0.5118907130147019,0.693192113409534,0.5074365203958773,0.5491551920653778,0.46260201366957954,0.5243573803008474,0.48796887673112527,0.5658387062568062,0.5417425083842311,0.5281613444816536,0.48534688225533973,0.5187988032386273,0.49551434830332297,0.5025149144977121,0.4988670299940327,0.6012712131566516,0.5311048786856656,0.42731831628013367,0.4912284324808386,0.48580457705986035,0.49102875103158555,0.4894184246890296,0.48427704114741343,0.40641899132182135,0.5014455982909962,0.4784588593613704,0.5118428200526152,0.519167583640205,0.5876539504032362,0.4224000997503031,0.5192699525783661,0.588955411849381,0.42364381299959697,0.47626060059517455,0.415477547858683,0.4409319383039365,0.458900006462924,0.49169113707986084,0.474791399555416,0.46145523901618496,0.6753017756422606,0.536907200155673,0.4586510874969226,0.4222395377763172,0.5166768696119587,0.5908542390695478,0.45219445798767277,0.4641362601311198,0.456416300937499,0.5131890017947037,0.4213884948760749,0.47378060128028293,0.5337257579557421,0.5277425443911944,0.5297614043836993,0.4711170834943469,0.6452830859088697,0.5895092272627485,0.4374430336597934,0.5535915046334078,0.5230949964786584,0.4882032216063297,0.5085093302693153,0.4973040095842568,0.46121393350979323,0.4560557699727118,0.5518443500243401,0.47375245688147727,0.5250940128761873,0.4003216305235357,0.50049178176726,0.47555753101704556,0.5311856547334464,0.42793993457858204,0.524139359087078,0.5012238720301514,0.5357286599299843,0.5064881701330315,0.5333402494864519,0.4986579468261799,0.526644543129277,0.4685358338665795,0.45338125182337286,0.48480413955642787,0.5048071546952188,0.47152724092197906,0.5484553349732214,0.48557912752517546,0.4797112320923028,0.43361890406604464,0.4647865043729971,0.47190626428428967,0.5309539913937174,0.4653173026912393,0.5510086993064098,0.4579063390393399,0.5571173668941466,0.4179974051645844,0.5587089011450427,0.49208518893555697,0.5001853310430473,0.5539480691070385,0.5391343178769906,0.501410936164778,0.4796120014925132,0.5568480685640563,0.4366065650552914,0.49988904013333796,0.5051925063539212,0.5143211172283663,0.5976198912519035,0.47558981966537883,0.47057374928278384,0.5108045645878156,0.46356229479816563,0.5073151799348168,0.40406105031911826,0.5801014871479284,0.5003426076271122,0.5478367050449994,0.39844268006925815,0.5713855794609933,0.45047207354709995,0.5140311742073574,0.4552284420490264,0.5864099440604851,0.6477899370272616,0.553205346802644,0.5722156970099326,0.46106613670782964,0.433845539163408,0.4358884790013867,0.4928531626198007,0.46887405015207406,0.5086696217004352
0.5384794739645812,0.540026279039153,0.4421720665770712,0.4621439330896872,0.43793161243766654,0.5255087862557088,0.4539694388920818,0.5750537262432308,0.0,0.468448352692137,0.45464738388412407,0.4820099080199839,0.4985692352719319,0.44170369238106505,0.5320689421730204,0.4703632320655502,0.4561658058347337,0.48387727168529265,0.4551294281813865,0.49105312076791346,0.46873040559916945,0.503956446217503,0.4508392872003679,0.46399877962359243,0.5247568502834133,0.4120338975197224,0.5016326940737805,0.45877729295897535,0.4011958293421392,0.549716744195419,0.6325239849645289,0.45932503964293286,0.4889876067727221,0.4211130843638813,0.5004270256259609,0.4361153752476284,0.5276588377507481,0.4971989071949228,0.47009332433900547,0.4577522705275372,0.4611899751991957,0.5612227918357163,0.4329061085405412,0.46151643630369293,0.49242334229863144,0.47526814412122553,0.4264807939332356,0.4267077352660011,0.46334816995246036,0.44421807341756353,0.4543875971345596,0.44529261707945544,0.3980554929721755,0.43873056718347253,0.4154049129338892,0.6517060240140609,0.4758032221230609,0.5125850345055004,0.40523669724741834,0.4731889956614558,0.4789897199522644,0.41636547637670734,0.41632352205032036,0.39604545361322235,0.43162110457961006,0.4197768788637499,0.49129096047076654,0.48141643360927394,0.4160072359148389,0.5645758893686356,0.5250479496962123,0.4468055335198591,0.41721154568457514,0.4650894523553566,0.5010451474106439,0.4487463221786355,0.4297223455209964,0.45994676582006616,0.4416393770024118,0.43755522648665046,0.45754514092761994,0.5582327122477552,0.5760142830407484,0.454597537559135,0.45791925756321733,0.5813526848729118,0.5308610896637774,0.42581975919830434,0.5131222447391578,0.6506934171521103,0.4803227623558565,0.5554244152397965,0.4482841931657111,0.43546795580106024,0.47075303380655736,0.5350974922657279,0.428382437441168,0.504202400064992,0.42084764028572474,0.47232496534642215,0.46498459222869465,0.4444083202283426,0.414953029958664,0.4631963522087837,0.46282054215142326,0.47713355366259363,0.4351193878098837,0.49870201058175656,0.46112606127951655,0.49790966209250553,0.4380126300777512,0.44609207241096804,0.4748287600922658,0.5192145361897246,0.424435648402084,0.5362148485402024,0.46145327006908465,0.42732820265666815,0.3895514649425225,0.5020859247038666,0.46870800531742934,0.5006942697391638,0.44961806137370464,0.5418556261568711,0.49819328896099,0.46468776073057266,0.4218096270110644,0.5000836415230719,0.4189010305330188,0.4649990952472814,0.6660362753030724,0.49599502842543164,0.4892295553389939,0.5128870139503546,0.47110856284841834,0.4255646799644038,0.46384059382421877,0.47277770278110254,0.4346087581865576,0.5590192441754731,0.4333432934615329,0.45963073754107925,0.5406216765497128,0.45456865512673644,0.48407892955832055,0.3997587914514203,0.6143973679624316,0.4816151283082901,0.47537356268220454,0.38149374076417375,0.5211717075488794,0.4415401594469941,0.4630009778027584,0.44799081924379874,0.5257053376444459,0.6188067607994869,0.5129153073976901,0.5584198002922481,0.4554830185616088,0.42794406087404807,0.41908758256722156,0.5198342193945275,0.5206159785849985,0.5250359879617351
0.5042288566660748,0.579305876470355,0.5708916587011732,0.4554432084961614,0.45432856943997707,0.5227268314784356,0.5081817220310004,0.508452247549831,0.468448352692137,0.0,0.4976188583806021,0.5011411189959203,0.5474290514843918,0.460893247531463,0.5525128226484831,0.5257859676388552,0.4932167558864031,0.5005873269839084,0.45943753588116615,0.486186395803043,0.4828128529995778,0.554195872762281,0.4857442894366559,0.47854881260594156,0.625932896224039,0.41637660094865664,0.49789911317492724,0.47121272969931116,0.5496844462779631,0.47542428929347835,0.5576488525554504,0.5431383065223078,0.4958728789028115,0.43173092057435686,0.5054472647884223,0.4776830584052865,0.5439855651748848,0.4724860100273011,0.45678543241347125,0.49367259704351857,0.46916691942086125,0.49824314765864164,0.48450350887653115,0.49833672273469376,0.5227462277612276,0.47521215064428524,0.4694616716641895,0.5063460513935444,0.5370788634368354,0.4630767823194736,0.4711647562989875,0.43374096001864254,0.39147377327387806,0.47834479286465087,0.5031765528662164,0.5017798950391629,0.4505416148063854,0.49603192878173025,0.4781072557170427,0.46958812642258657,0.4752596138065349,0.4057211429647714,0.4218302895047909,0.4377879674948002,0.42333666762823974,0.4176023858929422,0.46886292042543515,0.5039861942951552,0.5022433167327717,0.5156264775467828,0.48088458476035956,0.4585797090208393,0.4099272251689843,0.49827296320446085,0.4857340230970078,0.45458341269988584,0.4514328919000834,0.49509210815553717,0.41746290339331743,0.4057706034841783,0.46198445232131363,0.4568388858718716,0.5110534121340331,0.44984489630810287,0.430557089499847,0.4917049127489153,0.4686832437823758,0.4553440453896656,0.5041832591312789,0.4385153334526704,0.4713363049583839,0.5069412508373161,0.5218986989178134,0.4154769156122997,0.4432160620672132,0.6054137677828357,0.3993964530052358,0.5079215708525334,0.39807120519884986,0.476611666691658,0.4621416536775087,0.469049432873545,0.42789319173559626,0.5912249350006987,0.4461216736810047,0.47511400541591786,0.46262822780116,0.5184395173462347,0.5152346665578132,0.5503216913214424,0.4669519482212951,0.422970539090328,0.4674572991582053,0.4537931688689082,0.4183371386433841,0.46218136583702163,0.46942479242258095,0.5942896015302053,0.46537198827721965,0.4361905022194648,0.44258058726696414,0.4347283014132459,0.43419108901860975,0.5149543477480718,0.4364890186951222,0.5804300354194959,0.406564954222381,0.4864752594677253,0.506440980810406,0.5054386647629258,0.5097298794571241,0.46649114689864035,0.41680350117528475,0.4043884746201754,0.4885842532448102,0.4394690693703716,0.467441865340457,0.5015758218269122,0.511565648109379,0.5048683573172915,0.4750280389391146,0.491494776492052,0.4864699047505907,0.4523590295933881,0.49995159023993013,0.42201608692146786,0.4793069252513998,0.5030756422047115,0.632620520054276,0.37815524785933435,0.4525205912049502,0.4591382212752177,0.45510212055350524,0.5419054812728409,0.5335245067834119,0.5236628946140653,0.4873136709938873,0.5298473607737436,0.4622385167421576,0.4338579050962846,0.4795918545990888,0.46466501126298193,0.4459747206777881,0.44412462309192996
0.504843586031592,0.5104836109528733,0.5532900454946171,0.5946897332048204,0.5647726904201534,0.5210534138837665,0.513821580005938,0.5199364277656922,0.45464738388412407,0.4976188583806021,0.0,0.5707008355155107,0.5340439782089491,0.46233129085114155,0.5386429011821534,0.6391646129817211,0.5851607831688398,0.48067945819758345,0.5250494068560673,0.5065162126233412,0.628371922951098,0.5834145308616626,0.5165595300979066,0.5606477777204906,0.5769720500488437,0.5319559315160873,0.5181161478351888,0.5345118116101581,0.5111154025478263,0.4698718936157165,0.5420693880710853,0.5217466519048973,0.5281677592057414,0.4957483203887666,0.5405748982553071,0.5597621065132251,0.5918240821311364,0.5585776897268272,0.6420746158405698,0.5559136237128035,0.5423650979962559,0.5182644817891745,0.5199030148769068,0.6566871041170725,0.5363605590940309,0.4700221875611858,0.40662229868542704,0.6975062106736971,0.5768293589639247,0.5119869244390621,0.5526787844286045,0.49619632735097746,0.38379977267190224,0.5985110624032721,0.6281358841533957,0.4523669723158612,0.5294402324075743,0.666746766864536,0.4555962986431678,0.5038410399099337,0.5473194242129253,0.4157753088113438,0.47005966178806635,0.4684352964501619,0.43431111653326904,0.4357703533500982,0.5360703655311512,0.46403522247116413,0.4758951721861742,0.5575440370954765,0.5194112334723858,0.4746056772826098,0.4736342548579073,0.5822673734503003,0.5243565587522959,0.41187821382311846,0.593414656964618,0.5783170839045191,0.45898697853997367,0.46730309880741033,0.46452019626215324,0.5170684490858346,0.47022736392712045,0.4800688466373985,0.535246210612214,0.5192370143515969,0.5701392850046547,0.4474156762864719,0.4592885525426604,0.4492807524647474,0.5858163882851729,0.49696123627393174,0.5844332238620802,0.4455673246843523,0.5172432670860505,0.5260400076287696,0.4323041615184276,0.5046206286773556,0.4385632777828136,0.4735501507055821,0.5191481567851268,0.5704218579144869,0.4840310641289766,0.49592047319880395,0.48735865209272955,0.49517546313343047,0.5241628929510443,0.5260249260070523,0.49076977122911913,0.5802371914189777,0.6343224640001014,0.5401479555924014,0.5159329691428353,0.5481990015371837,0.4453251545123273,0.5030748482503067,0.4483887634930664,0.572006403496248,0.545078417067076,0.47409825021101054,0.5779634044156544,0.5102100587391506,0.5068792373489865,0.5625103995970473,0.48655675342498195,0.5662837935240445,0.4421692282678014,0.5373893132052264,0.5542937844744872,0.4956462673007953,0.4414163309814189,0.575237913181003,0.5058935175472294,0.5101847014768215,0.6379737091481279,0.4374185351708028,0.4292561357420199,0.554006077513952,0.5471231939466829,0.5814318048349133,0.44532075358561934,0.5399100435289002,0.5171948285774701,0.5395767140630656,0.6563396844363323,0.4206997773761573,0.522757544456433,0.4646525441379017,0.5223929196761103,0.43175343769096347,0.5799830326309109,0.43772945600948326,0.6042942394130824,0.4500291011141752,0.6175805955752715,0.5707711019891154,0.5651949764768438,0.5672573067722345,0.5113213747171529,0.5085411087862068,0.4195082444870769,0.49115243228498556,0.4966737635383358,0.607960503807942
0.4663227834152991,0.5476140788888515,0.52747782392483,0.4800820120998536,0.4874279583041406,0.5404896932512843,0.4625421147023591,0.540733732056588,0.4820099080199839,0.5011411189959203,0.5707008355155107,0.0,0.4764312653525497,0.3932577349263191,0.4937788548170225,0.5489362242044976,0.4983805583668504,0.4226007523050852,0.528438960592562,0.4833531647342245,0.533246197563744,0.5428676411706861,0.4922984923709454,0.5600581203931052,0.5787109765426731,0.43208403073235113,0.48045198345215,0.48951696601883965,0.46641476925525593,0.5256391891773368,0.5563713912601106,0.4632598689350525,0.474897318941639,0.48957394964038015,0.4756312578350172,0.4660017420571011,0.5169589759243487,0.46785123645060067,0.5620362062006117,0.4635498376435094,0.4780986532737363,0.5387163774216552,0.43652014857125643,0.5101803558802143,0.5093845375350069,0.43176851609713324,0.40102930822588584,0.51408163347758,0.485815308937945,0.42929985137263516,0.4449545479275605,0.44923486025682335,0.3503927193272051,0.49528790556463853,0.475557698633521,0.48985775778701335,0.4560767159170728,0.6446700112755749,0.38597778979882935,0.4453219006082814,0.46927289689301177,0.36469248742801635,0.4042919792647114,0.40331505961267555,0.3784017962798532,0.38054212337916027,0.44618782077643154,0.41817813241511154,0.39998372904278395,0.5056892909752259,0.4469555009631024,0.40001619591279525,0.396185508369165,0.4715813147548768,0.4787225468336454,0.38082428799422496,0.4531839786174564,0.5012098587594259,0.41905473824610695,0.40888599964729083,0.41684295029670515,0.4652404527946205,0.5006550569634218,0.42717183366933703,0.43942942609377217,0.5293158318592045,0.49352768419475984,0.378937358971402,0.4367610587815604,0.5026277483294693,0.46986514600442264,0.47815150582273125,0.46757564382242905,0.39876392152574686,0.4175140032234754,0.5533743537438652,0.391671254911952,0.5276161091636979,0.38313486507721844,0.4294900806045242,0.43232700114132505,0.4590461768997185,0.4051694846472803,0.5177100170242525,0.41533190206860504,0.464089984450013,0.44128630778162664,0.5599905768858653,0.43359261376645164,0.6193973867236473,0.5278766349866431,0.4353269318230393,0.43075031479972137,0.4689364902494936,0.39204035016999755,0.5085700103859434,0.42584176561090553,0.49215201218932364,0.4533915800669802,0.42734896157803015,0.4594278922275018,0.4329841029589297,0.46148436890976385,0.5055034611381373,0.4193266188725558,0.5308171188189693,0.38484543298940177,0.5435559253634266,0.498091079538291,0.4132182395078308,0.49853335777982793,0.4913053330096847,0.4264039120736122,0.4628785624798722,0.5416485115195413,0.3782148894115083,0.46555439446385416,0.46033232710732475,0.48662125965638775,0.5176110173664417,0.3934275887710305,0.45824743406581414,0.46690577082740153,0.440331839206112,0.5127328397541039,0.3974315550209393,0.5703277942118677,0.42946052014808384,0.5388337620545787,0.4135630145683471,0.4955031415845985,0.39805795702211155,0.5210430672563583,0.45516959559995435,0.6157901299185523,0.514517458608537,0.5199445716766682,0.58469919951533,0.4213984188926381,0.40643229118524854,0.37315996707019045,0.4436481134236429,0.4356975309096297,0.5175653810127525
