0,1,2,3,4,5,6,7,8,9,10,11,12,13,14,15,16,17,18,19,20,21,22,23,24,25,26,27,28,29,30,31,32,33,34,35,36,37,38,39,40,41,42,43,44,45,46,47,48,49,50,51,52,53,54,55,56,57,58,59,60,61,62,63,64,65,66,67,68,69,70,71,72,73,74,75,76,77,78,79,80,81,82,83,84,85,86,87,88,89,90,91,92,93,94,95,96,97,98,99,100,101,102,103,104,105,106,107,108,109,110,111,112,113,114,115,116,117,118,119,120,121,122,123,124,125,126,127,128,129,130,131,132,133,134,135,136,137,138,139,140,141,142,143,144,145,146,147,148,149,150,151,152,153,154,155,156,157,158,159,160,161,162,163
0.0,0.35700771138970144,0.261036078062409,0.3188605264318332,0.22069832045493254,0.3281215100424481,0.2967725050886348,0.3229729625972668,0.3809656939672475,0.3289891093986253,0.3264767314736186,0.3069480263758436,0.4375705109197947,0.3135044187920371,0.34559328718385157,0.318495755171879,0.35527406726775107,0.4646609670927867,0.34326700017540107,0.4562838799303908,0.32111029093753046,0.30456762274395444,0.31692458703136905,0.25750893183044543,0.4458989173071324,0.26348591584375014,0.2515656933526516,0.35081279638634644,0.2661517091778751,0.2695963637684467,0.36995431958218766,0.4285841343236927,0.32106916943729435,0.3806379278161655,0.41258847639708035,0.36109760303640925,0.3593004930022148,0.42432242090018163,0.28567696198367504,0.3335976969623769,0.30529077549726885,0.36582132210754364,0.3277696755951436,0.3530802087479453,0.34765339720249766,0.4335465214596787,0.2538693240086652,0.27588205107527897,0.40963852523957733,0.4314281104362012,0.3731630081819454,0.3266771090205059,0.3209666382317622,0.2951232043205421,0.34437303801171093,0.4300099670659076,0.48570155168942336,0.3045175811989172,0.3276425311729998,0.4046785172458099,0.31040061990955553,0.3609053013374537,0.3283481694954316,0.29260426836667275,0.36987643571397405,0.4267185282750873,0.3654327560425447,0.3090094165499658,0.3166694610424949,0.370409531274335,0.4214442066909234,0.3227634517683267,0.38370798962331304,0.36959080392779187,0.422475025234451,0.3590663412198554,0.28560207570139384,0.2310137035632583,0.3947168566904027,0.2481743589156622,0.35519488445412944,0.3720271380467163,0.30865386438345704,0.3936844667741667,0.4191783837358236,0.47049022488565034,0.3268610209660226,0.35204641349823357,0.37912010381652494,0.42631470669843174,0.37150226367015815,0.3319304451085751,0.3569053812522657,0.44314859773157605,0.3953981593862023,0.33066366010061393,0.2482673729684515,0.3368576019347462,0.29228262082445433,0.3984374633485525,0.3305573119906457,0.32796743850159144,0.31526053335223825,0.2929023381132523,0.3971184936257823,0.35005517600662023,0.36623783644505814,0.4094027282585729,0.33481259034785427,0.29958846011262347,0.3332319706505376,0.43626589647468955,0.46664388040009785,0.3261926525698155,0.46085596322795264,0.3550209483146306,0.3827137633132536,0.3615823267746811,0.3208752793174377,0.3178198411321533,0.32036539115313184,0.29396501240678297,0.41452696597038013,0.3665025177241012,0.3279241117572476,0.30265070211967904,0.3546590308641557,0.26241273540340093,0.3732734856308171,0.35696607895274807,0.3387309585019641,0.2989118962974115,0.32147849845948495,0.3912101709215019,0.3453497178536069,0.38081442932319964,0.3332406031320128,0.3529865685222988,0.30571300547166663,0.4224170260301857,0.280393140816889,0.3837896165666217,0.36882952442923933,0.3207806886405779,0.38411604744876154,0.40406566497009616,0.3171567930856756,0.3021622656508589,0.38291993014501763,0.30607665027787195,0.4062148787287348,0.3398632698952595,0.3491713207263343,0.2549008437186644,0.4298491238165226,0.4223808066091324,0.33019294650123415,0.3199268777151837,0.3003064820828389,0.4170044915007913,0.3030226910584487,0.3778058094184078,0.28333595475209555,0.4302796185237934
0.35700771138970144,0.0,0.3034463692801523,0.3789431850892397,0.2076932097025751,0.3281516470416169,0.329566663252857,0.33475078586325624,0.2813979291032837,0.4335548136249192,0.309880716846919,0.32042583319143425,0.343828953711176,0.3366831022054658,0.35863267323489195,0.2667381867867913,0.3468182071004498,0.35832993241172345,0.36084979099568937,0.36593654437962564,0.31240697739603035,0.39720308814196903,0.33946449319299177,0.30079088145724575,0.38115845660593844,0.23402490897254008,0.2368269909357825,0.36183937832800056,0.33077941024351115,0.21289123315009376,0.3237050559854331,0.3343970197187801,0.36921673217791384,0.33043830531519364,0.35080181827884527,0.385453517904396,0.27931113816080555,0.33162346977116863,0.32805392520623583,0.3488515416930658,0.38763321746809104,0.3514400132717917,0.24997787379727152,0.29159596923804504,0.3762895537752522,0.33653908257224585,0.2293326863599408,0.24527721696488072,0.3859243202291016,0.35577195006689466,0.31828092690164583,0.2948355195848781,0.3639271104139162,0.38943348272843753,0.35555675292357125,0.36126966528263055,0.36225098602831585,0.25610319770722273,0.38399779925307853,0.42222839192428524,0.35789012755348254,0.26343595462125363,0.27043691158552113,0.2882371243760223,0.34861759082186355,0.3465571994108664,0.33475484521314064,0.24872511585976978,0.28843093461869673,0.30682278699643506,0.3040900576640619,0.31657370369158633,0.2927300280748867,0.38853754255742,0.4028195879561943,0.27987036792216,0.27956842876000876,0.25111485576095105,0.30609370814867154,0.20789335101162115,0.30024482805369357,0.33678663371961676,0.29792286389768596,0.3256957164220748,0.33463046201800967,0.4370461470198147,0.25447956289649887,0.26422193379970016,0.2869517694105188,0.3674326985595288,0.2620356330375077,0.30745731524998116,0.32984284634125655,0.37316219000482,0.3766193371893327,0.33396526999236037,0.25560527896127294,0.3315775522810634,0.2616012570524982,0.3817808915192142,0.3143563066515312,0.2725443945603971,0.24110906374504945,0.3007511112325358,0.29159855513675653,0.2771204090456454,0.3306994384581409,0.42426465229114274,0.33376510762287864,0.3616124627419304,0.32226675732244425,0.31440475126096473,0.34274174977977445,0.26104822657662513,0.3639416188541357,0.3651543032825894,0.33050045678366546,0.2908604566469125,0.37465831880843015,0.2675060078815236,0.2823753336722722,0.24472758515973475,0.34947128444542536,0.30889429711591543,0.277388900821024,0.3339389520467335,0.3469689006440102,0.2733552718341981,0.47199160342106666,0.3386090921642113,0.31486193147050234,0.2782586612866336,0.25631743179359445,0.36950428202181623,0.37660360631852147,0.32488015798905145,0.27977658472652633,0.34055981539938507,0.32576448560953514,0.31640041953026593,0.2930075395241426,0.34104884638659866,0.4063617784566592,0.31042819495773966,0.326754139087269,0.30305229458972743,0.30490628624717026,0.3097281367844415,0.3897969811358724,0.3091654581556213,0.29515188241277723,0.34186354351580395,0.33580299961501603,0.30915286009932036,0.35129815806151604,0.341581339869365,0.3218723979069512,0.2923915259320183,0.29707118787697906,0.2850127958896363,0.36218330631791035,0.30945379810711443,0.26327002956109247,0.31885233739086627
0.261036078062409,0.3034463692801523,0.0,0.259133127789683,0.26382448523467744,0.3523773083802194,0.264835743612776,0.25009299004622854,0.22527247057058347,0.27340391475214887,0.38448806842446065,0.3490256768410915,0.30948078570361354,0.2184037362676603,0.3019940493253489,0.427357080127951,0.36553588998166703,0.25883384227789596,0.2416556843965462,0.2444249680719098,0.3621125322030424,0.4413651676794061,0.21588972117840688,0.3330345062079019,0.24551941701268917,0.324424197180391,0.1945154357391223,0.25137878909209516,0.2705333743721819,0.2860446681197846,0.2338071798650436,0.29067532453082157,0.27422307225919335,0.2296626320673903,0.22325187152313078,0.2757762602030342,0.27497147918420367,0.26507933581402326,0.31843331439869693,0.27626289537808335,0.3027734278994656,0.28075030796519823,0.2752681028405267,0.3235164014097758,0.2659702803390587,0.27957666120555297,0.2813913149726982,0.35577859456412486,0.25913978766543466,0.2969630674302591,0.33187699620208455,0.34893423615150904,0.21738545171325052,0.3345473477655363,0.3104521790250469,0.22793964453435897,0.2821513669307376,0.3438386758799686,0.23380454936333359,0.2737781800787791,0.24342256510916613,0.2332804016410091,0.33743664676274576,0.21057675141805812,0.22888070661967988,0.24740016517115967,0.2354971040469034,0.32472542267371973,0.2452667439929927,0.2406747458986491,0.3173153145836139,0.20722360043291854,0.22279746675090126,0.38351728389579626,0.2991251229840263,0.18698924907955453,0.33377576393992126,0.2996093803475451,0.23622022770728465,0.22793450007489632,0.27709775310923346,0.2511556502765768,0.36185489923317876,0.25001185294233846,0.2323198698037366,0.3062440676924758,0.19739538855292932,0.20536351334181005,0.21823276032894837,0.24740373982400551,0.3115147703684556,0.2034391246385251,0.3198842508274515,0.22840991516789172,0.24371912011628177,0.2789103309693907,0.20247627375810212,0.22103865464446484,0.18784199381163552,0.2533506116331427,0.2113641206865558,0.22917073757997752,0.19384453290796774,0.22938614959076561,0.23142504816797418,0.34714234271540384,0.2806131899170234,0.24974777036479573,0.27115879037682245,0.3375272500651448,0.2954323204828175,0.22953802764962772,0.24099884058594498,0.20927185937084028,0.26319585080540797,0.35634534583104577,0.20535765787653745,0.288592225080319,0.3355393036876838,0.20423654469890057,0.34532028526066944,0.1977041806495887,0.22231407820067578,0.3411169517618438,0.18520386127875663,0.3424367064071545,0.23767384484411178,0.33823157524216646,0.2983560914987088,0.24742934272061765,0.22294761974557933,0.40861799360067214,0.19622523459457755,0.23788741798258392,0.26667920334745393,0.25282884416671986,0.27371888709624453,0.24690816244372363,0.2377612606513944,0.24676120016128672,0.20965670796026406,0.2626662587330384,0.23877983312000214,0.23904259136404782,0.2741069691597136,0.21822618120460294,0.40238977426190725,0.29650389557118684,0.263157208312919,0.2250932164209228,0.21844059394402468,0.20676574083160218,0.26212500508429604,0.31478844747768897,0.28329548399696797,0.24489839268312655,0.28879679413646697,0.39130242356385414,0.1879294541405426,0.25711818209095116,0.23112463893922805,0.1923047275546775,0.18918584299260255,0.3220867022523774
0.3188605264318332,0.3789431850892397,0.259133127789683,0.0,0.19557102196089024,0.2712834734942935,0.31818242160540783,0.3379353388337949,0.2945099755289962,0.3144030315728089,0.28878263835120527,0.3016040607703538,0.3180658501923823,0.3164612324462198,0.40869831826981884,0.2453396748765249,0.2992635660072417,0.37248009072342236,0.3293822510479417,0.3357357967825148,0.29514042613764946,0.3173825317783701,0.33460956121071617,0.27034938888742155,0.32481429871007206,0.26227133999375407,0.2951085135893222,0.35336879700290214,0.25464926416654715,0.20625795680348508,0.33848310689471045,0.2891326059891475,0.4620014839992317,0.35847730889072665,0.3213520339008375,0.40599577816885474,0.27633921072696,0.3585533050148786,0.32953298421404864,0.34153193355041883,0.3591190053428698,0.27984480529788186,0.259294461350094,0.2689169253298794,0.3954897561204817,0.35830243307294457,0.19624425090377798,0.2266103271831173,0.3285718454435983,0.35722154058818073,0.36031541035326614,0.28203667365963236,0.3476818939952692,0.37603940329363145,0.34503239537147673,0.2754100700118111,0.36661989047903354,0.26178552360795165,0.34265330296185226,0.447179951239595,0.3673071463935626,0.2811935457833892,0.28362253353925193,0.2657817800661313,0.36970984055905204,0.3743650980799964,0.41498708950542157,0.2368976838892909,0.31586496470706404,0.3177168069129045,0.29453599047397117,0.29864333060249526,0.3051752837431263,0.42088642204511756,0.3919317353159265,0.25664049863992516,0.30983371068830934,0.23092993909051504,0.3372390172883445,0.18107817111932717,0.2435548756765795,0.43553864009018656,0.2462312465969206,0.33282207884756915,0.3651539556519727,0.3937258791863192,0.2833418875505561,0.3219429991949365,0.32537933502987687,0.3565533580220439,0.2823289481453688,0.3178767420340135,0.2854210065476061,0.3309411874472332,0.37887076176884615,0.27576768231766297,0.27444497343757535,0.30147779062065344,0.26303979725337095,0.4107097079486757,0.31315387356526414,0.28676240540103565,0.3077604610260058,0.28267656200145197,0.34508661161591536,0.28445923893077685,0.3519881241815532,0.3116068789054891,0.32265611941068173,0.25880792940265485,0.3123979560388478,0.34190610864083315,0.3762082127491813,0.3098827870650887,0.3706450730022479,0.3130990205614606,0.29863137157585706,0.2598042598460663,0.28885628475885144,0.28170364685801597,0.2675278965106696,0.301829553138164,0.28707770036850955,0.28283400648562046,0.249191813502919,0.28723571061120995,0.3680373063997221,0.27449014701857405,0.3410611003784795,0.3749772593698556,0.27130723190336054,0.2762239044863333,0.29228403775757494,0.37857902725964687,0.3611940668848882,0.25776463804528443,0.22075340922234474,0.3497604281197594,0.35199381847919464,0.34110803766178344,0.3362669813487342,0.274147006586876,0.42113737865352113,0.33717353309769743,0.28642211192573314,0.3181960488573152,0.30607333709568607,0.27161255881872864,0.2872037364450802,0.24816203008621684,0.3492468251097643,0.3063075255068565,0.34506166867356813,0.2614633474903156,0.32842074534923676,0.366889221284959,0.3286482881753527,0.2665608555563504,0.3341245850373713,0.2820061656384248,0.3048732393369071,0.2714941513916819,0.2708590105364388,0.2969901598288776
0.22069832045493254,0.2076932097025751,0.26382448523467744,0.19557102196089024,0.0,0.21837813077757487,0.2680365275534628,0.18815384501432697,0.1932683992805929,0.21047338428572518,0.24949861568438278,0.2287615675193878,0.22451818371638227,0.20021311902457567,0.22719178538519005,0.29631730006896734,0.27384124411558936,0.22787592514912514,0.1839139668047782,0.1919571767716237,0.25734901415558953,0.2360038289725562,0.22725848302929252,0.2413352910707739,0.20956454589219034,0.25453067809961305,0.1828729172318612,0.19071937196044852,0.20963575234811302,0.2800723579729044,0.20097901167356882,0.219481168905141,0.20328909603053513,0.19900653551213693,0.2187503142850854,0.22543872903015227,0.23009273133117059,0.22823294261619478,0.2242838323049145,0.22747121653554933,0.2378764578566161,0.24834363794650918,0.2392879098756117,0.2811014034831212,0.19123350575258485,0.22177033265480064,0.3098256969088716,0.2756935250267869,0.24486899497641684,0.23388523407242715,0.2514962097326625,0.24966453262324256,0.1982186720142359,0.20675701727040588,0.2234283632807083,0.21557972637949926,0.21587186955854645,0.27770892847363376,0.20112271258454328,0.21479122368173198,0.16901429138811375,0.21385696748012,0.22908046798894732,0.20553906798113017,0.19557032607482006,0.18208923636215407,0.18770055517557285,0.25584999363134986,0.20000854795338122,0.20475066451079582,0.23617795215618181,0.19971008777801216,0.1842135609967132,0.23593399730347805,0.20299995508856167,0.1811594452690231,0.24312346404459573,0.3753207933336954,0.2069701889859264,0.24702423873666407,0.24714759426155664,0.1954922743202602,0.3077306307129061,0.19555688992821008,0.2100484979376503,0.21977707455114293,0.1794043149428248,0.1938337947139825,0.193601721085661,0.20569945089071004,0.32109832475272954,0.20933261238037223,0.2884754012945917,0.18621922889570297,0.21964499622256917,0.21584269893273592,0.15253768187152425,0.197763970946911,0.19455854189508537,0.19308017501757282,0.1908072473013919,0.18936530708730157,0.19454428751662767,0.19331334135923614,0.19415842253505264,0.2700104811012037,0.20772206539104296,0.23643758472572468,0.25860272972220344,0.24189636592621155,0.23120926814211873,0.22815592829213174,0.19565357567995456,0.20551396289290108,0.21525701407959533,0.2515995186936947,0.1943067745563657,0.22111739685891657,0.2346367721071952,0.20235840388755452,0.33093642261540607,0.18818113776577505,0.19419599906091198,0.29297048937866565,0.18238304433928523,0.2215316717956544,0.2051835985327523,0.25361884649829197,0.21704981109126853,0.20675156067663553,0.20905786823162498,0.2438415783506331,0.17436788717306262,0.1989163991882994,0.18387330730782492,0.23751186690953258,0.24188495145861957,0.23229216049007034,0.19230846576629626,0.23299924146374726,0.17066361985774606,0.2393074019551221,0.2131528910381785,0.20134344797083092,0.2476918019071908,0.21411147405327183,0.26541048531621836,0.25862134993644725,0.2083091951548537,0.20721142656180794,0.1813966747713391,0.20415635026726295,0.2146731409935107,0.2676385237167202,0.2425500981644343,0.20931209293498185,0.19619597330381708,0.3138852009905224,0.18026299204721596,0.23080047052948707,0.1988164461264301,0.18981733205369003,0.19603552050859407,0.27274159204254733
0.3281215100424481,0.3281516470416169,0.3523773083802194,0.2712834734942935,0.21837813077757487,0.0,0.2747463860278746,0.26909165136647817,0.26924033072266895,0.2518556324392032,0.3993363645696645,0.4264512469495969,0.3522196345349879,0.21566251658253918,0.3215767951191531,0.35200116981670937,0.37139270251027084,0.24498364949050996,0.3260945958162552,0.3094794140573038,0.4184064268056067,0.40497105838320296,0.20963421275759633,0.292246020878841,0.3086051371649344,0.26088288698828765,0.18520590449113183,0.25017092626096493,0.2604189303753182,0.28482906854901596,0.28715460011353056,0.40497477183533104,0.3015424261776728,0.26401859059788835,0.2537421945436287,0.2903200955662854,0.32769490485707536,0.2697087125633539,0.35162799106714554,0.26609397445382094,0.30799334450728183,0.3583182358348398,0.3362196893967581,0.396444625538347,0.26224402298412014,0.2829307970501484,0.2546605237075215,0.3289215718809941,0.2564876426502128,0.34521801851204276,0.39480825414445314,0.37795610023968373,0.24625127216486242,0.3521879468744328,0.30449280433828535,0.3019130768109931,0.34285101770482757,0.40415708028767694,0.23403360623424765,0.2778840524397315,0.29476004884657486,0.2994693336038829,0.4297195766612586,0.2122639352804632,0.2867832054783097,0.3097844991022935,0.2584664302118933,0.3348806666331291,0.23190183361500774,0.25931881999933887,0.38492779301835184,0.21378970986064388,0.27416549350507124,0.3715247013582478,0.3471545260836046,0.23091982191619673,0.3359970666481368,0.2414947686773196,0.2519686833187961,0.2665371600673761,0.3968274874837578,0.30618063425761705,0.33066199712293043,0.2757233598594355,0.28904152390908516,0.30163408283785337,0.2707480772640559,0.23898090453823553,0.24459031237570633,0.27843504584359124,0.33677581033191595,0.2610090768251701,0.34820242475281266,0.28932527494841404,0.260208405336296,0.3270806596834507,0.251834412987324,0.27086237729716217,0.2192390808354743,0.2577475408817961,0.2322368154463913,0.26723890581632664,0.2317661212303447,0.23380656151517754,0.27924262007925293,0.35755831113199066,0.34340602997371,0.27071306973071674,0.27044255537390743,0.4053392712371018,0.38525499089380216,0.2630844524549912,0.33437771222206264,0.23450797324130343,0.27147280217074954,0.34086954067955644,0.2658883879584639,0.287075237603038,0.4275207268318915,0.2161253180668148,0.29724271619932674,0.2242753024916955,0.30568913709203144,0.35800853202640087,0.24824442860289792,0.3368720981685482,0.2889155561112215,0.30075873105812345,0.29785632440248083,0.24054164088691807,0.2605463776216006,0.4783455663960665,0.22797512429839828,0.29856769368698843,0.32441505791499964,0.31186387857742714,0.336778453543256,0.2454632718551123,0.22911159937825668,0.28604049823642275,0.2363148311087287,0.3409873978165302,0.2688587249493133,0.2801394779389713,0.3204454962031553,0.2606260379252125,0.44487281816997903,0.31036500590007937,0.28256069192434424,0.25292798727940446,0.2755894144019153,0.25327087373355955,0.258837548628808,0.2872754941149953,0.34315350997373073,0.2871929396014445,0.3162265692162154,0.3479285092244272,0.21217193391002773,0.3099327553724408,0.22378219577758898,0.2621518772261848,0.21959923992619812,0.3666318159658174
0.2967725050886348,0.329566663252857,0.264835743612776,0.31818242160540783,0.2680365275534628,0.2747463860278746,0.0,0.24430765432804535,0.24195077094491993,0.30821089483935477,0.32415580241728287,0.34274858423253013,0.3540981734347449,0.29125683628066384,0.4253384394593596,0.29471471720517184,0.3490924645291057,0.31893876268102994,0.2616821209881902,0.2454460948323039,0.3098334207345468,0.33294291188060227,0.3993088477829524,0.3226189564385386,0.30098809415369393,0.3139543149467773,0.2513456187275362,0.2672468652221937,0.3577598075326105,0.28079549240307916,0.28641851524058526,0.3213029262395567,0.3486336804955948,0.30265390732297814,0.28734095069365856,0.2920917730023586,0.35355022052574636,0.29378342380768196,0.3414913744200397,0.4133896476269598,0.40388721533343497,0.34250017967260804,0.32717808218527206,0.35919905871862423,0.29560322291820046,0.34822673023267053,0.29425127135241763,0.27199643556875036,0.4268682628013139,0.29790133218027215,0.37812268671844373,0.29261631985162645,0.2649223574294477,0.3296017276192011,0.36644342607787966,0.3258426019069326,0.3046160406071225,0.2965773633858979,0.30792561398098706,0.3107222638759781,0.22938700440571888,0.2835728567818681,0.2705677987270925,0.2685856398189467,0.26460933296730327,0.24397020537961234,0.2949335402775841,0.30237786033211267,0.2552455568128978,0.256988469231919,0.34233009619313426,0.27720988940666735,0.22529756516590013,0.3731379173465772,0.24882567232237313,0.2635699809310325,0.3681817714732919,0.34192534512162337,0.28705898297828153,0.24894354056562373,0.34976590163252247,0.26471105032484965,0.34654630105342393,0.25659055295778926,0.28189340034462573,0.3120182387730777,0.22991920541585226,0.25703449471935147,0.27629301397693523,0.3013031262477167,0.3645701563898322,0.30418636262742244,0.4067836369329634,0.2712230743785369,0.3011679629657596,0.3299750665482915,0.19476110303262964,0.2930456463833066,0.25930729683111564,0.29880594672629524,0.2877176567557151,0.2670211616556797,0.2592034043516616,0.26673602571922733,0.2457741829540972,0.3530135367535977,0.2822394836907346,0.32755087569178315,0.4739051835851312,0.33108459373458604,0.37311710877275,0.29773877066154464,0.2619133720708167,0.2518189828329758,0.3217607943205609,0.3720634479744189,0.2825335577941466,0.3229317297971771,0.325659329843799,0.2516009060633057,0.35913331902846024,0.24093119389789988,0.2671213636888967,0.4041475612448727,0.24377999364962147,0.3847643976792461,0.2601319460176361,0.3536378695842278,0.3085508226809057,0.32967870750365175,0.26219268315128286,0.26151090014621636,0.23375159983751123,0.2551679678931647,0.24227750068061102,0.36815978734246196,0.31950116148680413,0.39872298650454513,0.28066192789710326,0.32797611885699807,0.2616169749046872,0.3199015180224234,0.3008254294365126,0.2493478252812368,0.3632842060907554,0.30611051750987106,0.3235117443270743,0.4193028211579757,0.2774174962875987,0.2617234999728116,0.2509830606079656,0.3056581622282013,0.27614607843000727,0.40188244764858677,0.37873552600306026,0.2992984181690894,0.32466059714311163,0.37213921563555125,0.29079101914730227,0.3603459063311345,0.3217594509224807,0.2612955297313197,0.270991922587914,0.3527292454401342
0.3229729625972668,0.33475078586325624,0.25009299004622854,0.3379353388337949,0.18815384501432697,0.26909165136647817,0.24430765432804535,0.0,0.35004615557100877,0.32402842320267855,0.2732380478832208,0.2798488995229665,0.3121894657304251,0.2961651158081813,0.3145461058580273,0.26943426623643824,0.28985776381670997,0.33446506127007763,0.300468124888424,0.37374174876962485,0.274892820508437,0.2680794061241365,0.27307478434409294,0.2133727790276771,0.3449306881401268,0.22721908091605933,0.2694715512314394,0.3486121047328947,0.21758782240613908,0.21221467140041017,0.4441112912068636,0.31558607420480145,0.31540556107353646,0.3392587176631376,0.3603540406959936,0.42046598326601525,0.28878505688326883,0.37565824515605895,0.3090406865587184,0.2662707481989357,0.28304949989064415,0.2712482695429826,0.29181361619308727,0.2599622734271308,0.4743287730557388,0.32129947754892013,0.20595116756312862,0.23687225758428512,0.306605092508793,0.3306617339007337,0.3040377719548095,0.245037188208228,0.2976524994717205,0.28638915645836177,0.3297530251341673,0.27880359956324063,0.31068134525094165,0.29268812930526367,0.36667940749257544,0.34599236560726937,0.44294490302093115,0.27131872901210674,0.2909841416254008,0.3138632594862149,0.30322206206254304,0.3234990309931547,0.3581486028419896,0.2433418971588836,0.3521955486720409,0.48317398567899056,0.30224591607728385,0.3204006649022641,0.31350436452576375,0.33470098705137824,0.39673021041457435,0.28016077881363716,0.3043377613284904,0.2055792833800818,0.3670875117409056,0.17539899596946462,0.24796627337808044,0.3492503793957689,0.25626618140872487,0.3700918367000267,0.34597396039561906,0.4155231615737754,0.40814648406433107,0.33948051388957295,0.37867747398194973,0.3365546253944528,0.26273700628176955,0.3319029462719922,0.2900602221617384,0.28181085041126347,0.3792335845811028,0.28404564592045545,0.3283131185504271,0.35194791598558944,0.2731860091919558,0.40086315993684213,0.3121417096053501,0.38326383160183236,0.30399510822063186,0.33027712512278623,0.4123908890642927,0.28882994713186655,0.3261023150490184,0.34661313285304596,0.2652763084021814,0.24830165669191703,0.26006268045689146,0.321947005131027,0.354533887449088,0.3262582835258719,0.3301484675320094,0.2673425616965796,0.32773458359020946,0.2734224261651445,0.2630382191119502,0.2953182096444749,0.2494542685765771,0.39420704048849203,0.27260955974525847,0.26755781123199796,0.2697929954499065,0.26631313922704536,0.30926770260878694,0.2999459713413121,0.3519492700454543,0.29872625051608237,0.3369232820623186,0.2665105558750566,0.3380394114469076,0.3260306063884293,0.34569390267246164,0.25468987840595336,0.24282408664140967,0.27558697131213855,0.3471222494978694,0.34015564906013857,0.3089864860081854,0.28323375697606684,0.36763369259540013,0.36379159752020157,0.29561372707995354,0.3099531698466245,0.2914687211994601,0.26265681759279413,0.3386413073549606,0.26185520828180114,0.4083139434095305,0.3312233222283825,0.2912203479853492,0.24020960851602616,0.347644963027705,0.3993114569898823,0.2528657345182498,0.262816382141172,0.2607028936187563,0.2654457375235675,0.27859451911345606,0.29786309364355534,0.2798400666718057,0.2724539868984927
0.3809656939672475,0.2813979291032837,0.22527247057058347,0.2945099755289962,0.1932683992805929,0.26924033072266895,0.24195077094491993,0.35004615557100877,0.0,0.2917288579525519,0.24035253708260992,0.2525964629017332,0.28074162326991253,0.37797428340501965,0.2697640890790879,0.25460077974847317,0.2652918906690587,0.37128942556312905,0.28577973071147866,0.369152327910749,0.25333545543954344,0.2638810623875494,0.2654075728348751,0.19397378144822386,0.34214960252426274,0.22405652474142695,0.3010925729588912,0.3411548287630244,0.2105299533042339,0.25715532754851145,0.4210722829427038,0.34650163578083987,0.26528515627655735,0.3209479713948066,0.4261873681177591,0.3276178618179794,0.25558781447801376,0.3964525674108575,0.2438133029108147,0.24595724716038248,0.2397030846238017,0.3365477704360079,0.262629804893228,0.2579844259116471,0.3409709778446534,0.29885745593282625,0.21207234356982163,0.2109682902235763,0.29127922787625493,0.31128920652853714,0.2784430974214573,0.24542552062074935,0.29878792684663935,0.24629129804426717,0.2749554489193278,0.36022908318036584,0.313989853143399,0.2710287482179298,0.34840005130752244,0.30092278902363767,0.27733936150642907,0.3446158243889807,0.2666267653145057,0.3444176847495522,0.3491577989881095,0.33789607553924766,0.369697521843709,0.2473969819703882,0.3237689672394087,0.3592771295956522,0.3186370934941239,0.36091302080482407,0.461359956127965,0.28081805234229124,0.36757221822019465,0.3305096434713631,0.23820516619030277,0.19467881901984935,0.3284576509673637,0.20582418822607787,0.27814646907111573,0.4089137083471412,0.25826052943075417,0.3225011796219452,0.40739512973461983,0.3806420505692688,0.3491771198630348,0.42592335559836675,0.405000771605352,0.38483155878743086,0.3009184368341285,0.45660765924228813,0.26552955342091256,0.296075870326317,0.41308085669505673,0.27668506149016997,0.33315815285589656,0.3994261882452221,0.40378238034983943,0.3693794163743994,0.33359473046475197,0.2755182317096346,0.410517492157759,0.30227021991243186,0.5004179474488337,0.2775457791570425,0.27424216025958054,0.33568808420380003,0.2504153495895013,0.21613564486093012,0.24450370315741515,0.400342039248088,0.39113085274022585,0.4624152004957699,0.33027951902211283,0.2693089724383079,0.38388542238957557,0.2744308781322496,0.23341025635911283,0.4125708742917294,0.2634351761794801,0.3264147264938065,0.31340544290567507,0.2690557040972343,0.44546028855378517,0.23739016157165513,0.36505460858817534,0.2304174216159901,0.28957100372540295,0.2926062432308427,0.4681585546590485,0.2855132595183648,0.33950858214206303,0.4100223350720466,0.28166068609645445,0.2795631207354655,0.23519896062477788,0.26914547969364694,0.3216535071289228,0.3445526547462944,0.31025654395084046,0.33271790125785144,0.3659634341247681,0.4324469661289121,0.28610829832919377,0.3620638471079249,0.28917478594648494,0.24485791837958654,0.33684891818949814,0.30468857091386525,0.41314893179250767,0.33289903642584007,0.2684944487104316,0.227086352557631,0.31976155435893255,0.36032967812561884,0.23898963215482463,0.25336012410892517,0.3083786289143145,0.31308432797685387,0.26485766240992376,0.40159047206629395,0.39580955268038576,0.2860972895921904
0.3289891093986253,0.4335548136249192,0.27340391475214887,0.3144030315728089,0.21047338428572518,0.2518556324392032,0.30821089483935477,0.32402842320267855,0.2917288579525519,0.0,0.2662352867923331,0.2726312496523794,0.3118259672076047,0.3609834358290242,0.3015716457604353,0.2690196604139395,0.29285545641851807,0.4195397968302997,0.28700097296206173,0.31494577488920517,0.2548424174845853,0.2788269907348429,0.3858011550953629,0.23157040400222248,0.457293172237552,0.23840830812332586,0.2743840154707991,0.3175622140490379,0.379748945910815,0.23370148347160016,0.3676477417638209,0.3259470339934949,0.2824572832315077,0.3188526878240799,0.3637975129390878,0.36080525409786834,0.3075829061354411,0.3823896213509102,0.26065239636155546,0.2947323639080743,0.28720767821956456,0.2883102275851197,0.2710275149132772,0.2709260448913188,0.35172928904262213,0.30739776488689413,0.24188591949641214,0.2456680380357957,0.43935350347196467,0.28284154980276444,0.27152438188730055,0.2393967200173806,0.2974617160045769,0.2899787502417372,0.3613504301261078,0.343407227535079,0.28790413744936927,0.24047474959482582,0.3774939292281784,0.33675526381413723,0.2983199649272647,0.26895554376823716,0.2303066036086091,0.3183614716202374,0.29709592313374905,0.2819318392461653,0.3027351826780477,0.2631957006188212,0.3654670143895953,0.36909524805444166,0.2675836792508865,0.39419856033906303,0.26323422989826795,0.30847412629538357,0.32301379192523855,0.3328747070049611,0.25318059510649044,0.26585927920539476,0.310606518445332,0.21443723477648158,0.2838545559482956,0.2921912430419858,0.31165921151499854,0.379497204381424,0.3198298319466975,0.3871700951288948,0.2817019872642391,0.3262176210174421,0.3551186397204274,0.32943469248528756,0.2676705795229899,0.3109125465089616,0.3222633561188697,0.28265127904263815,0.36149213468700786,0.361108421470192,0.22237612178333452,0.33621136514479655,0.30359985218745283,0.3469376984314309,0.3686622848326296,0.26694469274086186,0.28582934791463777,0.41694070095316416,0.29171937551882504,0.2687198705942154,0.26839240522604035,0.44137343998985124,0.30829707844953663,0.27540243022679106,0.2594653523878207,0.3179010675870143,0.3208373812438743,0.3180324868039816,0.3360748092939254,0.2851747690101526,0.3386861209210035,0.3742933477878118,0.2882602316504911,0.3241375214244392,0.2703874268672276,0.28833327905396133,0.2774374390205952,0.29479857420815647,0.2881302464153374,0.358199317796613,0.2955832414755087,0.25331470144340656,0.4238870991195432,0.3590278083206423,0.3875633737929775,0.23209717939284233,0.3008077260996933,0.2961892348883056,0.29862359573956954,0.2934395745508342,0.29822925102926634,0.3435202088647192,0.34774633122915966,0.33736930057666625,0.32150634712160736,0.35003392349230555,0.3462503091502811,0.2846326949607116,0.3450536259552462,0.3594595294186358,0.24661751040002416,0.33412639959890483,0.5344863772883808,0.2938850113655968,0.2795908386609639,0.4085964267199739,0.27417178727411967,0.2901431745630566,0.3395556526026163,0.35379119071845355,0.24954815941003713,0.28738892481798317,0.3139832815132638,0.31279354244579743,0.4157945626596423,0.35629680053311247,0.31202037414334016,0.2735039046704619
0.3264767314736186,0.309880716846919,0.38448806842446065,0.28878263835120527,0.24949861568438278,0.3993363645696645,0.32415580241728287,0.2732380478832208,0.24035253708260992,0.2662352867923331,0.0,0.38151755030897894,0.42377953202813423,0.24150614403762424,0.34678682258490406,0.4305909366466646,0.4059675220142856,0.29112950178383445,0.2633076741508269,0.274417536591664,0.3581331785239224,0.4441124994675838,0.25705250974588556,0.32845252299206507,0.30150819892654274,0.3342649514644065,0.2305080988703849,0.2909051875742779,0.3000946539552702,0.2839466491179402,0.27104110624449884,0.34570842541937136,0.29732782366135385,0.27090874725053643,0.2672862047081375,0.3112199012181765,0.3833180878393941,0.28874588930145406,0.3854103171345916,0.3170389910193687,0.309072428662497,0.3211475463841279,0.32418226203650746,0.3979936623131236,0.3048128067903533,0.3125206275031554,0.23130358201281515,0.39065211352641405,0.3129190250394915,0.2976133955895451,0.37395310928626574,0.30920725032842394,0.22184854742400725,0.3592458359051893,0.3953652626611868,0.2521802004853127,0.30538237630966253,0.4146544174444151,0.25914250932799915,0.293508376059767,0.2891936142807638,0.24342467845151922,0.3593797195128094,0.2268928338166489,0.22785661918542413,0.26224900535634726,0.3002511955641013,0.33376691990244267,0.27352413856950547,0.27936139520587455,0.3663422424112319,0.22532035009768236,0.2550484724977417,0.4089100996853689,0.31614977292432855,0.2209440267928478,0.4589731628497316,0.28571452231571004,0.26422848449872466,0.23384758616174142,0.3171408830790045,0.2483856970329765,0.33185730531862295,0.30052343370998064,0.2577439190946808,0.3133154648634354,0.24913396553944053,0.2306168088327081,0.2427625604422753,0.29419070401953545,0.3837513664315658,0.2199494189963149,0.3977018704500875,0.26219755933643885,0.2616840613216745,0.3170414454321917,0.20220572214254756,0.23138768638869234,0.2011259106184027,0.27415968151511366,0.2633205697013611,0.2748293242984268,0.21704786536856546,0.22151168310977523,0.25350523955576787,0.3543772486078655,0.29474836698401974,0.29070090228592343,0.29836866635198606,0.3983853216888402,0.36826057363446973,0.2581052833185096,0.29275026755906114,0.24207522568724102,0.2980064370841626,0.37866090949372294,0.2351898400532408,0.31001045943383165,0.3753657935453961,0.22243122583292205,0.3429123285614407,0.2174108662661349,0.2601996372360908,0.3879941260614058,0.2137763567498397,0.3921044144820959,0.23165049804638624,0.3801218756564187,0.3138374901994481,0.260507953562741,0.23282796914090992,0.3579729919641139,0.25786054221129867,0.26139707864359885,0.32262695361331234,0.28999816240966225,0.33752143053869493,0.278017108051702,0.2657903271035255,0.2867013720451354,0.24756759306719242,0.3046890988687436,0.24272880633089086,0.24754962628858315,0.3492666859660452,0.24320432074173093,0.3588342893214905,0.32856551088087055,0.25964269130610357,0.2503682778307509,0.2869264979981229,0.2336124902186483,0.30509432379389606,0.3251685493590564,0.320695682096552,0.3081777067239449,0.3450898642185887,0.3717884748078536,0.23420284242651815,0.3049404519895599,0.23817692297061183,0.23015711427060734,0.19969473883520308,0.4442033458888616
0.3069480263758436,0.32042583319143425,0.3490256768410915,0.3016040607703538,0.2287615675193878,0.4264512469495969,0.34274858423253013,0.2798488995229665,0.2525964629017332,0.2726312496523794,0.38151755030897894,0.0,0.30154186202176725,0.20437758524737965,0.34386712476609405,0.3417213556502355,0.4009312610347303,0.2569035477466984,0.3526945619278378,0.2914418485747991,0.4414676875370826,0.3881923007945361,0.2519693488607482,0.30139563397934793,0.33170765969129257,0.26951146332501874,0.21309446968033147,0.26271742061383174,0.271877151341169,0.29382217112971576,0.3040181740032884,0.3750831782491777,0.309283268049151,0.3229497603048671,0.2491800857263638,0.33266059125381364,0.3186168928617767,0.2875662864970585,0.4742755702029861,0.30146917418586877,0.34434829024951213,0.33725175268835084,0.37068764526183323,0.37089768182960264,0.2800138409135862,0.3259979899277506,0.26661134599512004,0.31171995177511974,0.2999783499093739,0.3651545569749826,0.4640913317283407,0.3566065348316459,0.24909170223273586,0.37992181594819047,0.39575673691086305,0.27176363369980383,0.3850371376732075,0.40798993021971236,0.24398493095925103,0.3106406495101522,0.2561112433966999,0.2761710890068239,0.37410347979449354,0.2361679112751021,0.2825591943846172,0.30252448613604166,0.24768578163441932,0.2746595106984408,0.24015326358362052,0.2531492058346213,0.3523730381131766,0.22083054304312658,0.24917031782703372,0.3942082783264977,0.3282120799697837,0.229062674806447,0.36650100418088066,0.26744272101353816,0.2707976656780362,0.2215413142411325,0.3256670976047936,0.3157836313558038,0.311396258380802,0.24355436409651676,0.30205349917800706,0.3113477184314365,0.2341755283038858,0.2528401452231653,0.27420418975781413,0.2822878287490807,0.3578141652217695,0.2689465732282957,0.39552643996529196,0.298077639157594,0.26737214157665906,0.34405517311072537,0.22856766807266815,0.27886952400964804,0.2199090833427666,0.27365735081225084,0.232117104248998,0.30312023117162323,0.25904601043640413,0.28319461708879773,0.2709790649303589,0.35742113308097495,0.3801632344306306,0.27873756650258086,0.30084023171279595,0.38191546266869697,0.5070389419623119,0.30268027313187856,0.2876799583995121,0.25735979226954586,0.28713520740113546,0.3487308192611724,0.25918235157788366,0.377097854517027,0.41318211254269516,0.22307059092378081,0.3035592295353136,0.23574561269608152,0.2684626203986808,0.3558915595480306,0.20824035858273499,0.3837779712326025,0.28302908148920924,0.33675378492340696,0.34574436564346855,0.2514388493632368,0.24630155510074456,0.36238453998558817,0.21470026759656705,0.2942240355964025,0.31346877062578093,0.28350624407122854,0.3210231976928333,0.27445527205949566,0.2478701419304699,0.333057727325997,0.21715620849337894,0.30879019774561295,0.2933023416992393,0.28738032091443694,0.3394826108620377,0.30091700551270406,0.45614233510880564,0.33268321032074444,0.30989233170551955,0.2695080658502931,0.28977210631943595,0.2646120779097529,0.3121664427990791,0.3124864996541884,0.4146845547401117,0.2674612509449481,0.30076907455653,0.34499724756271116,0.20552937970858914,0.32682022501023544,0.22241865258771962,0.22826192235895812,0.22599785293757366,0.3753678907431745
