0,1,2,3,4,5,6,7,8,9,10,11,12,13,14,15,16,17,18,19,20,21,22,23,24,25,26,27,28,29,30,31,32,33,34,35,36,37,38,39,40,41,42,43,44,45,46,47,48,49,50,51,52,53,54,55,56,57,58,59,60,61,62,63,64,65,66,67,68,69,70,71,72,73,74,75,76,77,78,79,80,81,82,83,84,85,86,87,88,89,90,91,92,93,94,95,96,97,98,99,100,101,102,103,104,105,106,107,108,109,110,111,112,113,114,115,116,117,118,119,120,121,122,123,124,125,126,127,128,129,130,131,132,133,134,135,136,137,138,139,140,141,142,143,144,145,146,147,148,149,150,151,152,153,154,155,156,157,158,159,160,161,162,163
0.0,0.3550749606202714,0.37882086547698096,0.31720043373480966,0.32239404908670105,0.36493448002387796,0.28483072222496236,0.3919768481996911,0.36754581430241157,0.40742808025939325,0.35572421585745917,0.33743915833278754,0.4835001542960565,0.2892931207840799,0.3408412185880752,0.40522250832969625,0.43441946473807713,0.47940928607802313,0.3745544077530583,0.4903397890175266,0.40394674292827715,0.3345217115536437,0.31869417707567665,0.29686443073078417,0.44059718845159923,0.27912894080487055,0.27617370975486255,0.3753977116925354,0.2935563617641139,0.34088696126679147,0.36610831315509734,0.4235481596936248,0.3081306927077468,0.28305592237437305,0.4248958985286612,0.3205294568099802,0.417659126970125,0.39945655695772175,0.283578716552001,0.37491301311889985,0.338043033209622,0.3423554204995604,0.42020124216291127,0.3870577957870243,0.3403969574355633,0.4261150900658686,0.34251567409150324,0.3927099896621142,0.40049067154990214,0.49086952626614866,0.45063457900437986,0.4276584208818574,0.3097910394596082,0.3469109803189181,0.3376204971484628,0.34506941554389264,0.573375368437561,0.36195258844722666,0.3726757940490715,0.38933568825860937,0.3665890979088647,0.2750139130534891,0.44644479471934984,0.2869243208586488,0.3577374363167057,0.41734659386642764,0.3127821504377652,0.34845637541866537,0.36742940586609685,0.3942954426631801,0.4741459207577744,0.36862676552003976,0.3606846529187371,0.4091096644721735,0.44071637007571823,0.3513558502098867,0.30845988257938,0.29221134647174374,0.34934289116944417,0.29376371214838193,0.36104504528996995,0.37815277094501565,0.37266623137902327,0.3590414497107829,0.4055152259848856,0.40367663914466,0.35196589199355865,0.41394154585374654,0.41538182692621944,0.2838518818486977,0.4278153225531915,0.30841572749275864,0.43569780314409573,0.4017315259795631,0.40477792646523986,0.32461277819284834,0.28038234030673853,0.32088118224990786,0.25040267210494266,0.37825480741434525,0.2772673387801042,0.33885039609994333,0.32335171013852754,0.3371593432472541,0.4490260563900803,0.4006769251302668,0.4539549041589687,0.3807810951993687,0.384204114626402,0.3680661710481266,0.35267005540509466,0.3901984874993153,0.39567421982393713,0.31793572635627143,0.35466240328642584,0.38021773505598133,0.39202119760812687,0.4099880754358065,0.3660117124665821,0.28157847192534546,0.3505964536525942,0.31173565423540966,0.3390034031732196,0.42152127973010817,0.3229548530006291,0.3388121107638213,0.2873793616735873,0.2646800606384984,0.32565202735830806,0.39827083730652657,0.33385286985604085,0.38465202071217386,0.29648968065468934,0.29938542653812694,0.35184838285980924,0.36133027011281615,0.3539023736972686,0.3513360023666327,0.3159314478939519,0.3972009897007984,0.30335936617178466,0.3145059592567862,0.3945583571197156,0.3301325365001571,0.3503624355102426,0.3167388844820719,0.3497275129724948,0.31711353968703837,0.4548503460197865,0.20698830547427957,0.4252881056426143,0.35974152420460553,0.38284364595022213,0.30577974067381836,0.37294905158636904,0.3606456714610983,0.3340288130871909,0.37176362148005043,0.3093256279537578,0.3800069646750232,0.30741236620165596,0.384140056340821,0.2787875192587728,0.39485280079803015
0.3550749606202714,0.0,0.35434621861080035,0.3618877132158843,0.2823124649330445,0.45606258346221806,0.3119821329786013,0.4270779354799644,0.3367131636324203,0.4399001177235381,0.32245547499787625,0.3269667392756031,0.40564580544677026,0.36297433280392444,0.3660474464947626,0.3418685936039561,0.36681965457909166,0.31757073114079143,0.32865121140304177,0.3674081738381916,0.3297230813015695,0.36831349145309794,0.2911329456792686,0.3061449274618229,0.3335368237251878,0.2778505668124619,0.2820872351958634,0.34383386330859755,0.4601172655257796,0.28189150444734173,0.40772652972758094,0.3716452711206072,0.4493015205226743,0.26735619076381634,0.38894932546880884,0.3468997488813244,0.33947314660185374,0.389647044270159,0.3419059436447736,0.34572991301316675,0.4540847082464488,0.29580899285109696,0.2704623799529275,0.3446258777895029,0.3917425343395363,0.3300089305098137,0.3048750050836439,0.30755936436090753,0.33239665400457385,0.38775183747446595,0.377095966883193,0.3638429893527681,0.3601699496298289,0.4368150318300004,0.40346101519389155,0.4185881320179802,0.3805673499284424,0.3108141277484506,0.35834099071987424,0.4162164939733302,0.4656389286079165,0.2656408756442768,0.3028136713029291,0.26616947478894853,0.29819909637824826,0.28869475704139824,0.34627690246779863,0.30660774080211556,0.2808353581937727,0.3354028828544664,0.3729318687160086,0.40488583574094766,0.2985103306796382,0.3849165890556509,0.3937070303017723,0.3113479474628691,0.3097211425776333,0.3732475889566126,0.3105342140428826,0.34283620229091194,0.32273167915495965,0.3430620215688859,0.41981996951287237,0.35961086696007966,0.3388046477069757,0.46752632973735203,0.3052623446415728,0.331584614720783,0.35247402798175675,0.3825888224135298,0.3109142185138354,0.3460139216771218,0.45699847030241664,0.3610081874923007,0.3840405863317868,0.3934979010987054,0.3279868858440969,0.321811570075664,0.2626104596920941,0.4110935095984181,0.3621692090647574,0.2724509757712836,0.24651853479961217,0.30636787625053025,0.36428405422930227,0.34746265533485654,0.3371357526561322,0.3342102060885149,0.3620348410027883,0.3453191637806055,0.2886486201261703,0.3145842849362695,0.38544817048454183,0.3138892299548462,0.37177947694733204,0.4754234449830567,0.3356050175899942,0.27710341712538294,0.3227671351415278,0.3012615767211529,0.391426499943225,0.3544008329272786,0.32741096546915477,0.42401812073705597,0.3808582062008943,0.4632370194109219,0.32597483900506824,0.33043687404535343,0.37856442633906234,0.37133813810913313,0.37176776481924184,0.3509728364082012,0.3553144736096848,0.36443300771485504,0.3267581769842997,0.32412245197602224,0.319494122462015,0.383711397273667,0.2896695351934761,0.33513580204044735,0.3358570429298836,0.3243822173265122,0.44413597182362835,0.3292218353945793,0.3516953336420287,0.26072213736258576,0.3851132480216997,0.3411049781136068,0.3690247722576961,0.20885864006205024,0.32425409797388094,0.35678980271479505,0.3127414297091918,0.32943292641587124,0.3139819348913185,0.35586494694571486,0.3497130616608087,0.37514321299057807,0.37994951326355514,0.3641322811205101,0.315909967561533,0.4314552036557144,0.285026554443688,0.32804285102802994
0.37882086547698096,0.35434621861080035,0.0,0.35458606947589844,0.385096772293525,0.3250928564159528,0.3199842500994681,0.37036775903306896,0.31261960693076635,0.4504218141953594,0.4173609183040224,0.30632429587331544,0.40423493464466304,0.2949630335790826,0.347633857864179,0.40519781912574465,0.4090987934159871,0.39180642771290736,0.3127623529306281,0.3110668010613496,0.4259641199292674,0.48924424317041787,0.3127224101136169,0.3415617559703242,0.36050241664888255,0.3075975072490729,0.2751587975664998,0.3463950315424803,0.3066792913837019,0.32266014602506926,0.298977498848283,0.32960582299501495,0.2976283652327549,0.23657484590745012,0.3185311006375901,0.30827637352865095,0.3844643188171642,0.3446034918021605,0.288433421168986,0.3662869292634898,0.32932987204796377,0.36764844910064043,0.332658118293026,0.3463024438475352,0.3339048253802788,0.3266087423565456,0.2837679385785205,0.374292702821065,0.37179009425353177,0.35092942178794306,0.4043794552671523,0.34761177527801423,0.2503249805015217,0.3991038746577663,0.3420310200575192,0.29722392070827514,0.348843276349177,0.3463031444718712,0.36897759908015315,0.3220401927019928,0.3477804225445862,0.23044303912901543,0.35156595894138415,0.2536986327338626,0.2995201008491811,0.3097894043671688,0.3152911020812022,0.37315047898348697,0.3683085163223384,0.40291705150678125,0.39602090532370543,0.29858517513033245,0.3156289338830346,0.5377973054300171,0.3481644147126105,0.24332416341055887,0.3535062684302898,0.32719760166796336,0.26766949945817237,0.2563883747706311,0.3069546184327755,0.3757605267246913,0.374610003444561,0.29364152034674396,0.3159607658886367,0.3747917256066376,0.2926557895402067,0.297630746507997,0.28365860987937686,0.2722014642928738,0.40127548443803274,0.26143669325481367,0.36648488291564374,0.2703648357509775,0.369666025146558,0.3168895745910353,0.24196091583295537,0.27395204065813067,0.2236824864937895,0.32278266377964454,0.2540477844379014,0.3359891341334733,0.2730945424599005,0.32583129477498507,0.316903175818538,0.3467156749091512,0.3339153783110744,0.33379877596476093,0.3241240522240841,0.3983230009245064,0.32784035474921347,0.2992432984397465,0.33664755323412804,0.28220287778025,0.2791780358026446,0.38966235968700613,0.2566003016100564,0.3693619469111212,0.36550034322505937,0.262967547959647,0.36068236481488475,0.28403497891237145,0.27084113820094824,0.3735073778698637,0.26329020627494565,0.3433795064115435,0.27392463056001737,0.2957079647741837,0.31171259672748863,0.34161531439841825,0.30389066848433166,0.43477961557403666,0.26873122043739095,0.26236144033334097,0.3573763275789513,0.2813119686731719,0.26012592508963256,0.3169113756321811,0.32125142036881066,0.3412444814922423,0.2828387027720673,0.28286017524022145,0.3502242074480893,0.3120344112778387,0.31580021929505553,0.25163356944464005,0.3652763851450467,0.30812833093907005,0.3589440705262149,0.19309067868188728,0.3064103776210351,0.2568036952760171,0.36439828673525654,0.37280815719014637,0.34278790191863057,0.3616066036866766,0.40259067415497996,0.4207365776142208,0.27613550215647936,0.3224693660481773,0.3197529809453158,0.2805383641453233,0.27688154669222076,0.40525529635029905
0.31720043373480966,0.3618877132158843,0.35458606947589844,0.0,0.3296914467792706,0.297184883400516,0.40719400334798933,0.34087568581549627,0.2965096021625227,0.38955268476769966,0.392558523952894,0.3426567851295529,0.3313405967030385,0.28593678574200704,0.3875646039581705,0.3038054986983434,0.31242004679703095,0.3094508546287942,0.3009609215713031,0.28628160410323217,0.36660189868599385,0.37820975940448925,0.35905474457680936,0.3422950095939416,0.36496232450168836,0.3267371469964201,0.3264365141519008,0.3074331586649096,0.3283521598784391,0.2569718407965523,0.3244308316309001,0.281470206681269,0.3920125770859814,0.27175725659791894,0.31317078972449675,0.33412977627581025,0.3831698682691269,0.30784628193868063,0.3487321639496914,0.3930188759035126,0.33995480168833186,0.3326007565389423,0.27586742086655464,0.36335145040852573,0.3348709315932634,0.31218561923102434,0.22516629812323985,0.36258936459959606,0.3763080580712814,0.301649043891958,0.39064280924313777,0.30963181635502174,0.2626534811547737,0.46301292234027913,0.38995955379111163,0.3110775821997031,0.3352349606482208,0.3312117058755668,0.33593563799401926,0.316228867268903,0.3818245072664176,0.2237307359412844,0.2944383985444049,0.2498899534535383,0.29532027155157514,0.29670215282990514,0.43840514144754383,0.2885135687231719,0.28398966050703645,0.33181810058327826,0.34409250100497324,0.29408713853365753,0.3143128579403864,0.4417965839420396,0.29438271330322946,0.24494239832315318,0.40875782225563634,0.3767593291920897,0.26249581796336885,0.24073411670284167,0.27870703239675965,0.4035188234176365,0.3274963444645547,0.2641654878675071,0.3562739552178504,0.3213424945843464,0.36236014651345977,0.3169779399081222,0.28303660943095943,0.32486097683988807,0.3633383784248438,0.3126423999097016,0.32763882421068435,0.2751255947763456,0.4014514755110017,0.3546693604814153,0.24654148812411253,0.29943190363950883,0.24880055384099456,0.31802562656693656,0.302787810402207,0.3369198619775667,0.3414054091488304,0.3065496952946572,0.29147503932106195,0.28642840883998205,0.3116686743283544,0.3256712586918249,0.3233083153990509,0.3695647655239871,0.3798979417816489,0.33757422193417286,0.36326660499270935,0.3259135766104189,0.2781920711326675,0.3187567313588526,0.2645343383657616,0.30147259202857013,0.34885345026480785,0.29047413194913285,0.3387753371464101,0.3415989152709847,0.28681042642797605,0.35569803997082605,0.2873343110604328,0.33204959507844023,0.2828432979474214,0.326479618393362,0.31292691237519016,0.36094876482240507,0.25911657191692644,0.32474260261455673,0.3248556437704626,0.31579894669861447,0.38410705168003767,0.2696068022567229,0.23011217902234826,0.3507821256554932,0.3711717844657856,0.35105140932887835,0.3546546870431486,0.28312054578500406,0.3974220469168504,0.3450991255836243,0.34527870184622944,0.28472792301177413,0.35954532078216317,0.2943480577191579,0.30962061787899814,0.18768204569834848,0.36876752326078127,0.2871489697422133,0.37399327436494967,0.34924597187431955,0.35691733030494105,0.38038215917866747,0.36886349825650916,0.3801288894641431,0.40963796498516947,0.31753469857123034,0.29828420742001244,0.2889848336235348,0.3232159189221887,0.37059153826784474
0.32239404908670105,0.2823124649330445,0.385096772293525,0.3296914467792706,0.0,0.26016332680938803,0.3650375941024798,0.28246951324554204,0.2993584030560042,0.36049846141221326,0.4109599100773548,0.3114263710055879,0.28759778716846246,0.26178015590781356,0.2959983821651431,0.3346047779354875,0.3262777188814628,0.32515773989842006,0.26026572756576766,0.2613711294348517,0.3567647990217252,0.3677905782393906,0.3505131116298435,0.2969065311615223,0.3361883356229419,0.3021070125976865,0.2871682705795875,0.2673041264724775,0.27220244278205064,0.3051864568519902,0.28627017365708385,0.26465969696771346,0.24699696416988312,0.24769216834760607,0.32401415137536693,0.2979353394954061,0.35522398416182105,0.3016857882029299,0.3130126494886862,0.29761407473134155,0.26469245978778566,0.44278516861033085,0.29066720214530606,0.3545960820101303,0.25864105686609135,0.2580705218414442,0.25834009915369227,0.3835644691636989,0.3665311175859905,0.28935673914921456,0.3366720683554232,0.27611387862371817,0.2345945298992229,0.31302759861558604,0.3239838694070755,0.2894614089711769,0.28337136924182416,0.3579856365814537,0.30393647087298925,0.25462908771199905,0.26294256410586936,0.20907668259729129,0.27189991809067665,0.27502268098012805,0.27440192061500857,0.24288060402466566,0.30689723547871534,0.31354119573320016,0.2892237925321117,0.3425463183595861,0.3238995266952828,0.2734920749598877,0.3031789604064007,0.3385659923425527,0.2665056178970824,0.22543190964792412,0.3445989619266446,0.4184397079156757,0.23243679262922867,0.24843778435738753,0.27387114263980955,0.3351292432892607,0.3363516106149667,0.2311904501506665,0.3011103121737319,0.2769340097946621,0.3072425187258035,0.2783832119752898,0.2427974597385628,0.28882737920366236,0.45232667614469774,0.28669685102716197,0.3452321551500826,0.23145740981130908,0.36252077105527786,0.3105363044070094,0.2031714525178292,0.2637224115343755,0.2599047960414873,0.2464866265685235,0.253533062211223,0.30388664910965274,0.3014779452617537,0.28024752448373347,0.265261665034593,0.27540575218706337,0.26013937145376587,0.3420000332833148,0.27494743379020814,0.3586126030532655,0.3521145839288636,0.3472152962750523,0.2929097289038381,0.33878290585906917,0.23230092004314593,0.29045674247703995,0.2343345900224975,0.33761592269615887,0.313208386419657,0.30006070661157724,0.38060492276167257,0.2783812487953733,0.25942980227138496,0.3401936596471273,0.2786755839309526,0.26831921167362227,0.2486557509271183,0.2837679742233592,0.266298162591396,0.27707257719078443,0.27351273240475116,0.3114592564907375,0.26411516579246475,0.29565338484122594,0.3248836045587754,0.2723649320145307,0.23719220960575443,0.2945419876045048,0.2909255612985871,0.32117038581608376,0.2424271929136089,0.2965635147935645,0.32640227162193003,0.3280371079066747,0.35692595832390245,0.2813120555945275,0.33503954913618234,0.2672855799922457,0.29685519162641055,0.20455213421033286,0.2937010590618041,0.25416541461063075,0.35811167921116543,0.31253628479291445,0.3348153661960373,0.34278710210282265,0.28683233918485745,0.363975901045595,0.27169779975193015,0.29811247937764396,0.2606945406318302,0.26823176227704215,0.30493824352772386,0.46576835945201256
0.36493448002387796,0.45606258346221806,0.3250928564159528,0.297184883400516,0.26016332680938803,0.0,0.25514579737487747,0.37125907190565627,0.36011244866559483,0.32867215497169183,0.2952887689834196,0.3467732303693591,0.3739330839958267,0.2740277216437588,0.31854708784344565,0.353419527609946,0.34230374366434435,0.2675207668958301,0.34649997625656004,0.3646100799499586,0.3435995247590724,0.31070535512509806,0.22472342803600456,0.25155327277358813,0.3207265408248163,0.2499392600560352,0.23492040399688455,0.28527055767446136,0.3402406357897906,0.3176424630106242,0.3939046155697356,0.4681206691536979,0.37764768634367263,0.2565046932610806,0.3325285424915186,0.3053856646589739,0.3193721580713184,0.3506868225547182,0.3153835819465508,0.2673732068551298,0.3516336825676282,0.31404526942826677,0.30509022561717497,0.3593360088411176,0.30391249317592345,0.29438342324549727,0.312945954296469,0.30827372051733165,0.26247905930967996,0.40217323884730477,0.3730191815483872,0.4041602246804886,0.3162120194631003,0.3617280079584813,0.3435190843404395,0.4233258720704411,0.39010842627172254,0.3755176411204884,0.2768171344000333,0.33874276804919834,0.4012165129565503,0.318229250738541,0.3746923989492724,0.23827930959294824,0.3086385666810913,0.3036110807406429,0.28272491357593427,0.31778626665880155,0.2517938964787616,0.3105899550413411,0.3922402349249488,0.3119318438302901,0.31516625781658847,0.3320595169787685,0.4164232294144125,0.3074185666601218,0.29055169444170575,0.2981661496904983,0.28840842426122604,0.3975827073688345,0.3813499263019893,0.3493488362639462,0.3652446302581361,0.34349509121902166,0.35292650978558265,0.3656043144786797,0.342539923316831,0.3326922845209402,0.35594725506309005,0.31956820467298136,0.31829927952371234,0.36163994085098283,0.41124877967677537,0.3472824268798021,0.3249496931047988,0.3660016297803178,0.3818199039599963,0.3363687567759514,0.26539358725859175,0.3346479020878388,0.2914610698790596,0.2825564480368331,0.26163959716121693,0.2800549275363403,0.4197737828510529,0.3633397212768643,0.3710785803638436,0.28564067627905454,0.29484356315748694,0.30628836987634206,0.29801442185769844,0.3049895886341489,0.4071227939383721,0.315511552257519,0.31761761557935947,0.3673820377882268,0.35609011330943835,0.2733216352527816,0.32892479617966347,0.28693520185832927,0.3412128536412503,0.35390728945795047,0.335766683821433,0.3868542813107496,0.3880525556675212,0.37867138581802606,0.34126144085266874,0.2856740352433537,0.3206510543566716,0.30037250823914113,0.38538468244788077,0.4630786994623608,0.3215589710586273,0.35494859702446785,0.30325030889802435,0.3164968609520243,0.3150665301181352,0.2869636194810348,0.2345723335449518,0.3226284600537823,0.2936351678006404,0.34761447513551486,0.3589985161719098,0.3434501923022911,0.3250729725930569,0.2588806027140187,0.404120162128718,0.3108787299923979,0.33827277082045165,0.21447841306858323,0.32438884596248485,0.3362849450747699,0.26961806617597994,0.26778918373947025,0.3151012071323892,0.3139601099308399,0.294763186966447,0.3554641609917925,0.29069223565452,0.3799012253399057,0.2566944423618958,0.42379407448579026,0.28415587385681573,0.30597843100263955
0.28483072222496236,0.3119821329786013,0.3199842500994681,0.40719400334798933,0.3650375941024798,0.25514579737487747,0.0,0.2667782120623345,0.26627969533798074,0.36344367277436296,0.3446088841746687,0.3177651805658709,0.3050399078920958,0.2878995648431214,0.37799395427429894,0.2709342031166622,0.272679144653973,0.2908013369628055,0.2698822840036325,0.23800838610582203,0.32451895210983345,0.3607991364464513,0.3928989044817826,0.3439043753067874,0.33666407946841265,0.3310413471081214,0.2737439943960936,0.25737564972675014,0.3080598246029423,0.2582921047574212,0.29443089172604353,0.28016393561633307,0.3167871535198359,0.2679235446978804,0.2815689678391417,0.28601541540311515,0.3735261707995228,0.25830472316345926,0.32881379110376124,0.3621922384681908,0.30990047042847785,0.3336077534969616,0.29061487705231864,0.352431347369346,0.30501722602221587,0.2824227547242461,0.26559294999998756,0.34600850769205455,0.43589474624270563,0.2669841062223813,0.36646731444742847,0.26410811515867577,0.23187441756937563,0.3775085336504893,0.37046935331883835,0.30621277028052823,0.2742493583982248,0.28682092080029653,0.3612933645399109,0.26271944087792953,0.28281990258980577,0.2241498326487342,0.24289198520895242,0.25914187766490754,0.2776599946075729,0.24882659642379182,0.41739555041684845,0.3563753269076196,0.27952234845665763,0.28662349437774165,0.33746632540203075,0.2690225203612335,0.28436135924188927,0.379253189715815,0.22661421361675152,0.24409214798875412,0.4395426158091067,0.3879376269170128,0.2342807168018367,0.2507576018880304,0.2747419879535,0.34806900773558164,0.33152780667009035,0.2188100711937556,0.28479220095422225,0.26821179421224417,0.29113443693228613,0.30464977316638786,0.25142978198656474,0.306996330065692,0.3533591596655435,0.33694784714010967,0.31388663409837614,0.24896769371604358,0.35756220442814524,0.3622575014844488,0.2150769816266948,0.2840593492202534,0.24808051561399802,0.3047837579571308,0.29396906851902227,0.330703810071739,0.3476391105513795,0.29416287478733233,0.24150738923420445,0.2712423853296318,0.2640315854569116,0.29478411072866606,0.3260805449722278,0.37528247364552564,0.3975401975842154,0.2995834150587773,0.31357683017225646,0.26794865516724137,0.24040133744242997,0.2807293873564493,0.23869850007882618,0.3325392067496562,0.32723314184544927,0.25493560928192666,0.3163666813977487,0.2843972317930161,0.25226999352368723,0.36165413000041136,0.27385919233194994,0.3232475981390177,0.261411359462016,0.3170802406684694,0.2669572151309554,0.31431829813827566,0.23412024581488802,0.259549939957477,0.2648853494780257,0.26559126339978234,0.3201413600746088,0.2855701160264643,0.23900172976764397,0.33206648568539165,0.3066507740526587,0.3286982463632268,0.3083444123801389,0.26960819826205,0.3475662731453583,0.29984870252647566,0.33847275062380483,0.30718633396610906,0.3210857240067053,0.3094975056631625,0.27738961486120023,0.17546454032515435,0.3069638745698042,0.2725591139671133,0.3044029234304033,0.40789813894494537,0.35451399841388903,0.3561505341045021,0.3272241777282054,0.37115454727052644,0.3480591441406824,0.3269011642247563,0.2970904618379325,0.26138591683781165,0.3325868594244628,0.35404667038934307
0.3919768481996911,0.4270779354799644,0.37036775903306896,0.34087568581549627,0.28246951324554204,0.37125907190565627,0.2667782120623345,0.0,0.386755380765365,0.4034722955488586,0.33828043058949253,0.37710481655901773,0.40937110671766735,0.2897988408613398,0.31826984992493523,0.40342125357033676,0.408257221722929,0.3239486174845659,0.3516064461665243,0.40110598599161223,0.3771883457612923,0.31430879224311375,0.2858978687189282,0.28546560025414375,0.3824686851522937,0.29388148691500465,0.2969841614941894,0.37502620533681397,0.3160042249634705,0.32682112458997287,0.45364700792141255,0.3661727417154663,0.3494227661403872,0.2778196256526449,0.39242246100829314,0.367842618412117,0.40249688229270086,0.4526517359580552,0.3599092412489647,0.3399844214103717,0.38883933674366405,0.29627775837317455,0.3224684636108495,0.3760703797461472,0.40189210387335217,0.3528946458317353,0.28926470794825354,0.3612209875882491,0.34645664010756644,0.39410789626272547,0.38936783004390535,0.36751460462550206,0.3029100353861457,0.3739734162593952,0.3656986210273678,0.35544166880810013,0.40949115711743084,0.4136318198629867,0.34333788106753577,0.3595222204691218,0.4925766680681326,0.25034051046744255,0.35726361197065487,0.2761764485878868,0.2858816820301928,0.31766469691320315,0.3377602404598699,0.30676943867514184,0.3212081614642775,0.47393696798962626,0.3803362526941219,0.3715138324591656,0.33659598315914724,0.415140285940531,0.44477674224048785,0.30184691423672855,0.3346210767026942,0.3104489815945771,0.38657716793876507,0.2913150801262529,0.32157953457562577,0.359333851374918,0.3917252856918278,0.38587072889536034,0.41007697300777607,0.5209546297262597,0.42241395846521773,0.3653246650373055,0.38999352641866963,0.34474239218682406,0.3562162027578984,0.3157888913864242,0.39511953195522553,0.343515572017005,0.39591583020533255,0.38963684256965836,0.3172465595058745,0.33631065360907886,0.24645153740778236,0.37714916310844354,0.3080215686200571,0.3584208075266227,0.2978461765864927,0.3665114656254969,0.4051345178966968,0.3810188354271095,0.3942004605482117,0.3748970258878869,0.33935775755051484,0.3486892619330221,0.3065699371004661,0.3601349858039282,0.40787613669732214,0.3571373744409462,0.33697579541556266,0.39824350048129226,0.3576652672746322,0.3171809560118427,0.34262286173212697,0.28992120036181707,0.3721962940626892,0.45174345023036205,0.31641832678478354,0.39320816559819316,0.3429947449533,0.3898470313110207,0.2973906882577532,0.31806100922800523,0.3671228744379246,0.3530201621810584,0.3853541694238565,0.39837726921585487,0.3806322132480371,0.32209891986597167,0.38588766559165777,0.2954111001640545,0.32455525807051244,0.34396148030057405,0.3111601311192036,0.4042280195796736,0.30778549080252005,0.2912972080456671,0.42561439649881244,0.34003537506126685,0.38758737356555123,0.2993632728713663,0.41451407883652214,0.3143634371414209,0.4298007305621211,0.21377637120947818,0.42551401658555427,0.3408289716349208,0.3430468036026658,0.31412577084865323,0.387212189312055,0.4050481369062773,0.3411867179099379,0.41375572467715344,0.3222858784348946,0.35046941151270145,0.28689204718838063,0.4101066696508616,0.30650356981238913,0.3603011850051454
0.36754581430241157,0.3367131636324203,0.31261960693076635,0.2965096021625227,0.2993584030560042,0.36011244866559483,0.26627969533798074,0.386755380765365,0.0,0.3206195717402519,0.3103862456377501,0.3262220151978502,0.3045879653931467,0.3080016654900344,0.28112682119150645,0.3494703966237021,0.3290968426837851,0.30029958170918075,0.3154405154908419,0.34457460690629993,0.32431550292293854,0.36620281710245145,0.25262094604529883,0.24395712430593533,0.3408238567266049,0.2449469432364806,0.2843137117734843,0.31618223513834304,0.2927384353100079,0.41845122564060516,0.41592473817519093,0.3383603943016265,0.294215417399376,0.2392787915116119,0.3520308759748777,0.29200088893666676,0.324032429811129,0.4189679161989758,0.3240630420977707,0.2750750934271493,0.28678992904421174,0.37479762382741627,0.2761049025562917,0.3405388838091138,0.2956948749681911,0.2732550345177105,0.2511632448146232,0.2980662059246195,0.29401349324025655,0.32315986624061055,0.32232517929660603,0.28648996670317006,0.2960843889611622,0.33172346325347557,0.30689272974290444,0.4081517794166777,0.3416915644973711,0.3997873680655047,0.2838973311965175,0.26899499582638675,0.33670852128627454,0.2737725377992349,0.30072346667429634,0.270041547101303,0.29769075404135603,0.2746241769734691,0.3243912081171635,0.2949247881903996,0.28686881288293387,0.3819983848992698,0.36268628387626045,0.3016398067182207,0.3752172236579762,0.3106735575921582,0.384751221601841,0.27832354491235134,0.2836560543507959,0.277565052954514,0.28611312999303784,0.30523517988614235,0.3234856544094623,0.43011804951877597,0.379369125072841,0.2892204916363201,0.39297872894999913,0.3690953874138691,0.38515939961601886,0.3599049195484024,0.299964223329346,0.359667569644809,0.37790522080090266,0.376715370372222,0.33351214297193926,0.28810314006035953,0.4319367832984736,0.37969511233294145,0.3332241710471475,0.3179888776547968,0.2980118224535339,0.27283962112290683,0.3117601748613701,0.3031463235222808,0.303314043316059,0.30019320630460633,0.3644613366790921,0.283887540712467,0.29496654213880513,0.3344851348753611,0.2626156155095018,0.28094457594491345,0.27334014219148994,0.3564166780612271,0.38508026622438263,0.44580376328498167,0.2618910841126071,0.3197604518926225,0.3167863021782769,0.3100255830893143,0.2831971638830914,0.325766243997513,0.3388036963388007,0.3839984831922315,0.30711419524884653,0.3364438969061023,0.4891400881824594,0.30090813650076764,0.3216084540754545,0.25982900690274263,0.2801266399138985,0.30212562784900804,0.47371009150190674,0.4282572492861954,0.33889950113805534,0.39362511914473997,0.3163404471720149,0.3017089905866995,0.27039099071928385,0.28252825111140567,0.27391463118042264,0.391044124834805,0.28636629240056616,0.33874582097723743,0.4051045696397333,0.4359943680776291,0.3338866480952213,0.28742651091642096,0.45861320870045963,0.2907951399098306,0.36107616858120284,0.23408816317625433,0.3843823995921666,0.343043754229662,0.3289953584685706,0.28253522360401384,0.33135684544047,0.3643031417294879,0.29279211515373177,0.3400162904742052,0.326874097324639,0.34406864592895703,0.24242205311462803,0.41149141399185696,0.38676344622615577,0.3538493806442773
0.40742808025939325,0.4399001177235381,0.4504218141953594,0.38955268476769966,0.36049846141221326,0.32867215497169183,0.36344367277436296,0.4034722955488586,0.3206195717402519,0.0,0.346589963747723,0.29836974743974054,0.3998307970551424,0.3258623795093324,0.3749459785274231,0.3419204124801994,0.3757429445444443,0.4195611437360318,0.33817740755837944,0.33328312549532174,0.3722282136444783,0.37125772059211565,0.3782101242104557,0.31080185373486424,0.4507636051270287,0.2845272488788249,0.2856665923007741,0.3522831227829473,0.3674393108180669,0.30252525967047483,0.3711309830280083,0.35560865034066846,0.31801903807772086,0.25768619198285286,0.37013378294390104,0.3194738360654118,0.42575385613260286,0.34535299203436765,0.2872634047688144,0.3792758167540034,0.32958420225576934,0.3553249617541127,0.34465713098983536,0.35027307275769126,0.34518905924377985,0.34944545760572765,0.29298492018272604,0.35965122029785734,0.4676257839759606,0.3386616581347639,0.42790127504017034,0.327099829069413,0.28767465746427956,0.40057834102919393,0.38657502110898834,0.361373386566008,0.3676349672413991,0.30044400968783336,0.4560963980607793,0.3470281795090949,0.4062103307761135,0.24882920905394987,0.313688648313412,0.2629328575403975,0.33416149231482806,0.321766909350997,0.3416828288214453,0.380022716810054,0.3780039998714482,0.42425145215860105,0.3988236341959573,0.39547786529515916,0.2947667116627733,0.47656193623434895,0.3272454327967455,0.30852425862602745,0.34746066768873185,0.3662960846487315,0.2923777211794637,0.29742573347708806,0.34659568013672487,0.38879124904501694,0.4419489560252074,0.32218450132040816,0.346407828337397,0.3856001519218016,0.34008578756328356,0.384780516067295,0.34816057925254185,0.29983452185637127,0.3621735539785331,0.3133584599956481,0.4154292935167672,0.2983499096304978,0.4271165348607226,0.37292600927964953,0.2504734185019227,0.3066133741927631,0.25773094822504766,0.3635060127634801,0.31337375816084106,0.34830476413951633,0.3097716579173551,0.3840024173943725,0.3342836930584331,0.3386334711452575,0.3387571949258723,0.382434895894841,0.35544415110654043,0.39468841857051934,0.325718586234181,0.3229705240628894,0.3839875556356236,0.3161569682537458,0.30571411663666315,0.356976808607738,0.3189925883395272,0.3893823998671228,0.3529166485290275,0.29257090726515184,0.3464924933776191,0.33470154857647766,0.2869928935960972,0.4338084805316962,0.3180845505805931,0.3901390608350686,0.29128374347824365,0.28995293879565903,0.3431314027234547,0.394643474437746,0.34725287556539874,0.34813309579221613,0.32590246993771665,0.27635400320601167,0.3453451966218546,0.3219894672523343,0.2949463705909661,0.36208767539094394,0.34867460097583575,0.395455121471098,0.34914214360318757,0.30995931192494863,0.4235603143231927,0.3120989793238671,0.3468194679075416,0.29145599228809016,0.32696617508645853,0.3701451472233417,0.449404017782259,0.1923670019293587,0.33537357224527137,0.35644411936255416,0.3367483454517716,0.3720470567247743,0.3609208786724931,0.41572333640720355,0.35389823086578664,0.4310776279828063,0.3574226783161778,0.3798052029826193,0.39630236804546753,0.3838909934830571,0.3341081181997367,0.3594916270573682
0.35572421585745917,0.32245547499787625,0.4173609183040224,0.392558523952894,0.4109599100773548,0.2952887689834196,0.3446088841746687,0.33828043058949253,0.3103862456377501,0.346589963747723,0.0,0.39555833768618603,0.36203741583963567,0.26140341929183764,0.3143038632215133,0.39366806741425414,0.3720218979545176,0.33732173148079114,0.299293345698094,0.2999984448739552,0.3743979187399191,0.40812994891268173,0.36820354694652707,0.34381517187763116,0.366136216986007,0.33963162449934603,0.35475234658215693,0.35938324786342235,0.311506236639535,0.33388783084002155,0.30241360953638746,0.29588790954653205,0.2832051095633811,0.270300486825897,0.31836626468073814,0.31449639057029743,0.41853413729324174,0.33843672511982664,0.363545522654504,0.3413804578473978,0.3054324635686045,0.3962916504860597,0.28918121592920937,0.37189386371091254,0.3099401348422037,0.29641148286177676,0.23038494215063024,0.42756461899404635,0.39179985853440297,0.29556518595617004,0.35578938674273286,0.2906839535486537,0.23506190088688841,0.3747260542696263,0.37942137523162767,0.2793161997457755,0.34171769884016673,0.43321139908136763,0.30694310469922265,0.291552178097381,0.33201640963068657,0.200320379398114,0.31407917387772144,0.26394842813252123,0.2433831619255055,0.2690329785628512,0.3532265244459864,0.2891151374363754,0.3190803358773828,0.3683143607154073,0.32903317929383974,0.2735768668414356,0.33287658128977266,0.4182829855838881,0.3316596466953044,0.239957257073627,0.41484371977416346,0.3718994084534893,0.2577766171213122,0.24647563323099053,0.2792190007799885,0.3125293567428972,0.3318208286754095,0.2781959018675107,0.3167205500009451,0.32789561019162183,0.351769416577589,0.27306435055549083,0.26903069314187333,0.3177065400498145,0.44454303866585115,0.2556408729711434,0.3543633705057217,0.2740317233465672,0.33829796954298047,0.33327012309089854,0.22045703360059557,0.26517455264726303,0.23224625904786075,0.28312433032050394,0.28401380551859373,0.3209799405556182,0.3009518902621027,0.2800623496168202,0.2836175064669145,0.2877395135272699,0.2852144068632308,0.369472120889983,0.28501533834534826,0.405553660180339,0.4121378921057987,0.33723103145398303,0.3061766112942167,0.3488634361465239,0.2742581199933283,0.3582650633235998,0.25769002984022676,0.3418801730866395,0.3421500342072973,0.28625415121141834,0.38050223520323934,0.28570328724279703,0.27754693746820813,0.36566583408818504,0.27310559664968365,0.3392037865909613,0.2350689506781687,0.32214265065187103,0.2940674784320088,0.2895916864668266,0.27900024517278915,0.3489229570288928,0.3147007516100378,0.3085616476411904,0.3982367277660119,0.26603115791236204,0.26095426691870477,0.30092387708125456,0.3286059139418101,0.34357720660424207,0.27863940180850255,0.281498529772488,0.3032395533074794,0.3166035729185334,0.40693544437796403,0.27573356485071,0.3443108100096177,0.28434080664504113,0.31597459245979265,0.21940253805641297,0.38091939395063007,0.25657551161440156,0.47444688823797304,0.3124905701644276,0.3511644088092057,0.3593631717600439,0.3702718349992443,0.40225523737235785,0.2973708555653949,0.30184446634115486,0.259772343824842,0.2862824162115212,0.27805696329361634,0.521569392785876
0.33743915833278754,0.3269667392756031,0.30632429587331544,0.3426567851295529,0.3114263710055879,0.3467732303693591,0.3177651805658709,0.37710481655901773,0.3262220151978502,0.29836974743974054,0.39555833768618603,0.0,0.30373786491224164,0.21965692909133472,0.2802516712251313,0.36522707746154276,0.34758717827763996,0.25952604145843944,0.36775388364028194,0.3361679885609132,0.4213438023467038,0.29189300348791436,0.31202210510435263,0.3189559714017738,0.40095163874155276,0.33632027360507694,0.29176260287634687,0.29911122423971737,0.28780949514521126,0.34081060047992834,0.3814155784786883,0.32243744829899584,0.29640848174524886,0.33948254214809914,0.31901766569774576,0.3296280373432104,0.38446929655074746,0.3517348132198398,0.4485081903735819,0.312994221978364,0.35220912863304366,0.33603012962153533,0.3105778482435209,0.42388903746865886,0.3182323434372844,0.3077370887288169,0.28518917212686645,0.3993185709068246,0.34370928735554795,0.3317975037118308,0.3721644735350875,0.36092901738778255,0.24503128489848403,0.3724671583168559,0.38046004893655294,0.3290026212386316,0.39268789218599226,0.4823707953722377,0.2581861377112288,0.2903825690753713,0.31629519443832405,0.22336906877513807,0.32652048645295395,0.2723053033683181,0.2588518745377748,0.29377945329047206,0.3187832241462804,0.26028899589052557,0.24574200466975168,0.30840687223575586,0.3240193945742114,0.2717101685536791,0.32455902718577034,0.3352111051619591,0.3312024232232247,0.268918905074202,0.3547360690611385,0.3670075402410403,0.2991090443175276,0.2852090779273354,0.2995574674671544,0.33837287142048966,0.32737312990586015,0.27360816050304,0.3959862156070073,0.36669695970853167,0.35793134015310735,0.2996512370220073,0.3177705213270052,0.35857532041802653,0.3736678282866142,0.3188427902817434,0.3356968748689213,0.3259346398743947,0.31806953189608284,0.39449941492283097,0.2565999150668226,0.3545592074319151,0.24912536174655464,0.2897105916010639,0.2760178957208283,0.32626309511036133,0.3541779927956118,0.3393130797575217,0.3014598314474478,0.32217147922938005,0.36519175257164693,0.3384122004227157,0.29224052612064194,0.4009730008700492,0.5019166125976159,0.43022116974917585,0.3353290008687979,0.37827276474084837,0.27889898995399703,0.3353702841155816,0.31286227080971274,0.34318136304565994,0.3711353327960403,0.27427905508230277,0.3466494354606876,0.3446099451794816,0.3231049877415877,0.35414519915878995,0.2949396178934413,0.36755477394069724,0.2636038440594995,0.31660133455557676,0.33075983149544935,0.2785436717099852,0.2942975912784887,0.34436104345066576,0.30146495395611245,0.3693608710406318,0.3799635344726575,0.26265889147783356,0.3170845371676535,0.3116486741362336,0.27958494182768734,0.387032094161152,0.24824649230457912,0.28717409231225,0.3471186969904824,0.34786574598005116,0.44165155307169296,0.3668039398309096,0.4556626582615466,0.27574097753619153,0.3647497772170905,0.23687397549589737,0.435555657043541,0.2963608305690916,0.35334539375032187,0.2928309537222007,0.45871004353818845,0.31862490446570213,0.30287969310824026,0.39493677173071623,0.2799743849200029,0.3288294592033951,0.22756335704696792,0.3263554540623932,0.3093707118706949,0.4028329754423528
