0,1,2,3,4,5,6,7,8,9,10,11,12,13,14,15,16,17,18,19,20,21,22,23,24,25,26,27,28,29,30,31,32,33,34,35,36,37,38,39,40,41,42,43,44,45,46,47,48,49,50,51,52,53,54,55,56,57,58,59,60,61,62,63,64,65,66,67,68,69,70,71,72,73,74,75,76,77,78,79,80,81,82,83,84,85,86,87,88,89,90,91,92,93,94,95,96,97,98,99,100,101,102,103,104,105,106,107,108,109,110,111,112,113,114,115,116,117,118,119,120,121,122,123,124,125,126,127,128,129,130,131,132,133,134,135,136,137,138,139,140,141,142,143,144,145,146,147,148,149,150,151,152,153,154,155,156,157,158,159,160,161,162,163
0.0,0.641646789652744,0.5425092679847094,0.5040455979551838,0.4656744440664087,0.5572684377810883,0.5324306493151099,0.5404370730300935,0.631405348449641,0.5676969971620052,0.6170309587303471,0.5527561994546354,0.6111384202030378,0.6040314522787241,0.5523437880589483,0.5748963540609877,0.5834889854452012,0.6846208161370481,0.5891760555457353,0.7103708124313023,0.6035822165703528,0.6335722402948535,0.5199739226016961,0.5532709979941228,0.6698279029706581,0.5197907120295396,0.4746868740925729,0.5551379144109871,0.57292209465248,0.5216180020057599,0.6095163159582462,0.6246721521976512,0.5060850524488296,0.5416015682568422,0.6718441760777478,0.5672849522087889,0.6475546533200438,0.632381879253148,0.5308167703154916,0.5447154777393121,0.5276723122560387,0.5798696840847698,0.6026268263615682,0.5940118839043219,0.6012419072393604,0.564938648904451,0.5139647414357295,0.5796342021681465,0.6396460450568863,0.6001521699559829,0.608566986535829,0.579922174608104,0.5507280124798092,0.5918527769910663,0.6092487326946717,0.5782038770700978,0.6760766533326547,0.5334917340608334,0.5954084826705787,0.5773595093796582,0.556699081388867,0.5218201213772561,0.6006942181905525,0.5408001989016019,0.6003327346511999,0.5935130883610745,0.5603924929413073,0.6066338781983622,0.5677829617894645,0.6019716267059123,0.6577723881885809,0.6214954100527788,0.5962358728725646,0.5989993109040083,0.5866784508141151,0.6062751730414061,0.5187220765289184,0.5076536221178745,0.5608281995593596,0.4899509855551734,0.5486364625300831,0.6153337210450025,0.6017673828614585,0.5824134595196181,0.5889869640018389,0.6334615426669638,0.5606299940764323,0.5834861921056916,0.5640525067710259,0.5650313654274738,0.573437454748219,0.5477433138026074,0.6021928052628999,0.6492615222658309,0.6218828394910443,0.5882974793008885,0.5340951139150265,0.5392306272531382,0.5489833346620059,0.5578705419874624,0.610105796962815,0.49740188035028954,0.5038481489532016,0.5104059158025854,0.63038837105135,0.5489576590592284,0.5202343901149881,0.5685075681428987,0.5413805254800853,0.5845195537879859,0.5781798322894734,0.5808057366473928,0.591511190867535,0.5164918167786289,0.6272954335342769,0.5714708392951993,0.5928678922154942,0.6147681985159996,0.5344096531931419,0.5412292725175836,0.5673491061683216,0.4892337730138545,0.6152574238650691,0.6077669429949785,0.6027192728829053,0.5796644900665863,0.5056655165701373,0.52442354503096,0.584018004245428,0.579092780108508,0.5538301450342459,0.5396701079931995,0.5595874878730629,0.612541556286659,0.6110545463806102,0.5678434030509231,0.6253091419634391,0.5636539786528157,0.5580681568238577,0.5627834440913126,0.5379438989407538,0.628526666133572,0.6019321418902684,0.5511974988632449,0.6238141711817291,0.5653065662424892,0.5769318031206903,0.5030577018483962,0.6621099442923974,0.4715771013276983,0.646367641184844,0.585876419573457,0.5709385589036035,0.4877884030105702,0.5600735154888712,0.6337917458498522,0.5527725536649163,0.5326936002520465,0.5405347356863792,0.5822423007614508,0.5122250232354661,0.6628526680123172,0.49079634703474534,0.6699449729206257
0.641646789652744,0.0,0.580735721270843,0.576876046310974,0.460539617541174,0.5637873088535592,0.5761998627563583,0.5577018939095585,0.5765914110268406,0.6645752319681135,0.5852803444885324,0.5860325200595474,0.5987033281339026,0.6310929581028876,0.5715049321538171,0.563524077288238,0.6091898801943293,0.6472585492599199,0.586716355827075,0.6022744336184667,0.6327664518836379,0.6434054697879259,0.5612093689133403,0.5983610224073326,0.662422361030915,0.5407384978235293,0.5124672398839533,0.569005384125238,0.6911073111321684,0.49982044967201533,0.5798415098482718,0.5792823124691703,0.5867367018762191,0.5567057017269847,0.6055395654323368,0.6020632771860777,0.589595260945698,0.6304443266654887,0.5398204611584849,0.6385929269025779,0.6271007713880716,0.5844581928906606,0.5399465606978837,0.5777030909444092,0.6216337472407388,0.598519168935583,0.5232065395486372,0.526575924131365,0.6293980832453434,0.5706044186103005,0.6085394048371642,0.6145795299364911,0.5864393845882142,0.6718610290371068,0.6178892350262323,0.6234240723443106,0.6417562391259748,0.5369916300543507,0.6093510470246604,0.6187777857586533,0.5669549425726683,0.522485677240001,0.5653793113551339,0.5377439985578887,0.5592291826146396,0.5687335818590653,0.5909749067942882,0.5675077206638502,0.5342912317982862,0.5729001153480707,0.6071318307643486,0.6108601190489255,0.5578406075479166,0.6299379452662781,0.5990945257980648,0.5748428842507984,0.5209470503995579,0.5529050059516676,0.5811732009983428,0.4944333014732792,0.5794917285606346,0.6071183878597175,0.6455526572103883,0.6016910305588041,0.5988272113635147,0.7065687914291867,0.5083528227510302,0.5409028244225629,0.587245581890673,0.6270684020034378,0.5668955765942326,0.5768052133264561,0.604427299733778,0.6152483929022435,0.6695726781257382,0.6215254299069467,0.5294366410544158,0.5856053947625702,0.5390666896152996,0.6187626186179312,0.6102198508824521,0.47845644280476457,0.5124897653981795,0.5585998775202715,0.5955441516388481,0.57206677628535,0.5462280704176768,0.6233030097342981,0.6169432085492761,0.6056862211533851,0.5884364350247737,0.5752347186736303,0.5709039389484867,0.5384928424034628,0.6561707471951075,0.6496496430800912,0.6112003424821264,0.5453844984123253,0.5696458128052307,0.5814949828223415,0.5537193155961425,0.5091454705817257,0.5827410921684975,0.650859831603992,0.5468707791783446,0.6453014829547434,0.5301840495998864,0.5432247019848312,0.6814541792623736,0.602405126063442,0.5743428091181048,0.5401848738726126,0.5382022988829024,0.6234399140695004,0.5738050957388744,0.5259189765074734,0.5891837473608216,0.5978427538129946,0.6049575538049548,0.5720554004966835,0.570876596535151,0.6021175220583003,0.6713266304423117,0.5649327954604996,0.6347594954599055,0.5330231014013876,0.5802846782403408,0.5746823152926019,0.6761631237606982,0.49731704482541855,0.5787073776787416,0.6372816477723626,0.56943770142911,0.5494386589635446,0.6282229231923366,0.6094984796135153,0.5462727933710066,0.5899591790769882,0.5823924061857898,0.5655720481430633,0.5886832094907473,0.6289916654265613,0.5378175688407796,0.6257653373835662
0.5425092679847094,0.580735721270843,0.0,0.5154911227244495,0.49893994757987853,0.5794043719072597,0.5037144100938241,0.5496141585589117,0.49612637651545155,0.5830787067493954,0.5866565276189809,0.5420604342029437,0.6166331697895411,0.5301487216097982,0.4862659154299931,0.6867327123730315,0.6698107529003706,0.5599040298470795,0.497193541433664,0.5046705436104894,0.6568905448346631,0.6322486271574799,0.4942334892626876,0.5317418570304301,0.551323324827958,0.6059464143236544,0.48301907121888776,0.5132847145388284,0.5641362329733418,0.5224699157357564,0.47332434371612153,0.5764224989634917,0.5063158546069366,0.4903392365232583,0.4723050221649596,0.5399998071298027,0.5608656573719055,0.5740774766659054,0.4869155103305326,0.577376831591343,0.5374255960635554,0.5918653751067794,0.5437294405044663,0.5154878480797122,0.5550380722303913,0.5597585501931384,0.5568317391375892,0.5220767036931394,0.5281632960837803,0.5439214420631443,0.5932444921164428,0.6282996223717455,0.4947924392200839,0.5879407900709623,0.5521015844116374,0.5551881020140719,0.5676004695583233,0.601307862971388,0.5093541412479439,0.5490306033608062,0.5366602092746383,0.5373052870560684,0.620437844893414,0.4816541733283692,0.4808986206376496,0.5264950001959225,0.5247180340223718,0.6034738376622376,0.5559375355754654,0.5587052301684476,0.5878856863891085,0.48740382621145206,0.5209325818920915,0.6669597851203289,0.5959658736588119,0.46504971772268316,0.5753931276337789,0.5967125568509166,0.5297571787063283,0.4866810767837296,0.5645364401527561,0.5276481993568207,0.6273560414947335,0.5660518158409809,0.5542084474916071,0.6011953071258405,0.49323020013007357,0.4906987029549305,0.5174268943977793,0.5317458672150513,0.6015144638686076,0.4755806712495069,0.5546593941855941,0.5012376142848343,0.5669436106481421,0.5331394071313333,0.4833188406437421,0.5079922072361329,0.4699046135299183,0.5419985139632786,0.47577435990616623,0.5047427324587257,0.469421269180603,0.4752139787404491,0.530591204615678,0.646858930680205,0.5697153759329684,0.5703989972279858,0.5669029092694915,0.5511022992530505,0.5343261253642315,0.5278389396530824,0.5349971373469419,0.5129055321714272,0.5662152307413485,0.6669324782724176,0.500600303707252,0.5015333167077362,0.5871978210155281,0.5263261780502291,0.5340764189802109,0.5071926739601788,0.5117935324967935,0.5891226458855732,0.4414193426845705,0.5629861152240534,0.5415582761289127,0.5783585259513918,0.5966135579376357,0.5323867693368262,0.5392996204845436,0.6545869299906689,0.4867635911957548,0.507941731318564,0.49256493700559084,0.4555732382368223,0.5193156739148258,0.5000605812709128,0.5246044261736316,0.5084929392410886,0.46205630990527696,0.5839361519867389,0.5451252594701632,0.5221379080138869,0.563720644929054,0.5025736428518498,0.5615405563073311,0.5631536535756217,0.5729672367449322,0.5024961385666518,0.47862189622356266,0.4929211723322274,0.5317179715349073,0.5877603967542476,0.5663290520394396,0.5289275376522732,0.4915706569155848,0.6297288571759388,0.4464119636173837,0.5523753463339746,0.525843846056417,0.48470639104297353,0.4856392735510547,0.5579758519661815
0.5040455979551838,0.576876046310974,0.5154911227244495,0.0,0.42748648366068426,0.5133438455965234,0.5754981309525435,0.5537700963293442,0.47731875992646405,0.5738676574317844,0.5304769827936446,0.57748944432053,0.5099907748328449,0.5121403484948699,0.5145367652415385,0.4923879102951758,0.5213981655286897,0.5169234079990014,0.5366458163448423,0.45858140286742577,0.5393694105675393,0.5180773043757645,0.552952261905688,0.49850800081708974,0.5711038857977163,0.53875360599979,0.5166566253195934,0.5327524267079177,0.553575737738325,0.44903466062375186,0.5110260218810064,0.5016303512450202,0.6723158312528758,0.5508908126530687,0.5026825005038696,0.566506636081,0.5146009292803234,0.5183792350408856,0.48483648769534154,0.5631178284780493,0.5736399290476524,0.5048745003807175,0.4820029791507334,0.5215693432957258,0.564512471300192,0.5106039400564191,0.44999567934866597,0.4627311358371208,0.5408109881858019,0.481136254827545,0.5635378344755603,0.558715327207196,0.4664638129840475,0.6480578244424826,0.5951916169711302,0.5058712913532104,0.5077578580939941,0.544858523804332,0.5050533883568216,0.5226712081192819,0.5236074000621788,0.46527251223842336,0.5171859329877359,0.454722556170888,0.4502075267522547,0.4704819778793179,0.5296114741009076,0.4808859700183679,0.4844835647932517,0.553162768381533,0.49698630123959653,0.4815066939181181,0.5026504095290657,0.5755756900420231,0.5144161874062997,0.46270397419129006,0.5054094951437479,0.5150066923688428,0.5197634489815293,0.4198446009860302,0.47490432942447497,0.5399506406174143,0.5115430595732652,0.5145300073183121,0.5292099323640368,0.5520726477000637,0.4844762352841736,0.49461595227554905,0.5262534061626453,0.5134510656094641,0.5531546250307949,0.5518882703181913,0.51909732257031,0.47511277771305327,0.5503056010948816,0.5727938996682799,0.4546866658608299,0.5604592073130401,0.46372669808931477,0.5864614778594575,0.49053799589911207,0.47402136850923376,0.5653529567798377,0.5842252275386345,0.524540064699257,0.4973304406966654,0.4964715074081942,0.5451290128844596,0.5248254766821211,0.48299561065678637,0.5784918584555464,0.5142694198484588,0.5150574231598267,0.4973882516773949,0.554910903070509,0.5603348761789849,0.5051720191122632,0.4620725400844892,0.5695014012372461,0.5566889053436839,0.4508982579878015,0.5598038439212788,0.46975853821965796,0.5447047566225763,0.43285450684293925,0.5858286442325559,0.494765202967305,0.5064728416551205,0.6121204455242996,0.4905634223905117,0.4811579012533113,0.46681550911247405,0.4700352362614469,0.5286764991056049,0.46818906666842847,0.4068129306608595,0.44970646245668533,0.5224707690993561,0.5331274028505975,0.5030368758308935,0.5687967439180639,0.48499491332998845,0.5671633729035295,0.5127162356844854,0.5181725741291634,0.5213040654794341,0.4931452903684012,0.49381238828771884,0.5276021773032781,0.43295043860349425,0.5236791761852431,0.5187992323981279,0.49030828868336435,0.485858189166695,0.6145733115621453,0.5056611760107855,0.4587302727026956,0.5587560344040451,0.5631051207384588,0.5264133196978144,0.4965819168356013,0.4971094138746732,0.47598553321557063,0.514163488070002
0.4656744440664087,0.460539617541174,0.49893994757987853,0.42748648366068426,0.0,0.42265184120996424,0.509845895780239,0.4064840284972042,0.4468019004238982,0.42718246478215005,0.4978828026714008,0.5079224875440487,0.42429603768816787,0.4279193342011162,0.4958427629078502,0.4907518177988085,0.47762226398531976,0.4650384744874648,0.4481860450250419,0.4307856387429471,0.5199218474948212,0.5326322137087762,0.46027288044381776,0.5001994947995002,0.4448567940909579,0.4889399527956772,0.4099419274403462,0.39820187563525694,0.47970073040072303,0.5213203679902197,0.4496369201875994,0.4468050640150206,0.44525481989883436,0.4165109041939414,0.4521042975554307,0.4901822959152743,0.455154358795128,0.4752576547765347,0.49852640039309487,0.4702160820205703,0.49589149921774145,0.47408513773024596,0.5053729410250698,0.5188973282007414,0.4327838020636448,0.4423959864073342,0.5230626282993653,0.4820246476553605,0.48869859916214997,0.5058045261812164,0.5134563418766795,0.4908688592854682,0.42665700013231206,0.4868785521542099,0.49582960314754726,0.42858826298169217,0.4820778125378326,0.5117005921216642,0.43064777316480984,0.4594970291990479,0.3838336365920079,0.4388236081425042,0.47226109677282013,0.44679114994105074,0.4495286705986027,0.4058892287905037,0.4047906843667863,0.48167452342350725,0.44397486226908955,0.42635550959333307,0.4917656472916731,0.4447723309382998,0.40895278700148313,0.47098049549039966,0.4231951963097489,0.39608199089605817,0.45263373236551613,0.5703541987668013,0.4288778841512666,0.40967204186718986,0.42101112736771923,0.47463175226255216,0.5226190618865059,0.4010612002254353,0.4516455342587693,0.45975946657804084,0.39056617915005387,0.439848115326484,0.3996146581782989,0.42770986325197113,0.5794179444647964,0.4454559211538606,0.5565035556441571,0.4209958473955551,0.46498622797995154,0.46744058757736245,0.39424050474777533,0.41667035358378884,0.4576440875713977,0.40667446035732735,0.42957769404066426,0.4082573015077959,0.4278354604030683,0.42994475711152425,0.4445812731019677,0.46619550117307373,0.4235373165448011,0.4275225056233815,0.4722003134239084,0.4481854987289798,0.4863105577106292,0.49360548758766043,0.3966601317831883,0.410921292573331,0.4494598090110285,0.47214837558665823,0.4074385635627943,0.5037729037458692,0.4395697384424918,0.4220592878737373,0.5951635239761895,0.41294435982735755,0.41931457018010665,0.49935347953680814,0.415810263069184,0.467211933656676,0.4254544096552866,0.49545223335303057,0.4475718161688363,0.46301357109651414,0.4182234970827898,0.4594766644413284,0.38454257046646706,0.461033222626234,0.43424622707041377,0.45053017483349805,0.46912208012913814,0.5013435795291857,0.43981319568447275,0.4772113519454382,0.392381040605703,0.47587250946337567,0.4602315285509634,0.45809852780305865,0.48758653777926153,0.46380413996366127,0.562095152821441,0.431797076785253,0.45520332517483747,0.41458424265085286,0.4331029714129047,0.4320949916499882,0.49479448029655887,0.48690117485509743,0.46311001604358126,0.4283060781859744,0.4028594928919196,0.46564022564679036,0.4098437157071573,0.44939157923573436,0.3967990559676351,0.42712641200509677,0.41128659830378883,0.531324487452801
0.5572684377810883,0.5637873088535592,0.5794043719072597,0.5133438455965234,0.42265184120996424,0.0,0.47131234325832166,0.5420397067361806,0.4941211565958624,0.5681242442694121,0.5492609844818716,0.5497028931542961,0.5857896854409509,0.4815244166572257,0.44716412634259534,0.5798636908682551,0.5732895270987146,0.5015595021797374,0.5433783712952321,0.49712620051528866,0.596521275327318,0.520408195348943,0.45088676272746875,0.4837511217943331,0.6055975459837014,0.5171834585411548,0.419384400199271,0.5173057716598765,0.5268442707376446,0.48801867707744595,0.4883959015088722,0.5892450522164137,0.48970298493950376,0.5137923895154467,0.472759880712571,0.4849689609870153,0.5747562922143513,0.5185618645881955,0.45882083488728787,0.4828867396354206,0.485584285075855,0.5811996265617642,0.5000035564425557,0.5345925982167601,0.5140945509724909,0.5075869930061735,0.48821127490353633,0.5301158037568418,0.49501711361505396,0.47197512944646497,0.5469372677825619,0.6317359534447325,0.4730249589769027,0.5620552164313255,0.5218020525809312,0.6151897124491893,0.5381567170306572,0.5705421626070593,0.46717967932513255,0.4838349151118853,0.5779824429558132,0.49974541805670397,0.6152840161116561,0.4289078826751005,0.46388499877847084,0.5363242576317931,0.5069854320633331,0.5612637555598663,0.4679220620089895,0.5662926491760171,0.5511239501793763,0.4571804246408834,0.5360572043033982,0.5680933057165625,0.5837373009863399,0.5119579476138442,0.5089405769902199,0.5065028878616504,0.5154624888180311,0.5649204890763987,0.6548844589061015,0.5142550323086817,0.5849439437699258,0.5886173498146773,0.5481675660450507,0.5568638510665248,0.5623357305409166,0.4630011585935186,0.5344588035863623,0.53212432843086,0.5141962413257172,0.4891548362892786,0.49061651584764726,0.5324518682702013,0.5257373522528697,0.5715940555161793,0.49075210274828224,0.5550584402056815,0.45169583579016004,0.5343041799482361,0.475083934239557,0.4846694027414194,0.47406839517599303,0.4955390360183782,0.5173826288942465,0.5437898918095204,0.5277314418979063,0.5719711506182742,0.48441263852653615,0.5728406966846826,0.5620459537621723,0.4838283017506352,0.6284365869693471,0.4926269575028078,0.542245039552937,0.5776146765137196,0.5655709931899319,0.46232410880187175,0.6290437300508722,0.5240558386613507,0.4536547431960724,0.504559166159605,0.5628520622698412,0.5886331688842495,0.4663750416390912,0.572179430655494,0.49617912699419414,0.49271774194538553,0.5900783716740479,0.4591933731059972,0.5429568815079822,0.5953139142436338,0.5082450209489724,0.5238418208221196,0.4882485365168077,0.44083972286081924,0.5194276850049253,0.4434769034150685,0.4494034423025968,0.4817408740197616,0.49974321521425813,0.5539296057177221,0.5186121809587984,0.4845018609435477,0.5435893698429791,0.48344900233833743,0.5108976975692889,0.5270981713673684,0.5675466656870247,0.47243866915917515,0.5126291602761079,0.5259810120127004,0.45920073099432895,0.4516967988106543,0.5943732758991662,0.5334080512609214,0.4918238538150184,0.6453179070721087,0.4559328626208766,0.567251877748708,0.513635110822046,0.5476988834000365,0.47866242160462397,0.5367025013542353
0.5324306493151099,0.5761998627563583,0.5037144100938241,0.5754981309525435,0.509845895780239,0.47131234325832166,0.0,0.46785372929217955,0.47488066716513316,0.5528103326156762,0.5352584334481283,0.5889007755067833,0.4977336528609806,0.5205076557242796,0.5793013622618453,0.502269070590371,0.5212141685940367,0.5371286854241285,0.5257658475600124,0.4782784276226626,0.5603962234992905,0.5430128556463724,0.6199763306910272,0.579046890747313,0.5646429448178716,0.5518504512014932,0.48840431983307603,0.4855295993366001,0.588115936685155,0.48216032122827807,0.5325850831313413,0.5260670220152294,0.5697077113885658,0.5584958841770635,0.5366637075904503,0.5738497290247481,0.5377648541178255,0.5075844198884405,0.5268568698204961,0.6145724860953387,0.5657488530045583,0.51005286889352,0.5266958813020212,0.5849257295973418,0.5450590147748692,0.5280973388544304,0.5212283680101852,0.5037983327550477,0.6687997035059059,0.5249477734195465,0.617012796567169,0.5421747669079587,0.479547713384764,0.6170857074857067,0.6432934340047967,0.5045573906547693,0.5385193380665565,0.5094573100611063,0.5564158589842255,0.549059230369555,0.4583582183606316,0.47472478003470825,0.4895447353784114,0.4893666753502099,0.4950199939774601,0.47188119257709216,0.5198777307192756,0.5249486200359728,0.47847321869325726,0.4825744975543706,0.5285747392552487,0.5296752447353348,0.4809505098912315,0.5727924652368082,0.4625202080689076,0.494842389582752,0.5273531111295939,0.6094895327782419,0.4905970994244777,0.4427317555460181,0.4633988489041158,0.5431715139261803,0.5541380894163915,0.45513887042188284,0.5243218511007738,0.5177061117417507,0.4434463961662886,0.5345811474281094,0.5001803001298852,0.5058039602258789,0.5858016126720138,0.5731717797794244,0.6052751453420544,0.5026042412034587,0.558628234346687,0.5672666763542923,0.43329593836511426,0.5172240066450695,0.5032262761489324,0.5480335688401841,0.5296332531726073,0.4581022912420263,0.544383048251401,0.530209536989445,0.5074422578699788,0.5073772254245056,0.48450271101867964,0.5053863370888136,0.5801103046777277,0.525391639778326,0.63996493477847,0.5450122615887523,0.48282783088326603,0.4612547837714427,0.5354592149246082,0.5320139550399643,0.4980298039079358,0.5541509124111024,0.5247415317180328,0.4966513239572026,0.53067321398317,0.47035261400321227,0.4805377528632379,0.6028893823533439,0.45887766091893656,0.5839501421158692,0.4885356664993774,0.53625265963643,0.5604842144847091,0.5291852269486551,0.45569682146198287,0.4543130384604993,0.4458649998148693,0.5100399730601707,0.4836150314663614,0.4592878681638142,0.4974768315184119,0.6102023269727715,0.5338768613940895,0.5291851779398319,0.4972842826017005,0.5169561874868724,0.5882057997410745,0.5052357379025658,0.5599536574486597,0.5760992778318137,0.5236809562119075,0.49654235386142787,0.533526721098052,0.41961805664907176,0.5190202418586346,0.5191719670491008,0.5119643847972014,0.5495729215862247,0.562873111077615,0.5055647199763373,0.47256956930751054,0.5426833586583071,0.5528001727193751,0.5606479480054001,0.48312800633282116,0.5077494854418912,0.46932178368690003,0.5525953414293306
0.5404370730300935,0.5577018939095585,0.5496141585589117,0.5537700963293442,0.4064840284972042,0.5420397067361806,0.46785372929217955,0.0,0.5552580660435161,0.574974719197284,0.5255817759213282,0.5485495522143182,0.5757952942388888,0.5257016440201474,0.49124083283208275,0.563324718115072,0.5504179302805294,0.5603942720301439,0.54777091181201,0.5299335727642353,0.5636775706258751,0.5293784749624355,0.49786689589172867,0.46589970895551985,0.5879278613506891,0.5288926657872564,0.5185082014670251,0.547322488052384,0.4957709526537651,0.4890416551499169,0.5532068084597795,0.5746249524666963,0.523739970521616,0.5390433199681427,0.4890920581780315,0.5687018546111732,0.5547168171544269,0.6141778351402373,0.5146590700701056,0.508663404685569,0.521118597174088,0.516379978544321,0.5527040081828777,0.47951831887503354,0.6522604905709818,0.5878754789841267,0.45852398752928936,0.46833791074695363,0.5174934873582244,0.5341980651034199,0.573337321333552,0.5341858491642254,0.49855705499933056,0.5729053587880704,0.5756250212655823,0.5333746667592615,0.5748344979855736,0.5789370836360409,0.5098059221311493,0.5771597161017112,0.6514223464715441,0.5554878591365617,0.5913189263968872,0.48068947869157674,0.4929099459095715,0.5726701495647626,0.5615592488276172,0.5216183921379395,0.5490106329328287,0.7409158391228877,0.5613467459362713,0.5134006024123977,0.5319976256876178,0.613620928553492,0.6372073084699952,0.503488633627914,0.5563399545684562,0.4813354302118887,0.6377713623797652,0.43694424847376373,0.5177321664789284,0.5782476270527873,0.5403859016632043,0.6367674333536611,0.5868148909452863,0.6410768340947622,0.6058309322913664,0.5465727041297078,0.6265060795944466,0.5754630621999605,0.5341369390489981,0.5199952245587262,0.5224240441705793,0.5240079852465114,0.5660356934691889,0.5382671661824469,0.5802009878881139,0.5393304403774055,0.4776915981082945,0.5934030755992804,0.51717969399159,0.628945412112874,0.5253135695729352,0.5188230675927535,0.6188555722996514,0.5816824824121769,0.6043915386256002,0.5552931978881263,0.5263171089121825,0.4815407748049845,0.5129536940322101,0.545701212874964,0.5433628431450175,0.5949443352560814,0.6049852105339654,0.5572766966878876,0.5307437667723921,0.4956909327248928,0.4992389704940989,0.5661486592693586,0.46791999355376357,0.6806871432779811,0.48732218120666315,0.5470448578342565,0.45190965890409024,0.569350670103676,0.5387137784481839,0.5719229539506494,0.5859881218130304,0.5329709033336446,0.5587249972212098,0.5670855409915074,0.5753093047603494,0.5401990386402875,0.5175059114772512,0.433955252506601,0.4934643277611489,0.4834110811012043,0.5434357174264997,0.5809117680769454,0.5169611552960856,0.5434851730361665,0.5690125098891164,0.5601354833179469,0.5473136778381835,0.5045647544218765,0.5248725953961996,0.5443488382008559,0.5839423907012463,0.48498177566700224,0.5684886805356213,0.5239089014104091,0.5224999162376506,0.4898077726668983,0.5958621280320222,0.6020577712720566,0.47544407918464915,0.5498176915764241,0.46199910576182796,0.5434323643388542,0.5116634363873506,0.5108502649064725,0.5328128759305012,0.5094308257017597
0.631405348449641,0.5765914110268406,0.49612637651545155,0.47731875992646405,0.4468019004238982,0.4941211565958624,0.47488066716513316,0.5552580660435161,0.0,0.5234962481835566,0.5320835247143025,0.5307589186554295,0.505711057542501,0.569415520613259,0.5116713105723224,0.5150441137562057,0.5221058816091614,0.6085947130728195,0.5606711177851921,0.6304952531512166,0.5506442627563051,0.5784555536523207,0.4922589837365834,0.4686636411092937,0.5873237182362152,0.46520174330058534,0.48288890558273556,0.5033010001719455,0.5039265546095696,0.5265157072242671,0.618748658626507,0.5448564930899412,0.4716233767101794,0.48965304199328913,0.6164909274166541,0.5853236905807163,0.5328997150560155,0.6815025348720858,0.5356439658025672,0.47701715351303997,0.5101675560655704,0.5714520337696903,0.5496823189605473,0.5123325573017887,0.5503080860400553,0.5129210732155759,0.46918077814004816,0.4808532186593712,0.5476684687075081,0.5925625569278715,0.5440602087136842,0.5043554195695733,0.536267658236407,0.5304287232086485,0.5477682503304697,0.5515214225015438,0.6075149531541264,0.5353579880638999,0.5428851778059536,0.5539653617062673,0.5079474457989266,0.5279271423549419,0.5360091978320956,0.5782259324393658,0.5790321067404793,0.5275129501953952,0.5129402169316462,0.5126281960250783,0.5607549235019169,0.6047661143971507,0.583059061525506,0.6032487562085167,0.5671589404217853,0.5281068904650564,0.5807424487847654,0.5182850211624337,0.47412121843800537,0.4663920294760817,0.5370647792950376,0.4310958614159989,0.4961857587190636,0.6556504081980012,0.5441267678924652,0.5402066378711305,0.5932549303645316,0.6261390658023359,0.5465579498926709,0.5754244711252503,0.5301222226275919,0.5651961484189179,0.5583976231708911,0.5676829599068558,0.5605074329004153,0.5415670462072195,0.6267958624369293,0.5403758080435739,0.5623966400633867,0.5262885927037162,0.6098634463381629,0.5014141380778687,0.5720310411384856,0.4939489830458465,0.5067813631646344,0.5084226513594086,0.6604912221500293,0.5005048037902582,0.49747858964921815,0.5347406338000918,0.4891724139253083,0.48529032259561933,0.5050574090728867,0.6210390169168226,0.5132114214870325,0.5810969181025738,0.549309926738993,0.5115377939585056,0.5360716778887564,0.5625899375541944,0.4652771482575705,0.5787193580450114,0.544577573790565,0.5229190243608226,0.5312705988606081,0.5211270438789666,0.6034024200513387,0.505972186942443,0.5140725624319038,0.4990037830795868,0.5301212021545023,0.5453850593004814,0.6034801852674034,0.5306753945177415,0.5358855961807064,0.6825064901471015,0.5693650184237761,0.5171956355930413,0.5254461722713364,0.5127381931799865,0.5242001741603707,0.6003091670803608,0.48937045109532373,0.6089440098699884,0.600621485398215,0.6419562971646278,0.577054165574873,0.5273901224552868,0.5940248955945884,0.47337290632909224,0.6187280908644753,0.5115553476442517,0.6131767631376033,0.5672796358869961,0.5898347417130263,0.46299929166883375,0.5385050180980946,0.5867861099351923,0.46255202238079013,0.47572608812306383,0.4814397337958124,0.5086663602748361,0.4693306035028586,0.6174116997053765,0.5419643707727693,0.5964577596629965
0.5676969971620052,0.6645752319681135,0.5830787067493954,0.5738676574317844,0.42718246478215005,0.5681242442694121,0.5528103326156762,0.574974719197284,0.5234962481835566,0.0,0.5392109054835657,0.5508397921445612,0.6177180251748647,0.6123969417496062,0.48719229268431635,0.5811462564284213,0.6344800360368275,0.607248818441455,0.5444073034191198,0.5322293337241505,0.592194555355456,0.544225297161673,0.5870568789959583,0.5050543426754075,0.6787554853081614,0.5404399780701269,0.5411100792792444,0.6073023511073952,0.6250787723398705,0.5008130652653134,0.5159297860189649,0.6281255022785444,0.5313602836568936,0.5841404893789068,0.5183884821319624,0.5627366236290487,0.5671719746810489,0.5895467596174925,0.473513610307429,0.6052696479633842,0.5415459678561875,0.5976737046043392,0.5175201730967889,0.5061887345645956,0.6059015905741143,0.5965984248227763,0.5203035682744307,0.47802228574225447,0.6067512432881824,0.5237412814763507,0.5860555406662784,0.5758554353774143,0.5368022795135952,0.5825768891510794,0.5821876040725591,0.6441054507139946,0.5796827952141684,0.5424688929925355,0.60448936486212,0.5925676082791475,0.5654127790795507,0.5452843296477495,0.5458206377934067,0.516320160733311,0.49899150173135876,0.5603714931108663,0.5901790170348434,0.550052837882814,0.5626045052967079,0.5848568689902265,0.5444460852461162,0.5554751572656207,0.5747247153613131,0.6504853311688279,0.6115965079097595,0.569094349407084,0.5471987419731127,0.5516653330080331,0.5598650278284997,0.4944758880605955,0.5827224356710979,0.542835989182654,0.5901065796457708,0.6076232836166573,0.6187327071005813,0.623044676108281,0.5158313280085302,0.553049422386999,0.6639221893689607,0.5720936404145435,0.5563402245142035,0.5549751599298578,0.5537935672476823,0.5543751708844802,0.6374700444089305,0.5706168962920503,0.4909376039483805,0.6099741272451463,0.51323744903109,0.6831954847989052,0.540147270887312,0.5021673802023365,0.5365715840331706,0.5525294565120389,0.5756996667126821,0.5922610006159811,0.583010152375477,0.6890898603053849,0.5990999285758669,0.552429709704737,0.5600424447195488,0.5498283345018727,0.5930087759305035,0.5869539491700972,0.6109747047719337,0.634599212782131,0.6321234647228121,0.5205611309278446,0.5950051357542671,0.6278537124326711,0.4848591673852318,0.5381189539706556,0.5510637474922115,0.6009152467399907,0.4800431162088955,0.5993484458556664,0.5767793193442764,0.5217535364406785,0.7012893632359977,0.5482238459791553,0.6143994726507871,0.5473789415540833,0.5351902833311893,0.5309503016206598,0.49145614867229565,0.4518144549253533,0.5225933352416076,0.5153277339914174,0.5650126797292142,0.5400583401347658,0.5319858413458912,0.6044868080500256,0.6381177204809693,0.5504663007918783,0.5825772966692538,0.5462952571261444,0.4996235239780481,0.6050994432373061,0.6743656165187101,0.5163744616664863,0.5191871563059473,0.6013267994118965,0.5144042698652956,0.5596293229897805,0.6309365904606888,0.5593159185840142,0.5048658483761718,0.6121143072380036,0.5136866816297009,0.6258587533112457,0.6402412913800578,0.5759893943753279,0.5656429716106215,0.5313729538442657
0.6170309587303471,0.5852803444885324,0.5866565276189809,0.5304769827936446,0.4978828026714008,0.5492609844818716,0.5352584334481283,0.5255817759213282,0.5320835247143025,0.5392109054835657,0.0,0.5834645727732547,0.6067945469457923,0.5374866043381668,0.5147764143457659,0.6305235288310476,0.5906688711837484,0.5635203159316855,0.5357904144941471,0.5498865610963122,0.5898355806546829,0.6672008003036856,0.5218255313108495,0.5798833962709371,0.6007315234894278,0.5630958435054204,0.5011546375303563,0.5534673238352408,0.604544143621149,0.5320004182797776,0.5206058593070261,0.5578274983994306,0.5054944943265149,0.5203930266348868,0.5461669927132397,0.5253776185292267,0.652272984667586,0.5761161632801394,0.5355115138832364,0.5598828946200005,0.5055181497648933,0.5711456625795774,0.5311241442513726,0.5721454145886553,0.5568295663851702,0.5014636883851383,0.4633977429481101,0.6124981558828271,0.596078501002201,0.5156812706289212,0.5647747508403616,0.547573784774597,0.45782658935985804,0.594977066241987,0.6165457991341577,0.5206402609988429,0.5727582686562076,0.5796989566326696,0.5000903003261231,0.5198285095900179,0.5461328932764856,0.46066726726840046,0.5462946754500196,0.47820750935445655,0.4711837530447487,0.48863923264327147,0.5421196483743169,0.5618285061510432,0.521582470057587,0.5909376813412394,0.5652147231142647,0.5068048995399584,0.5344210276208232,0.5991016379089771,0.5500275459032425,0.47851509934328595,0.5649391831948494,0.5604011598439935,0.4991893767502683,0.4857906190772008,0.49336210983316364,0.5287347298635633,0.5963717632674275,0.5418869697546282,0.52656325843857,0.5757741211173873,0.5411522691995728,0.48890828104994205,0.49362704443040206,0.5457237592350076,0.5814735392111314,0.4772791826079058,0.5648319935710377,0.5210996316012327,0.5495225275859467,0.5720925090625347,0.4577415933192907,0.48644537356759965,0.47510231316335494,0.5062677271964461,0.5413712048829848,0.48984900240865353,0.46223615045204514,0.47083962558470405,0.5178979138489345,0.5228786207923788,0.4841476424851115,0.5590339194594492,0.49851804565566676,0.5832366776518556,0.5888177088164389,0.5272528766950719,0.5412195031527146,0.5092438465024768,0.5378497172684245,0.6017158437829595,0.4890215733063838,0.5646227910499629,0.5452677717295971,0.5152815730261698,0.5501193414893761,0.4780580244604886,0.539713137108639,0.5857714737972389,0.49458638650727477,0.5853352987624203,0.4654124841997057,0.5562589650808778,0.5580983923316096,0.5106674010638834,0.506288392300909,0.535182328806876,0.5523396856678642,0.5682956485209948,0.556525855550769,0.464802121799426,0.5464373258002577,0.5294161795376902,0.5494582746117211,0.5149863425162773,0.48564406237164576,0.5741955130781818,0.5289894991060027,0.5025386268614835,0.6031293649186295,0.5047637170180614,0.5551823880704778,0.47969135321486495,0.5622839152408444,0.46507595756361986,0.5605252723933032,0.4928510438582423,0.5663080777490268,0.4835592256063559,0.5480486155255312,0.5723574191150994,0.5959753661238117,0.5681194898197193,0.5193282402546121,0.5678006836800527,0.4550038787007847,0.5313238451310471,0.45089771866140493,0.7085367388577011
0.5527561994546354,0.5860325200595474,0.5420604342029437,0.57748944432053,0.5079224875440487,0.5497028931542961,0.5889007755067833,0.5485495522143182,0.5307589186554295,0.5508397921445612,0.5834645727732547,0.0,0.507112256770802,0.4815922522684872,0.5435835870360403,0.5661944760548113,0.5596620176931779,0.5246516642994264,0.6611664331810252,0.5114457790912451,0.6591661710640155,0.5576918240879076,0.5650611580584007,0.5555880954654586,0.6285675040877186,0.5551755977883197,0.47085489755924825,0.5110326578393806,0.5583313710919169,0.5571550881696645,0.5925180811881438,0.562956693671977,0.551544432005152,0.6011652795404749,0.5267616394060315,0.5969818855923406,0.5631533093069362,0.5648730985276876,0.6093916530318103,0.5291545369593319,0.5827953027278051,0.5611824548460504,0.5722785040251311,0.6129652857846808,0.5636777615401182,0.5378684119695772,0.5064075001333663,0.5339362195808469,0.5956767646871934,0.5390900078783456,0.6372568023704511,0.5980731009099094,0.4796020800351987,0.6556743195137338,0.6608820060407352,0.5402599608267357,0.5936812279226285,0.6618724399930578,0.4945151187327147,0.5485090021617179,0.5035482504850384,0.4986695044212175,0.560152679303696,0.47948078104732217,0.49798145160109625,0.49798955340425943,0.5042251339805748,0.5198418160496284,0.4754356459108556,0.5591193371049769,0.5572234989509606,0.5046689379411838,0.4963081992662107,0.5830287871833344,0.5263482452109206,0.491620568777139,0.5435763132411368,0.5909890970559747,0.553910333047215,0.4748758019433169,0.5082920442421844,0.5959468095827257,0.6046653171333866,0.5025118766710058,0.5875362277511954,0.5833388346365025,0.5141361485202386,0.5130182359324348,0.5255262996016217,0.5535489540772226,0.6133475358731406,0.5823885450528448,0.605303442223872,0.5238920190679316,0.5576725539409828,0.6130553263857148,0.4863632062064072,0.5692616170274767,0.506504634132619,0.5274223321244144,0.5226943792187814,0.5185179138107759,0.5553848576636885,0.5756553613532435,0.5504152481006449,0.5446502551046846,0.5312623067355231,0.5535682219536882,0.5309915440474313,0.5437295353757688,0.6983016972011339,0.5846772729074909,0.5010241480869614,0.5156669264529105,0.5539737638957652,0.5619788850674187,0.5321288458918614,0.5591603635339808,0.5452786315985678,0.52334285063812,0.5337031517301715,0.5407005960350365,0.5130350013672024,0.6398248132348203,0.47273105975374335,0.6320302274674118,0.49836407500040697,0.5814327480393,0.6076261921267878,0.49856725466885593,0.5088812247558451,0.530726123398574,0.48308716676296753,0.5848690241631991,0.5270153531357261,0.4537434796434136,0.5388097057765929,0.5311260274421026,0.5121290270168801,0.6097260083508868,0.49126665220373544,0.5537998006392005,0.5864150204781782,0.5473570305296251,0.6058778428504549,0.5501206915859379,0.6101913902391297,0.5161195532272026,0.5902799914476942,0.47498304239416334,0.5905645619185361,0.5434905604124983,0.550365196026288,0.4979819819252527,0.6974144910813931,0.5456229230444886,0.4742996723966636,0.6060741152714109,0.4897625729765559,0.5664639425067144,0.46633172967707515,0.5425331429845598,0.5115416622982006,0.605702043296001
