0,1,2,3,4,5,6,7,8,9,10,11,12,13,14,15,16,17,18,19,20,21,22,23,24,25,26,27,28,29,30,31,32,33,34,35,36,37,38,39,40,41,42,43,44,45,46,47,48,49,50,51,52,53,54,55,56,57,58,59,60,61,62,63,64,65,66,67,68,69,70,71,72,73,74,75,76,77,78,79,80,81,82,83,84,85,86,87,88,89,90,91,92,93,94,95,96,97,98,99,100,101,102,103,104,105,106,107,108,109,110,111,112,113,114,115,116,117,118,119,120,121,122,123,124,125,126,127,128,129,130,131,132,133,134,135,136,137,138,139,140,141,142,143,144,145,146,147,148,149,150,151,152,153,154,155,156,157,158,159,160,161,162,163
0.0,0.6425890029323027,0.5638871849696805,0.47631358767579435,0.442726216560453,0.5961757691343894,0.5226410038027328,0.5408328003178772,0.6437909581293222,0.6154706452464145,0.5717362710147019,0.5390113657013484,0.6520446153100724,0.592752253871786,0.5944333007901998,0.5761678761743505,0.6457271885560477,0.7028063839708855,0.641617132093202,0.6549101527600342,0.6350882493832438,0.6163316347169788,0.5383835334971964,0.5430345923788242,0.6765019785032397,0.5200190584300578,0.4893151222871645,0.6516593320083599,0.5339523729925191,0.5675731854787154,0.6485228394993438,0.6936733959315938,0.4809456127768192,0.580134465789776,0.6546454036579702,0.6065612193929828,0.6369297668475331,0.6785308085157056,0.5515390907696864,0.545529995531402,0.5723151112568013,0.5810657539434557,0.6167574313738209,0.5653338007625494,0.6090635358111084,0.6242300573543587,0.5335588094721903,0.5508437648263521,0.6519666787370212,0.6493959786055841,0.6668269032332655,0.6002366996887876,0.5456823061994491,0.5983142876492918,0.6010826430521086,0.6299082237319075,0.7163392937938067,0.5357935583568979,0.6028044436461202,0.621057193937917,0.5710390876314797,0.5812132845071628,0.6061780834483648,0.5235551031453726,0.6302623195031297,0.6199133735058089,0.5673618225383338,0.6251554088717651,0.631707529277296,0.5812720726333177,0.6866001863384008,0.6148722049977555,0.6205577041757888,0.6567178408430807,0.6988686352259295,0.6342599568640036,0.5183437405813114,0.49272022836377644,0.6400714431067545,0.5266534504762802,0.6352177640397508,0.663359480084629,0.6186784565401423,0.678195147486145,0.6394033852243276,0.7235083626935543,0.5201407911431492,0.6401120833398259,0.6576368304380298,0.5871291272872006,0.591902647194578,0.5574076780347293,0.6446120512919665,0.6805328234716053,0.6390366702832773,0.5651442337586007,0.5511225546204671,0.553874449495399,0.5392268263401262,0.6557676809072253,0.6153547449432287,0.46726707393411876,0.5197890482811941,0.48986197310740237,0.6747708892966765,0.599954725118173,0.6015462978947228,0.6096907949000346,0.5871664600208139,0.5879368125807953,0.5614799426301341,0.5935809047759217,0.6887863012826613,0.5444536228196531,0.6752275698642602,0.6265031880892608,0.6158299786023262,0.614213989277338,0.5389729396386695,0.5714594847594522,0.5457810646179698,0.5106264400178957,0.6094995345635809,0.6511424304556572,0.5903854902589464,0.5937694366822682,0.5925495271537503,0.5041889086753449,0.6162817928295153,0.6032427278582149,0.6374618185790183,0.5767249919570264,0.5490423029478431,0.605927348558063,0.6122454293234219,0.5864764963232445,0.6446140301768846,0.5852749638727921,0.536548747519887,0.6320231005639751,0.49321818607065004,0.6076472976027385,0.6407167260710965,0.5733908074279944,0.617572529147799,0.5992107450081311,0.6094891200581781,0.5807395864222582,0.6789596303863179,0.49126944668236283,0.6328972273103666,0.5971262802823931,0.5919262199746168,0.5099495660088826,0.5953819438440116,0.6293926603768469,0.581309271391007,0.5748032907668891,0.49065459597531813,0.6827373467371781,0.5676753398284138,0.6442325364854224,0.5401034143593495,0.6300931785289574
0.6425890029323027,0.0,0.5624268858714442,0.5123493955708569,0.44913769708256257,0.5481725851651607,0.6119904256303429,0.48473404785047913,0.5588762769275358,0.7658784406290643,0.5532512160117523,0.5445641331977205,0.5825301070966648,0.6470659927480086,0.613947524333161,0.5242146255819892,0.6283608999304868,0.6418222640436285,0.5904645819921952,0.5598724633134605,0.600741820279624,0.6274653013875667,0.6084592999811992,0.5894442764718901,0.6529588314360406,0.5065164749799735,0.5239791444649258,0.6395481940606226,0.6892425791979249,0.5159216328442445,0.5794450105323427,0.5819943330191515,0.5232241668996894,0.569560487399977,0.6633639119319209,0.6238053665353076,0.5613080285459229,0.6081124781711333,0.5276182596975432,0.6377947423588892,0.6631602957584082,0.5810111828347655,0.5108272424216215,0.564963020375574,0.5684015896362727,0.5696381269838033,0.5298497151196563,0.5102428454416051,0.6950195740794127,0.5728171417576468,0.6033677646651309,0.580380414034306,0.5463475477416403,0.6347547842079558,0.6000299689552135,0.6467373353978653,0.6010494471802493,0.49924625463845085,0.6467035926458967,0.6066823208123364,0.5110536457186557,0.5139871163906675,0.5088565056005789,0.5383968718799836,0.5544435839727074,0.5179484199076347,0.5637798735830502,0.5511316799351849,0.5672802619577524,0.5045907799676757,0.5686597352246344,0.6144891803379279,0.568146885850181,0.6164702990383238,0.5974255152207125,0.5740679672623906,0.4838195041355848,0.5271956510983101,0.547419974490387,0.5052649541235289,0.5930281381809156,0.5909016251485972,0.6124180886848822,0.5875705714742405,0.5835096734906524,0.674397966449042,0.4474655243719954,0.5604198990595695,0.5908855484278388,0.5831388528391463,0.5712228378339299,0.5831738460141934,0.6460117430389422,0.5870365761147057,0.6597462063157198,0.5897693366794013,0.47830635073489386,0.5769351527975469,0.5434899088081492,0.6716163505216893,0.6213338271291476,0.41353858241779407,0.510849645698569,0.5223574128916239,0.5693984487719431,0.5410048920670597,0.535901325004674,0.6528516801628245,0.6368961532405563,0.6108621258750743,0.5694589590661984,0.5618399508759978,0.6041836588473639,0.5229010537765425,0.6104781610974589,0.6583509474490198,0.5977181367572,0.5655335327642675,0.5745265417873318,0.5957019219964405,0.5343671032951076,0.4697061636817957,0.5780717374880942,0.6353129449352187,0.5674381906012012,0.6182331676475493,0.5707088899236735,0.4794962332374632,0.6932380864343353,0.5975450554576216,0.6115769332423489,0.505631667135607,0.4896082511652037,0.5943382187736437,0.5537211361679322,0.5446695217069324,0.5788927267315495,0.662897463574675,0.5695303123145561,0.5690046686761874,0.5079766639386353,0.5745949559763198,0.6849408661080185,0.5593909500296569,0.6056915742118895,0.5690900255706939,0.568194105020932,0.593102192505834,0.6692388434951425,0.4963149500267858,0.540508311100956,0.6328825386813935,0.5743430446406395,0.5653248140492808,0.6073910305625277,0.5503747100265441,0.5650846003184238,0.579808337201458,0.5592516503021393,0.6094678267271108,0.626219551977463,0.6247201048565608,0.5441284390605032,0.602330753809182
0.5638871849696805,0.5624268858714442,0.0,0.45765202496308055,0.5375824283935415,0.5690830366938034,0.5248303766535971,0.5037886206157837,0.4923278686178288,0.5593458673398338,0.64869629573803,0.5635951518092434,0.6345845565787986,0.4943179082756613,0.5755213459057308,0.7248163013273228,0.6636675548572528,0.5468497811424795,0.5220726758364842,0.5024764205870657,0.6752559343995767,0.7141684363407204,0.5037332324183103,0.6127779811311874,0.5453008687587282,0.6129652993514125,0.47707259128203827,0.5247547801296618,0.5571981491368622,0.606614014955904,0.5144388702952172,0.5996871469481347,0.470886815050042,0.5024415575589887,0.4863038267963716,0.5521232320858016,0.6230500208229011,0.5743477129379274,0.5918666002927785,0.568511569104386,0.5594623754756615,0.5396857496926846,0.5981184500635423,0.5543230485283426,0.5486103676539368,0.5640727079772169,0.5523714523594754,0.6230008765963488,0.5726989173501039,0.5745580220927059,0.6451910738871198,0.5787812013229063,0.4547301475645203,0.604569814695964,0.6087679018068026,0.5228497185900588,0.5830258106941272,0.5899064581986162,0.4897902258277577,0.5511034456322782,0.5202478598227851,0.5224509261449718,0.576504827269469,0.4579747723326298,0.4886665921298136,0.501977351081552,0.5125714677472334,0.6697792119039974,0.5547577806905436,0.5225245398442563,0.6272240707095282,0.4845420479757552,0.4849570585453124,0.6860649138274016,0.5744762880403463,0.4649764151079838,0.6046169209267459,0.6124417402326634,0.5396280560961585,0.5267620045996579,0.5556536123074436,0.531013317596693,0.700323682711173,0.5539430263786084,0.5228662322213816,0.5944179759783914,0.46504225737053323,0.5016098332486578,0.5068802388086006,0.5355801799177664,0.6124481147332606,0.4587314114218268,0.6477747674896449,0.5097099574798123,0.5248543745306652,0.539109601621437,0.46653644815215084,0.4630247723609865,0.4493024505292373,0.527856443682585,0.5077957681764176,0.473240271002494,0.448619144552732,0.4385081994600138,0.5073589297541926,0.6434902640871604,0.5755258057983261,0.5305296314292606,0.5798981520109815,0.5992144684324126,0.5496093624233388,0.5187229998614299,0.5311035395459135,0.4846412738262899,0.5471881955047248,0.6449875866450843,0.4646487063657346,0.5918365490414992,0.5314454362605532,0.4775943191353613,0.5832481645632025,0.4763802118659853,0.4916585262344505,0.66632567679523,0.4473806282305252,0.6241704552520906,0.5184511816582271,0.606886330670183,0.5602152054392961,0.5528516489095663,0.5116542138070805,0.6257362023549448,0.4821829731075342,0.4992156203083647,0.5434929401912688,0.49901340866330296,0.5902355985913986,0.5538112490869659,0.5126283963669099,0.5638061015883472,0.42614365910721286,0.5583059414438165,0.5210864226274531,0.4995726049089245,0.5961954345152498,0.5079842170684105,0.6500397537686792,0.5981615621149428,0.553287112647638,0.4672148196949494,0.4956834643845069,0.47184633487645944,0.5690784998126193,0.5979313200355112,0.5561736740600598,0.5459273224462513,0.5740406117732629,0.6675465533668373,0.42949783120638385,0.6040257822801535,0.4906706001494327,0.46875686822365215,0.4676327925542305,0.5998333293315202
0.47631358767579435,0.5123493955708569,0.45765202496308055,0.0,0.4062774540244948,0.4956124820838835,0.5720230593187688,0.47841298611776367,0.45186962819119,0.5098804615171143,0.5134484576072852,0.5538667300536868,0.45403668969718836,0.4534247972871396,0.5416822199771857,0.4260483051928705,0.45428120846453146,0.45578809604055126,0.5185054803991199,0.40558391326082066,0.4741940380933071,0.48279217164516725,0.5128448803258783,0.46507996517238076,0.5367340204326575,0.4947454730305252,0.47854393878999807,0.5080727745100688,0.5040090641991515,0.4229971630031624,0.5189325338771339,0.44142354268065115,0.6809664281049784,0.5178493133796642,0.521154223595428,0.5426754449971204,0.48957512956409327,0.4676363471232699,0.4675954593191115,0.4837001464318689,0.5651340144195908,0.45915448302668893,0.43682389364712276,0.5446931230509512,0.4931938138288351,0.42954461726834064,0.4004345846879132,0.46119506980779496,0.49969067006007906,0.42963768606098574,0.5071614525971312,0.5118696374956757,0.3915134895391478,0.6171894919050858,0.563726820079382,0.46382705648577544,0.4374297080073132,0.5123937697884858,0.43872546524533046,0.4407364493582772,0.46425303444840954,0.40438009624096677,0.46072370722958467,0.40485083919308024,0.4022693348660831,0.39717151348753255,0.4707271750584156,0.44255692688968146,0.45024342268052314,0.5028064994607345,0.4508483901063945,0.4288414879237517,0.47103300329053016,0.49466292226819014,0.45991283916495157,0.41131885416553904,0.43079382872958155,0.456070675906222,0.4660191630807161,0.38923701108061515,0.43182471853740634,0.5124517261097782,0.45898725952788516,0.4755675418475937,0.4617127250824466,0.49941246896697783,0.4454821071822914,0.4529841025911287,0.45928759798864494,0.46631959778884474,0.5334811055273172,0.540332765947644,0.4784770461067162,0.41260569993220886,0.47867999955816337,0.6149110730627005,0.3968525952864186,0.5346927256942611,0.42693761356136756,0.5232863838639848,0.4611678667587642,0.3947177141608036,0.5849415883604286,0.597397610342655,0.471089956841418,0.4220780119848157,0.4213498887351076,0.500255397170395,0.44990951695582865,0.4461504722933744,0.5581156381570987,0.4660503966610416,0.5072752905345203,0.439673192503137,0.4849715999792305,0.49997362938949336,0.44175584869864515,0.4256215945698023,0.5614360081557999,0.5354487988638774,0.4047979887393875,0.5298543874277187,0.43292751075172164,0.49099059071652396,0.4202333496833866,0.5621877604501543,0.44034090604116904,0.4347916066913062,0.5531335869263794,0.43681907249148644,0.4420625375476139,0.4050537661339577,0.41899169409688614,0.5198880582583784,0.44484576219496763,0.3790669153988891,0.4114528461714388,0.5250958657950245,0.4704295344303613,0.460756881843848,0.5687774443201983,0.4212198727629195,0.491757766144218,0.4670163241660044,0.4730965869107581,0.5327321548401606,0.47890000148497325,0.42781201821926124,0.47111911437177056,0.383191691348418,0.5169589778553282,0.4668967387999565,0.44231370921464497,0.41878678564724303,0.5908499947874458,0.4568184861821635,0.4339099432599704,0.5214689921449314,0.6106217304468836,0.48243255619829845,0.43528374415331855,0.467825467844766,0.4230126061959148,0.49583559832536545
0.442726216560453,0.44913769708256257,0.5375824283935415,0.4062774540244948,0.0,0.45738450520112417,0.5157518025769787,0.38012872031255673,0.4077726843250794,0.4337010203518764,0.5139179634084016,0.5128415246225104,0.43533114007429885,0.4004667368844454,0.4650359763233712,0.5145214228718391,0.5061525469340532,0.4226757096491637,0.43855627348616755,0.39706017060813964,0.54637247018127,0.515305655150287,0.455949666369043,0.538100837223575,0.4422168654435377,0.5246616658277239,0.39284794133798734,0.40850386352533874,0.4765506913719054,0.5509617279995263,0.4185337739644277,0.4493866702271251,0.4101339487075335,0.4302086485012186,0.41781920252049953,0.4553953844375322,0.46813073178377473,0.4442396120355558,0.48738417230138453,0.4720878106979133,0.4819430557970886,0.4956150623789916,0.460499491157591,0.5270109489828922,0.4097122328209237,0.4238952502077454,0.5209231848218796,0.5204314937387097,0.48097005743451693,0.45322163422611395,0.5042164448405144,0.5066229336276284,0.3804380434958447,0.4814985109714968,0.4749388381547691,0.45132461563988746,0.4550711310445771,0.5142902028145756,0.4000435407648477,0.4277977657794906,0.3789537111939245,0.41908842833825644,0.4456281699212631,0.40055730712144655,0.40506686588705343,0.38515255614470756,0.4040593861138811,0.49502778925962704,0.41449670526608096,0.3980475777172467,0.472625541909268,0.4016839452696808,0.4050387509661644,0.48014795593101595,0.41839577441369785,0.37961899971177654,0.46534559478268006,0.6678721819847527,0.410430373590848,0.49273232237364856,0.45013477584122974,0.440799050078938,0.5503141444420775,0.4009367937923937,0.4433246986018558,0.44699865449252024,0.3744078301569183,0.40205140144209023,0.3890506110371711,0.43494426064735914,0.5602705483969215,0.4161151195906281,0.5199329816975722,0.4054809090768386,0.44201396202661003,0.4627822596421187,0.3634371380376238,0.413052150433864,0.4176308110417722,0.40866939973798466,0.4126559125970321,0.37438756292615366,0.4063832694943603,0.39507871286452956,0.40343414436949077,0.4740280920126239,0.42661640435401255,0.4442778435646137,0.45969182644140644,0.504860591712811,0.512057326280363,0.45908422266108845,0.4180611088584844,0.4010765055887737,0.4208858562414174,0.5060924174366049,0.39324319704305843,0.47238081036888374,0.47723761225102085,0.41419027996011043,0.5464791932551178,0.39079540219682357,0.4317356766249431,0.5305459877500139,0.3977371486303511,0.47394517383578244,0.431879499491552,0.4735674536888162,0.4528797972996686,0.4239603033468122,0.4187766515346428,0.47895848550777326,0.3759413434027295,0.44194458406504156,0.422502774666662,0.4215561886274398,0.46935296002983873,0.47301273165706437,0.4056081706231942,0.4512684625429809,0.35764851538794307,0.46395814666115226,0.4382517175180342,0.425047789051974,0.4951437404059159,0.45463242264719983,0.5532378429117011,0.45206590092583915,0.4382364458368542,0.4194244383104712,0.4071291009677548,0.4028756827176529,0.4618106275830253,0.4942662698479587,0.47640278764184807,0.4134504019338133,0.4317532732174571,0.5460738286370311,0.3829390221708218,0.4852586219659846,0.39550332956959655,0.41055921447564114,0.4100806371071578,0.5390047748649034
0.5961757691343894,0.5481725851651607,0.5690830366938034,0.4956124820838835,0.45738450520112417,0.0,0.5121063080593203,0.5013626641007128,0.5077517631031909,0.5466883427932044,0.5629917327369035,0.5916203934087875,0.5466701809400378,0.45949118458498256,0.531676711917567,0.5418092049213397,0.5546686039616723,0.5045721566733061,0.6189363937427104,0.4749580144815545,0.6011510998080251,0.546397876564597,0.4624092428330399,0.4968248419113396,0.6027165403934288,0.511222520906326,0.4146934035003362,0.5186810399165434,0.5148327429412185,0.5454928227944187,0.5601218106280722,0.5930011864632874,0.5034523224778121,0.5181864116058269,0.5175863459363725,0.5310159405815947,0.5845999524467513,0.5204960429381098,0.5100776317452655,0.4677843418921137,0.5385046542134297,0.5424513416322961,0.5488523388143546,0.6300655601227048,0.5009866654252645,0.49766888790181724,0.5101669639999483,0.5847320047580779,0.5212227188855976,0.5048105121337837,0.617017791458227,0.655559024395309,0.45159573643201095,0.6136876796811196,0.5761798106899336,0.5610294768844294,0.5356735599019585,0.6072582781932668,0.45883730147686513,0.4819751740145651,0.5175139970405456,0.502064816538209,0.635436569699389,0.4194579995476555,0.48217599897682717,0.4910235209607951,0.46939499407181884,0.5847782292053398,0.4883627207201313,0.5382821523542412,0.577179006767152,0.4553822993241855,0.5097811896270485,0.5642360318733259,0.5651285877822433,0.4984100832372525,0.4838278748311272,0.5010990407232169,0.5238000531606142,0.5319035557758564,0.6169755444736915,0.5591835785998203,0.5953287543219378,0.5548623784781643,0.5259356906622917,0.5505084697672912,0.5016500538329229,0.4950469918030189,0.5201797235968395,0.4957716905153798,0.5797127415446052,0.5210595876506483,0.5600008285521182,0.5123108849136403,0.505879056981063,0.628122011296641,0.46978400469955334,0.5346639711700678,0.4530199241707379,0.5300239028727187,0.48160236097465725,0.44132853835709324,0.5068729029536345,0.5102184247481577,0.5312685547336662,0.518014644818219,0.5122405475182559,0.5272394970854781,0.49099042085285693,0.5445053176554955,0.5977809398707791,0.4921042299342258,0.6160967437196059,0.45853560896295026,0.545708431898609,0.5574951512543406,0.5247502282692177,0.5016671766434551,0.6114899340497987,0.5066731275315337,0.4645525854014797,0.5087347769486843,0.512485375565682,0.6268477704563753,0.4722816180287049,0.6276285394825913,0.49741323766373124,0.480236205841243,0.5758298951603724,0.46694449592568554,0.5211121775870774,0.5421051830491236,0.4553187414269097,0.532178581674989,0.4998634733165387,0.4694766572313587,0.5340150262653587,0.48856446593367114,0.4349651943725691,0.5196782381695482,0.4938931581099829,0.5156550649961251,0.5160702533668589,0.49083073015038464,0.536070006233376,0.5367440951240955,0.5863786333424352,0.5206768463215922,0.55070581574005,0.43377088363059874,0.5425956347391664,0.5284610669593637,0.4742758810354545,0.4468987471683758,0.6165947557811597,0.5116144271931292,0.4844843368507272,0.6451418204627398,0.4585334221567063,0.5994419675914516,0.4849369672304195,0.5348044481689403,0.4556608597535364,0.5597224617737537
0.5226410038027328,0.6119904256303429,0.5248303766535971,0.5720230593187688,0.5157518025769787,0.5121063080593203,0.0,0.4341804152925443,0.47593258662624155,0.5823994700187304,0.5573069624147192,0.601321369499448,0.4844794320649437,0.504557034560908,0.5836092373202016,0.48347642947528086,0.5433986258764281,0.5030767002096524,0.537518556766778,0.44539047271806664,0.5715862159899744,0.5642384479978175,0.6233735124868276,0.5970782828562938,0.576602686926307,0.5425068337937236,0.4854653241457693,0.5205374010426326,0.6401464052186058,0.49981777165796853,0.5162812640933889,0.48907728223077046,0.55546403442864,0.5479742536619129,0.5631644355966616,0.5761484972469643,0.5220082983160613,0.508874808642918,0.5125108379908384,0.5956965474247236,0.656782171719906,0.5608249290085544,0.46662842280963907,0.6350357878244073,0.490562468762625,0.471828195183868,0.5002375159279993,0.5132949435365868,0.6236763446816612,0.4843368213945947,0.568207592870903,0.5793014228351983,0.4370837122475776,0.6346182951231867,0.5827324307092312,0.5572539629186416,0.4978235207391739,0.5233720150548541,0.5017593458471051,0.49218552009128635,0.437159522480804,0.44098782437881956,0.4655127368339057,0.4637236650960963,0.4525064536859978,0.4225139506611037,0.49414871654086634,0.5034410845488472,0.4710371882340952,0.45816118185516647,0.4998766523403906,0.48669446096447677,0.49468170382717336,0.5457000031002169,0.47641008652539035,0.4521108610711177,0.46435209877082523,0.6065664358691417,0.4698810426041613,0.47719740555740164,0.4983022761616634,0.5354438194093246,0.5682340203469229,0.4717312913090484,0.5178924992036661,0.5419275250166402,0.4150725297266472,0.4745803251815507,0.4714137486536495,0.5178322681287917,0.6200213615232875,0.569772920187063,0.5787452064052498,0.4614013997100595,0.5563909571151634,0.6194734367399691,0.3997867349557885,0.5570773472119788,0.49568140083244927,0.5387532249914175,0.5112370674846123,0.3850295303611473,0.5353199103216085,0.5401010698178322,0.47682082059222264,0.47771440378377156,0.45532533092168076,0.5734955566421304,0.5373071894806825,0.5622170041654685,0.6481136900422357,0.5297622674894394,0.5181494378370325,0.4637242881205757,0.5038583765109051,0.5960346733134235,0.48611893533692885,0.497375829464358,0.6178024349881568,0.5507357452405693,0.5072360842062922,0.4563583737895302,0.5050683067111398,0.5991572491036481,0.4795117919464256,0.589111514851051,0.49440930681810924,0.46501543533047285,0.6088935273616698,0.4883681638391271,0.4935801778039101,0.4534269650688629,0.42307351139904553,0.5596628439798896,0.4764031980437946,0.44648926022513286,0.48737749760878657,0.6319584841908424,0.49813269026655804,0.505272133738159,0.4746928323743417,0.49577079872339785,0.5692107983602053,0.5031546856761768,0.5642539503612238,0.5785181575348366,0.5587351825958768,0.4964028756323646,0.534097198820708,0.44196848237745157,0.4949923737179688,0.5164835941014475,0.5040051446000454,0.5224447184903286,0.6294953995679928,0.4739572503282848,0.4839654125052479,0.6108781434902224,0.5653972550298513,0.5557218505034891,0.4908873764951128,0.5255827132866969,0.4832523647460274,0.6067734715652885
0.5408328003178772,0.48473404785047913,0.5037886206157837,0.47841298611776367,0.38012872031255673,0.5013626641007128,0.4341804152925443,0.0,0.5585156158587511,0.5003006807296543,0.5227827876046522,0.49939084429277647,0.572188156574429,0.48516774547932157,0.5301466752939482,0.5155238254557348,0.4898272236845267,0.5254109316845641,0.5246848925947142,0.5089279579306811,0.5020807388283627,0.5202875811966694,0.4564142078052919,0.4387564293778608,0.5364031682914646,0.4995997368536465,0.5089901825569857,0.5408178604082069,0.43164202663303636,0.47433378357058725,0.6193565296492772,0.555745069982444,0.46727143569266105,0.5145817454225828,0.49319748758925475,0.5656548756380757,0.5794943852390072,0.5835918996239783,0.5596472178500276,0.45396959317755886,0.47685095637245156,0.4522486936075598,0.5775872967531365,0.4598749567866818,0.6688841957632934,0.5356885693389613,0.4086488404883401,0.4824832360144456,0.4959402696215591,0.5354056547848899,0.5585365233293447,0.46584625664397933,0.42780528488174197,0.5428434861189712,0.5907423698041429,0.46386892976008304,0.5296356077199801,0.5328396179977571,0.4723619461561005,0.5336351281027114,0.711507643018308,0.5243294919742765,0.5493952468441579,0.44534682015979077,0.4764490558581805,0.5271752688460881,0.5509718269661439,0.5175634573078026,0.5908611388995777,0.7913479245863987,0.562885043186085,0.48193669210697604,0.5158239265653352,0.5854623533057255,0.6020393648998048,0.46434385402843154,0.5508835708558133,0.42191414156818224,0.6198206373318877,0.3986463018133651,0.45652061142366485,0.5835918182815659,0.4820800308650031,0.623912897860903,0.5152671796280648,0.5832698386057478,0.6394373080610696,0.587009282565077,0.5785511933198273,0.5344884887041697,0.5073693362123117,0.47757349525070253,0.5082573360396375,0.48519223078788615,0.49908869306244136,0.5046100781830486,0.5832189219144078,0.4632840870760386,0.43836598790466574,0.5623011229032149,0.5207319265885662,0.6274872213742605,0.5020515548023871,0.4481396171605748,0.606820057291673,0.5198225351852905,0.567097773976484,0.4774421806761913,0.4721046128238426,0.44521484521471705,0.476391270938206,0.5099479651771145,0.5534132498952484,0.5367143063349626,0.5470569281648723,0.48851495450689797,0.4486148938054391,0.5141795068323732,0.4431289601728785,0.5024769766124979,0.4396762521199424,0.6857706771020584,0.44120584194661805,0.4987884304205563,0.43761697373047487,0.5369068597641905,0.5082111854313307,0.5517449706722158,0.5058312980370235,0.5206917054638238,0.4989073933640896,0.5117430030347256,0.5841708933317084,0.5083958743498345,0.5624879012106021,0.42783710071517617,0.4649996348786903,0.4821807485102555,0.5127669853689193,0.588831802969676,0.4692528140048457,0.48605453358752443,0.504783439389194,0.5306532785908868,0.5093913665380756,0.5094091283246801,0.5230791514912132,0.480998524378439,0.5140301724293336,0.4213094114348689,0.6232673703125028,0.45008218269995,0.5192759270477932,0.44385261446265994,0.5178864472732843,0.6272711504966484,0.4923822935557924,0.4901277291680423,0.4297018413372862,0.5314032969680872,0.4408376211717053,0.45748279075655,0.4644518909326208,0.4846373796675061
0.6437909581293222,0.5588762769275358,0.4923278686178288,0.45186962819119,0.4077726843250794,0.5077517631031909,0.47593258662624155,0.5585156158587511,0.0,0.5606172363555804,0.5174089711223002,0.5104066288987996,0.5471888426063052,0.5873196703439097,0.5173576367390332,0.5160952019043581,0.5451608345923612,0.5978077704190207,0.5819171027093885,0.6241374813588798,0.5560703943562407,0.5517710662338347,0.5159190958484261,0.46138194415999506,0.6160172791606117,0.4696661300040885,0.5099431079366444,0.5838900517990007,0.4674390805257319,0.5373200798804222,0.669585627676335,0.6251667777506054,0.4327693561954007,0.5584586221542877,0.6134581833563348,0.6163377047765987,0.5649005643245603,0.6891008884711659,0.5600829144332102,0.4787995586261217,0.4942257470567207,0.5768301443974855,0.5488125299524054,0.487608191849305,0.5893859992251109,0.5411281751382436,0.45515710169848267,0.47714804377759346,0.5880643660498117,0.6141922901023201,0.5769273403583302,0.48525786317216196,0.49775420365767903,0.5295576916131229,0.5628295697090423,0.5992909677228987,0.6231988885709577,0.5114777054286458,0.5833630036224828,0.5900546918684341,0.5544091750546378,0.5825468310637991,0.5072414469761063,0.5722309353990285,0.5928522316182876,0.5600343431464034,0.5862077749612642,0.5280963692900352,0.6176452862935128,0.5896759233074004,0.5968521530603625,0.6095888408647532,0.679146314810411,0.5798718942990441,0.6415484847467747,0.5490998875827101,0.511426089300734,0.44875171854082874,0.5628009263924157,0.454227678485752,0.516807966963571,0.7191676584953686,0.5252545451028449,0.582898575107417,0.6657575611581461,0.6432383670433539,0.5574267846637487,0.7003279243357938,0.6110426890919154,0.6229522629638936,0.5465869854989254,0.5812416212505455,0.5620088157023259,0.5704913025207577,0.6632908489775792,0.5131076561203716,0.5901397485605382,0.5342356343455624,0.6065612362598681,0.5887767023622343,0.6287677417969676,0.4951600738654879,0.5334981163609575,0.46050260605754845,0.7036624388407079,0.5208029889182347,0.57026739711027,0.5584337588133625,0.4997907625234225,0.5046226015207832,0.5151154144671946,0.6491138384573121,0.6241826791207498,0.667268414374554,0.5423082472740058,0.5181319321123945,0.5364736727017234,0.5991927564991082,0.4661599120867646,0.6168712090678093,0.5104578081284951,0.5372636403474471,0.5526437927037438,0.5321269594568117,0.6163330240713835,0.5015479358212276,0.6436997922418163,0.49015215787019073,0.5415630883443644,0.5508978575799788,0.6814108711359727,0.5497373080665644,0.5865565870438048,0.6606447796825506,0.6165978621666708,0.508936608684898,0.5122982500008029,0.5132056990319595,0.5133987692580799,0.6674352102527792,0.4442524106584411,0.6234892838652005,0.6580302728321945,0.7062860726868204,0.5933286566011745,0.5867733174464855,0.5740283715186579,0.5034307702762476,0.6190268146992918,0.5221148674652771,0.6521991209497103,0.5329352969965836,0.6132773607149343,0.47583677583304873,0.5446694176435853,0.6373170658796137,0.5070166643876918,0.49141500952590167,0.45083111324007974,0.6090938677050945,0.4849216760646363,0.6028391516809259,0.6183230234916337,0.566683271397798
0.6154706452464145,0.7658784406290643,0.5593458673398338,0.5098804615171143,0.4337010203518764,0.5466883427932044,0.5823994700187304,0.5003006807296543,0.5606172363555804,0.0,0.5435610024011387,0.5498957109242403,0.5739506852813266,0.6214005328776102,0.5739461472187531,0.525153060871304,0.6189836908877637,0.6245117265371513,0.6010196962948848,0.5530847499212312,0.5913371312907071,0.5951844290363926,0.6132345331255834,0.5430281216842843,0.6867398903265933,0.4966865679026601,0.5316967594983042,0.6564850038216745,0.6512980630354186,0.5176324476567405,0.5814966340864076,0.597650271521246,0.5052975118545935,0.5843539636092953,0.6286997586822868,0.6258931054044051,0.5554009422209096,0.6101712490300718,0.5202121943378201,0.5917390114514887,0.6151083167683836,0.5842622444577212,0.5133325095937611,0.5407274474973338,0.5738840740556703,0.5612009786392314,0.5120219112485588,0.497318154051842,0.6786803756671171,0.5613590214394713,0.5914504840203395,0.5547057355813059,0.525871208545324,0.6115087560935889,0.6024332585597459,0.6395004562690949,0.5862741085256188,0.5076370618454153,0.6420931398216413,0.5917685522014754,0.5174949449433014,0.5155407403221157,0.5048136798060258,0.5412554881102049,0.5386651483358457,0.5166980720318307,0.5602053054497697,0.5360022166600154,0.5867183435945696,0.5206255693003683,0.549839846486049,0.5958962873031569,0.5778487217485172,0.6114803555128142,0.6102176963357582,0.5658437167769665,0.4866976887278929,0.5116841472962169,0.548912035675251,0.48853125387889795,0.5820347018378538,0.5847121692277045,0.583734292430612,0.5915868683779202,0.5953991745851107,0.657725276321878,0.45986127363513785,0.573561130403528,0.6103729145146457,0.570927721378306,0.5627938600121507,0.5866411684569217,0.6215556783411712,0.5632011706866719,0.6454485290768462,0.5850471367426183,0.48131389967630833,0.5941825119177203,0.5388184104910309,0.6677616764922316,0.6004270138255516,0.4260713637736619,0.5281971905481672,0.5384808407796587,0.5767402087058979,0.535803265275425,0.5478202139636226,0.6787697789611896,0.602014371364001,0.5824769037448134,0.563456595208404,0.5644042699389441,0.6055971890125077,0.5476582493351708,0.5873607756043453,0.6148080629323012,0.6014176905868486,0.5763329459037341,0.5727364674231757,0.6074621367829671,0.5066256650717843,0.4843539311190383,0.5649948996880585,0.6021089081091038,0.5479328238448675,0.6076813074393113,0.5784341625099855,0.4750668149625371,0.7087944760094513,0.574621223892069,0.6367954242643266,0.5084400547524058,0.49285283028382443,0.5763034529237596,0.5469747541429197,0.511616451753963,0.5541524318355854,0.6018076556197017,0.5670534181735543,0.5781164451317296,0.5024063776417618,0.5772932584669136,0.6693429722754642,0.5754498431783637,0.5978876327736482,0.5793974606912511,0.5470490800258878,0.5848148697884106,0.7116141076745438,0.5063288392173295,0.5418490642913333,0.6254267178553218,0.566568313086446,0.552060443603289,0.6232926980756927,0.5500595038809234,0.5382292738350133,0.5697936107508161,0.5297852431534397,0.6103548585209567,0.6161020793672486,0.6123957907202963,0.5636084457121165,0.568934723241127
0.5717362710147019,0.5532512160117523,0.64869629573803,0.5134484576072852,0.5139179634084016,0.5629917327369035,0.5573069624147192,0.5227827876046522,0.5174089711223002,0.5435610024011387,0.0,0.6265051511529132,0.601250077017688,0.5023953172451003,0.5722089354617288,0.6306605794639987,0.5896651093161038,0.5185630130680421,0.5346971769900599,0.4965861479435138,0.6308728233578057,0.6935151402205906,0.5316199091689872,0.6031466481162147,0.5924545796168087,0.6712569680457977,0.5091628016311808,0.5486560636936996,0.552482552729179,0.5557496591092118,0.5540356135786235,0.5589027832965354,0.4917902524993282,0.5560643351815444,0.5335567186797572,0.5840434654805763,0.714846156505321,0.5820710372572482,0.6324830450983029,0.5533089032131098,0.5420739711013711,0.5613452607658713,0.5523596692685269,0.6073772749856129,0.5755816839461251,0.4998384286146367,0.467815092845669,0.6982184641581711,0.6008487683876482,0.5270011663132195,0.6102265720218643,0.5512133744035009,0.4128059858451276,0.6460923827291326,0.6815067497158248,0.5282246949009426,0.5436750096362771,0.6254521514487653,0.47801093805097933,0.5121706389946039,0.539709797150801,0.47368379267169086,0.5300266258793274,0.4657908507407367,0.45582943100121376,0.46330039582121474,0.5617004095088866,0.5996891697988124,0.537536049556175,0.5672908338534791,0.5905021690613513,0.48121624214773656,0.5326696016646831,0.6494097673031882,0.5434405732452373,0.44295820442900613,0.6064471187914475,0.589203906693538,0.5186250493055,0.49187978829708734,0.49696956584155483,0.5589904604123912,0.6023889111228217,0.548707917168559,0.5335711916439322,0.595483798835215,0.5225382737296105,0.49941010972838534,0.48735486464510036,0.5816289447424515,0.6398676847855993,0.4869813076525811,0.585468541625206,0.4775525103800031,0.5380347205268862,0.6030765748344536,0.4501180570823901,0.49299642711817515,0.46817501384914945,0.528797533438609,0.5433535290844105,0.47844778410533395,0.49276891179261156,0.46107084322946945,0.5099052802811787,0.5449935846326679,0.5120817981573753,0.555828607544726,0.5065381482558245,0.6020803612928156,0.6262106970464355,0.5513703123396991,0.5785951457030497,0.5119338068215644,0.5167465148344639,0.6058498488376561,0.4488469801369231,0.5748619852924725,0.5634337127109132,0.5233279733125787,0.5488891759159852,0.510336889506835,0.5158855094856678,0.6099544166131627,0.4731045675413295,0.622733118137772,0.5018297831347799,0.595543540487689,0.5778564876920066,0.5159101927943707,0.5033731757076028,0.5516209287547268,0.5198652505800729,0.5702157367044408,0.5912451703453538,0.45385868476927343,0.527186405959301,0.5706913765362814,0.5358559433989868,0.5542193773845241,0.4442146227381007,0.5507716084966174,0.524647181179295,0.5238507488482979,0.6497378188114955,0.5625719964185498,0.6448283903516909,0.4968532052186186,0.5484444035499643,0.4617535811815767,0.564926043465886,0.4545516714506283,0.5701129425682139,0.5180721387913704,0.596171750642265,0.5799313040323942,0.5902032321696501,0.6501386703047963,0.4752952820709377,0.6073009874550508,0.4465682611817221,0.4887962248461537,0.4686651120531366,0.6936819176118739
0.5390113657013484,0.5445641331977205,0.5635951518092434,0.5538667300536868,0.5128415246225104,0.5916203934087875,0.601321369499448,0.49939084429277647,0.5104066288987996,0.5498957109242403,0.6265051511529132,0.0,0.4999794640318507,0.46117728859975454,0.5489293023434845,0.5408675976858314,0.5502659067393676,0.4825953810136097,0.6226253147925288,0.4617965020678149,0.6356364050940515,0.5654342714750054,0.5503612872628623,0.5350400622098277,0.6332957245462097,0.5795907855936361,0.4627874620829216,0.5223254605306924,0.5360902230627499,0.5615521817269888,0.583745920222017,0.5427412705597987,0.5143298052241914,0.6101882986118882,0.5413205717273031,0.6210681963659486,0.5817969013309914,0.5394604883966999,0.592361262242959,0.4969004183551884,0.5737952695611035,0.5824089834334294,0.5326995353398536,0.6796717834246089,0.5266883506655031,0.4728403185972046,0.4816687235578934,0.5886623577572491,0.580431736377389,0.5047260017754293,0.6132995469814847,0.5925771062883436,0.41005253753397547,0.6650502712865545,0.6645764846494847,0.5464255270360397,0.5170912334621092,0.7094362830048755,0.4612494474103635,0.48494689154409687,0.4790030917738049,0.46681993211183015,0.5244767359881406,0.45611390770695814,0.4495676929998072,0.4391109514874574,0.4913208403997273,0.5230510891958711,0.4882031959801411,0.5298658814124786,0.5339317988372007,0.4600443117789413,0.519746059163154,0.5704291566759264,0.5131422024456468,0.43960525621628505,0.5121363846458423,0.5702130499080328,0.505647850068627,0.47238106199641233,0.4991930924910341,0.5827075043000146,0.5628554778954283,0.4986748066382917,0.5539872152732178,0.5592315052608228,0.4946449895078329,0.49333048854117595,0.483176037712743,0.5301140968717857,0.678135032157268,0.5710982776999177,0.5770915452257196,0.45763320496845095,0.5262135204148968,0.6719481573304408,0.4353440662538215,0.5817658478549288,0.48896815616948247,0.5190513661360877,0.4981486920145049,0.4485629102415918,0.5890457041294566,0.5528180735111845,0.5142513413392306,0.5027855709487471,0.4932254759041413,0.5687429301567712,0.4841908517749542,0.551883758629918,0.7669532431679863,0.5648360494102749,0.5507877594018762,0.4942891233624298,0.4993534214007774,0.554816801706738,0.4753291570683391,0.5376583951178375,0.6302731281564881,0.5461792315601378,0.4950232912595379,0.5298547516121038,0.5115917408558497,0.5921859559070755,0.46673414578326844,0.6175126205633117,0.5064562103111827,0.5194223729359513,0.6236015676538931,0.4640017646606813,0.5089895997282128,0.5098694563079933,0.4494423745141236,0.5873322462905346,0.5219128131933325,0.4278118936337099,0.49530394153696283,0.5351486171373556,0.47851709995299874,0.5551085027536105,0.4564170125563034,0.5242993070156133,0.5385815621826809,0.5413668913378669,0.597423289262652,0.6403355517544703,0.6384453696924897,0.47594430988824576,0.5643975193156775,0.4629858946113404,0.5675485504195751,0.482159649818027,0.5225274827567551,0.4785575584894991,0.7390801001230128,0.5098176174426136,0.4701811193304871,0.6489003661765214,0.4742904662958274,0.5824829813691702,0.43987315825917744,0.5119170150301201,0.48368302538306596,0.6169618848584454
