0,1,2,3,4,5,6,7,8,9,10,11,12,13,14,15,16,17,18,19,20,21,22,23,24,25,26,27,28,29,30,31,32,33,34,35,36,37,38,39,40,41,42,43,44,45,46,47,48,49,50,51,52,53,54,55,56,57,58,59,60,61,62,63,64,65,66,67,68,69,70,71,72,73,74,75,76,77,78,79,80,81,82,83,84,85,86,87,88,89,90,91,92,93,94,95,96,97,98,99,100,101,102,103,104,105,106,107,108,109,110,111,112,113,114,115,116,117,118,119,120,121,122,123,124,125,126,127,128,129,130,131,132,133,134,135,136,137,138,139,140,141,142,143,144,145,146,147,148,149,150,151,152,153,154,155,156,157,158,159,160,161,162,163
0.0,0.6049354785356629,0.5689356812727484,0.5938530735352715,0.672043242853214,0.6109084526860149,0.5715090712596255,0.613720929370279,0.5934416706297654,0.5980088790596673,0.6462997566507789,0.5791393467226059,0.7457470642011133,0.5618434349200717,0.644904573304538,0.6871068586423332,0.7231261216087754,0.7644841713793985,0.573563573537372,0.6816174227697698,0.6892313192436207,0.5958977455432144,0.5845302249146801,0.6480029091310092,0.6988072704975286,0.6092027284027222,0.6210486687479247,0.6109528928159234,0.5151207843105414,0.5870203494312669,0.6579388868894837,0.6550260762971827,0.5594483281792231,0.5524618686562955,0.7053923679222269,0.5678817607387198,0.7409432123510276,0.60634219074774,0.5522656771946454,0.6877383297370795,0.5673204846309703,0.6482689834404388,0.6778280844112965,0.6551991423053801,0.6704620198355026,0.7482789292461598,0.5921915290297843,0.653262209737535,0.6536536567976045,0.662374948575513,0.7063025337402423,0.6406762805281764,0.585157276192871,0.6109454045511885,0.5854733731528357,0.5920368179284611,0.7267597862344899,0.6355393710304379,0.5981656269370333,0.6449319046740208,0.6205558390492926,0.5061414021552993,0.6412474213168503,0.5171895776084932,0.636078590347328,0.6817540576802315,0.643951194213667,0.6048707268644624,0.5954396450104951,0.6393908040708874,0.6540823744442229,0.6359043735233038,0.602660691196805,0.7162251227820418,0.6481626360210767,0.6668194529783201,0.5883627469572004,0.6542743597869076,0.5791131158236311,0.5720287915169954,0.5784449810585064,0.6342979547956908,0.5985477735282817,0.5629069515062805,0.678892620535448,0.605407578757619,0.641826604951019,0.6183623098257918,0.7275073032597903,0.5512517949485345,0.7084597018174401,0.6118453895191898,0.6479389933140134,0.6496346284224239,0.6182002031991577,0.5599600397209659,0.521436399927195,0.5894182504702306,0.5052679728120274,0.6869728414362327,0.5695061298346275,0.5858487786908161,0.588465486222664,0.5276908003610781,0.651395650403208,0.6703000598814416,0.6667853164812518,0.6263977342035514,0.7096535329515734,0.6817092139913122,0.6434382627926755,0.6365475344665898,0.6511093277136847,0.6028047323341233,0.6418042310063742,0.691412158871779,0.692860604163687,0.5709860724991792,0.5653645121816483,0.5461726044126631,0.6460731489289747,0.5540570526198798,0.6188971528354319,0.7059375552607632,0.5818476175819627,0.5830804049235783,0.5320443500798402,0.5803491612052496,0.5693764276922083,0.6240544523727715,0.5814318714740919,0.601587352440926,0.567201292615422,0.5475823753573931,0.6158392759292868,0.5834103609882018,0.5807584609632649,0.6795872374516282,0.5988898890475041,0.6292044431245136,0.5501499201654408,0.5757041674395926,0.6801961136922247,0.5550034310469673,0.6477810957821796,0.545483732635501,0.569074718794494,0.592595202098815,0.6156384429720099,0.42551968866197226,0.7041310661220036,0.5680081366308471,0.6478536841471865,0.5540595173678156,0.6220830127132868,0.6651307943936189,0.5675320215540223,0.690397132648246,0.5850749977736369,0.5978763800054111,0.5875190887937564,0.6497734223957722,0.5430295747872033,0.6844997822814058
0.6049354785356629,0.0,0.6067603705032497,0.576566637671235,0.6247782373380867,0.7156103617597714,0.522916961883626,0.6220910489377017,0.6229542389629141,0.6557915289921704,0.6073867339415177,0.6217046640785091,0.6124133889089277,0.5588197384710635,0.6438650284122084,0.6134333559453492,0.6007867950945719,0.5720007809428614,0.5433701754802304,0.5727598168047406,0.617130617923451,0.6541648343471518,0.4908965785174334,0.5983958814906286,0.6144827166518898,0.513133256762567,0.5799029220116437,0.51398751990462,0.6452546488068986,0.5624611165467319,0.6941519153178144,0.5634222066292405,0.635127145822794,0.47147066914541796,0.6322834253124706,0.5860456460881197,0.6076611922357443,0.603255580520983,0.6176205218341277,0.5877658702100738,0.6365770954191045,0.613031257593721,0.5252845467767457,0.6335664015716956,0.5835322588534293,0.5796277497991552,0.5414295623311834,0.6025756538834991,0.5297441017414886,0.5704232779256939,0.5738097658718804,0.5715712690241125,0.6012226511112096,0.6521547552087565,0.5781046946727406,0.641546388778191,0.5825738473730275,0.6382649158998394,0.5109483916617322,0.5950299938206257,0.6234921741537768,0.4981064187784554,0.5534261152679013,0.5000991486333136,0.5434466539464553,0.5360079470883928,0.5730702126035372,0.5424515172860367,0.501828315863061,0.585374903136981,0.587630797223895,0.5792230420971214,0.5085416881070753,0.5795188843712951,0.6628544506384898,0.5609295867773626,0.5088616569685153,0.668639658878885,0.5169157739986123,0.5650387042202932,0.6022035698358476,0.5900415694977703,0.6858193413716404,0.572004519319576,0.5600624563214421,0.6277913120284168,0.5678585041388919,0.5039210270301392,0.6061366143734642,0.6270351967437723,0.5812017075903148,0.6243537675695205,0.6298341985194702,0.5565202850443947,0.5762242440877474,0.6696587341843587,0.5532945360917495,0.5700240097344078,0.5042422658890804,0.5732402594631597,0.6023271973137503,0.505175090034646,0.49117733276630327,0.5513391585544044,0.5765647567291646,0.5597266623059564,0.5709827584503361,0.5757780959737999,0.6244785114103656,0.6572573772577105,0.5573304471658345,0.5464415952783555,0.5655176583951974,0.6066989318497586,0.5633248958897806,0.644790686464046,0.5944355222136325,0.5063867782813359,0.5279982546558321,0.5681121496809607,0.6039043191189056,0.548135107714389,0.5346355611469716,0.6632156202677287,0.5911458127451035,0.6726555383653041,0.49926174904864923,0.6106597455327321,0.5855360049936038,0.5876718764874491,0.6548509536115087,0.6008886908228123,0.5417044078687261,0.6012530171201103,0.6115235298076933,0.5791777086520888,0.5606323962849734,0.6149628990067643,0.5372279411472254,0.6088612209833835,0.5788235951026132,0.5913374573985475,0.6432220021397614,0.5712640871791366,0.6446502828758446,0.4520066966207192,0.6524475328191531,0.6575004086818026,0.607558022924652,0.4617003047224732,0.5771989379544209,0.6190623045433331,0.5922349805956721,0.5533292646362203,0.6180103585195954,0.6141279868013553,0.523036648684063,0.6932069748730735,0.5851864886675429,0.5004041312321488,0.5800281939839727,0.6247645870801012,0.5561766079407642,0.6090256294637904
0.5689356812727484,0.6067603705032497,0.0,0.536675771636633,0.627119135419484,0.5937949243453344,0.48627726488779405,0.6074565322682141,0.5490385629048008,0.6533915961274109,0.5683790097599043,0.5316021175953678,0.5979818529464126,0.5237446605839846,0.5986227141979373,0.5882203404393459,0.5773730128424149,0.5833733018916759,0.4823342953777992,0.555850730933534,0.6520299830599758,0.7179204140258785,0.4592343626302885,0.5564446603344418,0.5941777199220262,0.5544082619767783,0.5149754361504751,0.46726088387643866,0.5334261756918875,0.4737646944049347,0.5690392031605065,0.5351696768119434,0.5464528894932377,0.4404467598860461,0.5687450691441024,0.579696055649131,0.5847864968508909,0.570562053820779,0.5236795305840204,0.5609182285895886,0.5708972450580198,0.618698254278244,0.5854557589097612,0.5911823516381921,0.5932210265474209,0.5588528307651578,0.5676635996528853,0.6345588485273579,0.5023891752697788,0.5958589598693806,0.5634977749397867,0.5694345583471566,0.5188877466175424,0.6162216020783389,0.534876540543588,0.5647603050684448,0.5358711581540968,0.5879653657999964,0.553386918723565,0.5192561011473568,0.5872432568827887,0.4773605008372103,0.5931508225495628,0.5260927666653575,0.5630563377475954,0.5561606279403275,0.5763056106775436,0.606825401047597,0.613589412676892,0.5921192329024565,0.6216006555423194,0.5324426602718807,0.5439273220484148,0.6051291757685485,0.599729672954736,0.4790882041739784,0.5024182212267313,0.5750150215250509,0.5079722846015626,0.4615768609112223,0.581895314393706,0.5976626207840697,0.5583940235182389,0.5407859220573868,0.5522925889385597,0.5839110033732039,0.5732440227802487,0.517927936420919,0.5231198267889445,0.5266398878580183,0.5873674145752771,0.5528915045127715,0.5478228136600174,0.47930603031458113,0.5712130434041204,0.5990182522456637,0.546470646480416,0.5715948406697614,0.4738905194501373,0.5406247700482237,0.49659578202946564,0.5451945458660887,0.5311792258956056,0.5715347326725427,0.5653804943431733,0.5756600726398584,0.5928472643740785,0.5641654690787962,0.5967986208435851,0.624718206549972,0.5276687796465722,0.5604928097722881,0.5769538154716803,0.5413888395373158,0.5177965014840189,0.5440848430649262,0.5183841195240932,0.5075410494920164,0.590396305500938,0.5096764263875166,0.5575305061242579,0.5351229217340173,0.5235339180084208,0.5461060174047258,0.5244441750422636,0.5565507489906093,0.5021847599254673,0.543914762166066,0.5748841481678134,0.6198162030653448,0.5566367324189437,0.6300028052716565,0.46826174091900635,0.5089066625075973,0.654976672062725,0.5659095479435489,0.49470310893634994,0.576231881237759,0.585012725699535,0.540519249686561,0.5418567067941807,0.5459006787740228,0.5685276372702026,0.6037772837326253,0.6096475190864972,0.4933652613930213,0.6047362634025873,0.5549228195800289,0.647045028121403,0.4232883708874307,0.5291593984199898,0.5077018014532787,0.5598746217691725,0.6259747686527036,0.5945715512455599,0.6050194738368349,0.4590472133455499,0.5993514541608231,0.497498601626946,0.45455947593950685,0.6064347257554203,0.5167749956050202,0.536163517019074,0.5447564113926316
0.5938530735352715,0.576566637671235,0.536675771636633,0.0,0.6352618045460617,0.5964094443005183,0.5856926452995398,0.5584077783635896,0.5227786296614487,0.5569633872960807,0.6336578847931773,0.5676232443183328,0.569003778214054,0.5149282150736902,0.6579213232093831,0.5459660856177592,0.5657416650661112,0.5733022128946347,0.5454494027041982,0.5058918709589969,0.6039120554650868,0.5815142016640763,0.5098738767311629,0.5745153497500107,0.5923812505012336,0.5547340992597625,0.5525946618348452,0.5221553081683661,0.5323003252686319,0.4946672853015668,0.5974319567684556,0.5340058616634412,0.7034622990890648,0.4792185855640175,0.6064933261272082,0.5541624815228318,0.6014945489937573,0.5359302659881764,0.5555128530492464,0.6027091070295528,0.5910831515556634,0.5623190059125557,0.5460032180055482,0.6965717096131054,0.5489480529297212,0.5464835008875232,0.4858882958141392,0.6114882137552023,0.5529899418234919,0.5448679546391458,0.6440687827906368,0.5887362566138948,0.5331560683643963,0.7097536227262251,0.6020190258668104,0.5178530117221369,0.5630767115615207,0.6164124214112152,0.5267476732695268,0.5358991402296337,0.5997760781531687,0.4600499895398552,0.5844487530639149,0.45846227602132567,0.5411223504606348,0.5312904849645695,0.5815034034549929,0.5353201233548582,0.5070726731016987,0.5924809357010101,0.5684524169548552,0.5307047827365949,0.5390694729863483,0.6143973385380873,0.5639233122135149,0.5238822448138126,0.5405093119272444,0.6166283401979491,0.5001337722256435,0.5129033652969301,0.536699730763031,0.6096940301568965,0.5435596165756327,0.5100284413493447,0.5676669581684751,0.527812671579044,0.578479067965013,0.5324770484214844,0.552263465429261,0.501979307019403,0.6512334594608427,0.603492214762091,0.5973583336425677,0.530502853958593,0.5866880690164425,0.5879729289006331,0.49455901363076127,0.5369866812814931,0.47025652372511917,0.5776603894027066,0.5333599651573115,0.5275452189395887,0.5889157312523763,0.5481283418815398,0.5650773944072799,0.5112533505516773,0.5467855799621579,0.5249617290804983,0.5774353120940441,0.5662689454455152,0.6468289031068338,0.5571447690779995,0.5969457930764044,0.5453751023883038,0.5515581477598381,0.5704257748969309,0.5512839515277519,0.4936297682824455,0.5782484508727832,0.5283226637718695,0.5453323300217492,0.5764865700621351,0.5048400077904787,0.6297615069065583,0.5321971242631225,0.5939619598237869,0.48663928804768897,0.5204433674789803,0.5380016080147205,0.542531546993048,0.4934206738794776,0.5306242242738249,0.5084232900193045,0.5554850986181964,0.5584561746937643,0.5136233553447945,0.46701407945949835,0.6122499271260121,0.5191351328959293,0.55872391581618,0.6464113557070644,0.5077780933848698,0.6138996533291817,0.5491622136128985,0.5818558926908692,0.47900773658725004,0.5413431682880557,0.5447450432064335,0.5184048448451809,0.39396729241959977,0.6245051051575045,0.5624104232793102,0.5620678608651676,0.48602118202969524,0.6054346966100543,0.5734583448377879,0.5060561900770914,0.6319351875423235,0.7092213823063099,0.5388648965082197,0.5393243440775646,0.5715888470740308,0.507977182190131,0.6201179031554872
0.672043242853214,0.6247782373380867,0.627119135419484,0.6352618045460617,0.0,0.6039672174627657,0.5968614500936897,0.5862682815363633,0.609233942053572,0.6489102459611998,0.6394925167300841,0.5679136824750405,0.6340071657824522,0.5709428440458912,0.67897504836695,0.615226337451867,0.6325722234980138,0.6769849233243634,0.5276213331539698,0.5726899611433067,0.6985286392091654,0.6837989023554728,0.5371856575159758,0.6103885505435569,0.6642064242838905,0.5969363349483991,0.5998390603493984,0.5214453487013485,0.5440138076689299,0.5441182902177841,0.6319013751630174,0.5860649808646846,0.5892342799152531,0.48302660216683285,0.6572743860957297,0.5874097983542211,0.673769157395888,0.6007867292862166,0.5618536925365917,0.6598734558602642,0.5890807050733472,0.7409185535079741,0.612212924600317,0.6864487689659253,0.596378317769123,0.6073306492094794,0.5782277873751901,0.6523084614009674,0.6002076173957462,0.626813411440203,0.6761424335164571,0.6027469585405577,0.5685578808476364,0.6526212399732733,0.5845289983473683,0.6171581953996862,0.6124645953143237,0.6382817853832273,0.6107293645051037,0.5727465029571617,0.5936251238538742,0.4979966448349808,0.5991651907423571,0.5271359304352153,0.6267976527896544,0.5877855012717387,0.6635524342449363,0.6433797814522716,0.6010530869470415,0.6305733854537449,0.6677331904849322,0.6028106033969777,0.6054425492765729,0.6847846100329075,0.6091729525995473,0.5568759338258715,0.5690667910378249,0.7263089726443207,0.5195409206254488,0.5391425009896043,0.5956886799916938,0.6934534825634527,0.6171766477186279,0.5318778448198772,0.6455338452846306,0.5844823705800989,0.6156667481473764,0.5966113296062054,0.5906557348217001,0.5624596128325129,0.7584136897991983,0.6565192219828416,0.6300084443188035,0.5444001293778737,0.6921133013372058,0.6159042156295609,0.5219592475210092,0.5866027720289585,0.5216854635576518,0.607435553201517,0.5593874312744376,0.5633129236355616,0.6145514154332474,0.5612790140642695,0.6128986568120076,0.584483472613402,0.6060678482983941,0.5928627604693384,0.6614807007917827,0.6620773838617654,0.6278803617606917,0.6500629131617301,0.6486682934478607,0.6278036404808465,0.5578608538289735,0.6105343522048435,0.586016116048509,0.5490051626291911,0.5894694379393164,0.5705963875623958,0.6468049034079927,0.5776299975830754,0.5606481718719946,0.6633866510950457,0.6057923321232888,0.5777843647986617,0.5397389587382493,0.557902833942892,0.5584391640792863,0.6406451058786394,0.5817650668655411,0.6196061343311585,0.525503895904977,0.5732504901002357,0.6235897280593301,0.5931642920955067,0.5096178877263283,0.66561215086314,0.5760455858628297,0.6157652396392256,0.5756938387438217,0.5831376657269653,0.7093774480838508,0.636165483832707,0.6845073154660527,0.5303433945056986,0.613859541486598,0.6005964500603836,0.6063623739035461,0.42160370057766683,0.6202656895857602,0.5746229597935013,0.6214181483679616,0.596300281047976,0.6401489402548214,0.6620636858266133,0.5139013931848025,0.6881456983217775,0.6042258020786558,0.5477347874285775,0.6199537440524652,0.617553563259511,0.6040029285605178,0.6795819618208185
0.6109084526860149,0.7156103617597714,0.5937949243453344,0.5964094443005183,0.6039672174627657,0.0,0.5034105176194967,0.6584265239203282,0.6326893360395635,0.605628193108987,0.598827221557206,0.6160713734365514,0.5979615264701598,0.5411540005096863,0.6168526876872651,0.5994600894231465,0.5791511276605633,0.5541221060492575,0.5480742956002019,0.5558659461601431,0.6184510525475293,0.6182460541440842,0.46517025880092516,0.5456353262196234,0.6109310200851247,0.5204779385159719,0.531615286148534,0.4985912451877782,0.5839246293947703,0.5447957652181326,0.728679195773082,0.5680403737007417,0.6529168524058852,0.4675563947761821,0.6347059736872182,0.5998095503935945,0.6135557983030974,0.6049820813749359,0.6027883359847893,0.5387267167397527,0.6217728555794781,0.6054474665944762,0.5411679990762986,0.6763530102029708,0.5762626762204354,0.5604344767447558,0.533665159399186,0.6242007470384383,0.5070606934587972,0.5718105826181541,0.5873206539002909,0.6000834383964374,0.581229689697065,0.666204452825115,0.5814991654525983,0.632835768307713,0.5733234918416983,0.694615646869106,0.4943055029634694,0.5673463170336711,0.6515639807943615,0.5160989763220579,0.6059547998540067,0.4901578030883056,0.5463739122994468,0.5452719628204324,0.5611949110678072,0.5503770197623504,0.5031182864803908,0.6202784533139422,0.6097467389143092,0.5591590149306562,0.5274522870260181,0.5731520935889276,0.6767421139613699,0.5513121910244496,0.5039784861146311,0.61916231111245,0.5258456875180751,0.5597612458220089,0.6229213411076835,0.6205591818067977,0.6376416080330388,0.5892895495328865,0.5741073925961718,0.6149709978372039,0.6344091362903396,0.5121877927909332,0.5988638099842447,0.5965913828495636,0.6000888403437729,0.6550693688141689,0.6078824930932794,0.5456303968444822,0.574781575148402,0.7005512901781586,0.5870194667332888,0.5905682321107821,0.5117822862983126,0.5678934766454439,0.5810957559583403,0.5256032473155582,0.5202514093977237,0.5681560228721493,0.6133095196810142,0.5513306986365437,0.5744370505827185,0.5540806329460889,0.5794143244255963,0.6059223816270043,0.564518537831131,0.5562569637431853,0.6024556726042447,0.5999052356949333,0.571294026026358,0.6051371549999371,0.5921405706761774,0.48844518510224255,0.5474422846465519,0.5869718012620921,0.5737613487985553,0.6072906980265892,0.5369203811279701,0.6412234652690377,0.5976003426848321,0.6572706433803746,0.5084440457335186,0.5951026533307378,0.584878296033258,0.5642521652957829,0.6325000018510328,0.6226140291886596,0.5408779832887349,0.6251555118994847,0.6051663402288349,0.5670787728145442,0.5323494127870253,0.5809555013199184,0.5052479627206702,0.598447849103153,0.6142704346113858,0.5897356807490229,0.6228353740491391,0.5914800467991335,0.6338410536553506,0.4610838061916595,0.6628056987598339,0.6094235625765565,0.5909406351475761,0.4564101642464795,0.6075123510112634,0.6124667367147653,0.5588167727813287,0.5085429823906028,0.6305827344883288,0.6119662824658335,0.48998153519358895,0.682196819604712,0.574532650982653,0.5033419198698567,0.5610276889241799,0.6360372974831829,0.5501564217577637,0.5992157749850632
0.5715090712596255,0.522916961883626,0.48627726488779405,0.5856926452995398,0.5968614500936897,0.5034105176194967,0.0,0.47170511948584964,0.47562139624787936,0.5745419595379843,0.5617291944716306,0.5154321166359604,0.5642846377369267,0.5051383620831615,0.5859571489705093,0.5132115152142666,0.5276190614403119,0.5553542299978753,0.4927977193641175,0.47576930771127823,0.5220540635433483,0.5287546014539299,0.5696952936606042,0.5481902776544778,0.5701999118292316,0.49323257064154996,0.5668035850075087,0.5129880207673816,0.49417570092864743,0.5000124589577457,0.5298403860872782,0.5804986582436719,0.5185125484437817,0.49011866267363524,0.5434465511084852,0.48513648483137733,0.5888623387765485,0.45452813377296597,0.48555106169598605,0.6096077652985559,0.4612622356731086,0.5500961140546012,0.5108759604181591,0.5542324754164192,0.5178066391572279,0.5235111957550029,0.49181880148290313,0.5371748812899776,0.6509075104145617,0.5075858712677918,0.6205321977620938,0.4823751325206833,0.4868987948574028,0.5618612343226124,0.5724991706671094,0.493120070227597,0.5179323182990615,0.5037114860329748,0.5898859667574505,0.521131134381822,0.5098648931576445,0.43606078225682593,0.47346924790835493,0.44056874696776344,0.5132129016828331,0.49478171675423555,0.5811574790490196,0.538572338411022,0.4950851163766255,0.4991903714913657,0.50990879235512,0.5036744897166842,0.5129463201620423,0.6069102373911911,0.47561340092865034,0.5481673519022874,0.596280726224195,0.6108505388608287,0.4234675405638836,0.47348625614059303,0.45468226709675547,0.5270661694610592,0.5100071816960794,0.4237813363376176,0.5031811680301783,0.4476049952711661,0.496621415123307,0.5847054518576169,0.541755350945076,0.4604547083480311,0.5787706615136647,0.5687327625680451,0.5743163174219184,0.5120959038427499,0.531340529358367,0.5086785232703631,0.42295471519829825,0.4739796653769611,0.443271702291865,0.5830599372365868,0.4973493222753207,0.5098056618625206,0.5359526175012826,0.46315201637601555,0.4908094803679964,0.4757066905882025,0.5033011756000867,0.47959602907925314,0.5603031812758272,0.5601253551779092,0.649558492073305,0.49439262999615285,0.5535118051814562,0.4839554689798888,0.4711741425250951,0.5071277919480988,0.5104267756791382,0.5579999228528413,0.505719146505444,0.4629523572409406,0.49663173496962676,0.4562897601349644,0.46262171537443997,0.585601571696938,0.4721778991490505,0.516319814728018,0.4773189975213963,0.4972077980832621,0.46907214631807564,0.49716034301176154,0.4579341155708836,0.45869907341469857,0.46190680014649294,0.4530924931134921,0.4846829418192407,0.4672091697225633,0.44239027873303577,0.5519313053465492,0.4834320697210106,0.4997606995844295,0.4987838254448841,0.49110155827586915,0.6043385401318071,0.48317514733954564,0.512197006884658,0.505542462677427,0.463735139032602,0.4998006223386261,0.48221210749804844,0.35720693814746796,0.5274625423857937,0.49168297213861795,0.5257360296377097,0.5225385713435399,0.4981979154244819,0.5193702908758835,0.5252639504587048,0.5527518339132126,0.5893976002713307,0.5968637311214351,0.4875197631507304,0.5025594081474893,0.4501804149781169,0.5309381714562366
0.613720929370279,0.6220910489377017,0.6074565322682141,0.5584077783635896,0.5862682815363633,0.6584265239203282,0.47170511948584964,0.0,0.6321870964371862,0.5711591811261868,0.6132133925685719,0.6122210127371479,0.6255621988975438,0.5040501767594083,0.6245982867207834,0.654872599992408,0.5913748481018326,0.5826504636520413,0.5441613127504983,0.6013549909609776,0.6291922599920788,0.6147147372370558,0.47973914805445333,0.5757930093439915,0.6146339945440359,0.555622633159213,0.5717798760500895,0.5168326446032618,0.523884824758475,0.5650236392841644,0.7142060493160697,0.5446161602452713,0.587500680048428,0.4771388455295274,0.5885802735749543,0.5648629235881567,0.6437982252123209,0.6429088847773142,0.6189611797787214,0.5472071078431187,0.6038296250001568,0.5724933375730078,0.5949265727824392,0.60114796375123,0.6358253875106714,0.6122802219478876,0.5164022617644273,0.6255461254292539,0.5078028342534316,0.5766700203439798,0.5676068922642179,0.5797366967552203,0.5290603675232461,0.6003133853939828,0.5522286161611707,0.5731879293413494,0.5962692323385559,0.7254804879839604,0.4795724727587519,0.5656943178750624,0.6721072659278268,0.4871886714509448,0.6207919173554141,0.4804273555417683,0.5331735589179397,0.5674766347918769,0.5610999918490162,0.5505050688529061,0.5285795687747546,0.7313746764315343,0.6147412406279508,0.5471328776674844,0.5035523209314312,0.5832098935137052,0.695116109141312,0.526882184093526,0.5160465588832248,0.5883901435733727,0.6014425833798125,0.5222222134186524,0.5792509841440023,0.5987105425590858,0.6293233497473617,0.6268069063581886,0.5717236100311617,0.6816607936900142,0.6981654753868547,0.502097238546729,0.6109598958847868,0.6124057952253529,0.5870315935679429,0.5548447557520374,0.5734278179645783,0.534048982910967,0.5398644417510935,0.6203116348824514,0.5763633775893364,0.562289269277604,0.46966771785696215,0.5501721363394685,0.5501224842707965,0.5854879636907607,0.5060329410371833,0.5549718090126532,0.5983212684307331,0.6152442067319095,0.6029925693618902,0.5846288801043341,0.5846429524890375,0.5988779170166054,0.5321899510483714,0.5620755450401548,0.5514768833513495,0.6196441387686996,0.586630326167686,0.6297902772084667,0.5630470818639566,0.5002845960022162,0.50844161823982,0.5377172296584122,0.5836463469761902,0.6339784270664556,0.5295802796137714,0.6190675277881765,0.5401808494340963,0.6321814527115598,0.47660761501969184,0.6407136485940921,0.5618608789151147,0.5895891962451562,0.6188024561944422,0.6436109119038227,0.571939791361284,0.5726042241383378,0.6530181091644474,0.5432077158667935,0.5788501978691221,0.5858777531563506,0.5688440879025934,0.6512741570596448,0.5612492769592838,0.5421737779357306,0.5672816172232129,0.5504630103688094,0.6341030765839392,0.46046858418082787,0.6643868755805432,0.6040608347272828,0.6095339538580812,0.44569792620979726,0.6399099874432241,0.5452258841518137,0.5876970495859913,0.5182714881877633,0.6483413659547377,0.6835583554604263,0.51147161255072,0.6870729283455294,0.5192727864078511,0.4813086095590499,0.5411294046446858,0.5738532108191187,0.5473673215091207,0.6090899960338106
0.5934416706297654,0.6229542389629141,0.5490385629048008,0.5227786296614487,0.609233942053572,0.6326893360395635,0.47562139624787936,0.6321870964371862,0.0,0.5419666663319238,0.5409160657730829,0.536351669547797,0.5618575407716243,0.5173979278370194,0.5983692576005086,0.5577686708195282,0.5349675649271844,0.5619593958870407,0.4917237873726706,0.5401744793268566,0.5789757473871746,0.6129876905180244,0.44977981318172744,0.5284707152504287,0.5561243552348254,0.5020105172162864,0.535043616075273,0.46422268045320236,0.49354391576540513,0.5760109305671018,0.6580301662879204,0.5101797222181931,0.5505127841614611,0.4282890790545865,0.5622054044072019,0.5188680228782259,0.5890115126341925,0.6034149495972829,0.5681161314801254,0.5193211300153364,0.5588593394576341,0.6462592089036306,0.5159382150198067,0.5628892396951267,0.5315261934977552,0.5520963099729677,0.5199096915205925,0.5385449674477122,0.48163724753331977,0.5424367206243021,0.5416238364309515,0.539657681335217,0.5627480564998488,0.5465323031374953,0.49208997687778505,0.6925785971075603,0.5598829915254308,0.6129394405310286,0.4733314546747675,0.5324729496220049,0.5808864885935653,0.4990504901404328,0.548375233237821,0.4658286615565354,0.5545814453958483,0.5332097083692833,0.5630926393913607,0.5763189011874829,0.489116018062431,0.6261320971122247,0.6372204964018187,0.5420295528134741,0.5032761013175845,0.540703788911864,0.6229940452501468,0.5256992032708714,0.4870256014764753,0.5929370449589633,0.51417774173618,0.5599613544050277,0.6060397460640573,0.6516003881903718,0.7244984770936456,0.5506941033025848,0.5575614481210757,0.6284647154895422,0.6152480201587821,0.4945672744406237,0.5636020005366418,0.7317007753569705,0.5776115750198733,0.5914216540203306,0.5382764629298398,0.5188398623286066,0.5847954829921351,0.6076148797784899,0.5654409764402912,0.5293153114063459,0.49932372397111846,0.5206279181579673,0.5485548107964764,0.507899634520426,0.48218246209710836,0.5011677033972677,0.567044932829252,0.5468307017048057,0.533410978728975,0.5330750884023995,0.5524689698609534,0.5695029581356337,0.49703451968748713,0.5516664378294458,0.5541799015376757,0.6478051428957078,0.5265547115723846,0.6028755751394203,0.5378634318864457,0.46171818038559315,0.4664134338384278,0.5757383908733079,0.5992635346692192,0.6007004389773442,0.5073262042968266,0.620081198955969,0.619388904195194,0.5443055167700748,0.492779227394683,0.569137363782238,0.4889481433447379,0.5710952768070733,0.7187301254684918,0.6435491988870969,0.5585301155233316,0.6377366330723482,0.57288427332746,0.5782949666415336,0.526448101923259,0.5470994646936592,0.48539723155381825,0.6214795599477976,0.5312074246103723,0.5489100956976183,0.6120286316173913,0.5718719128087624,0.6073872101841333,0.44084404940776445,0.7569210666423047,0.6229097861219899,0.5385770570567953,0.4354622396399114,0.5757908814899491,0.5640366581775598,0.545830831602002,0.5152744205982419,0.5795407949139555,0.6683057014801396,0.49033365016026187,0.653343549271303,0.5164730599871427,0.47562798107715754,0.5468666210523739,0.6094020862890498,0.6293305467931498,0.6295247153224024
0.5980088790596673,0.6557915289921704,0.6533915961274109,0.5569633872960807,0.6489102459611998,0.605628193108987,0.5745419595379843,0.5711591811261868,0.5419666663319238,0.0,0.6212861893590801,0.5975090692791948,0.6222398494116019,0.5242438659067697,0.6436282862218065,0.6128403217679054,0.5904280632883173,0.5992373596656417,0.530219023964039,0.5493297946248292,0.6102361925410028,0.6583277290655577,0.5251218301962283,0.593589954736583,0.6860108275158551,0.5147610077856276,0.5758868772934392,0.5132123388925984,0.6214591505695215,0.5422882723340624,0.618846903732789,0.5982945392021923,0.5572722174060231,0.4747368218053247,0.5863400256538109,0.5470345120426579,0.6370138479061201,0.5395834183706673,0.5531413995673663,0.5948538839384455,0.543216668647977,0.615793226700604,0.573205924043865,0.6128141123834511,0.5801084764749898,0.5683044485860316,0.5514334545414059,0.6449046196169427,0.5855760260794826,0.55629451420008,0.5893253238991604,0.5274735764713203,0.5265127432434754,0.6173942112565003,0.5991927684360492,0.5650685579446701,0.5511988265546985,0.596309105863741,0.5713925758721446,0.5404201033328182,0.5768879781157086,0.4605336895028095,0.5346473122559466,0.49179327292875263,0.5405337622766019,0.5315329703254771,0.5711652752610876,0.5845480988296374,0.5597876151003405,0.5857067667159676,0.5638428434702931,0.5444723236948659,0.5104123197477837,0.6112506025327485,0.5755177177727931,0.5489683344268081,0.5393026660070387,0.6611606413166369,0.48302616818296856,0.5026828974959647,0.5512528937161832,0.5554745398373581,0.6097858202764005,0.5066759044825266,0.5352398462799289,0.5393273627389272,0.5568490632423828,0.5419499665594683,0.579141657389827,0.5209461583189451,0.5846386161830267,0.5787963644522128,0.6206703906533267,0.5147956529776252,0.5494048170794564,0.6391649237514944,0.4872903565110775,0.5461583984084213,0.4629588518031889,0.5591260424720426,0.5348727944832752,0.5445067347992237,0.5208162948983064,0.5790533240750718,0.5355018740217422,0.5419211953732449,0.5660371906832442,0.5732528846644218,0.617181949748851,0.6764085474423741,0.587104228707527,0.5274063175998007,0.5590944644116971,0.5521671391235197,0.5113545364291032,0.5530703951348446,0.5636737208156262,0.597031641307453,0.5565332980453301,0.49890011931632106,0.5452417231017689,0.5057921057118185,0.5053813698718082,0.617776897100126,0.5212874615301386,0.6391684332357863,0.47663325216918867,0.5548972774501605,0.5618010538673408,0.5777344598485996,0.5612721697937741,0.5518314476390509,0.48871949258323405,0.493196415316191,0.5944481523077475,0.5435617633007417,0.5271365330332992,0.5874875331999384,0.5667189025270958,0.5755127177073919,0.5613106401486916,0.5539098627003247,0.5949486403028409,0.5450997094156438,0.6108886644925621,0.4875742358124624,0.5540647315238286,0.6024315592083526,0.6485428350969147,0.40993584292846236,0.5482959366527497,0.5630897347724267,0.5704282248661727,0.6032722707704395,0.6032172854062303,0.5984996185166003,0.5162503437604958,0.6462992070744965,0.5500658226159634,0.5083316338363159,0.5875070206082048,0.5513714479318341,0.5185804384126502,0.5600170456088666
0.6462997566507789,0.6073867339415177,0.5683790097599043,0.6336578847931773,0.6394925167300841,0.598827221557206,0.5617291944716306,0.6132133925685719,0.5409160657730829,0.6212861893590801,0.0,0.6542517420535456,0.6498392443069994,0.5150421386495482,0.6487792464314797,0.6936129117748877,0.6604087547247941,0.6256577255852779,0.6336245441158351,0.6013841425505067,0.655496614124041,0.6137094084892193,0.574345209804633,0.6541365192166778,0.6989400392688698,0.5474313489076345,0.6425197196876326,0.6237416455342478,0.5880708305471625,0.5826449209665946,0.6546327075206813,0.611119596710131,0.5732782897980916,0.5294250851371288,0.6202712105071598,0.5519395521056573,0.6929721446703392,0.5855574670735797,0.6585253872098173,0.6305456688767798,0.5663419115022138,0.5749585845873708,0.6116908329926236,0.6561875288763191,0.6056102013561631,0.6052072534325547,0.48282824888764286,0.7180926264235331,0.6392012115597219,0.5755002336378223,0.6450348822241215,0.5499811343746732,0.5365367840212012,0.6684414529233463,0.6817230627626287,0.513451995808086,0.6540313268134206,0.6810964540090019,0.5430281363898658,0.5867996517483366,0.6736057137016213,0.4565902623394891,0.5775697265299292,0.47969073776752247,0.5480228490142749,0.5712695190541154,0.5915708444869945,0.5295358417605418,0.5373464938756651,0.6608603958870726,0.5619635651840452,0.5673457311450846,0.5280558422005814,0.6569025169409031,0.6370340570636351,0.5796759831605915,0.6113158201837446,0.6553420155671507,0.535876564842475,0.5589977474835875,0.5402761222457974,0.568175089646654,0.5798560734121446,0.5439347585380122,0.5932594851948656,0.5575820760406948,0.6398111071468886,0.5443553553772292,0.6224151795817048,0.5188226146113553,0.619416462090354,0.5487267636510915,0.6874139729506731,0.5979432639384709,0.5640187537469378,0.5744530399779912,0.506260437941688,0.5245902775388216,0.46153647682303445,0.5713072734391784,0.5859535489445035,0.6157854650282636,0.5320727831315999,0.5359945470748986,0.5703949885860039,0.5548852719694561,0.6133451353001972,0.5872682535135256,0.6009710728330907,0.6555193879633214,0.6753066789113567,0.5691800939948352,0.5685392090506638,0.6232480262320615,0.5652274220320618,0.5998398173279569,0.6006976106861938,0.6217740253742324,0.5475253703153232,0.5037765032498928,0.5926125364186496,0.545467752409037,0.5345255093334393,0.6837683976659173,0.5419104760079815,0.6733341204256965,0.4703848533404054,0.5732927563020256,0.5674945824018767,0.5630736539548017,0.5277978509525846,0.5726372177056269,0.5887914847210788,0.539646014893554,0.660467125287267,0.5346757040914911,0.5436378684125198,0.6115380713398578,0.596853675560605,0.6601169968180862,0.5670770397213025,0.5495537742150334,0.60175610930869,0.5414052783761617,0.6531397136884632,0.4694199836327235,0.5412695001008196,0.5927330844698094,0.5940491625843818,0.42152259298572764,0.7011965611733408,0.5823135867618789,0.6976405226046561,0.5021310876810107,0.6340438883372852,0.6417916283578486,0.6160951999150184,0.6596799127820042,0.6063793097792993,0.5758538058037925,0.5321683706177357,0.5958467886307535,0.5218306452808599,0.6724034635280842
0.5791393467226059,0.6217046640785091,0.5316021175953678,0.5676232443183328,0.5679136824750405,0.6160713734365514,0.5154321166359604,0.6122210127371479,0.536351669547797,0.5975090692791948,0.6542517420535456,0.0,0.5628333505761062,0.46046533354869124,0.5854416961249066,0.6209109858747796,0.5885437724336401,0.5349699324058464,0.667544252786644,0.5662661926277355,0.5922053300649527,0.5497094351927342,0.553258347751297,0.6205266817593409,0.6816113856967251,0.49216335121736615,0.5760382748156233,0.5841261887939583,0.5702830160856888,0.6198868868585333,0.6724848469840982,0.5506530166120626,0.5552722323931517,0.5384721235981301,0.5737408939291145,0.5183901587080381,0.5978146568727669,0.5387680112781958,0.6227657636591777,0.5416996410472409,0.5544982884974624,0.551357955305116,0.5357547742581751,0.598512612301419,0.5721114001096014,0.5523961431423945,0.47420116626794456,0.5994327848483864,0.5590231773593507,0.5089249727630337,0.544380041080829,0.5304077738733457,0.4882719752701751,0.5904164088035718,0.5817893787746987,0.5217982597065888,0.573312999443287,0.696145030050189,0.46601781318829333,0.537739425319264,0.571673211841465,0.4264542311788824,0.5193805596406518,0.44592971597992476,0.47891582896724405,0.4970731633719584,0.5037751387763267,0.47396349118365655,0.4674100427537108,0.5931955593001644,0.5011939790417385,0.5030740286998572,0.46406108052221656,0.5460497621663211,0.5890514461693599,0.5349471739747568,0.506292769512393,0.5941854984387757,0.5203656376538897,0.5212248154856451,0.5076901918770718,0.5186062145007642,0.5840200790683402,0.5172197900952583,0.529431378387733,0.561295101069652,0.5689953277693978,0.4708431017912942,0.5917239434177236,0.5309228276335722,0.5433294233203029,0.5398181924075264,0.5890291606508226,0.5372415350461037,0.48754526920902236,0.5928643798244817,0.4714306471370333,0.5479467882939364,0.4355031353331395,0.5238785094739111,0.5269535581050416,0.5229244769085073,0.4856519470595894,0.572575459343748,0.514905569754551,0.5284926815128703,0.5393567032910488,0.6054395597221167,0.5402671215899141,0.6325830926123751,0.6075296779261612,0.5078678827844035,0.49854140010262255,0.5571733332124642,0.5237625374047762,0.5955383601402269,0.5909530879079167,0.5483082832621836,0.5079266215486762,0.4831875277897602,0.5220293252066048,0.5085799430604859,0.5128912692971407,0.622046190862897,0.49460448200276824,0.6762861450729961,0.4327939201224992,0.5641616991024027,0.5626664743932995,0.4919735271806981,0.5551815962676154,0.5219354007949767,0.5189261783482613,0.5189626578030134,0.5816254286785806,0.4749337637764933,0.5854963693119474,0.5473428744380917,0.5442366349843072,0.6138732498927613,0.5231252042015397,0.5055991014046048,0.5442986181711396,0.48642631035610207,0.5791231882527968,0.4483447401337056,0.5473752693942091,0.5512447992159554,0.602143150711347,0.42707746260123214,0.6209011982170162,0.5518006349361141,0.5958472971101242,0.47859547146395615,0.6575122730296271,0.5664778550265694,0.549431265623934,0.663502284542919,0.5334038687379076,0.4963607651387705,0.4823547455392682,0.566483808325489,0.4872151188278873,0.5920561014037476
