0,1,2,3,4,5,6,7,8,9,10,11,12,13,14,15,16,17,18,19,20,21,22,23,24,25,26,27,28,29,30,31,32,33,34,35,36,37,38,39,40,41,42,43,44,45,46,47,48,49,50,51,52,53,54,55,56,57,58,59,60,61,62,63,64,65,66,67,68,69,70,71,72,73,74,75,76,77,78,79,80,81,82,83,84,85,86,87,88,89,90,91,92,93,94,95,96,97,98,99,100,101,102,103,104,105,106,107,108,109,110,111,112,113,114,115,116,117,118,119,120,121,122,123,124,125,126,127,128,129,130,131,132,133,134,135,136,137,138,139,140,141,142,143,144,145,146,147,148,149,150,151,152,153,154,155,156,157,158,159,160,161,162,163
0.0,0.7143854116307986,0.5853185776499374,0.6737849667483284,0.5460838746122719,0.6690361118267076,0.6806335122064631,0.7006773614019913,0.7205577596144662,0.6440669371043609,0.7075482787830057,0.6608522938342787,0.7585297267878194,0.7047918394554551,0.7155449076797509,0.6680234729600131,0.7209389527248277,0.807792021721544,0.665646436628279,0.7746430292733528,0.6939295548557541,0.672703523279829,0.6576619408755373,0.6611578138219151,0.7589877189509067,0.6513791542377927,0.6289058990656469,0.6715430412295842,0.6099396091978185,0.6335717637987144,0.7602417664447845,0.7324623077325128,0.6575154850958196,0.6972017865694988,0.7732044755137583,0.6876884193546007,0.774126442735718,0.7305373649481223,0.6793724916468141,0.7029574950270273,0.6593212444551513,0.7395807989805999,0.7318764339998131,0.7106363463059199,0.7524466144759173,0.7605580783831979,0.6097646968819801,0.6491663055874244,0.7355878374948975,0.7295144853822894,0.7493840025851465,0.6657347477045394,0.7089720723160394,0.6806893080622495,0.6962645814169807,0.7175385102230611,0.7936931123013239,0.6685363582355414,0.7181856725401441,0.7361491512631958,0.7045175817982094,0.6736638027921553,0.6994075238365559,0.645110880713748,0.7418964856369975,0.7781714936101936,0.7408000958017377,0.673916358555164,0.6809023396131365,0.7559231371858459,0.7351528135069231,0.7303796087407974,0.7151626374201276,0.7463704509635519,0.7280080414723022,0.7436588660078015,0.6701244695834939,0.6099145552057147,0.7308812102116283,0.6218550747864682,0.6712707018153274,0.7187966991465505,0.6812009183279718,0.6971146949608807,0.7564028349663061,0.7241176609987989,0.7477566362811504,0.7166020388293025,0.7226805006695636,0.7404239169453231,0.7108002391108766,0.7049894204366821,0.7011631461080793,0.7665054313869956,0.7386263170354564,0.6692762616543787,0.6286344288957718,0.67384936244672,0.6739902473375865,0.7395614730243693,0.7425642368596421,0.7041959691131918,0.6744115440519461,0.6102214114793874,0.7348938501601687,0.6886224277400057,0.6974200393047347,0.7264171458628416,0.7127797135663855,0.7035280362621498,0.7138307262388591,0.7361886226524652,0.7502884087415437,0.6813584272709308,0.7851645019974587,0.7175753683984772,0.7644231782748999,0.6449905042870288,0.6492930281266167,0.6587961485474224,0.6831327603106194,0.6509234376366567,0.7622098824453267,0.731336884255746,0.7093019900753933,0.6673136283032831,0.6636861818233438,0.6766620673374583,0.6803634067501335,0.6904326978366491,0.6918941644643571,0.6420659764627422,0.7138117080146662,0.7240669501522717,0.7079815175662458,0.7102326225036378,0.713046568457552,0.7225803966081111,0.6684149726955966,0.7357380510720612,0.6541826597509344,0.737192298243635,0.7431710705558411,0.6540549172485974,0.7594065616164875,0.7266120604545471,0.656036595682278,0.6700657224266021,0.6859414942438579,0.6259029708053866,0.8069049569628761,0.7224906945708582,0.6884851186938652,0.6171936386871715,0.7194850252018984,0.8043976324179181,0.6470711889823054,0.6722517228022717,0.6755513730667826,0.7007777670183316,0.6615337370648812,0.7782288646178349,0.6422841684310419,0.7908999391345198
0.7143854116307986,0.0,0.6559388868894813,0.7184327567972698,0.5366713401398621,0.7001901683186367,0.6578205545758976,0.7540206049330559,0.676076779979582,0.7385692094826632,0.7132877090426003,0.7023900429472353,0.7275779369639256,0.699893239783209,0.7406134663663569,0.6594715449930594,0.7169027837774149,0.7244657618824586,0.6695229996824442,0.7135592861829358,0.7126632815746954,0.7692129946980529,0.6208498035468193,0.6700689166377002,0.7453708141601714,0.6178106250097019,0.6314510396061288,0.6452660506433322,0.700079388444926,0.5889872469038698,0.7310574446721838,0.6907860074843759,0.73351091890708,0.6395321548089357,0.7127392687698998,0.752399335680897,0.6891281493006854,0.7165320562167434,0.7192220202188175,0.7086831162678032,0.7337969935240598,0.7235525077622508,0.6687593169493237,0.689184716838707,0.7638723796695194,0.7094352062574252,0.592447738201744,0.6391435824376713,0.6698378910628116,0.7101522879204719,0.7042997362091648,0.6533134519194592,0.7257220078678972,0.7925716085954597,0.7335149943117646,0.6947210275216736,0.7081899136388079,0.6786718627717464,0.7196579563805915,0.7210234698217335,0.7638096297413881,0.64192027753413,0.6787226039860783,0.6568680365196288,0.6871120509353774,0.7008767466304797,0.715877339050124,0.6357254277740686,0.6782203774718689,0.7343200769309894,0.6853988062684172,0.6733649859690085,0.6635977051096664,0.7466347119327916,0.7825129139503655,0.6373088474053431,0.6434645266270724,0.6039394564573505,0.6842500550676305,0.566928223755524,0.6776248270942182,0.697946485869873,0.6763047572841019,0.7065437881188412,0.6871962937584799,0.7461965615252493,0.6788843050504534,0.6453309384229142,0.6712824496064276,0.7319481558570348,0.6637015156635794,0.6934011383562582,0.7025525944863688,0.672618087166185,0.7156028874184499,0.7154625660693533,0.6657621958590947,0.6868829992224489,0.6307448505742274,0.7135726701972533,0.6997936614398694,0.6858523750941765,0.6349364226311877,0.6649577325561778,0.6933046827314415,0.6589187147070285,0.7139082790386232,0.7369109090956465,0.7212083948261347,0.7198343134594255,0.6925809509791768,0.6758216593851425,0.6969124543581028,0.6683027980761317,0.7142716544179837,0.6980113391166668,0.7002854756872425,0.6303432800694178,0.6988812356900889,0.6410359562777161,0.6398409493653701,0.641256988883646,0.6775214121717651,0.6869494662835934,0.6455207377315135,0.7275570002447799,0.6515942481416499,0.6880803874152122,0.7818703468044526,0.6899450659841546,0.6961058282400681,0.6537050228349846,0.6382246039220112,0.7029353104141014,0.7612910120486382,0.6751645353073503,0.6589933873637421,0.7010900315465672,0.7130487027359239,0.7039513051321427,0.6885167405453129,0.7214350137295591,0.7359280156978824,0.6912536866532636,0.7385024026583364,0.6436087299078975,0.6732621582106036,0.7015344548660876,0.73759442991812,0.6614518506090723,0.6905903430182928,0.7321306420145648,0.7138726832278749,0.6704899933001011,0.7575940398212855,0.7483971920948891,0.6168136543231776,0.6706351502417611,0.6634992325017474,0.6133249794219071,0.6957560608499361,0.6785732224498772,0.6353466412100099,0.6948580642873067
0.5853185776499374,0.6559388868894813,0.0,0.5757859797562094,0.6136597213166032,0.6944010218477688,0.5729872713416778,0.6101952457203543,0.5504001751937296,0.6213259321508255,0.6523352440277768,0.6384818731453492,0.6431965165039821,0.5630584232761264,0.6203751484323085,0.6959256266829457,0.6775343173484046,0.5850785572637403,0.550914219951434,0.5716450957331274,0.7232528444792251,0.7454379676132712,0.5207444244982826,0.6410872465962052,0.5971358147461279,0.6591208864947398,0.5170261293319073,0.5188342428626129,0.6443196311977362,0.5697722683433274,0.5699767675942263,0.6081821538441975,0.6174235646456158,0.5305273102735231,0.5533095316820729,0.6378862298340529,0.6194396087428274,0.6159181281504945,0.6292607661643376,0.6188706182564797,0.6708857639490776,0.6617078103999959,0.6462265012134347,0.6656777821856574,0.6071348031840571,0.613032704673655,0.6738868940643357,0.6790580545198941,0.5564611594698858,0.6353720288074087,0.6351945182231353,0.6739562319557648,0.5808167126884105,0.6745045433792756,0.6180863538755518,0.6188402977013581,0.597792102724389,0.6909464858818283,0.563701710491691,0.5867996786984511,0.5990668611651903,0.6101164197756865,0.6924540604834853,0.5684902037875365,0.5760411148990303,0.5922953223162902,0.5726843908726292,0.6672894832971751,0.6043301456405671,0.5976729117939935,0.6589074680404673,0.5453245735289424,0.5543205577588942,0.6603245021805187,0.6380414116450311,0.5171464408561046,0.6041658057428575,0.6541473418743907,0.5968536501260935,0.571029013410067,0.6857570921680555,0.5840404608654909,0.6820534337077485,0.6140473798956204,0.5871578570836877,0.6359576982164771,0.5708345297453824,0.5344035770587432,0.5411240183291566,0.6050534012813644,0.642602146803184,0.5574930116611899,0.6298066861594066,0.5461383590795722,0.5885351517647488,0.6500719819761209,0.57195498589472,0.5888415044695249,0.5457418580732094,0.5674686852223138,0.5492489861105878,0.6067863423164879,0.5432104863580463,0.5791168910694761,0.5710102499542234,0.6814685910365275,0.6502797061540454,0.6179723703802252,0.65373572881939,0.6872675022419261,0.6087455179877089,0.5897378998976708,0.590000130449395,0.5505718672746439,0.6026560636112087,0.6460902086501185,0.5586244915874898,0.5611688239118405,0.7130023736916633,0.5465823378564376,0.6405323572671936,0.5677067559046929,0.5925391231574597,0.6358412963414913,0.5312537183027373,0.6582784041655474,0.5873469358265331,0.6988109393287435,0.6747622920409281,0.6114992094977488,0.591536882162262,0.7212958599049645,0.5217355413015812,0.5725065501701787,0.6217539815846845,0.6208408424393278,0.6231998244043125,0.6029315027460157,0.5852234750649771,0.5884316478763059,0.5495561186819027,0.6544980819128132,0.5762249115977592,0.5918721701718994,0.6637234322578064,0.5730133864191551,0.6944276133198418,0.665689653354482,0.6348060748839074,0.6308162337688686,0.5411155087834515,0.5708071284390585,0.5920789482736559,0.7265093428697423,0.6610210505211905,0.6004045758722124,0.5300681089523838,0.6931712577860911,0.5170035521824266,0.5418426704318053,0.6188683951282159,0.5437451526057742,0.5545320231621933,0.6163457979083526
0.6737849667483284,0.7184327567972698,0.5757859797562094,0.0,0.5136858883575058,0.6367274050919013,0.6793057155251044,0.7017590689371229,0.6315684853283331,0.6449148534021572,0.6497609346596768,0.6545207035556405,0.6606763525337186,0.65825170316072,0.6992409636532431,0.595660704880263,0.6608508248886332,0.6884180667759593,0.6518406579860654,0.6281241404385611,0.6448569330655429,0.6439093374440973,0.6434594786712348,0.6221337171300559,0.6800044086641419,0.6075115164179141,0.6453578291212831,0.6593031378255264,0.6091152860756356,0.5637245257197835,0.6751106386394656,0.6331804287145215,0.7977167642123635,0.6551160304534288,0.6773997124585873,0.6897470086477592,0.6371707012460567,0.6481121913625635,0.6365734662843315,0.6987348267704653,0.6971502343507918,0.6583646042719394,0.6178758066128769,0.6446624719549175,0.705687747315465,0.6774062984566892,0.5549862414081465,0.5723503434413347,0.6524012699021801,0.6472944976403316,0.6916599697697061,0.6424331744026968,0.6772506628756062,0.73110431319018,0.6780754866897112,0.6370753120040166,0.6649356197003712,0.6451357631599952,0.6712852756352795,0.6904399118628681,0.691151692211685,0.6070185640603604,0.6445333507509506,0.5931276854337243,0.6353585994835983,0.6501992188755422,0.6845387136327854,0.5852538642496505,0.6265722158265987,0.6949751695878417,0.628054205468728,0.6313614253453912,0.6474286486490282,0.7067793640863091,0.6898015838781192,0.6170316125211716,0.6203494602424136,0.5757763420522712,0.6610321622466628,0.5370514289096389,0.6076724455882446,0.6803567565163906,0.6124350073562906,0.6439258969499876,0.6677153278838952,0.6736804173295119,0.6384788352967345,0.637913062442921,0.6662569006405131,0.661945592533393,0.6627112615981283,0.69867185340277,0.6489161289873374,0.6434378383418243,0.6871544600078805,0.6461002411757295,0.6010334830221771,0.6653485023532253,0.6021912074817344,0.7436355684618824,0.6400966564103043,0.6373773411049067,0.674586780440059,0.6404567772483316,0.6701071097247696,0.6153435016276392,0.6550393147630287,0.6790561415155971,0.6791044455319735,0.620736982418835,0.6834689738583368,0.6506567336354737,0.6688715022610763,0.6361099372846768,0.7089890683459906,0.6873904435893908,0.6771266678296654,0.5699954188656344,0.6590705477056783,0.6438800665270383,0.5877686911798614,0.6578109846771523,0.6247171802737057,0.6543972912693833,0.5940382609866257,0.6545953316589687,0.6395156806851239,0.6264682126131144,0.6874863781918508,0.6277876709826165,0.6301793548375215,0.5851907841193733,0.6122577271789945,0.6745374548063927,0.6292484957970107,0.5845369966912739,0.5850632472425074,0.6783585450241033,0.6545646057936473,0.6537953316921088,0.6966130823877009,0.6223606544802581,0.724746152061079,0.6365746260392636,0.6433304910022433,0.6458909198653002,0.6080499267786015,0.6366001025369238,0.6268854520706106,0.5809734750608482,0.6845790620869044,0.6846473959470863,0.656455309275628,0.6016801778990908,0.7099323277509119,0.6653232751370618,0.5884502788257578,0.6397440584380469,0.709574385565563,0.6212923457014238,0.641520801642557,0.6484663833732655,0.6002108077240068,0.6597307053812316
0.5460838746122719,0.5366713401398621,0.6136597213166032,0.5136858883575058,0.0,0.5735689012284357,0.5827991947939012,0.5040410615163463,0.4979266772858492,0.5073501888492822,0.5985156134995876,0.5849604952777226,0.5547504271375597,0.4915368823398821,0.5908303496657155,0.6342290814452319,0.596554775710893,0.5346178869030743,0.5079375659662309,0.50172573739411,0.6246469183097344,0.6038910547537032,0.5069533167256537,0.6193655349117277,0.5219409358133859,0.6388412669132318,0.4747905037858266,0.47121365185719116,0.5490357041233097,0.6186707572539487,0.5193893294046477,0.5498945856168077,0.549170859199681,0.4933928638611697,0.5019386593356931,0.5401947766806586,0.5761909583726804,0.5391808833248829,0.5884756589000206,0.5708199556805887,0.5853958002636886,0.5747550321164804,0.6220727816130602,0.6455722774113589,0.5160225043491807,0.5600727170172484,0.6903255182647178,0.6368264362998148,0.537882464979295,0.5744882018458195,0.6114058602246399,0.6163451612401583,0.519259978181845,0.5672455319664316,0.5596670664182725,0.5347851941352905,0.560076576710336,0.6371431078010745,0.49317401255257515,0.5343619034750419,0.4922198001282239,0.5540080682443695,0.6133371869146528,0.4890256216813436,0.5289361271311251,0.5197284876307446,0.4968268834638089,0.6319679861564981,0.5175744733761156,0.5187818750970723,0.6020223268600926,0.49936148658542123,0.48122188532297466,0.5787695256298653,0.5239604943743508,0.4893767729872007,0.5790977005229334,0.7222836625642325,0.5337363099706923,0.5949906478811504,0.5747284075353489,0.5266208104986465,0.6644859678389591,0.5078817618790247,0.5285251248741443,0.5363869164642665,0.4977374780016279,0.499454682047537,0.48933000777944907,0.525892491433191,0.6475235457191477,0.5052813115398623,0.6145927125850037,0.5127635399656272,0.5220152044925038,0.5622249405115682,0.4772078719657731,0.49776916735191684,0.5026240332908024,0.4987354279566832,0.5015447319542782,0.5347753363198835,0.498827001555743,0.49668780767131754,0.5062024260881178,0.6142477454530286,0.5487928741266075,0.5205711730030504,0.5959312254015283,0.5877774741410281,0.5770120832534682,0.5430053150025806,0.5059517024654702,0.48626534144447947,0.5492368919277194,0.5940062196185811,0.5015466147415445,0.5380158581042278,0.5647448180214811,0.48509119314745625,0.6745172803907188,0.5085055006728477,0.5196373122374454,0.634511295125439,0.48457327249174825,0.5803152243024965,0.5150018542573823,0.6472432761166712,0.5327975533373744,0.5442791179559483,0.5052593222216372,0.5999179472201169,0.47681792009306023,0.514746737779095,0.5168452998375009,0.5787511346956253,0.6008257551861432,0.5742646351143119,0.4997083800868961,0.5536300011943887,0.4814424772037189,0.5660640778171524,0.5172583002482157,0.5035037082063996,0.5852743200060573,0.5334731333170182,0.6383952440887778,0.5933963367603062,0.5200020797931483,0.5162800912278863,0.5014135026792077,0.5156848791873359,0.5356441151967685,0.6089120415959272,0.5667259931953617,0.5254637858216171,0.5035271517605153,0.6420259448023408,0.4801460210749343,0.5416142395322977,0.517431941541772,0.5003865864970232,0.4921098877518589,0.6083787211275
0.6690361118267076,0.7001901683186367,0.6944010218477688,0.6367274050919013,0.5735689012284357,0.0,0.6143544728250209,0.6585078708107597,0.6084034106217612,0.6463234609703756,0.7072074254928514,0.7005324652246748,0.6950080378415331,0.5893773052340153,0.6348999048874224,0.7013344691668294,0.7158038369357226,0.6241298985494729,0.631877947901381,0.6218116809249904,0.7546714501099877,0.7066610482744285,0.5551947311278399,0.646007418101281,0.6815497328365381,0.6407294555381302,0.5346298115649467,0.5796411312282356,0.6363299064790473,0.6116454221323955,0.6336885920709997,0.6825792556487399,0.6454840075414192,0.5950961942232322,0.607871501713904,0.6426879661666407,0.6869435982763168,0.6406197515375834,0.6540561153005744,0.6241416077167417,0.6566180825069592,0.7585345390070117,0.6640945675770605,0.7309570295019328,0.6363909563820562,0.6422688108184323,0.6305257361474341,0.69793346919514,0.603397663752498,0.6422146197276731,0.6914609767272845,0.7172124262314677,0.6244974857501137,0.7162560037626965,0.6564905026064478,0.6979481619932307,0.6597279027316145,0.7469042632543214,0.5935887391913368,0.6158947936497644,0.6747492105916975,0.6311540612120706,0.7468428645571268,0.5667491859298839,0.619418097258558,0.6545799199398696,0.6192572500786921,0.6746618119484558,0.6017968962419231,0.6681052968337632,0.6896067694761533,0.5748667465416635,0.6200526587319104,0.7005765673917881,0.7067128872421847,0.5879733107662674,0.6371250909906145,0.6347699315935227,0.6302031260859055,0.642427877393186,0.7599576231678729,0.6394267563005037,0.7095788143833102,0.6560084643821651,0.6519314695839799,0.6630817690659119,0.6659747072218892,0.5750275803127085,0.6014771093009798,0.6585203032566943,0.6703537144267732,0.6194057565756642,0.6505479782495199,0.6229967053417478,0.6353013577632413,0.6976649149961504,0.6061677722797453,0.6488389689253293,0.5793906074792436,0.6225934620206066,0.5958902201679241,0.6511215276553901,0.5928508105539421,0.6081335044604951,0.6209650193643708,0.6696901920416117,0.6790402612736257,0.6767174002788383,0.6438952136826291,0.7507863540751532,0.701882482766627,0.6232373860229901,0.6911764428208762,0.5983947921694615,0.6478603799303803,0.6876532653688648,0.6478592044273559,0.5841596856421423,0.7693483235386761,0.5922941487047968,0.626503801562024,0.6089937805429185,0.673816528647215,0.7043683009497597,0.5921073976840546,0.691153654045347,0.6188679469061514,0.6710104866730454,0.6993460374894268,0.5980144273937099,0.6479508318007386,0.7279872882117637,0.5834324482488309,0.6440219558511295,0.6578146947202915,0.6349408292533252,0.6563017434989569,0.6050090249409037,0.5781894331195301,0.6312350560894774,0.6020510423195969,0.6996784047285226,0.6342937342602549,0.6165719251868079,0.7021775748671686,0.6134226004030607,0.6877660896607362,0.6790823876068701,0.6621185067887421,0.6355086912955266,0.6221200775358791,0.6437899569164178,0.6173142588386166,0.6209430287252209,0.7368974787397984,0.6613720677834104,0.5806474941368823,0.7512324149508456,0.5685066687322621,0.6130178951194452,0.6321371398661949,0.6301683600414162,0.5888956157139376,0.6902275138890366
0.6806335122064631,0.6578205545758976,0.5729872713416778,0.6793057155251044,0.5827991947939012,0.6143544728250209,0.0,0.6062293387244053,0.5817938654967664,0.6327946505491001,0.718345611495952,0.6919342897431213,0.6786976131226036,0.6106508545463901,0.7265945181165829,0.6583560424185602,0.6823182972278933,0.6774701140002148,0.6433827480730989,0.6028075201362749,0.6405904923476057,0.6380731018406008,0.7182868146003865,0.6781761251891187,0.6723770720268806,0.6229400633943631,0.63901441492986,0.6413111575491782,0.6461187652630985,0.669373285071604,0.6543396605442952,0.6952256617953765,0.6698478078785541,0.6659183813156846,0.6304802050456311,0.6256861893926624,0.6953008193348482,0.6098113111933533,0.677134374510266,0.7273438680473923,0.6296793636982533,0.6364911734402761,0.668594396599988,0.6795230345586101,0.6487749004633664,0.6822336161120878,0.5933723238517205,0.6254937919420337,0.7722862030023725,0.6380740029246893,0.7444599818463961,0.6085527913280436,0.6241046106498349,0.6716927320601954,0.7489857032349524,0.5973524112500097,0.6767992400760718,0.6612685777063467,0.6408195756826679,0.684697744122777,0.6110553452387784,0.593795840502952,0.6174291874871923,0.556666357514813,0.6079923657894368,0.6128016779652351,0.6276506626380451,0.6216820941951671,0.601931266066601,0.6376863990206174,0.6205573504672931,0.6161476102394551,0.5747901708981633,0.7118610398923162,0.6163775598715406,0.6497948705781172,0.7176113097508017,0.673545623545208,0.6072454452193683,0.5961718718652731,0.5826058917421418,0.6049438264940781,0.6729660731713515,0.5777195336201144,0.6196412919622475,0.6003488851805949,0.5951409558893893,0.6441753306981788,0.6470707708528004,0.6076643359857217,0.6954632511323933,0.6266760809214238,0.7609382000696738,0.6559181312166751,0.6201677783572033,0.6341781074950276,0.5294473996926597,0.5760300592970324,0.5691475961639635,0.6582027134176593,0.6450186495585688,0.6502950985381455,0.6062409467441107,0.5766409347279389,0.6019261681949264,0.6260142587907715,0.6294704392031065,0.6261377981599291,0.7044658393167734,0.6490251066378248,0.7402827642927058,0.6151934309040634,0.6059554331577154,0.5932449517652357,0.6611110705074514,0.6748838880390632,0.6397313074273703,0.6716523046349886,0.6109391206097216,0.5700002714503573,0.6385007959608762,0.5828171012736988,0.5875470967609348,0.7486329993026888,0.5603732608110945,0.7008269774863473,0.5842221815488067,0.6890609871599501,0.622280165315584,0.6143944605199051,0.5827894864545254,0.5731317140377179,0.6014194241619286,0.5911513972685861,0.5902674093618183,0.5964928073671978,0.6462609207718039,0.6909028469338797,0.6141282758342608,0.6733274771717904,0.6028605653113424,0.6382406659956665,0.6580155905651776,0.5695730782275755,0.6554775466406506,0.6342935229708317,0.5971496390273692,0.6680422364049111,0.6019940137312122,0.5457787567682864,0.6423388327247481,0.656775048034945,0.648617779934561,0.6247530156618346,0.6571121797511567,0.6350812251788771,0.6455253805378425,0.6738677067682384,0.6504288890128889,0.7259795117754194,0.5926242527844329,0.6169161054639561,0.5539794581768396,0.686782084742314
0.7006773614019913,0.7540206049330559,0.6101952457203543,0.7017590689371229,0.5040410615163463,0.6585078708107597,0.6062293387244053,0.0,0.7256959010384336,0.7108165237242658,0.6420906643739015,0.6500181505259791,0.6991976315046896,0.7158492438814331,0.6712888820680907,0.6316180472667513,0.6833025110227018,0.7390879453084627,0.6462784326593453,0.71937306275651,0.6697607860165703,0.6685455862386086,0.6171915710672268,0.5933098749262483,0.7401692301540591,0.6098526939964377,0.6554368512935173,0.6492470729235623,0.6191475801955967,0.5775161476405454,0.7442554220400689,0.678973939754733,0.6841185167746591,0.6477149884060526,0.7064837848241038,0.7656544995368987,0.6644125263065386,0.7695860490353948,0.6593437209102203,0.6561441850505082,0.691541919263714,0.7062801993211087,0.6707127829349258,0.6306823211701524,0.8057664017018671,0.7243892595507936,0.5765940070085597,0.5853572963439997,0.6426034432547565,0.7092785759057211,0.6761174037754171,0.6306555423756453,0.7145704611439914,0.6919977148758951,0.6785277440106412,0.7079443098822156,0.696526788166514,0.6665706121752281,0.7188873544516389,0.7237986726886415,0.7647324224602332,0.6855570238088958,0.6762635550490622,0.6898394950545788,0.6892845263234513,0.7355508332968849,0.7293547679774598,0.614731975767205,0.7312310462677817,0.8299340428048491,0.6739700132102379,0.700228048393178,0.705405851063048,0.713687391137631,0.8316083876145678,0.6474744279546181,0.6202902479165221,0.5678075215838899,0.7558112562826661,0.5443654288781669,0.6657229814815777,0.7192184973754205,0.6315278914761708,0.7659508885152251,0.742466204218897,0.7824327793895173,0.7459198353745307,0.6886278318984884,0.7293288888746278,0.7459594575557535,0.6561776243268252,0.7240163633028353,0.6532575809698038,0.6539929911517512,0.7394461311796691,0.6761545776839554,0.702168543493738,0.7353068322483367,0.6665989623140767,0.746873515887124,0.6929607548858655,0.7361038103835391,0.6940272578847783,0.6803817495201744,0.7724375345530583,0.6657979504278927,0.7400471473403639,0.7624573945342297,0.6916160507612926,0.6359264023585796,0.637583456533785,0.7192731510890721,0.7097530601301507,0.7570423527598845,0.7408161845429719,0.6694706798773538,0.7275139184736473,0.6008763484924716,0.6531739630056923,0.704482797833802,0.6078895350149807,0.7350181431278869,0.676488262417777,0.6410113500767952,0.6518656759340721,0.6626192914106229,0.6954075239230023,0.6572074725193046,0.7560025051683021,0.6957593316360502,0.7655191155018988,0.6489798210624431,0.671660459498641,0.7125339074910213,0.7083419505988675,0.6359394636884408,0.6266745100755927,0.6661406889886391,0.713875509924738,0.7283358679124348,0.689090509085066,0.713332411988481,0.7410173601946622,0.7369635513521204,0.7124816346433449,0.6740815409119849,0.6419509410431319,0.6801913400552936,0.7443773777426211,0.6999464408531646,0.7141079774643933,0.7299232372624784,0.6772665076142136,0.6353685008295165,0.7578652289932464,0.7651703212147837,0.573200146091133,0.6362269353927815,0.6342030230883356,0.6080542329044994,0.7130325827424162,0.6967677725739798,0.70114350942631,0.6507991781018401
0.7205577596144662,0.676076779979582,0.5504001751937296,0.6315684853283331,0.4979266772858492,0.6084034106217612,0.5817938654967664,0.7256959010384336,0.0,0.6184134684935481,0.5906372558218005,0.5883063814514128,0.6341266562553168,0.7264503585668826,0.6487052671628675,0.5779941600270984,0.6173280272514917,0.7294658208450381,0.6019944840022659,0.7174115318375037,0.6249290645338409,0.6250913798894701,0.5797805705498482,0.557606172852624,0.6780706363805555,0.5814812247561925,0.6057218688967289,0.5909063637251806,0.5596209833297339,0.5639161239943556,0.7603465564412677,0.6307976627570849,0.6246508604205881,0.5989720247810342,0.7526830981104269,0.7096154009476136,0.639320954409244,0.7664206900634145,0.6239692504365573,0.6045663553502231,0.6425431511966713,0.6990284111821294,0.6465229338368248,0.6179937871315797,0.698475386384121,0.6707537776846498,0.5680416444292736,0.5596344298178897,0.6153875195658081,0.7027800373710824,0.644167444317493,0.6040496569619669,0.7228409547189797,0.6212861790115377,0.6130021644039447,0.7333362900754808,0.6800327529576065,0.6114067856974722,0.6982979727059925,0.67685940599908,0.6639283598322351,0.7045889093341887,0.6415673988624966,0.707887539705906,0.7618464485595997,0.722216242765566,0.7081913370571978,0.6134920170664111,0.6883981377360341,0.7460195864003415,0.6941115686844854,0.7521238426275035,0.7368611395018175,0.6425639826629436,0.7154210758625104,0.6619601844880649,0.5736432252122431,0.5415475263259539,0.7119278912934519,0.5423577520240919,0.647987317490288,0.7818287500085008,0.6112991665454808,0.6999259974175489,0.7537899402552865,0.7404813044957811,0.7391972757452147,0.7149016273502126,0.6822775897431315,0.7699584870157264,0.6452231459399523,0.7728032789965839,0.617160190257913,0.650071572290411,0.789380009804312,0.6426115770701025,0.7067666739816705,0.7027092344843436,0.7875463295950016,0.6842540888890767,0.7134581716627101,0.6559948983616778,0.7032161175451661,0.6282406048059956,0.8141029442210541,0.6208933197614837,0.6535948016287227,0.6755176585102307,0.6400124415382116,0.5952198888848315,0.5974572955158229,0.7693939179517413,0.7040994783525172,0.7467001035413359,0.7051177323178798,0.6213339895956879,0.7036157519431477,0.5716589909932339,0.5889536224418784,0.7412965397344571,0.620528729636127,0.7184271613981261,0.6873572903130705,0.6143126346917429,0.7931797357880307,0.5920107978487483,0.697936117139425,0.6039890296251826,0.6434013885797132,0.6924188071691094,0.7658090866571154,0.619335389298028,0.6749698467164138,0.8046030975130127,0.6809941359421293,0.6885507764788111,0.6063713694718721,0.655141145582787,0.6364317729616235,0.7151067745838636,0.6592121361790226,0.7023184560348156,0.7430848656455106,0.7603068562865761,0.6950482868059713,0.683950701837615,0.6466710849476756,0.6230533221276596,0.6729512352065069,0.6610070310220483,0.7394328486870095,0.7215878468290271,0.6364783236751861,0.5848211508619277,0.6767636200195896,0.765111762681179,0.5440316935571375,0.5882160015502413,0.6307583697983067,0.5921016082708408,0.6700801021558744,0.7729460623190562,0.7575294469428193,0.6609104942859422
0.6440669371043609,0.7385692094826632,0.6213259321508255,0.6449148534021572,0.5073501888492822,0.6463234609703756,0.6327946505491001,0.7108165237242658,0.6184134684935481,0.0,0.6600232936638244,0.6635050012983497,0.691633405988456,0.6716144134025502,0.6444370569625932,0.64672669575654,0.661328587720369,0.673930229767253,0.6189045081913678,0.6423468402883201,0.6268501143223267,0.6504329768852015,0.6297525845107589,0.5863999105840905,0.7669798626155404,0.5838145451171819,0.6518351487515347,0.6288150101870221,0.7458587866747359,0.586231033038197,0.6872829452356177,0.7010402308808225,0.6465655937692438,0.62896349688887,0.6502217521305766,0.6917058454651027,0.6706888357720763,0.6755986775525371,0.6381925301276503,0.6418415382045737,0.6354446345465491,0.6561102838918057,0.6451038772225695,0.6264834786932911,0.7121085331596867,0.6550979360308753,0.5734034514456535,0.6069640733132811,0.6648871974561499,0.631191071700799,0.6375235008575129,0.5786833955483609,0.6271109190835741,0.6578451484580197,0.7282062804129683,0.6549978820895179,0.6265516165735187,0.6458739593927177,0.6888388737874639,0.6553945185468953,0.6799984006236987,0.6183694683980488,0.6095536413946409,0.6423959682178589,0.6006896926680038,0.630178299854115,0.6573271402410765,0.6080255561910162,0.6989861049810875,0.718545598225589,0.6087603141772651,0.6516204010150357,0.615078471101639,0.670526071311533,0.6984288479342066,0.6402060383085934,0.6202637627336574,0.5943944489784683,0.637532958653719,0.5501918603776691,0.6336356394952569,0.6028904297890494,0.6358737665010753,0.6810236248086057,0.6367507384577179,0.6585850269597083,0.6622537584223606,0.6475655148863246,0.6867532995522156,0.645253587796557,0.6191693634682864,0.6521543313214228,0.6706478851667269,0.6039146373956261,0.6397827593662334,0.7129644436701509,0.5868169036849565,0.6618060767040657,0.6026283946571992,0.6679339043847763,0.6809446609601382,0.6865824917088509,0.6275821289724399,0.6930407676183228,0.643195159221938,0.6204981067963076,0.6628691177507909,0.7291555330783576,0.6697075318718488,0.6454505230790951,0.6321444355263043,0.6241291134460278,0.6449907468888153,0.6777330974675787,0.6501717735635821,0.619969035855881,0.6790837737847358,0.6566918919321868,0.6531308527269474,0.6311152477253901,0.5773928018308518,0.6326972112613096,0.6148890172777516,0.6346137847600347,0.5944605520914201,0.7341434099986951,0.6059875989990062,0.6477955646536955,0.7583698701501697,0.6538441931730085,0.691458354949267,0.5990464736788421,0.6242239740438343,0.6026004808644759,0.6456073597773682,0.6013618318265583,0.6345855538723038,0.6390138590858094,0.690210492239022,0.6735091064952448,0.672763840797249,0.7091802620297052,0.6489536324716781,0.6411379025537057,0.6977627863144487,0.6335788929987758,0.5886187918310054,0.691383496405908,0.7745055319066448,0.655753976508442,0.6266029760400695,0.7203198673963593,0.6182637781461948,0.6485917624942467,0.7149462023944235,0.6777296646129606,0.5760650754386152,0.6368946311036682,0.6216365860886963,0.6100020875218435,0.6997889200497082,0.6461404349233235,0.624860728582026,0.603800806953877
0.7075482787830057,0.7132877090426003,0.6523352440277768,0.6497609346596768,0.5985156134995876,0.7072074254928514,0.718345611495952,0.6420906643739015,0.5906372558218005,0.6600232936638244,0.0,0.7594702236010427,0.7626091484451122,0.6056599828647183,0.7175829287876523,0.7689667664071153,0.7537241120965712,0.6690580890763022,0.6650643143680962,0.6512192519527102,0.7178254880076012,0.7273647296951079,0.6389815109711487,0.7713672138161246,0.7097747728112468,0.6552054261382743,0.5964028495031737,0.6391199920459595,0.707398937251903,0.6699790640043998,0.6621569256145109,0.7298922248966833,0.6588253237171579,0.653935328185473,0.6330005956414735,0.6373526384623049,0.7725142561506435,0.6397845707656394,0.7478049162291228,0.7167071386875874,0.651658402586494,0.6785722673915653,0.706023722497537,0.7464860503967895,0.6761063167089313,0.6875082460517528,0.6080178269393053,0.7573656156371126,0.716769497076871,0.6549928708269449,0.7357031123393784,0.6500575838367102,0.6204129058180244,0.7282190536493224,0.7751088111906992,0.6257872411520249,0.7060822508003007,0.7196758908510257,0.6238156753940108,0.6695930130031092,0.6754131981641096,0.5960241340498642,0.6736045583772033,0.5664815011559909,0.6143568932795267,0.6452498104455116,0.6408991485126001,0.6647321232839755,0.6109270119079393,0.6703028501338137,0.6634539927232189,0.6058382914599039,0.5882495404373327,0.7495777480953927,0.6706689537542286,0.6302074480572885,0.7407946745496475,0.6906052658998574,0.6322723674415426,0.6482005121323444,0.6433835190958737,0.6091521372958462,0.7357240414587489,0.6285110084242805,0.6283637398262603,0.642095471967501,0.6412305240935329,0.601945760714276,0.6285090064617943,0.6445711292340716,0.680170589297743,0.5989103908776002,0.7550140538824525,0.6734703235656525,0.6187905063248464,0.6794857810413495,0.5629669801873457,0.5922068229354555,0.561096039715598,0.6382416368133338,0.6532558667358082,0.6870507943499662,0.5756704553615913,0.5842496234994292,0.6042520949061295,0.6707728011111178,0.6684340520304799,0.6686480058967484,0.6964317940778125,0.7985007996908645,0.7727733788608245,0.6164257961987314,0.6398574547915049,0.5973248141670507,0.6689027502281006,0.7129240975280448,0.6441072650237968,0.6895841722221169,0.6748978743918164,0.5633278034718672,0.6723483317532475,0.5785690759526184,0.6409648361773078,0.7886540793481972,0.579297519242157,0.7877563225450924,0.5792990195773922,0.7579037806476462,0.6778206585888947,0.6249558055909579,0.6048846144435946,0.6422383378116792,0.6241121050438344,0.6124715922784796,0.6731462928503099,0.6414161995196672,0.737272798844494,0.67381190052527,0.6361968019742862,0.6746594527981864,0.601929364079074,0.6889135333763629,0.6373278838192192,0.5806646721683671,0.724983739270293,0.6132678828836167,0.6470236316116175,0.6981111180118424,0.6531029940175987,0.5905058167709607,0.653354073145331,0.6491836885118196,0.6762634758128578,0.6435526244676193,0.7002241160009374,0.6837453266537854,0.6980220501669947,0.7433119610007269,0.6160523663971377,0.6788154070931128,0.6061562252682139,0.6245010584150098,0.5574415705270296,0.7444392493076539
0.6608522938342787,0.7023900429472353,0.6384818731453492,0.6545207035556405,0.5849604952777226,0.7005324652246748,0.6919342897431213,0.6500181505259791,0.5883063814514128,0.6635050012983497,0.7594702236010427,0.0,0.6633739066668891,0.5723971724689668,0.6890167895498024,0.7108650835774505,0.727667535529866,0.6372086436465236,0.7445941717897245,0.630529904110626,0.7227145907034493,0.6837706406938284,0.6396560852974322,0.6869184200224487,0.708512959159709,0.6027904749379996,0.5786068092042221,0.6318103105832389,0.6781075340518268,0.6802456555693843,0.6723246257972051,0.7193123110923628,0.6540393440821867,0.6650688298794579,0.6167689213228504,0.6569540845521666,0.6685601704952228,0.6249335704374163,0.7644200664543175,0.650027538849835,0.661411749627589,0.6732437186949032,0.6936365021696399,0.7094671671856013,0.6539649894668947,0.6646728069336468,0.5988688324009106,0.6670806668650167,0.6826606967645961,0.6557476986319923,0.7272436457271784,0.6426642990453669,0.6260668413243412,0.7391358964228687,0.7714772161161364,0.6075494001592379,0.6924631964860412,0.7715340627832967,0.6091878719882586,0.663202802112243,0.6432275005087226,0.5919745928207911,0.666874399107804,0.5645582284703426,0.610708527404335,0.6235406110191626,0.5929609943405955,0.6030719214060635,0.5947363190679121,0.6544318789941191,0.623182547278835,0.5833880516666486,0.5727760831739422,0.7064667823421659,0.674236072163616,0.6051820893676733,0.6798274485394651,0.6477680859024827,0.6244483902727747,0.5907901505103759,0.6232957354046496,0.615431618341182,0.6831163459178838,0.5990304152523712,0.6323255271194088,0.628104169821814,0.6166301661268796,0.596589753298002,0.6240103400695437,0.6095998530570595,0.6721270219148352,0.6217848574701923,0.7596098220125146,0.6466465937452643,0.6042647909678578,0.6636216559849598,0.571141378293202,0.6111019893666229,0.5593238126826915,0.621464746336676,0.6103331427469144,0.687885636911816,0.5923626617038105,0.6204766331737844,0.6090484786319255,0.6415234578398609,0.6803501016030115,0.6626481503834184,0.6644940280591443,0.704087731231997,0.7886043764311882,0.6157692107975716,0.6028380817865546,0.5961823542053983,0.6422165506537114,0.666690758688185,0.6555600250965569,0.6862779252193629,0.670460440717136,0.5565190402670733,0.6274637366570519,0.5840736253035272,0.6107423285952805,0.723916706456938,0.5571166466471635,0.7557289577202982,0.5822389389241379,0.7048108434067929,0.6930908917248553,0.5885540149788343,0.6088264969864473,0.632477002069213,0.575464492477407,0.6063620482507092,0.6475910476568183,0.6008898188089774,0.6782714690165507,0.6299399813586863,0.609754390645876,0.691577004908507,0.5886065855458472,0.6643655297868865,0.642705749197485,0.5957607403577159,0.6746753315180086,0.6090989325587527,0.6439803911742998,0.6735229393786648,0.6640829558067632,0.6046085757966038,0.6434904897311364,0.6638510175142605,0.691148770673896,0.6208389038128734,0.7321051577142131,0.6349442695861037,0.6108238869242977,0.6971727767083266,0.580766048837647,0.6428628654237497,0.5848149737810959,0.6102647197402897,0.5609446446869332,0.6786539747486987
