0,1,2,3,4,5,6,7,8,9,10,11,12,13,14,15,16,17,18,19,20,21,22,23,24,25,26,27,28,29,30,31,32,33,34,35,36,37,38,39,40,41,42,43,44,45,46,47,48,49,50,51,52,53,54,55,56,57,58,59,60,61,62,63,64,65,66,67,68,69,70,71,72,73,74,75,76,77,78,79,80,81,82,83,84,85,86,87,88,89,90,91,92,93,94,95,96,97,98,99,100,101,102,103,104,105,106,107,108,109,110,111,112,113,114,115,116,117,118,119,120,121,122,123,124,125,126,127,128,129,130,131,132,133,134,135,136,137,138,139,140,141,142,143,144,145,146,147,148,149,150,151,152,153,154,155,156,157,158,159,160,161,162,163
0.0,0.29988770621032307,0.2534728373568183,0.2874806882087154,0.24609001445474576,0.3251104569121955,0.23490547846657628,0.25565610963610114,0.33477532830952467,0.2890237283282379,0.2822781711015291,0.23736148315323669,0.4602561203534579,0.2941978760099004,0.31429538362342446,0.33227515885186343,0.35183756222882023,0.4332454772834548,0.28259927416175323,0.4704734982256994,0.2815823258878013,0.2905758099445465,0.24204732731639822,0.2573053556773211,0.3533749016022772,0.22449267776034934,0.23562978787360878,0.30061061115023524,0.25068571006237816,0.24831010757135202,0.2911717403842383,0.3502560862599148,0.2773651865397702,0.24635883437587702,0.36257613536950517,0.23977800902836746,0.31767272592803536,0.3140012363657047,0.2172437497894526,0.3332504017561192,0.2415309029356976,0.27423043383268336,0.28300023548440895,0.28443098817958207,0.2795606068829944,0.34708240862717993,0.22017148739351478,0.24695753156768385,0.28663327292147267,0.3378788319631433,0.3330082735578896,0.30415725729979015,0.2554200580549613,0.26021090666606544,0.2427008765176052,0.2739977267259608,0.42966655772638795,0.27226562372069363,0.3085906678841788,0.3460936521297555,0.27919691869240926,0.2509994742077205,0.27812889568839366,0.2160428417388493,0.2810797433803852,0.3003851322409739,0.30114287861094097,0.29328902486236524,0.2521940458818989,0.30819342538770117,0.32860651998417795,0.2891033652093494,0.31936419107503733,0.35042716965416,0.32863339250774126,0.2655697116739288,0.23009860360663334,0.24358289974441258,0.2767546671766278,0.2457405159425319,0.26501243727061663,0.2919235408899146,0.324041603986241,0.30375474846325096,0.30682775383151173,0.3400240999852047,0.2575279220982402,0.33812157230026546,0.32866444285665875,0.2654709691046229,0.3276828025853156,0.25740977331556886,0.3198273329992102,0.3016608650305733,0.3054414059710445,0.2502528637579441,0.19957156412274948,0.23697251713601333,0.21384926835050813,0.37324098323673394,0.276255622885084,0.21507014902493657,0.23569483242640557,0.22167231994171752,0.3315331361440603,0.3207000361998759,0.2817865798092362,0.32714425586728874,0.28763467547268323,0.2534596029324169,0.24997348700837654,0.2772025231476468,0.3432810983212583,0.2839477200581198,0.32734988457000663,0.37478741162663715,0.3221972565250604,0.26321181926592097,0.2565611616265553,0.2493544051277825,0.2917744680804797,0.2125989973901717,0.2855078283913753,0.3508150406853742,0.2707480955061469,0.26760989379682354,0.2590633094241995,0.21575121142822665,0.25341118439998683,0.29330977007141334,0.26304193534215226,0.2854121456103707,0.27605501952930933,0.2895862920318838,0.2460815185363626,0.26155411960678215,0.3183884781036315,0.29578460908028575,0.3037227797735116,0.305721219732869,0.2555438555606776,0.2917846518853538,0.3283054838169607,0.2475057832610092,0.2684233275830007,0.2922491708353538,0.25556721242639946,0.2706629634327169,0.2999341977279474,0.18332853315942838,0.31944007963290394,0.28513129909632834,0.2800408431212555,0.21812733386660768,0.28547602379415415,0.305995006336559,0.2845686350716078,0.3074173274323434,0.313853102374757,0.30715847559415127,0.21589087872251886,0.34532117023068487,0.21148735819685557,0.4021284628109798
0.29988770621032307,0.0,0.2756313356133314,0.28081821217453345,0.2351799725954182,0.3760392924407074,0.2542147595224154,0.30754745751525514,0.25751590521365464,0.4227116917496304,0.2339065321359565,0.2784108288266092,0.3008785888467684,0.30152557561735194,0.2948947842752579,0.27659171874513727,0.3215150567468424,0.27331251933174566,0.3049408984722156,0.3619481877521556,0.32317549110744154,0.32893546141895363,0.24256797927380488,0.2936622875145636,0.356209829497655,0.21026173782123217,0.19969499520023748,0.25502447373293086,0.317594057401892,0.1978831685127232,0.2967158177032525,0.31724578619096766,0.31667216258453706,0.2394621557678209,0.3584563804950846,0.28985786924130935,0.25002600340290876,0.2717949302747752,0.2443383675268534,0.33912103083857853,0.32100550202481265,0.292873744811879,0.24284003413518782,0.29024677509433117,0.31986557019718787,0.257651531721778,0.25370871242755316,0.2499453181665256,0.28931663533626256,0.3118634521172185,0.27862508363846394,0.3011083596323405,0.2836927870475639,0.32829871467881183,0.26397642496136436,0.31983082518624023,0.3112626223172583,0.2485467738511345,0.3628934770095351,0.3139346574474445,0.28893802621239695,0.21600187759092387,0.23713480833965597,0.24589632550419036,0.27027757862948326,0.25676040948338846,0.2601307790479118,0.2465750748814959,0.2241013275161896,0.26021809734732215,0.2664001265005325,0.335631745349734,0.2481615269633431,0.3241382706142113,0.30571493497495605,0.22766719223407178,0.21255776345052588,0.27595739432695116,0.23759715312132323,0.22666439283836798,0.2668947975046388,0.2736396594508851,0.35987900871809714,0.2641545757309904,0.30191300115246933,0.3603124187174689,0.22917587378558296,0.2525814656415712,0.26007752538251394,0.25791142173647863,0.23725210182731674,0.2948105731308621,0.3030617006998856,0.2589639965020831,0.30640493545080166,0.3032064512646259,0.21527319195190128,0.3131936120844665,0.22454547481126003,0.320147191359453,0.2575564125231118,0.2010616239514251,0.20756647405811285,0.27852679765758037,0.2714971972017054,0.28394535411855376,0.2800566347345701,0.39147019978159975,0.3018800222400726,0.3404331697923053,0.25391786706150765,0.25668780021065496,0.2925496718794554,0.23468900551231647,0.2865413554280049,0.36230702153458405,0.31540020879132513,0.2367470549132921,0.34873998648110976,0.22347556190230927,0.2911378144706517,0.2011313204199018,0.3130083375017188,0.2903221568212501,0.2757999059758748,0.2978893603683858,0.275617768018471,0.23749302258081323,0.3898150850363473,0.2712087458322121,0.2901380632520094,0.2671498204957332,0.21415458279839453,0.28766946710823793,0.2830939841033386,0.2626154484017017,0.30236546366968403,0.3280188942313519,0.3358802442607436,0.25787216825679804,0.2529337724362549,0.31736333720171717,0.3701110987491853,0.2529584878730473,0.28531059559926775,0.2746701516257367,0.283754726188976,0.27336504617900587,0.418878469820008,0.21541048045606567,0.2437866532445235,0.31072472970266135,0.23782645413119138,0.30403614759230696,0.3076489166935645,0.2703953526727356,0.23528154221154024,0.31343457229995986,0.28612888668828906,0.23860790026333942,0.25145121681209376,0.3506047366013737,0.22635898647271074,0.2682667083648238
0.2534728373568183,0.2756313356133314,0.0,0.23882770635653874,0.2503271055646171,0.312131182603455,0.1927346483776778,0.256151306054915,0.2786856881076132,0.28433545068136035,0.26375981840866786,0.250658427423602,0.2670708425519987,0.2397049886781088,0.25457637424584023,0.3366080338295341,0.2929695626267862,0.24903294114170227,0.22732153265874688,0.2549506597056621,0.3037496564723693,0.43439096726360676,0.18289625272976748,0.227310859059237,0.25024985496709823,0.23629372021103004,0.19308238605448128,0.2208037108379044,0.23610416314856947,0.2123278208381987,0.2306164896970525,0.25427848382436824,0.2531040102890414,0.183005219960163,0.23325266326464186,0.2597020254352487,0.22656540759917213,0.30003990848903483,0.22069958603990517,0.23828003667769657,0.2536869365516823,0.26176351310941126,0.23337113420419542,0.23970053637398436,0.25151998499130346,0.21668797726827926,0.2226827855399645,0.25160663342507883,0.21177199349327747,0.27081049224214043,0.25303214884589514,0.27929036231776216,0.18496868624103757,0.2822187092913869,0.23440856800472332,0.2233750726347889,0.23878721968405808,0.2898913251985857,0.22556455737596215,0.22008393965989625,0.2200130137434338,0.2127526464308773,0.2770096204516425,0.229393142186332,0.20752020137797944,0.21050446538097964,0.21519798525298695,0.2753891291096051,0.2695126390475195,0.26680197582677034,0.2838312713562408,0.20238673538686322,0.24245615577538804,0.310626978409442,0.29503617036057184,0.15475306617146026,0.2126241816783116,0.22066561808285537,0.2118526900451467,0.16869207189126836,0.23791306318836952,0.27750468803084793,0.27662831849274555,0.2561476250412008,0.22604135197818048,0.33747804084066424,0.19510558539639286,0.20880521046914588,0.20267980351407314,0.21163672049244844,0.26705585512403945,0.20356566184304486,0.2450897881499329,0.1745100950682708,0.24823157915599833,0.2666873377073089,0.2101316038685568,0.23838353818218277,0.19175831299636092,0.22252907315336803,0.18640175461285874,0.18960817508239963,0.19491924639893457,0.2695844431439278,0.2492666256636407,0.2812809337823107,0.23494887502456607,0.2681623533747172,0.21135864672696847,0.23402597859205318,0.2096844729663193,0.21958669732632896,0.24209771374903222,0.22686882325284866,0.2172699628294456,0.291819797944846,0.1886146840226452,0.2516014717734403,0.29247946832729044,0.22920158298336696,0.25151301265855314,0.20051079690493073,0.20836279341885022,0.23635016354057528,0.19744193466646642,0.259260150396638,0.23492846692514302,0.2176380432650027,0.2805937289201945,0.24626051311660593,0.25020418651232484,0.41611772782360995,0.1789026060847685,0.2377617493838296,0.2520551121241182,0.20689688379824903,0.20863332535622808,0.2270871433305822,0.2815970638026938,0.2289737408128449,0.213750169627168,0.25316440563399856,0.23027936415009254,0.27329336482593625,0.22904598009498509,0.21835675460892223,0.3524525506777777,0.21920096739866612,0.31586132535044154,0.20885679458208384,0.20252732120933323,0.19091013716471866,0.2324535500626902,0.26471773344802696,0.2637962931295558,0.23135071374015645,0.22168850454515063,0.2729925813133819,0.18598922950039817,0.20080996214832714,0.20997198776842557,0.19483920425158704,0.20019126288116257,0.2589976552324374
0.2874806882087154,0.28081821217453345,0.23882770635653874,0.0,0.24363472320086338,0.2709871881025731,0.28836473371426147,0.28093989872879,0.2633683037514232,0.26600731765430763,0.2809464380845827,0.31258492668284865,0.28984623798868525,0.2529532842130383,0.35259497310407195,0.28107176688640156,0.2950131248622996,0.28829501796633855,0.30100398061651,0.30773519799859755,0.3499929803172891,0.271672675820007,0.26266552614334143,0.27113410455572,0.3228112677642922,0.2788732643385196,0.2548671724837277,0.2538338399647291,0.22944067062096085,0.20429992532722632,0.3169283536566731,0.2798773708268521,0.3697391051265352,0.284743883864696,0.30243267116413386,0.33357412438862244,0.3050151838235014,0.3077756142775491,0.3176254009448998,0.3613224894947072,0.2816325302226569,0.2490314472815796,0.291145445729203,0.3014725544340227,0.3289751032983,0.309062248761669,0.1920949656116885,0.279192013249118,0.2997197492932244,0.3226759999625754,0.40765121593305126,0.2844900913995932,0.24779873209738504,0.38279455004262625,0.32134953088419993,0.23590883376189092,0.3638655369856211,0.2993452269250483,0.3220293139832333,0.35055777590334203,0.30775988586366476,0.24327376501247758,0.2702105155925698,0.2287467898500431,0.28502041275135126,0.2984585009569369,0.3642668623984633,0.24255124927890398,0.24465655046438636,0.2709863426749377,0.27848921865537485,0.28341134713337107,0.27903440555390585,0.4623809825944096,0.28884377422048,0.20365176360016163,0.3215300877480119,0.2937072325722944,0.27660204068271765,0.19661084080684024,0.21969698563248005,0.38661535232360594,0.27642517550441087,0.2534402419568511,0.372303071825408,0.30909782629502364,0.2935326071560922,0.3520484828715212,0.29317287110603557,0.2650398815830777,0.30772100260635193,0.2969466342609788,0.27247133865012596,0.24824644795477113,0.32471729023721874,0.2576560864839286,0.22323556818437043,0.26376531458187463,0.23276987819361153,0.33515350096423896,0.2857829708558259,0.2654012056964156,0.32060064107754693,0.24252484480932276,0.3130092607419456,0.2943143993745453,0.3299916831164355,0.27561720205105833,0.2727029239330099,0.2602014909760275,0.31890402834999443,0.3262486068352881,0.3378925651273907,0.3214531953551902,0.30581032898655935,0.27540781684145804,0.2722102883987514,0.24533947438520162,0.28136230258700856,0.24269683351642937,0.3027274865568967,0.2678780634457712,0.2741490755391649,0.29006028982345167,0.2372050592850945,0.2675004021019164,0.2930001668572992,0.27621436634785557,0.2926848193414888,0.2968037744155259,0.21287254732577926,0.2887381906002577,0.27663958436864916,0.3123425748600825,0.31994598844231226,0.21556474417680815,0.22110946932032996,0.33005535584651857,0.36033826033339184,0.3532363981926532,0.28059426854068,0.2693983201306998,0.39149686080522694,0.3022785673643826,0.29301094056653215,0.32123971291474157,0.32157750608652524,0.2533555622692218,0.2580357988490238,0.18780681056790324,0.3612421633842079,0.27490818735635064,0.3073625307680727,0.23531270619680658,0.3308701507899784,0.3088227123812502,0.25080373522787863,0.3076343562466405,0.3255891092398721,0.2680739359894271,0.21302419552839436,0.27071543861198316,0.25915093657695376,0.31623674285418607
0.24609001445474576,0.2351799725954182,0.2503271055646171,0.24363472320086338,0.0,0.21857106247691405,0.26385869723909555,0.20582024039883165,0.25138181800419057,0.2401305659402577,0.2586563643155209,0.22695337596081586,0.22852699493738363,0.2631718667434269,0.2295014219618496,0.2828325605122675,0.3056954046944568,0.27760916528468604,0.20202506231929182,0.23779135815305946,0.28899226815131857,0.2762376790322864,0.2739656288693839,0.23776722643443368,0.2443797310957193,0.23632623421430454,0.24557753145969224,0.21424395757761452,0.21439772156426548,0.25224345161185585,0.21149873901846944,0.2149271588714096,0.22244289093351644,0.20977727573758884,0.2883540282356446,0.2465715019831778,0.22525808457918509,0.2695305047213503,0.21038790725971934,0.26739282114868945,0.24267739303100966,0.3379299875347104,0.23009435064535091,0.2657590573735232,0.2122727557625279,0.21214644099499547,0.23781945220225623,0.23446217742225436,0.2644614157204878,0.2610274981473797,0.2383098316071538,0.23325433796764175,0.20990568309880628,0.2190907021580815,0.20616094772639607,0.22437004904578156,0.22702952147060987,0.3274202204401089,0.24280627189942694,0.22625806364092074,0.17588678432421045,0.19775284423562386,0.21234236329564996,0.25598788900693914,0.21265961383730794,0.18208227641638774,0.222659518789009,0.21994651375653998,0.2279806669444947,0.2479318362818094,0.21697870894835916,0.23483909966407274,0.24901892555945915,0.25453585974291537,0.23535251515241273,0.17063667826301354,0.21752058058810622,0.35585513274727065,0.19845007366175801,0.19268561991141991,0.21760515885180665,0.2353462558173114,0.27749728567918275,0.1979986357411676,0.2652288838518026,0.2404792173548426,0.21144417540696148,0.21874988749198734,0.19887056823484092,0.212503809384349,0.3955191996571597,0.26662364952343076,0.26408642093773393,0.17343623059922658,0.2740255305884913,0.21382849450361538,0.15525844543690145,0.23280478651331024,0.23076684400359923,0.21010069124116076,0.20297052858308978,0.18302854871198354,0.24001271994883042,0.2181188508104335,0.2243698242902798,0.2467288915296285,0.2108953606762596,0.33438855725323446,0.26202830335528654,0.23267703215170624,0.23477200743210824,0.2836491759298149,0.21772759305564718,0.30869357411687787,0.2119866456302706,0.28741951238182234,0.21073283641011578,0.2189695718468656,0.2502603327941955,0.26635759853195007,0.33988249177790436,0.19840227822574374,0.22654984355224314,0.2438317356817754,0.21693595185761452,0.19536898871483502,0.23655777647740678,0.21740334778613296,0.23546072023635828,0.21850607861297924,0.2552721875708857,0.2497845908854247,0.18283500452332158,0.2511577003789919,0.20588362473416927,0.2077513224704237,0.21156739500421204,0.2746277015842864,0.2760301806825022,0.25122152042403384,0.18487522333539183,0.2867870944537922,0.2704951856492064,0.26204497084138606,0.26859387657985917,0.27240836650979755,0.25446550173343147,0.234482140014059,0.2515584013899389,0.22607575496982024,0.2003903417810503,0.21717515467663748,0.2655655859332592,0.26830889955714093,0.2790402636536898,0.2225321647159243,0.19038760359563583,0.2769834035051094,0.21798116591485714,0.20807742048727834,0.19186750255663518,0.22535626894894606,0.2381508343396277,0.326804821454504
0.3251104569121955,0.3760392924407074,0.312131182603455,0.2709871881025731,0.21857106247691405,0.0,0.20823614346084857,0.3042358560840165,0.26668191441828815,0.27216393030227193,0.2777114013100262,0.2868527961692316,0.3880256309010575,0.2390370101680174,0.3138498163225831,0.32331951727702,0.2923421866940715,0.2439316059047299,0.2863555986291016,0.361680655697631,0.3405258436993946,0.3462359899351034,0.18566093117839377,0.2524194327769792,0.3123152977251409,0.23200081992721944,0.1895078263583275,0.22432888100538406,0.24491586203844393,0.20629986034068246,0.2918688232655406,0.36799384666370366,0.348483568707936,0.21572691748064152,0.289302095561763,0.28033171678657903,0.29536066588713666,0.27878512498852853,0.24781968379543073,0.2555066474905038,0.2838007004204662,0.2510954840599538,0.28480911044364615,0.3171253396154233,0.29740820372577254,0.2591200219615419,0.23082381093360066,0.29925859383103764,0.22311805464436596,0.3519169102318773,0.30504858862670464,0.32909779717150833,0.22460833341464406,0.3308154389375968,0.2561483591623951,0.26329366113576375,0.3089863860872411,0.30398826072945484,0.2535867326599792,0.27922864864102925,0.3169241240156856,0.24990346322147988,0.3122592633248186,0.20274814300846353,0.24881478151043443,0.2683236381672995,0.26702530418011383,0.31907935341404303,0.23403485201715585,0.261869682817481,0.3185918260694622,0.2448441632491284,0.25670434516814855,0.33689437401235806,0.34646164088473774,0.2014680390112117,0.22867319336806163,0.23525376344519042,0.2512276196372599,0.22389661965087107,0.2774846434094779,0.28806327423999223,0.3242648552969297,0.31561363655544045,0.27079127651268026,0.33905258656387405,0.26308452466745524,0.2576595635391754,0.26280605105959237,0.25202853270210784,0.2633817111735976,0.2573787071503328,0.29481947821850085,0.23338011241738219,0.25004507123040964,0.3156758027173985,0.2374780691524379,0.2581019616061562,0.19376855551528865,0.282259397959568,0.2326594995572923,0.2053962374977593,0.21558091878901742,0.23936233764286252,0.31575808043314363,0.35654152762773317,0.30879244627972585,0.2772959457581483,0.2538026376525286,0.29611111274239127,0.24952877455455955,0.23636134642187034,0.34413978843518916,0.2325147179463154,0.28203876019356183,0.30587636400442164,0.2516098497915867,0.22802481976613725,0.34326277813247025,0.20492997458152218,0.2733559000468007,0.21121690798426468,0.28096428747498936,0.2847912248243812,0.25238255829429485,0.3061016320325009,0.2553323020398829,0.24495617776320655,0.3003411601757486,0.2614652086983581,0.24532105558872058,0.3492999394296775,0.23450949898129866,0.2703782583893095,0.3176463961692118,0.24359844358021204,0.3008733748505673,0.2617973592317841,0.29603901543209366,0.25791248861917754,0.28158605191145225,0.2994117831036343,0.26686819066128564,0.25218516549175124,0.28382836850710863,0.2568218012450069,0.32944021195766454,0.2616939315577561,0.32012242086744996,0.18579128479288523,0.2522541310031035,0.24362425727995354,0.21856477078884193,0.25157776907206036,0.3109883755474602,0.2856975855348032,0.2600081106805694,0.31614090345228985,0.23900199017257812,0.23899087780667574,0.20372945124394637,0.2798202155764898,0.19119660560546498,0.27067107196167517
0.23490547846657628,0.2542147595224154,0.1927346483776778,0.28836473371426147,0.26385869723909555,0.20823614346084857,0.0,0.2010915815296508,0.20168174701116579,0.2602452832100386,0.23691931530070753,0.31209033907962114,0.23657401266383643,0.21724865010084926,0.30521877613779824,0.23274538460477762,0.2527207599436619,0.23332520701559636,0.28077699044157367,0.22397288383366298,0.270799765689298,0.21926130262971372,0.405443389721594,0.3293523668406553,0.29711018255760524,0.23618867659656662,0.24191461161782404,0.2406615844460424,0.23929892344720752,0.24904298763520302,0.2655396507558997,0.26481380554844447,0.26008536559715595,0.34256513797467447,0.25188193582014345,0.22759025431308924,0.28307699693483956,0.2160704719040906,0.2712694927320698,0.35241395930056985,0.26310611667908873,0.25951614632067777,0.2518904451107313,0.286393818686755,0.25983716698670906,0.26174781728109436,0.23887375384485207,0.23589480344215422,0.4295712074966008,0.21977853810811826,0.29541642495845966,0.2252125543470328,0.20151365155745035,0.2591815775293666,0.28984299585740864,0.2558604203877167,0.2565218559700221,0.23489935324807207,0.2879834185754865,0.2524417814541953,0.1934200448412141,0.193175336334276,0.18649016167545798,0.2213261430024734,0.22679496236650626,0.2008712789640153,0.259175048199066,0.23143062028173855,0.18385404050823892,0.20558924261263498,0.23155805185413963,0.2434294760315351,0.2000078147192865,0.2820837382582832,0.18502537876519462,0.25259249931313593,0.32456842367737193,0.34151728550163124,0.2136898214413459,0.23714854276294942,0.23337450793579245,0.2394649650214204,0.27126328405955796,0.1804545413571285,0.2565992976879963,0.23228279771996754,0.2090529793982388,0.24020641065676307,0.26317810470685066,0.22976667210492444,0.2509508926754328,0.30524736617567005,0.2767359240784439,0.2509896439718646,0.24796348398516815,0.24807091882013363,0.16444030698708859,0.28722391171903394,0.21745733262820868,0.2695210661017902,0.2601278491293888,0.23375697470724066,0.2521573647898305,0.24374413294575914,0.2004368869376741,0.258869659770358,0.23088843941408888,0.28187909702182073,0.30469581528288514,0.29925691979141616,0.36967513179777933,0.24594323480018118,0.21749334943539353,0.2244190768868829,0.21972792656488055,0.24523680781053128,0.2662897446439082,0.2813924271503543,0.23856620046929716,0.2034067869429759,0.26933756937421693,0.19433856957181947,0.23607231148807037,0.3341806567034732,0.21508711855870655,0.26097042911448143,0.2098032919096219,0.2622678118213398,0.24203962873572263,0.23934052978465795,0.20398589198290346,0.1985010124283859,0.20783416729790694,0.21101199022218295,0.22031513625793744,0.2331595934086127,0.2594238729551848,0.3140406911915239,0.26400342899393553,0.3026116503360629,0.20882526428492842,0.23720868372216838,0.2908226108969187,0.2122440948320143,0.28063867599196674,0.294748709561308,0.24258312886450625,0.2742157408795897,0.24076671673187144,0.18060190515747487,0.25989347571597976,0.255950720519777,0.24136172819283322,0.2836943168140417,0.3261249890418581,0.2544542366857237,0.25616700106876755,0.3192296854576234,0.28020946204248065,0.2863920733693449,0.22466432410205345,0.24350369405924813,0.26276615053077496,0.2665974484387017
0.25565610963610114,0.30754745751525514,0.256151306054915,0.28093989872879,0.20582024039883165,0.3042358560840165,0.2010915815296508,0.0,0.2923148444463756,0.2737527105578409,0.22194966196031213,0.24761151038387977,0.29028801798392023,0.24117443133229577,0.2884699092584453,0.27375086973095475,0.2569196803197964,0.24175337594361726,0.2521360298572368,0.29219067240330615,0.2936245216959922,0.2668992584107799,0.19753505035277621,0.21125821050852464,0.2811365256579341,0.22933205237992538,0.2088794915856098,0.22229081111008364,0.20026405182946994,0.19511252393735057,0.34829061798503075,0.2752346874945419,0.31624383384124566,0.215133708053219,0.2709894314893765,0.2945982752399387,0.27149143459891545,0.2973782036351709,0.25449653179544773,0.25509636605333125,0.25330836092036957,0.2278769913324618,0.29449491470849554,0.24938049807451487,0.3814683464753002,0.25176929729306885,0.20618673560974926,0.23877649069303125,0.2318050880941581,0.297207059874183,0.27366776684630256,0.2449066635864964,0.21162620001599655,0.2790783375546388,0.25733027156177846,0.2372648036100629,0.2649848228525009,0.3005985587260058,0.2731086122569263,0.2605724609499491,0.3719753143796086,0.22694249679990547,0.2815324638942716,0.21848566107371778,0.23478354348655672,0.23632163420415872,0.26312552760268654,0.2546810925646117,0.25720379883641536,0.3979399790343698,0.2812970387482768,0.25562659824891154,0.23166791731016348,0.32091961898121785,0.30106815713084734,0.1835072010350418,0.26085546942162147,0.22300644802660582,0.2922601515759388,0.17058188540625863,0.21327687767379305,0.3007135683888724,0.2862065718918398,0.285369750166922,0.28898218339866416,0.3576724722835723,0.3650637900257081,0.27772750463589224,0.26701232648552065,0.24525916972925538,0.2407291233357312,0.2644201825226814,0.24966247202861247,0.19609019235100278,0.27773625254223555,0.2696979667333947,0.26431766253745465,0.26023106662824547,0.20091786095277844,0.27881936454340306,0.225006130582983,0.3003079845205932,0.23236692652125157,0.25647443425189975,0.3184843277441461,0.303142509130064,0.2847900329028097,0.2781506098254215,0.23703979522304924,0.22077499106479592,0.2091112753313446,0.2540334346483455,0.2957343784401137,0.2528494830142997,0.2644040223933685,0.2608400213839261,0.23623150740728782,0.21655375082462827,0.24077240568384198,0.21342744053440077,0.2506661263869151,0.3295991219842356,0.23053582747688534,0.24299397609696094,0.22383566893895157,0.2455382945828468,0.24701400655550887,0.3050864598075715,0.2818305376154479,0.26647663427155266,0.2587377974813739,0.28849613487398745,0.25338869228444155,0.24351206206125497,0.27493478612670535,0.20354465744780204,0.23092288227105304,0.2668787577716019,0.3185016874531433,0.28259969120097117,0.26080511017780333,0.25319317949575854,0.28933913390898636,0.2664490438322145,0.25890540461976985,0.27628686017888443,0.3083858266085403,0.23646159033367123,0.3132978677739389,0.17884302160297963,0.28389594471883406,0.24469280726831624,0.21879447479406025,0.24409352832687176,0.307479276344293,0.31332769978198466,0.20906055952538793,0.2766621614574264,0.22359471072273945,0.21682314764053431,0.20226950699090473,0.24797720627572803,0.2101503787191872,0.2244359564853909
0.33477532830952467,0.25751590521365464,0.2786856881076132,0.2633683037514232,0.25138181800419057,0.26668191441828815,0.20168174701116579,0.2923148444463756,0.0,0.2467363433205533,0.2392996175298938,0.22655606226042602,0.2736765225019905,0.33221854655385935,0.24365294043837707,0.2979249993589535,0.2931306397667172,0.32600534803272974,0.22054654664397616,0.3048566376720509,0.27212622617901605,0.3428779693374414,0.21142546851833183,0.20367840580055063,0.27270323803597074,0.24612033492673166,0.2684356826190884,0.2654781353714295,0.20087237346740727,0.26589866346007607,0.2903962496212855,0.26604481820164166,0.2566573289080355,0.21465994120895782,0.332620235358537,0.2689383916642742,0.24218089025947007,0.4060929120802366,0.20130076481390594,0.25772840246959766,0.22963064205886308,0.3395246980960993,0.2306522486704636,0.24841245167138087,0.287700345413042,0.24863559324622275,0.2143269630774411,0.2114662461352639,0.2334391378777492,0.29428554590858635,0.25116854384647774,0.2669776608465546,0.21737880380752606,0.2458123059586643,0.21683064869140975,0.3044094486555777,0.27373018370622915,0.2937507725102434,0.2505409731860153,0.2424403783328177,0.21956016144433596,0.252187011080334,0.2601138889290207,0.2531632940802583,0.2477425890423744,0.24191415596045437,0.28404958186354706,0.2614363179593864,0.29582614054035256,0.3131742932852673,0.3016065606614261,0.27115458977782314,0.3712978232366891,0.2814721714262656,0.3367162800596562,0.1967560552004297,0.20501280276075856,0.21116976242226082,0.2703708307727715,0.18634900094119652,0.22334580226048686,0.35616924427174784,0.2883109824778187,0.27204165475895653,0.3256069171577425,0.38084058693906586,0.2523053125968498,0.2882643139854156,0.264507562698039,0.31462148848426225,0.3606562559488568,0.2897846833889946,0.2344571487111284,0.20532546085278103,0.3521614509632702,0.27563120024337234,0.21763285288513742,0.2816443786985834,0.25813686223922955,0.2765304569129022,0.23395986753708248,0.1948040206264039,0.27952003584964125,0.24057670964678785,0.3565763438630771,0.3024442050582766,0.23078593958545424,0.32842722297929555,0.22587470349132488,0.2053091112116773,0.20146163373613524,0.31694954992641633,0.3272155410274482,0.36488407274797124,0.27367457321391625,0.3407678259805175,0.24186819423629435,0.2223875574651785,0.2387436777347222,0.3268047886156146,0.2973450344837778,0.2556830567641151,0.26938452630408194,0.24479967525232052,0.307619966700938,0.21298421238514395,0.29722068699893534,0.2160765178505221,0.2606335752709927,0.27367728303627215,0.40791593052850167,0.32230563260609185,0.2463538351520928,0.32596557275838184,0.23746235269014146,0.2196835425032079,0.2250282892078956,0.27290396978174875,0.31499313488632713,0.2683300395144282,0.23617054259691656,0.28857539391835707,0.2955868077904539,0.2992906144231357,0.25516009320036503,0.3179182568688087,0.32501471436981805,0.21199791376880822,0.2999102199234755,0.22175481038536843,0.27619048830332665,0.2228270390720403,0.2558666492628773,0.2526071118929471,0.2812072397971261,0.2842310639367915,0.21768548001941856,0.28290243187708897,0.251435267101548,0.24867572735336393,0.20079838245594073,0.28115713709096457,0.2545915035024206,0.29577112877570255
0.2890237283282379,0.4227116917496304,0.28433545068136035,0.26600731765430763,0.2401305659402577,0.27216393030227193,0.2602452832100386,0.2737527105578409,0.2467363433205533,0.0,0.22476516658803902,0.26097190326554787,0.2820260646845306,0.2812954181579919,0.28418369379459096,0.2759081279075118,0.29684696860324544,0.30644136628918217,0.27626114511826344,0.3073830691737273,0.2793873532237345,0.2706285077674079,0.26998495652329085,0.25827139685590705,0.40196030904517394,0.20418608906764474,0.21392841669010196,0.23743541691279688,0.368249306987768,0.21259924518340384,0.3013689115950979,0.30042621420830357,0.2508922865295871,0.2258370332797791,0.3174529122437016,0.2522164153070146,0.26614530547691867,0.2643311703998681,0.2176228511858388,0.32127804231362234,0.24983503129353846,0.2550613785289921,0.25858886957301747,0.2570999713375982,0.28551525696568675,0.24824509839130937,0.23352096614655674,0.2465436624968708,0.3291441555397135,0.2515399511237056,0.2609772150364949,0.242096562768757,0.2306966800062651,0.2789955003588044,0.2677562765263268,0.26990906300502243,0.2778537473036625,0.23467619365613496,0.35699151097266135,0.26697024624871313,0.2489013412093794,0.20245743413586154,0.21052098825154802,0.23249672447931696,0.23985441429647367,0.22128179624810956,0.23465191875321137,0.24674897565843004,0.24274465767812478,0.2764219536712084,0.23496975064013767,0.3249278129738756,0.21528819771371735,0.3067631745537209,0.24875636509060373,0.23004649797898355,0.20941020699466273,0.29102984716560315,0.22176829681829985,0.21577574907324426,0.24411081177111524,0.24777734248606556,0.35695327582177155,0.24638808925009437,0.27133567009570014,0.3073720424072506,0.22469737936225254,0.27760994597501965,0.2715835967907811,0.2188072465312349,0.23591023362841473,0.2656111444663344,0.29064195233508233,0.21594878124377137,0.2882256946819203,0.29333394067900354,0.18095088845691648,0.2744412406319417,0.22017827128043915,0.2861960755453022,0.2594179418847914,0.2086138105343533,0.21994129352259717,0.3376610006037544,0.2427715827595203,0.2544795667759468,0.2405085531849719,0.36154063192768404,0.2783291947444416,0.28966010473930276,0.23304543821082405,0.24059219154043984,0.2540769107982939,0.24612668656169642,0.2486239380034794,0.2981652910113414,0.2925614702679166,0.30913109608170014,0.284260963669537,0.22658468332326145,0.26249261369376564,0.20237163639901726,0.24082779632920945,0.284540284517226,0.2458419160223199,0.31472713241159683,0.23440802224395088,0.22451295138925934,0.34181420753275743,0.2661549613926983,0.28720259220320704,0.23294332275115245,0.22001019377298767,0.22857405238513148,0.2403595067475092,0.23123699830616626,0.29353446273275335,0.30661347443380776,0.3493803369334699,0.2786881131469486,0.2502271478830261,0.29331502631713896,0.33016327012767865,0.227210067918679,0.26772896882553565,0.2823610081649007,0.23673696600898617,0.29136454632390446,0.5054518615256614,0.19515609396825026,0.23240699248069832,0.32424877252562273,0.22637798759747615,0.2880613112808765,0.2978948041319456,0.2603395171876739,0.21668684458066106,0.30246063475682633,0.2875393500718144,0.24904547975001834,0.25575164241032405,0.3284907608648616,0.2361022098510782,0.2556680794730343
0.2822781711015291,0.2339065321359565,0.26375981840866786,0.2809464380845827,0.2586563643155209,0.2777114013100262,0.23691931530070753,0.22194966196031213,0.2392996175298938,0.22476516658803902,0.0,0.30670707911701345,0.3170212090438561,0.221245289274473,0.24231509919862984,0.38370737021112034,0.3194842570539749,0.247438773482116,0.252142589738913,0.2616490103303283,0.2613510364696311,0.3242362887226298,0.2310441611689209,0.25459980798744186,0.2934004448404649,0.24017539722238543,0.27586453935276656,0.28354219845459927,0.23986020860787075,0.2491928075698855,0.24074303523967594,0.29842456897076886,0.22448135373825043,0.23492596564319385,0.2496882160377111,0.23731347197126093,0.3007574516581452,0.248941751864265,0.30618278713271396,0.2552598454148232,0.1997565217104715,0.27786756774661664,0.2361342684720237,0.2657472569004135,0.24577511089453566,0.2132714557250799,0.15924623448570935,0.3126520061775447,0.26261703980045986,0.22630703449159897,0.27218536995404974,0.2060635075000507,0.17365473202213438,0.2759564190811963,0.31586516521050617,0.1906745973058609,0.2581462086124613,0.35246012619304434,0.2248544775705873,0.23193411279453643,0.25498454739268317,0.17504348681562695,0.22933612396627232,0.20308894826903093,0.17921681791823585,0.20198601448963394,0.26735967958650925,0.22387009915701708,0.24345890807482312,0.261708711838544,0.23380235445427622,0.1927194648590572,0.2567598665210385,0.31107646772968134,0.28348361315611376,0.18169035694678692,0.31821696227977964,0.2487728783521464,0.19522536780743033,0.1936492028002574,0.19904594524198277,0.2158399526446677,0.2383612142180498,0.23285604735236923,0.2227914092665431,0.22774009387641048,0.2433960197590596,0.22623111288408904,0.21918535737008216,0.2156421869978931,0.29884537959434915,0.1901900372081513,0.2978148418973344,0.205164094480111,0.22156082427833923,0.23595445535397044,0.16820566752523308,0.19104718859944142,0.17671836364587232,0.21667480199154754,0.23571916862785236,0.2316672469385376,0.2000230107202238,0.1831354001502272,0.21966819671504076,0.21895170030270025,0.22489981995983174,0.27084608070005195,0.19747148277904786,0.25964428098302245,0.30312779953059343,0.22022811774371331,0.24602383678277417,0.27995634868080943,0.2078877628737964,0.26167123769087197,0.2062880687079409,0.2666205571775126,0.2644301436387444,0.2115315931077792,0.24315067467992169,0.18302829968423126,0.21611792672186322,0.2602988108532536,0.1968373149479244,0.26439554769388673,0.1894719733178366,0.2412882206479303,0.23323867905288037,0.19848077984626386,0.2079965837123977,0.2732244441814356,0.26445854664557356,0.23995204497525907,0.2847776970986239,0.1856480294706311,0.2267193479399666,0.21748740877557587,0.279149127592228,0.25301537493796233,0.2137580423491851,0.2621831884127905,0.216311187608995,0.2315560370135527,0.268895492031882,0.21566369177094422,0.2356629448053335,0.20933857156351382,0.22505834951260256,0.20586980894778426,0.2870295192445976,0.20156156769124636,0.3324146413310356,0.20530137135420967,0.2460414562771972,0.24967042064582456,0.2601331518960954,0.2583761645377612,0.23811518253301375,0.24020206293061167,0.16584923485357053,0.2151286010245755,0.1764863055854382,0.3511263465888109
0.23736148315323669,0.2784108288266092,0.250658427423602,0.31258492668284865,0.22695337596081586,0.2868527961692316,0.31209033907962114,0.24761151038387977,0.22655606226042602,0.26097190326554787,0.30670707911701345,0.0,0.24520194115680374,0.18115452199615836,0.2949194178733288,0.28278548561667366,0.26213484218742955,0.20625957871001327,0.3092006323999932,0.24839962332094254,0.3055248609478767,0.2703199347071424,0.2442281485253721,0.28848133278045585,0.32138500930214126,0.23768683057989917,0.24591341673086023,0.22164906269483653,0.23091272368479787,0.23934415021508962,0.2959317922949823,0.3112419356629867,0.27554696327549477,0.3035930353339223,0.22203491932882505,0.27390272014938305,0.28998550591362293,0.22846526276376547,0.4038300179572807,0.2769629703438766,0.24675100801931474,0.23907337208954574,0.25737902856548056,0.28286414308324975,0.2740037227049329,0.260775777648124,0.20298177666111575,0.2801322810389454,0.2717451503851115,0.2480948210698627,0.3352582964901717,0.23853138144185712,0.18532350946291545,0.33452141654462325,0.38753076561560446,0.22100862763335608,0.28631521984867725,0.3020480688461589,0.22552364364413266,0.26656871119345665,0.23574165601037012,0.19905768509811206,0.21262053559400482,0.19698057252197912,0.21144475452815745,0.2148054739340937,0.2560967667898219,0.21931786012469295,0.18632788207760984,0.21132066651866874,0.23606958285042212,0.20512120438440629,0.20709251086544872,0.30820510327349027,0.2280938624331829,0.1944426672047079,0.31587679001469154,0.31136309354273517,0.21396484899577703,0.19512314204373596,0.20249357809410948,0.26783005583824765,0.27368620166589747,0.19026225107160147,0.2560969061961577,0.25132047519133716,0.21942714445438863,0.2462677984680172,0.27922392442697486,0.2541799051086619,0.2510533870448318,0.25296957797190495,0.2995698097395368,0.2288408184613923,0.22085114297525982,0.3119439314038188,0.18540446725942378,0.24438059826846353,0.18635985122056092,0.25753702653481175,0.2362281151441529,0.2518537415515608,0.24004405384861194,0.25303811470012644,0.21806051709303415,0.2706486079032076,0.2721641070717665,0.24308770938015017,0.23506379672971975,0.2944233654531102,0.39282921253256486,0.2525764284454364,0.23829357422898853,0.25299521266087793,0.22683359511526677,0.24831007926264964,0.2266439347112715,0.29645161789398533,0.2601234889984608,0.19147535128364393,0.2401234638628368,0.20416152853826983,0.21242806850891338,0.2976982165488423,0.18377341817544932,0.3277183030694127,0.21298544957232055,0.2975910597332401,0.28383597485232265,0.22245656448979623,0.1974894718289179,0.24003083051223698,0.21582345253825105,0.24107424798470015,0.2707448971970632,0.18746709008162077,0.2647074558248285,0.2526745792156651,0.2754638702237364,0.30269958521051865,0.20531135395519726,0.23741843964219783,0.2721077883709273,0.24542925693825507,0.286147454226785,0.2933923793036326,0.31863445141219776,0.24824862476973386,0.2675954919821158,0.18565441920071488,0.27980597663786455,0.224318151012688,0.2677440961709759,0.26232399332733164,0.3289239791887847,0.2387175800840868,0.23881346679581558,0.31558039695618006,0.22716921429850476,0.2472775494554262,0.17223791291843105,0.2060814073056468,0.20264882095765396,0.2661710260019841
