0,1,2,3,4,5,6,7,8,9,10,11,12,13,14,15,16,17,18,19,20,21,22,23,24,25,26,27,28,29,30,31,32,33,34,35,36,37,38,39,40,41,42,43,44,45,46,47,48,49,50,51,52,53,54,55,56,57,58,59,60,61,62,63,64,65,66,67,68,69,70,71,72,73,74,75,76,77,78,79,80,81,82,83,84,85,86,87,88,89,90,91,92,93,94,95,96,97,98,99,100,101,102,103,104,105,106,107,108,109,110,111,112,113,114,115,116,117,118,119,120,121,122,123,124,125,126,127,128,129,130,131,132,133,134,135,136,137,138,139,140,141,142,143,144,145,146,147,148,149,150,151,152,153,154,155,156,157,158,159,160,161,162,163
0.0,0.30152136776663985,0.26181543448910477,0.2698872692027805,0.2694934908209795,0.27467012943976726,0.29386124817116555,0.290428419192306,0.32996587120146903,0.26639620608382,0.32245970764224124,0.3074252657973419,0.3720753726925186,0.26562605766711067,0.3070802744131611,0.30137300794423855,0.3047190282423908,0.4595702942203776,0.330486138489861,0.43658462448659974,0.34285238885484853,0.30916423908056967,0.2802930022568218,0.32513832947347004,0.3881147217154732,0.26877666857214294,0.26356832826354554,0.2840614378941156,0.23407721832506123,0.28444123040109587,0.3527787567187561,0.32671287029294754,0.2865998272788769,0.28338060124809694,0.3731303528748113,0.30403103087396893,0.40521487684606683,0.3545496021237461,0.26563712097105935,0.3439094891362092,0.3082428217097535,0.29402739877364237,0.344434439979215,0.3482142391951666,0.32903287155771826,0.39594756087519195,0.2952449610492459,0.3214206967417189,0.3940381391816121,0.3888973624982209,0.3590122609643736,0.3321218841877452,0.2725129802248944,0.2890636553129725,0.2817581465858067,0.2845347822061691,0.4611278658256319,0.3005198103629989,0.3080490243855471,0.35363906554738483,0.2657474684301037,0.24660813543813984,0.3146769622596218,0.25854836094179784,0.321649110243715,0.37001959516875754,0.31609859212708424,0.32619996175769456,0.3043729670586196,0.33291955697005765,0.4308106431507736,0.3281883104870981,0.31263056143687773,0.3287758837910599,0.3256387867425534,0.3682263020036014,0.2487083885586379,0.26886452802047855,0.31402435109763605,0.24058941054910876,0.2782597055007846,0.37453063465533276,0.29059478117772,0.2874802855043514,0.325324273410955,0.38757687690533615,0.30523754917014,0.3533451968930134,0.36047635065564965,0.2913093455004334,0.3762460078422486,0.32668040705246615,0.3221487752210071,0.39302134480920226,0.30620259618958995,0.3027808048643244,0.24225477826931002,0.28638697547959924,0.2513272230405812,0.35742946046301144,0.2929301476361676,0.2666994874029395,0.30939275070644506,0.29613817737906645,0.3521006203832183,0.3188981376408074,0.2992993161163948,0.28363098519054375,0.34528179436815776,0.3305604982851824,0.34514063353644625,0.370018755047829,0.31857167029340344,0.26484026284366713,0.3341018214861806,0.3160579579902067,0.32173730000591544,0.33225130376913475,0.2537856770025005,0.25998022486764444,0.3068082834659462,0.25026654758922695,0.3115558966464407,0.38271918239186153,0.2774948988237395,0.29968351040008556,0.24530019116581797,0.26054687417816436,0.25861684187521905,0.35426228901687534,0.2600860989822902,0.2648446909128755,0.26808032697582646,0.32373040098862715,0.3362891567454562,0.2814148594258015,0.3356730460052933,0.3450149602691692,0.28760887657347095,0.39734043775631017,0.2683758740664202,0.27774141311155476,0.34774676375276053,0.26279683363790285,0.35792900023230817,0.36837908011209447,0.3059587412945514,0.259569151468647,0.33788616196324217,0.19610081474983634,0.4436970497500201,0.28530082105029286,0.38238030439675874,0.23653240889130245,0.35496674668732964,0.39514931844745743,0.30942455361186577,0.29896355984483114,0.2881955693268659,0.29075994761995816,0.2517859864599349,0.3725507332353457,0.24679418738606085,0.4324655423049356
0.30152136776663985,0.0,0.3082179275603029,0.2919186147612154,0.24534411603368056,0.340462520389201,0.32604615640911416,0.32798365793690437,0.2860153696304668,0.3884037539936706,0.308024104731872,0.32236823309177315,0.31438145042816873,0.33626134575539085,0.3070698747113068,0.2763333977331132,0.27819229959119285,0.30097387428338307,0.28899675644845535,0.27808182988966995,0.2901260716890586,0.38711981619493097,0.2777938311065816,0.2923654512596087,0.3435893260463466,0.23093470286201886,0.2721873213499588,0.26000972088604385,0.36192854981731465,0.2647163430929101,0.3364264614510503,0.3059545578163552,0.35507624349990946,0.2417235997918995,0.28063815582222357,0.29055884568107027,0.31673540996697686,0.29908887085165625,0.2879920083583019,0.30078560190012316,0.31849930654689024,0.33245839851376296,0.22432389150309537,0.2738948747657952,0.3499327849404756,0.2845265668625006,0.28342135388394263,0.25068813731325096,0.3040581943794901,0.26741548493803746,0.2986677912349554,0.2627299793425412,0.29970079664018345,0.3814026408354461,0.31092514530432086,0.3347596894334281,0.2799808953023612,0.28001604279310494,0.31863396237593256,0.3233565716203491,0.312653202068367,0.22663642815655768,0.23951542501124076,0.23252650709008119,0.250487845179981,0.25412770182685707,0.3154392285119571,0.30364392603430823,0.2728538317193713,0.31199879590389945,0.30141987536500287,0.2750954220480452,0.2471524752637816,0.3045940111056884,0.3158759431705807,0.29427860681865126,0.25710416192726426,0.3403764732504053,0.246383644902829,0.23286661239469017,0.2705206805936385,0.28623860572023385,0.36524874162768084,0.2590998480875237,0.2510975901471841,0.37627521493008637,0.2577475141704672,0.26061892883242566,0.2739147866160925,0.34266508379137145,0.2731264433960892,0.3257856050296848,0.31061968229893017,0.288896792594618,0.3063376913437647,0.4060696020978156,0.26078372782733916,0.2916942534283139,0.22744413822247347,0.31002407066998683,0.2890431790601191,0.24259909679504507,0.22495447980467362,0.2965062968626438,0.26447279914525046,0.25798093324264104,0.24806113152184658,0.3096173942066642,0.32458272388384324,0.37076380809078824,0.2923359660251385,0.24310464721910344,0.2826880085379348,0.26307723183385634,0.28018452582996467,0.3390775890880181,0.271190447699734,0.24288490341688213,0.2565011659801133,0.2683233763231971,0.2551607573449474,0.2464954629310212,0.2555218537651923,0.36687827019760394,0.24576770320019492,0.39240729078611813,0.2515320004598121,0.33535017367205777,0.30020837152279883,0.2924360543498704,0.31625157508750373,0.2623179405230754,0.25147520923672323,0.2941021068181826,0.28182560053240924,0.24560461757472485,0.272949845397568,0.27826666725652816,0.2667398220693341,0.29045615032860816,0.295960929872196,0.3247876402493508,0.37101802967598085,0.2734638873514341,0.3196710707905845,0.2615998180352173,0.3058515120325748,0.30203353457268567,0.3444871912148247,0.2101135618932966,0.24899179308456137,0.32372645036075864,0.28304231513009964,0.31834150696329566,0.3055878992467057,0.344496757855333,0.2996791354678246,0.31889562242201885,0.27093828086751365,0.25016947470772904,0.2886975880103219,0.3091174472122986,0.2507612917946001,0.28215488253444565
0.26181543448910477,0.3082179275603029,0.0,0.27832053213488145,0.2498217153345586,0.3282486470276895,0.2582066195025938,0.32462778167994605,0.22152333222729712,0.3783679279630355,0.3240194598924837,0.3023824607693092,0.35275155986676426,0.22744739394112432,0.26211671425156313,0.37238428021704467,0.31483276841197155,0.27381583589113634,0.2516624624498439,0.2272416631106082,0.33932910100598096,0.35721091258877313,0.2350548723014742,0.2753739846904981,0.3051821120932613,0.28134997865425504,0.25848567851528864,0.25538073321537097,0.26210115971106124,0.26816243712974236,0.24875282188451286,0.3221737535130475,0.25973246460692206,0.22811796504782816,0.214851757850144,0.25707558728229696,0.31958997649380927,0.26406565110040414,0.24894493753464478,0.2868756246869567,0.26651664904896505,0.30412482130764473,0.2456358191574381,0.2653410379916014,0.2958337428587294,0.29340080936545376,0.26615506527868005,0.2852804158479691,0.2691473673247682,0.24544847423733376,0.29128237161151405,0.2908010557531757,0.20395931602269973,0.31440729115512356,0.2761721814889026,0.2533131419647519,0.253011406999401,0.3307175929693523,0.26110455751095585,0.2633064707248412,0.2801522298775174,0.21987580347251098,0.2773420090079731,0.20162095692355456,0.21195280296554384,0.25763612973495015,0.27447071128673095,0.3166184099687489,0.28772060539914146,0.3121345021533642,0.2907979624407653,0.21453946995300838,0.24103776687863226,0.4022313412897019,0.32658579788059544,0.22450381711340447,0.30624135652047,0.3145036698447308,0.23085914878873948,0.22162352360697707,0.2865767795260455,0.25612301906568063,0.3017419918532832,0.2681869592939594,0.24084633006929496,0.3206846348080682,0.24754707266022757,0.22312031552137668,0.27487874821125824,0.24151069193710897,0.28605910016518354,0.22572932900663809,0.2614037708476679,0.2229095170593816,0.24278614760798925,0.2921247371855175,0.21407948848927683,0.2662938255327922,0.18208411311351472,0.296899842682173,0.20721985476777435,0.2759126776564934,0.21969375878836225,0.2930201918282959,0.237496319005585,0.3316250164584873,0.28003451465497603,0.2667971615269928,0.2883589154574698,0.3345899478223486,0.28292086369653635,0.21983545655807626,0.26536748646721026,0.24605290076381406,0.23762449144993258,0.31454984781536327,0.23245123198095405,0.2738341762250627,0.2902868658412107,0.24114159640218624,0.24708153479038555,0.23692490586187273,0.21294400034279246,0.3269346635714359,0.18044491419325573,0.3621440071075734,0.2317061296648756,0.2982160334727808,0.2936591276115146,0.261976247478348,0.26418621252445695,0.35842508801309747,0.21916278277141732,0.21144052408343203,0.267278474535788,0.2026265718562036,0.22609113446208082,0.2298085957626502,0.2482523136473138,0.26807723882088347,0.23195834340899454,0.2548286694087333,0.2589202971748913,0.23228045449517937,0.28201128422817895,0.2246645527017708,0.28391849315125145,0.30807732895747986,0.31603841886274453,0.204850353770469,0.2213682345329781,0.21750283600956627,0.26106906258878576,0.3214418280933752,0.3313036546709834,0.28884008094599456,0.2977063901939957,0.38689921786834813,0.19072401078904697,0.2512443309656706,0.29143284384655516,0.21546525522453838,0.23944745367830478,0.27187369012105056
0.2698872692027805,0.2919186147612154,0.27832053213488145,0.0,0.2397668059551378,0.26603559432081647,0.3081811662564716,0.2902556130801811,0.24039546730216488,0.2874852004540753,0.3211576134520123,0.25468891779301195,0.3095114582529065,0.32037048518691824,0.2992109151524867,0.2762733976191217,0.30423400514329063,0.31595758516006717,0.2744026544377216,0.24258124273643558,0.3124801761310598,0.27667993767013294,0.2764879915893917,0.2425224652729746,0.2851603291659036,0.30259064346048153,0.32249013444436414,0.2893793386266072,0.27917735526510595,0.22845973578308354,0.27079232514564655,0.2940229963611679,0.39169071972277913,0.26263420597667025,0.26112556593302244,0.2971311710725122,0.29640183498854455,0.3227530583242893,0.28072578860663977,0.33980388857345206,0.3154854938812682,0.2954539227562698,0.2519140373546386,0.2863473906526286,0.29202157666348755,0.3203778968040729,0.20540211260974836,0.25221365714601135,0.29201404109454265,0.283484085908785,0.3886988738932441,0.2894426329869926,0.2877390944042296,0.3949605799023184,0.31161656136159394,0.2533144708270971,0.31754468956508447,0.30152238794945024,0.32553585584096173,0.33831281088115844,0.35361786497473957,0.26918684030244194,0.29476157223442473,0.2230517346879439,0.28208288972321743,0.32748341846315976,0.4187778349692607,0.25905436853308866,0.31900238956809884,0.3250408333771682,0.29374722369041295,0.26643547958879893,0.30814472710066937,0.4347059170991486,0.34519967615214553,0.2664145891942839,0.37064716456181274,0.31667484072897106,0.28166813545006414,0.2336837712329995,0.2874836898279269,0.3216204570421379,0.2542329873792776,0.2920844795820242,0.3249186572080621,0.29220060742147974,0.31361941117434855,0.32680269997905076,0.29684021443148856,0.2706665515622261,0.3286029060290093,0.28588504839484974,0.28462876223602973,0.2814579792969748,0.34576086691922636,0.26411756780872775,0.25659481065152157,0.26488912920792057,0.23606552111628484,0.33682972328502947,0.2833143808430951,0.3241260175400471,0.3201642491303979,0.25015940722505703,0.3014882516500517,0.26797108279647064,0.31169565143098477,0.2527250374640291,0.32564691330944745,0.25528648580693675,0.32514130807027325,0.28009764112032676,0.36774054976069015,0.3712274634232368,0.29851846361527984,0.28145174496853487,0.28306546717921105,0.22993558014189458,0.27481961507106617,0.3171479373367809,0.26453061385622784,0.3458084539327269,0.2454494128896736,0.3350500867518171,0.22767515136452438,0.3045374615934957,0.30369082242269724,0.26973425254804656,0.2888069308144312,0.34288301320620035,0.24739010809998135,0.3176782629328235,0.32913044049960105,0.29570473859725394,0.2786896963791728,0.22663273659314626,0.19030690442445242,0.2872775917961081,0.2699025668202982,0.3182068347628917,0.35121922478540796,0.2957606576633424,0.3510621299728729,0.2966914831843571,0.3070127811415367,0.24746480805249157,0.25309874552875355,0.2974322708480038,0.24050030715024437,0.20599762979405983,0.2981270797846246,0.30306180663692095,0.3182920066696764,0.2546739354716124,0.3196579965990513,0.32694127162554915,0.2974316310228341,0.2954915195032515,0.32139133746040266,0.30938623593990994,0.32499956551086184,0.27770043792977905,0.32278091858573527,0.2904409891947503
0.2694934908209795,0.24534411603368056,0.2498217153345586,0.2397668059551378,0.0,0.21567165298338284,0.31749256414824895,0.21376450741577385,0.23528293867037997,0.23214361361439168,0.27167689222754393,0.2398913155422073,0.22717202539209877,0.2275629675272167,0.3159064927064961,0.24543810152472928,0.2430956637076103,0.2722113253746611,0.22524014713011262,0.2383722366483505,0.2857936800929811,0.2859848298363802,0.2430235474907426,0.27866087347274704,0.23959868404975307,0.23427403087997858,0.22030923736852606,0.19808240482543238,0.21826796914352858,0.25801168713163086,0.2910772318902523,0.22544321274761733,0.24950620274433113,0.20383449846311286,0.3009691619903028,0.26399357969802295,0.2785670169257504,0.25245586277529586,0.3012079127209124,0.25432193028713357,0.2723215246823248,0.2735310778578609,0.26604811427769737,0.33275254282296846,0.22116740888803357,0.24193941192871377,0.2654238342567004,0.29185152708441053,0.2969887891542363,0.27865732831768886,0.29316597251719134,0.23894828933395104,0.22919456725123208,0.2598150929261172,0.25048085291252253,0.21570705746616084,0.24436871886151812,0.2713901340092301,0.2582507954943609,0.24458300202745903,0.20036582571252784,0.20152474973046405,0.22646133369620441,0.22947724598381347,0.2747338336717963,0.20719021534674828,0.23737842004880677,0.27624747732072397,0.23233188163672147,0.2523583565179249,0.2948666131362265,0.25516485491199975,0.20795988431312995,0.2643961566847137,0.22074786208706235,0.2236123617314458,0.24667667999750456,0.36686729687800607,0.20932561896639554,0.21255451014666768,0.24062220556869857,0.28785649724425305,0.2786536882990447,0.19283986049408594,0.2222123335157301,0.24019074725336584,0.2263568220370886,0.2530384062116441,0.21364891248369988,0.22035317669111681,0.3349532567437279,0.2825524950090991,0.3112039570457647,0.21514042058431312,0.25439117745919115,0.25283372080297956,0.19269192040234498,0.2138027640536922,0.23339498015810914,0.22065124228995053,0.24398374762071184,0.21992798692163099,0.23413313210132622,0.2314435380800642,0.22783246005374633,0.23414099249108677,0.21221413065368805,0.2187879300812206,0.28283241568721756,0.26136077237672417,0.27684953350577346,0.2591711043582564,0.2201461932815439,0.23510267281115677,0.2129967643693218,0.22352066942847842,0.20868429080385306,0.26663593662007845,0.21097500460089247,0.22721146671433165,0.3583435631908064,0.2163238899788982,0.20297071813795414,0.32495426398121163,0.24016264951608146,0.24684915243641278,0.20959570866534372,0.25652623526857343,0.20726940910232344,0.2716511492255791,0.21291292946675916,0.24128873341424759,0.1984173684881146,0.2513900280009699,0.2668489414171639,0.27267099009797635,0.22718501563867669,0.30867944344158454,0.22602683942476465,0.3106064143256609,0.21738101146057945,0.24752843129935892,0.28125172256803155,0.24288371280087037,0.2936825443917406,0.2418035363784586,0.31373355456907975,0.25260802332758603,0.22565981541903013,0.17256737808183192,0.24738177546429765,0.23454279956736024,0.28933535826567536,0.24933807899905447,0.2659402549376134,0.2848845856301446,0.2253220765716527,0.272352067806614,0.2334042963122013,0.21968134680143858,0.22422137465068992,0.23803733772081542,0.23482627346922247,0.34230827976455064
0.27467012943976726,0.340462520389201,0.3282486470276895,0.26603559432081647,0.21567165298338284,0.0,0.24802385731421228,0.3069499361500498,0.2560139477172869,0.3026952018252308,0.289431459436903,0.29875558781010103,0.3529886720721914,0.2313727320643148,0.25950390744363294,0.3277069054224606,0.2961067145769309,0.22676641700193428,0.2695541504044494,0.24651009073388597,0.3001289782235373,0.30818444071701767,0.1999180367670651,0.22941351286242778,0.30635174081735383,0.22768470963341791,0.23159693028531758,0.250201444556788,0.2541337246854689,0.2650266153262381,0.2895479256570025,0.37546642366500227,0.2931028834374823,0.23433909838500075,0.22380881309950734,0.24106562800506762,0.306116909316483,0.25252930330519935,0.2568305103535076,0.23475465688774566,0.24918519754423157,0.3276872425192267,0.23360273553849092,0.2780084406270911,0.26475625902977024,0.25659503308469456,0.245536001843523,0.2526252536436418,0.2226266047882828,0.24632477231380395,0.28707619633577025,0.2864603307142916,0.22723492554332536,0.31119790107086864,0.2543559844708938,0.33143494245242994,0.252000400910267,0.35990478518102237,0.2221271162449313,0.24582753663835677,0.342286662460159,0.2624779602705729,0.2777520273951808,0.18787157097258014,0.22339599669068705,0.2556455386731287,0.28297069636295547,0.3088601938878378,0.23210461519737502,0.2898016148317118,0.30018783710796426,0.20506151750453203,0.25922806485585126,0.30227453505314184,0.3626327899317755,0.25146283544529274,0.28587687926907923,0.2810586983880112,0.22075484505130544,0.3069752796111727,0.3568324293277417,0.2663843486500473,0.2959728933248161,0.27750659392273846,0.2510752040399697,0.28123326724368286,0.2956266451118532,0.23724696038067017,0.30014747621657,0.2708308331501074,0.26878913241099,0.28850794330337254,0.26824095045590013,0.2443515633427058,0.23848900790660604,0.32878366201066167,0.258653956097275,0.2929190569940978,0.19927392527159762,0.29025174206359194,0.22795431975483252,0.25866235793172254,0.22148201566189407,0.24033157923895254,0.254485932328576,0.3055894723149676,0.3036643079758741,0.27690828302806464,0.2528742659335233,0.3086824331645681,0.2831220384784657,0.21514160204373967,0.3476379914525803,0.29223694521489535,0.2308370651275886,0.3048412975409462,0.26790371556027903,0.21731010499640532,0.30145036704078687,0.2637884103667559,0.22136679409232074,0.2673528027531273,0.24389355441655078,0.3306363614015529,0.22533716281619515,0.3224027803308595,0.2797526837643914,0.27269295334676136,0.2614264975079174,0.2268239100035224,0.31685816203885525,0.39210546201634305,0.25020957140469785,0.25429933053553694,0.2531420833420349,0.21964565928829755,0.2432492845456534,0.21004381913763248,0.2052282148350856,0.260260510445643,0.25120218417791007,0.31109075688731713,0.27369253558347684,0.250658449232064,0.28071468155594503,0.23164930926733007,0.29492696455618866,0.33368434566069355,0.2722661816032738,0.22289592387003834,0.23360938620305122,0.256921817177533,0.22736767312609982,0.2521756338359954,0.320452709416514,0.29315975857854315,0.27010452409907976,0.36887260177894343,0.2112919722683471,0.28438137974913613,0.2566769261470085,0.2670398971320972,0.25020007198573774,0.2562847109124885
0.29386124817116555,0.32604615640911416,0.2582066195025938,0.3081811662564716,0.31749256414824895,0.24802385731421228,0.0,0.23431025993211263,0.26458125200307825,0.2771739411784869,0.3066180916842032,0.29385260638576755,0.2787430043714583,0.28921033201148744,0.3661021455852895,0.2400114743804021,0.2545697372215885,0.30811754887204046,0.2686341546861798,0.23709607203010968,0.27814170834713,0.3711027888910376,0.3430701485903878,0.31868266994018113,0.28624026032339334,0.24272169838218338,0.27841852764435215,0.23438375073286868,0.2841080903976187,0.2819200068334558,0.2857112133647179,0.26023256544443696,0.33643184701889145,0.2384161290998247,0.25605340944399096,0.25638089512108525,0.3330207121156998,0.26019701738536627,0.29222266703767197,0.3241418615933646,0.3105346934672284,0.31569177552005767,0.2569777347506545,0.2899593712162946,0.2706382772437764,0.27106172437332104,0.26610942405630017,0.2445741069440231,0.3930380136562233,0.25628344494050054,0.3263927602219339,0.2400715560823943,0.2620434605851926,0.3201956886344332,0.3012118539378327,0.26127265989938014,0.2697255777990728,0.27098464414158524,0.3152429965335064,0.27248198852049654,0.22711341052504988,0.21742675114634272,0.226529919816804,0.2305219547163628,0.2497361011858441,0.21576716073998461,0.29930025599493587,0.3269890483993583,0.25334645274911893,0.268043637877258,0.31328547472821355,0.2498581075192581,0.2202409247927943,0.31121477406479325,0.22578934720084687,0.25978718228086994,0.3107237184362869,0.3569476216952877,0.21529486534065861,0.2163260713590988,0.24693900620589854,0.3121774829051626,0.3211085987061628,0.20112383125637484,0.22877414509146243,0.2756193138886667,0.23390179490852214,0.28158609703005605,0.24546318291354702,0.26643797246905354,0.3263749884465036,0.36367993026584905,0.31267071087160403,0.24638564521449038,0.29259238059565285,0.33165214431639356,0.21165016990451357,0.25032429339589357,0.23803595502987476,0.25920988502971715,0.2751069229100333,0.24098540159087178,0.24859681135446596,0.25928743282024314,0.2334665246485149,0.24497473715188092,0.2164003566245931,0.2474743764965669,0.32865061698238696,0.29814835054444816,0.33512565742880324,0.25389515325280493,0.239013587309383,0.24509950207414793,0.23081159749589494,0.2725815620451897,0.23412790090689875,0.2750756264459843,0.22923242842996303,0.24302117348836969,0.27430881905656823,0.2282169094304129,0.2149876532797343,0.36671570733921105,0.23298311198292668,0.3036307805971379,0.2240911803874474,0.3014517155377277,0.2181827825591776,0.29431713569788315,0.23311788404319977,0.23265205121508967,0.2230271921752328,0.265844258734261,0.23732055495424353,0.25234560855541655,0.2416019567799568,0.28959619720003127,0.25704063343773714,0.3171633682034499,0.2808604741248342,0.2630702104674009,0.33774226826279535,0.26116970960499836,0.29775226703810226,0.2832486428569247,0.31308880694587515,0.3015344245765299,0.2472423066965964,0.17672137209963085,0.24960873116529236,0.29234028305207305,0.3038347023478579,0.2962864029514649,0.2959312858009472,0.32495315303537353,0.31812129199735295,0.2925833735988783,0.3004066103556989,0.26298634459983544,0.2570474247761678,0.2615470176599562,0.2621221259101592,0.3267757898811934
0.290428419192306,0.32798365793690437,0.32462778167994605,0.2902556130801811,0.21376450741577385,0.3069499361500498,0.23431025993211263,0.0,0.2791101059058169,0.33227141348379197,0.2775244190585103,0.3049362951467408,0.3670718975144404,0.24528194662124392,0.2515041420648928,0.33723997100705827,0.31708654818149046,0.28649232306514055,0.27300681964466644,0.2752970922036852,0.30634361401748655,0.2634393998464171,0.2534960458007136,0.23946988039188252,0.3366960856329211,0.24925941540280047,0.328069132718065,0.29775689440035696,0.21763427287922327,0.2704979748092865,0.3429653156646281,0.32788007028792215,0.2780240827258432,0.26811499424630314,0.2596273358750345,0.28991251176865995,0.3285958822970133,0.32361839576850976,0.2561040232451218,0.27424872724478183,0.27003296860605985,0.3054893284601041,0.2560906263383368,0.25083918445356695,0.38015697905724355,0.3123886561909422,0.25582007841714643,0.24322553763896365,0.2725028418033505,0.2686547615314992,0.2802874485871305,0.26591847155355935,0.23436191027664027,0.27616137976236105,0.2603996964140074,0.2884662464025246,0.2748339375620629,0.37247076161256093,0.27606223913120265,0.29155480552271834,0.3799189336799947,0.22804805651182045,0.28225460708504463,0.22950225882470018,0.22061629254487428,0.2803790815910605,0.30201501073249687,0.2683261971302559,0.31696327126013735,0.456881518974332,0.27112950829047106,0.2526207421958658,0.2788861026734427,0.3482564343812014,0.4138367571437918,0.2649253371632605,0.29723775116425954,0.2666288065017442,0.2948783262416781,0.2070604750299368,0.26196728224085924,0.268459931732673,0.2867078613764607,0.32444446782809117,0.2907985071559673,0.38081289640068267,0.3682018417117861,0.266196858156391,0.3705530716412036,0.2857070461011376,0.27532038919504115,0.2714263675588336,0.2563984925245793,0.25383145009853453,0.2692696686578269,0.2985957970716045,0.2629340221473764,0.32649385390260904,0.1997031598060381,0.35603451141922626,0.23247095287845693,0.3445556066107446,0.25657741267438544,0.29466085969950767,0.30016689167784155,0.3257367655880696,0.31847500879480245,0.33773934124615573,0.29056857569181455,0.30371244380628315,0.26923844567754435,0.25053698067560937,0.30254744358862995,0.3126061647609205,0.2653337906658237,0.33127195485461913,0.2955901370702333,0.23502121757409408,0.25547038280050105,0.278250500223698,0.2302509938583722,0.3458887226606919,0.2332674165746837,0.29735388789406714,0.20389605406353023,0.2923912695302521,0.2494031661583947,0.33029855102266276,0.29004225589679733,0.2644932918201527,0.3519500735836782,0.3057662131335481,0.284300220873853,0.23779638533327876,0.2798630043579285,0.19673577595536007,0.24748856496881055,0.24261286764101117,0.26047908080057086,0.300801534275492,0.25327253936229527,0.26104813592755344,0.306195237797793,0.2571783595919265,0.29809695433177014,0.27207040376561303,0.2808228125443999,0.28703962712700726,0.3165200932529134,0.21734622224334704,0.2864982150980845,0.2636401156089227,0.28002168446243236,0.27407594992625645,0.36837604749057423,0.33762023214422265,0.26781653553879137,0.3520696462602291,0.20927851388044785,0.2538144041300731,0.27245773198154777,0.26237527785681913,0.26338184600310316,0.25547038982167275
0.32996587120146903,0.2860153696304668,0.22152333222729712,0.24039546730216488,0.23528293867037997,0.2560139477172869,0.26458125200307825,0.2791101059058169,0.0,0.2371763250960752,0.2250408239991632,0.26272594431999374,0.2346380033018274,0.2730199876842642,0.27561433273558095,0.22255267885969085,0.21404897163608894,0.2793626659155291,0.24244598315676014,0.284015124116238,0.2456500203950608,0.3127294918174064,0.21196584750441946,0.2319568901466687,0.26398236658853624,0.21202243264409837,0.2462329866988646,0.21344642848719803,0.2021512521487621,0.3027595151187711,0.3786728898214107,0.2567753509178709,0.26986031998215476,0.21187251932719495,0.280090038106123,0.2529785380707936,0.26896387805872934,0.2952683709877396,0.2638729932678518,0.22878447930605733,0.23581217569349075,0.3112480867397972,0.24316882880957827,0.2636561231036819,0.2642979475078888,0.2509084429234826,0.2424721628863136,0.22483627491054922,0.2514024621825319,0.2756061439076509,0.26728453082937015,0.23136024538941458,0.26967219569555423,0.2574235740789636,0.2346977931173957,0.3362069304785966,0.2727842899071009,0.25029658180413683,0.2532817210049761,0.24298692463250077,0.23518236440838314,0.2587915571988308,0.23161020219910503,0.23228302095299524,0.2997815782999704,0.2509106967040698,0.2988092813234392,0.3039059037689674,0.23836157854327775,0.27881114635608123,0.35062977598730716,0.2781592771693348,0.27278524121532743,0.24454249998813976,0.26140936158287875,0.27215590846333326,0.22072426164439884,0.23007998603681842,0.24200381445778893,0.2130124681645848,0.23665537023253957,0.4290868688673842,0.33843545354686094,0.21751233261057068,0.2688330942135532,0.3091320597524859,0.27568369072422844,0.3242945383424721,0.2644124831067557,0.38405457182867,0.28244548860206237,0.39010226048239716,0.2520462945916979,0.2540348555795061,0.32168154134777693,0.33125969474621514,0.29756198488668856,0.2615362925783673,0.29466886959385297,0.2541985399632892,0.29071887470782215,0.22371983478724514,0.26959071831704146,0.24527903272920284,0.3061643836331385,0.23597609347042436,0.2150905349456627,0.22845676451756866,0.23548974509921916,0.23342635281372595,0.2341855140618029,0.291661264596086,0.2805352092995703,0.2888373536518596,0.23550845667421327,0.24634155891550324,0.2451764040062648,0.23771500203562912,0.18674737055221605,0.2726704783193341,0.2619648026272525,0.2667622405795139,0.23332535057463732,0.28814164945687987,0.3419997479628533,0.23659861993608228,0.2551009579217881,0.2524842611930495,0.20250401590203218,0.2869377596162931,0.3407738888712792,0.2605805423950485,0.25193700146160336,0.36511075224981315,0.26027366579345196,0.2492472788791203,0.2559916501974961,0.24961506307597692,0.23197560815962603,0.3200513513751069,0.2645335551975058,0.2630455312286801,0.33948503880688913,0.31970431036574354,0.27397769523889093,0.2934652965967044,0.4058815659774873,0.23944385627133966,0.2587810843935424,0.17978649216904735,0.32572388058646845,0.2711027851881356,0.25857019314739366,0.24214382317930758,0.25656690226397666,0.3368313476945259,0.23454105462007738,0.25894065859920445,0.2776576229526224,0.2425216125301264,0.21212151456219985,0.3156011769239438,0.2987430816266933,0.297355686299221
0.26639620608382,0.3884037539936706,0.3783679279630355,0.2874852004540753,0.23214361361439168,0.3026952018252308,0.2771739411784869,0.33227141348379197,0.2371763250960752,0.0,0.26320149995501596,0.2742338398564075,0.31549311707838595,0.2590746333845457,0.2535450902170762,0.2831471583275166,0.2947335216303679,0.2934035749534545,0.2522195442772701,0.23360442069997758,0.26733936118322027,0.28503640497359106,0.27792569522556376,0.24349893454310176,0.3571533204922793,0.2178654479127856,0.2780803500229087,0.2844418740988486,0.3066489214796398,0.2445907385470153,0.28876975592084125,0.29978698177894786,0.24842031084687136,0.24002047876490085,0.2384797592148818,0.24471340322838614,0.29266166133657456,0.25313633268021846,0.22640059307733332,0.2771350297299652,0.23943885028441014,0.32910763459458797,0.21863339514666208,0.23411153627054426,0.28564788334999763,0.27334411926437563,0.23898480177151896,0.23050433977918777,0.2979057338419142,0.21985564959984896,0.26586477459033014,0.23528231187140222,0.22874602818462206,0.2863330108250386,0.2770617009405192,0.30057505773320087,0.23945295630398022,0.26488153143797977,0.2973346486341238,0.26037322555342174,0.30595964621700783,0.2096159738674848,0.21951357744436292,0.20667279811341688,0.22391200415244455,0.24331592156239087,0.2786203847435221,0.26790907661537466,0.2788450422437197,0.327282557587813,0.24789239595693568,0.24490306514439703,0.23359795154394314,0.3195824964170874,0.3108540232976298,0.2632853225471897,0.2666475686528683,0.3017144926246645,0.22106915171264638,0.23258899584394085,0.29253547655045037,0.2481193577284513,0.30142794039642,0.26398665018213474,0.24540384847691804,0.29833130080187104,0.25790525442650275,0.2473055782643532,0.31161257962281474,0.25793713798657625,0.2492196609104621,0.2602341988740253,0.26189052156803216,0.22968961577070515,0.26619935833000885,0.3127022665294513,0.20291752990419765,0.2854709891743763,0.19866834605438174,0.32436704141557193,0.23600581165670229,0.2632793510880081,0.22432209166587816,0.3129151791733373,0.2272482839713082,0.2621080630710548,0.26571599929818696,0.35653772942128154,0.2801814535735289,0.31870552326557894,0.25763919826151277,0.21740332220413427,0.28583852789563835,0.2888222723291847,0.23073335568278588,0.3106631040374357,0.2714184741078738,0.26491200116645486,0.2733525176589396,0.27225531328816505,0.21597129573582383,0.24609128943145556,0.2136795421583832,0.3131097395460769,0.19929218952712158,0.33585998426333785,0.2494138934121241,0.2642765034771395,0.29988395188688083,0.2555058049379236,0.3406812337703871,0.2735308227400017,0.2407922937495771,0.21889949417524124,0.24252541976143296,0.20500352206080394,0.23122112382755752,0.23497330105869413,0.24869276970532986,0.27182719256821347,0.24934787093622773,0.2711652353139492,0.301719748365691,0.22615026924087944,0.2685825077552976,0.24337542755206035,0.2342836900448179,0.34054495057943324,0.35626603186480177,0.2140230036035328,0.22297897148116053,0.27627816726047477,0.25002715491246175,0.29879747384970196,0.3123184753962052,0.30172413448905,0.25754041926965315,0.3660398564315029,0.22547149699036648,0.265244421111528,0.3499207687851881,0.2588135917628415,0.26817963650749466,0.24777789540377199
0.32245970764224124,0.308024104731872,0.3240194598924837,0.3211576134520123,0.27167689222754393,0.289431459436903,0.3066180916842032,0.2775244190585103,0.2250408239991632,0.26320149995501596,0.0,0.3549554393665964,0.34820464158644093,0.26123047301964236,0.28282365344936733,0.3588577057528899,0.3190736915499178,0.3224851494458248,0.3267508513880701,0.2764328371668748,0.3763224722400466,0.34613511043398376,0.26293073310362536,0.32003472766154906,0.3360671665816393,0.3233337775349227,0.2671321915109238,0.27164325020136953,0.30871296026482326,0.27158299658242063,0.28433353401021166,0.33471612210225865,0.30745866079160566,0.24363727334495494,0.2815542107568302,0.3342413692558591,0.4231960823051598,0.3334012328417038,0.3632266196983317,0.32055093344424407,0.32979552868098466,0.2671194724616578,0.3152359728811101,0.3809232176883184,0.3078729061839182,0.29685957873200103,0.23102683471136562,0.43217439285818904,0.3615459328576919,0.29192246027692714,0.386191316451814,0.28669856868882204,0.23960553705205073,0.4282187961284822,0.3994354456619969,0.22061777856853076,0.3458876889972324,0.36033943028696713,0.3225839150206252,0.32285636516904365,0.3196931847788653,0.21454161625498622,0.31640133321834973,0.23907825145291933,0.23614385796608167,0.28522719395370844,0.3213525545487273,0.30566664928323145,0.3230056691938846,0.3122723931677963,0.33193660027565103,0.26195022194781387,0.2761662375374736,0.3985700674890586,0.31875089928935063,0.2814065398476174,0.36933848612086795,0.3244932941365514,0.26900578385732465,0.2357342250600789,0.28524657086877203,0.2687972517651201,0.28579670393955725,0.2860651510949859,0.26290480618603324,0.29587286394973084,0.30343896554551714,0.2819367326281274,0.2580867013342042,0.2545527742689891,0.3892922731437271,0.2407163146239552,0.3661520458535772,0.31081803476373954,0.27245550360159987,0.3161274480310773,0.2418692246912772,0.2309046213940748,0.20976065303094577,0.2753055149527044,0.2920225544549691,0.31503132055467414,0.27100658840808195,0.2609887208124556,0.2911172288271505,0.2637902392993643,0.28214336206555674,0.25183329050595493,0.31090958294130333,0.373676166965898,0.4521012803901955,0.2794620279124487,0.2845198047758023,0.26784335071920634,0.2891231669448075,0.27062041279674204,0.25445117857868127,0.31194799661313044,0.30226997847348,0.23608043219791866,0.3050621117722415,0.2416198258031718,0.2562257669507393,0.3724481517222511,0.2238224327206,0.4070024146930792,0.2143752113133333,0.3303334989613631,0.2846261368910534,0.30330943829800927,0.21447523444396105,0.3138726188397023,0.2861403372705053,0.273804154377124,0.39723727989760615,0.24416517358542722,0.26600432458640405,0.2834804717528652,0.29461279374136484,0.34390420564009494,0.3107387298368227,0.30028035468842385,0.269170618668145,0.2727554276763179,0.43883423784592723,0.24970906731896858,0.27437186147972853,0.2825918599164419,0.2748511595930296,0.20720934638649918,0.35070147149705855,0.271871212670806,0.3825480157714251,0.2706950665661845,0.3204601642533999,0.34934013048044266,0.32718259708779496,0.31586980843833284,0.2668219660368584,0.26967867123205197,0.2614138913177483,0.29683385920283095,0.23259061081120583,0.3952116323021116
0.3074252657973419,0.32236823309177315,0.3023824607693092,0.25468891779301195,0.2398913155422073,0.29875558781010103,0.29385260638576755,0.3049362951467408,0.26272594431999374,0.2742338398564075,0.3549554393665964,0.0,0.2775170329285193,0.2037041337449468,0.2565496825509936,0.32073456050201987,0.2932414906570761,0.270247206119894,0.3586933261634135,0.27334469437510067,0.3521849333768049,0.30016108117078955,0.2696971771534273,0.29554178925090785,0.37541523598461846,0.2476189733121395,0.27363154941486884,0.24192927460751354,0.25499509458055336,0.3433335640209559,0.30770859789432903,0.3099842667503241,0.26982360361830043,0.26808725420922785,0.24531511433490066,0.27867756047946585,0.3284171656864057,0.2962414198938182,0.3122907640230539,0.2764168860838296,0.28710043998519186,0.3009543628436197,0.27914687335499405,0.2934664220778698,0.29778435793277414,0.29187451715365276,0.3017882974609757,0.29154866515732303,0.3063877367048196,0.2767835966059999,0.31786220065188203,0.2827966338288378,0.21815078699499543,0.31773012715265414,0.31471084381972003,0.24371199409744976,0.3258082852437958,0.3933320470399591,0.2395141044483741,0.27628115244138574,0.22815004607815653,0.19975128524607863,0.2828853616812944,0.22709290705410445,0.21279062176871738,0.2533898047426235,0.2363333592618369,0.2569605591332244,0.2617012972847551,0.2734984032833018,0.2653266865273918,0.2162732038948069,0.23312363911529796,0.2899588535550916,0.2864996346606391,0.24910160823372782,0.25750169937618816,0.28811536619685985,0.245467316958726,0.19970551246153545,0.23349207037980457,0.26101320108056236,0.29718229586394684,0.22634842244812153,0.26382917755755597,0.327921731546021,0.24625353798491068,0.2503520329331874,0.282560714627139,0.2640673928158884,0.3223912138380822,0.27059302239324384,0.2951743844969034,0.26932403065768346,0.23168023240757177,0.36396400931021394,0.21622367310073035,0.2832453572651602,0.1956076835538394,0.25218128909152365,0.21587640357803728,0.2632524842696144,0.27164809213230856,0.340804599876049,0.2586517093090038,0.27726889470459387,0.27779880426339454,0.27109026077266907,0.28177335598013814,0.3717490224383989,0.402323336690761,0.27660377336942715,0.23424793074019443,0.25566598736311663,0.24784383562047863,0.3016317403682177,0.2543424962655698,0.3254827791598755,0.2725379648769158,0.21935536962525862,0.2418209679773437,0.22251635464828584,0.2323741838364678,0.3150468552214065,0.1901973055132707,0.3665450117619335,0.20655992079906152,0.3332977716467395,0.2759572714720123,0.23635793445268405,0.2579876054242518,0.26335082850065755,0.21308849134533997,0.2458726373393451,0.27826322125726427,0.19620528049800523,0.29907673400165397,0.24806987215216564,0.25503000295869926,0.31179137013094327,0.2199247260287023,0.25960526259905836,0.27285696442719115,0.2525066798456581,0.3164522704991308,0.3088374005698672,0.33667091365972285,0.24858073933335548,0.34246451355944557,0.213855210266377,0.28314333785876233,0.2557079390280236,0.3175003768976073,0.28010126358044496,0.37974004434183967,0.27280487255310687,0.2732386268891334,0.3186850756860578,0.20276110779484122,0.23955189106307484,0.20119432387986994,0.24593242648114147,0.21388640384552013,0.2964162938084805
