0,1,2,3,4,5,6,7,8,9,10,11,12,13,14,15,16,17,18,19,20,21,22,23,24,25,26,27,28,29,30,31,32,33,34,35,36,37,38,39,40,41,42,43,44,45,46,47,48,49,50,51,52,53,54,55,56,57,58,59,60,61,62,63,64,65,66,67,68,69,70,71,72,73,74,75,76,77,78,79,80,81,82,83,84,85,86,87,88,89,90,91,92,93,94,95,96,97,98,99,100,101,102,103,104,105,106,107,108,109,110,111,112,113,114,115,116,117,118,119,120,121,122,123,124,125,126,127,128,129,130,131,132,133,134,135,136,137,138,139,140,141,142,143,144,145,146,147,148,149,150,151,152,153,154,155,156,157,158,159,160,161,162,163
0.0,0.46587000171903303,0.43998270886634905,0.4692007324756717,0.4980639107086054,0.4517518627877059,0.4505179639864518,0.46997727503403264,0.5281630664119379,0.45025103793756655,0.509435749217111,0.40884008585972226,0.624419274978733,0.4906445097498174,0.49353523639290103,0.5162939632128529,0.5230235388362996,0.6724880512297879,0.41026809039722417,0.5832925780444013,0.4743736926811476,0.48539216451385786,0.5033536727356092,0.4582715641214656,0.5397721128222596,0.446823586052024,0.4491348307339702,0.47358325463064427,0.40113575365356774,0.4009098929697487,0.4791600551403426,0.5113345336663944,0.44173191511515425,0.4680529800225616,0.6305265850243438,0.4724941387905146,0.5608414142958882,0.5024366161165533,0.38036887663699115,0.5756664805585109,0.4128946056208367,0.5413139267063176,0.49276872525970256,0.49106154551591547,0.5202306541907464,0.5674385723282347,0.4195764946042042,0.46982926534608044,0.5390398722167867,0.5198828340097991,0.5118874803351079,0.4840666619855928,0.464610774881935,0.41888661189479176,0.4624936742183716,0.5054125416132195,0.5604154952411563,0.48167149634952944,0.463873344952124,0.5458582691636938,0.4428331765898231,0.44261412439934555,0.5060072279398412,0.4354449824218315,0.4825589288388999,0.508832649426346,0.5174593781256924,0.4640162668815601,0.4060734638998551,0.5270767403016893,0.5850873992267772,0.5035986607358656,0.5048664619458689,0.5156759723101535,0.46363298717005896,0.49556494854797434,0.4322988014978544,0.4561819473562816,0.4536202703047147,0.3848556864420042,0.44507550947881974,0.525892238232336,0.4490690033076792,0.46107701876231677,0.5485977882907409,0.529562685388913,0.520292215417245,0.4697846634562927,0.5262081452351973,0.46189155591573244,0.5678331599509722,0.5033160718467533,0.523301603497143,0.4970337711014038,0.5430758890384295,0.40673664740164256,0.3563061238276541,0.47726192810002727,0.46486208169936316,0.526445907939374,0.44669553468474926,0.4553260830044021,0.4217470321837901,0.37507682148614724,0.5850388341929182,0.5269988228396691,0.44195909169668834,0.5153420741698207,0.5182913532446451,0.46705864078904497,0.4514445804677614,0.5698466819336017,0.5197291843908977,0.4448621467819304,0.5461589559289952,0.5424452131002597,0.5368670545371782,0.45402994367945265,0.41059768482091025,0.4710108800886534,0.5294918641057444,0.40999961893986003,0.5609736976128127,0.525414729108593,0.48766079621107616,0.40714250626563103,0.42146793485963957,0.45768411544455245,0.44663753179392024,0.48849727008105515,0.4244060391432357,0.4469590147050609,0.4472375010611603,0.4873665926147756,0.42658274120851586,0.4571083825163466,0.4373024471489835,0.5412548686140609,0.5170375722282907,0.4771219567490563,0.40572550649430983,0.5070830501976578,0.5448591475141473,0.46805137902397936,0.47971244536352714,0.4557702358464234,0.4462553691289933,0.40512124243883463,0.48327856318600454,0.36849676799895964,0.5606447433432525,0.4333213235399074,0.45407082813870325,0.38756231318814466,0.46624875765790624,0.5405526736598513,0.47740894433251835,0.4675998951398059,0.5051023831429552,0.48906195284271503,0.420716464194231,0.5346909534347759,0.3882851887397192,0.6215349916153375
0.46587000171903303,0.0,0.4853848157192515,0.49325337516401535,0.4046557788818892,0.6258947067927754,0.41249056260443545,0.6003312104569996,0.4498862830143753,0.5200734561457355,0.4983720132653865,0.5665279508278858,0.46347814449524083,0.41349190312118045,0.5085338910428108,0.46407339795707153,0.46932440695794103,0.43528531272436705,0.5114985682175914,0.5186896114115445,0.5257084597797241,0.5784800142132277,0.42314996652724185,0.5044822092068425,0.557227052591947,0.36703775124974797,0.3839496633007903,0.4468556197582147,0.4831567295102233,0.37199948572557334,0.5222354652356754,0.4666283305260746,0.531720481574021,0.4244163579706435,0.46741161039858437,0.49484659553141475,0.44609995629308286,0.44925695220729633,0.49277107191745867,0.47830943047707547,0.49897209857252023,0.500033599167983,0.40426816782963393,0.45272573529674826,0.5085984708060934,0.44319373524498346,0.38772375230894707,0.4476131898786252,0.44451496128923557,0.4542677775962046,0.45812748907045325,0.45800643768688176,0.5032080945677995,0.5307644242237474,0.4737087355845935,0.48470681882505895,0.5070515941928249,0.49548200166781375,0.4413011078781107,0.49912905789442774,0.5419674483260648,0.36959007858098153,0.46639763947113244,0.3790145506146841,0.434283739873282,0.44422441375863175,0.4330513202662526,0.39848348257343713,0.3535609082231932,0.5055778349942601,0.4479682967017964,0.41442998649461216,0.38979389386627616,0.4975627890609437,0.5290965913773014,0.4014239691866286,0.4096864486983135,0.45181011837359253,0.4127899537215304,0.35036937414082153,0.46133345144489574,0.48072937521970666,0.5169931728681628,0.4416960776126072,0.4545117741039533,0.5566197461188284,0.47209160669382566,0.36843421678099664,0.4381105105320541,0.4715311329539368,0.39936187044636484,0.45116344953392046,0.4766241233474211,0.4687366588123869,0.4616724487066162,0.518268279241215,0.4326057397982701,0.47013867631608813,0.3749797146229845,0.4437066741155364,0.431492753867497,0.4234530705192253,0.3446582241440916,0.44981397241276483,0.44345961034855447,0.42983481867101736,0.4476523549726345,0.5494402718231823,0.45007310195781736,0.5676565865494732,0.4610089467038274,0.4209216331159562,0.44138620620366437,0.4125808319543643,0.47544042970624006,0.5324783788401445,0.5054730787069535,0.39812567822713846,0.4688594040663318,0.3932832351455268,0.43244699169507894,0.40377320833013175,0.46927389947442333,0.502803347581692,0.43440859256886805,0.4945722430855064,0.4039609465370565,0.48672962365826805,0.5347395045013812,0.41622246478610603,0.4417667045282106,0.49141816677299555,0.3909184321510622,0.5038751517061761,0.5259354833956099,0.4263913916890389,0.43610383879770637,0.44061554101373,0.5045683942676088,0.4504516807020805,0.45461717747461156,0.47432930332324585,0.5267347743176651,0.4639469538444384,0.48323683394669575,0.37349733576325267,0.5416799261298183,0.451685597169265,0.5544471779557177,0.3973942265869939,0.47273363195464807,0.4887439311312025,0.4325442651705214,0.4314689679075707,0.5163623720556088,0.5076042371104964,0.4887148134132875,0.514623668403955,0.4248455753316469,0.3787010960555408,0.4275030072901548,0.47977912130314715,0.3862038166944096,0.4820726744318965
0.43998270886634905,0.4853848157192515,0.0,0.4141454678183728,0.44184131618614364,0.5029648475886028,0.3662324784490592,0.45876166996948853,0.3863012793701546,0.5005049513320562,0.4744893118259585,0.44965327979883024,0.48223313569042425,0.3946227451245198,0.40954552813316675,0.5245365244851468,0.516001201670038,0.43544050792173633,0.37762515261423707,0.4235736237731561,0.49004460383769444,0.5878190113093119,0.38139369431375764,0.412976731692412,0.43373998982115086,0.39573874731475944,0.3734402140173438,0.41027035702356696,0.4088750326641095,0.3576148477979678,0.37390557238777594,0.4597433169204621,0.4005695900373012,0.38316771279779027,0.40123545518646686,0.45364629258806294,0.4153655438378988,0.4089222866431478,0.3888712962801118,0.44857707844120415,0.40441350923458946,0.5112128914361906,0.4037718978405494,0.401949663629746,0.45081800961806096,0.408424638189323,0.40113717684767086,0.4369806987147747,0.3992030641922526,0.4450963516145584,0.43135167733224367,0.4536880495799917,0.37942292966648267,0.44155956235751187,0.44187255256241287,0.40039723392237525,0.411692752967743,0.4826157673442125,0.38912996961318186,0.4313640190595847,0.422793190922244,0.37110452961005574,0.4833737218338902,0.3936512396237482,0.3850795699118163,0.40513481668523504,0.388256198699274,0.4090065234505639,0.38732981878458844,0.43484590015622426,0.4488393268713746,0.3564591056882341,0.4129215191868521,0.5054006375395367,0.4785565027378225,0.3313540129762732,0.42298004947806606,0.42162421807388756,0.34595362199589197,0.3088308379483395,0.41203414418575385,0.42197990252009965,0.4081164730006686,0.3976067248285611,0.4087164298613052,0.4533446746833356,0.38757993835980864,0.3353990967730555,0.3873450644131977,0.3562520170642754,0.4342320213758539,0.37901837148304734,0.4389881029388699,0.35595870479329655,0.4302342490842578,0.3951933163418543,0.35856969144242995,0.43206410334181533,0.35793238856776655,0.40645738153902644,0.327164109131607,0.41271746901107814,0.32425040229562796,0.3941066444276779,0.4257497978556519,0.4572888594410409,0.4344869273735953,0.44246183607425543,0.4200469558974325,0.4744096591983133,0.41714722269925275,0.39486243266744925,0.40169002963910005,0.3725324869173852,0.37887343119199535,0.4717402097171536,0.38192559140350896,0.4396924106394541,0.4767883073670334,0.39252112531419636,0.408207167831621,0.3449160844679816,0.4066452907966966,0.4080552727387233,0.3367004909507057,0.41732400042942486,0.3918831269063611,0.43666700497075234,0.4888223712743304,0.3946556485456386,0.3953014916940406,0.5370592136645654,0.31834156212065723,0.3821136831918638,0.4111903013089491,0.36147829397290193,0.34637824121571537,0.38445559216968783,0.44510115280912954,0.3606817712911986,0.3441258018718531,0.45533635814034046,0.4322536943237265,0.4695023764835442,0.4001733107436658,0.33530476065393816,0.4648998730815016,0.384819880745622,0.49088795068202934,0.3871089915087832,0.35733585051551,0.34724500594003815,0.3960289548397991,0.43537103363923324,0.4184574510474171,0.39033708898141817,0.4104490232722398,0.4337775578050351,0.32670642372574826,0.36900719441446705,0.4024625633655035,0.34090024265432844,0.33765270664825386,0.42603045368066667
0.4692007324756717,0.49325337516401535,0.4141454678183728,0.0,0.4082017665061403,0.47980824307870473,0.4460839430128572,0.47978256814838866,0.3932309108614045,0.4252734671918556,0.44422857822209094,0.4482583573048734,0.4617115194763036,0.4349085476805453,0.5062769214273803,0.4275626823647566,0.5092801410686167,0.48087056756736385,0.4654769531076995,0.47841552697455936,0.5477369233229371,0.4463066279270772,0.4412769715622816,0.43858923774681685,0.4761206336926693,0.4223169337434287,0.4104582454675382,0.4624063536632193,0.3896012815946623,0.3356786408030731,0.44464211453462066,0.4481543644248352,0.5920136562768097,0.47192735513009576,0.48828259113273426,0.50259882215687,0.44552070510516284,0.44618195227492374,0.4376684961663775,0.5494016007932332,0.4917230881210663,0.46645745292924834,0.44889096050865707,0.4855433925282718,0.48009611312828154,0.515081736562735,0.3638451108227934,0.4183333745330631,0.45186197754605406,0.5069412950655559,0.5796842737061805,0.5578496372583298,0.531496864549692,0.5551087034874955,0.4708793877953653,0.43972110172139406,0.5683253620723494,0.4510044620251548,0.47570421275997216,0.5923340915223438,0.547329675644631,0.43462957579839867,0.54764282536686,0.37662492528340236,0.5205966752475869,0.528146646301067,0.4927766978208788,0.38864152450789874,0.3726835294612747,0.45124631610821875,0.46895398461110965,0.4587314135532949,0.4386229888695906,0.593826110648125,0.4863923874544235,0.42278578096288977,0.4904710071659995,0.46081916084774555,0.4355788560733697,0.3533378457290008,0.43939815153868245,0.5633014214287059,0.4102123506841245,0.42830964674235594,0.5636717606362547,0.4679858853747417,0.49686584719787324,0.447117709865367,0.49311889391786956,0.40602833120468423,0.4573577385189769,0.4924518002646422,0.470151095251657,0.494705872159263,0.5249984497818814,0.39169340303400296,0.4228681086427285,0.47947619658286883,0.4131527651248231,0.5103382132556488,0.4239656351018386,0.47526481287493166,0.4420751129685163,0.3972302417863184,0.5202361797676293,0.4684252931296443,0.5286239432121009,0.42375221741242963,0.4870807188122611,0.4506273492926987,0.5189991830318016,0.48860714329695487,0.5221413799616943,0.44622998678203457,0.5127958834704507,0.4597939796573335,0.5290698513221338,0.37033133717668815,0.47109740215994445,0.43770049156599744,0.454648350471581,0.4663677010494147,0.49560720456429896,0.4846934382798735,0.40896136955530965,0.40779925757656355,0.4735018088743043,0.4447213850311268,0.5073873455303965,0.4720466044932004,0.3713614918536696,0.4874149014279557,0.4175083507776107,0.48791678033942537,0.448600100553521,0.41458299797922515,0.34569771063496074,0.4867991573557398,0.4656594038058789,0.4489445479919875,0.47700591285870825,0.44463699887669916,0.6088319447806597,0.4923171893340641,0.4455068759628817,0.3900786811173222,0.4591148685891612,0.41674952110347696,0.4131360505394468,0.34875247152577943,0.5061964680031317,0.4710275757441848,0.44449911016141586,0.37273664204887974,0.47274973693094513,0.47007548283922435,0.44157396267716087,0.45481756094307624,0.531025855201842,0.43966155326371203,0.4560842966354388,0.4561712978575973,0.41570839058206477,0.458347035953403
0.4980639107086054,0.4046557788818892,0.44184131618614364,0.4082017665061403,0.0,0.39793836495711543,0.4543490056847469,0.4019987945978648,0.4320243864751685,0.41414482912797856,0.45521227106148715,0.3679825379396387,0.4650191769619376,0.45136148180635877,0.4713464000652671,0.49305430230891234,0.4792411228493094,0.5355235899659296,0.35104231905156186,0.4279639021972395,0.44877779695262165,0.46561281843228747,0.4673984646805607,0.40196621820947387,0.42806269841175976,0.41629328829199336,0.4268138369085645,0.3914697972452882,0.37730997020759116,0.4244349551365492,0.43631310918858685,0.42570541526020433,0.4171395284073691,0.3820271647871323,0.5325947512262613,0.45480269886574787,0.4567062289452363,0.4551482070129051,0.37155005934194957,0.45932466011469447,0.41064035875086036,0.5056516604748704,0.4785255852647688,0.47773122358792075,0.4181677099379048,0.43065837794636724,0.45145718098676313,0.4619993238524633,0.4694883963249125,0.4730368011759653,0.4543956447220194,0.41432899738569534,0.4068635633016945,0.3895207242281369,0.4224210591190127,0.4116830430065553,0.4089087563187346,0.5031713666044951,0.40801409275101436,0.4438120486569806,0.35672763537677193,0.40638453526058893,0.4463217878341753,0.4266828509413862,0.4145639318452932,0.3715035395107847,0.3924089617862762,0.4261055116761023,0.39895964794382155,0.47470785401302895,0.4614939018475639,0.4362245018645792,0.3845740924610565,0.445941844705927,0.4101157166782942,0.3739547059907801,0.4062030175895225,0.5293450432066081,0.3796422941169481,0.34433032902245564,0.4155321147662815,0.4349240913401889,0.44796354407017996,0.38438436352330996,0.4268058706806458,0.4185211464071672,0.43312795141056903,0.4038870394999198,0.4127820149108641,0.35662566418062563,0.5957162836634159,0.4611171948760013,0.5155669368457845,0.35040703231747533,0.4454091236725126,0.37593916154949947,0.3209045101100019,0.4108368461643535,0.42533500941650393,0.3910546782635894,0.3838479842048773,0.3970727723557605,0.3836710468101674,0.35970453371204497,0.46011935448777797,0.4617555992864615,0.39381881950677267,0.46202205031200194,0.49977130530795083,0.39469428234970755,0.39963660383192956,0.46711999181692293,0.3986134036592524,0.43543355425480906,0.426796767024014,0.44004499672763053,0.41968216743012005,0.4179409212622437,0.37385722513140296,0.4355467061185941,0.5226563117455019,0.3848784695880502,0.40201581524913277,0.4671998498433339,0.4070483661424202,0.37810644880558425,0.3724999866059681,0.44574623841671945,0.39628254207416275,0.4500615460823709,0.40834381220463184,0.43079167824281595,0.3439134420562881,0.3921229159226616,0.36482247800424866,0.4308986219325874,0.3739804024508849,0.5159819534434863,0.46125970214759304,0.4449681122877091,0.369962124031945,0.4806035461020248,0.45013225561893433,0.44718597824262785,0.4400995727360137,0.3856761337181941,0.44602315909460927,0.41173892608831214,0.41602267855703784,0.36213108726240273,0.39451699201729495,0.4028195059238815,0.4131751906632071,0.41524712029679933,0.4253473092363899,0.4342644161382387,0.3739147275108155,0.45985931711740735,0.405633950094512,0.3993186459793096,0.3989510319574416,0.4095553542114694,0.3687831871385719,0.47924358068599704
0.4517518627877059,0.6258947067927754,0.5029648475886028,0.47980824307870473,0.39793836495711543,0.0,0.39709137192023325,0.546798469805703,0.41264673402948726,0.45109490481954634,0.5187973637084068,0.534732048609888,0.5025119129844718,0.37241893986112434,0.4821254913572377,0.5004176407321647,0.48736613584556315,0.39149066607452887,0.4752592053696403,0.48981936458381065,0.5345908773810334,0.5434708433041481,0.3731697155065874,0.4683077701074636,0.5165093369576239,0.3743020324344176,0.35979227452635104,0.43302270104925733,0.4338031416039253,0.3652222778700474,0.46440696933263703,0.48225577365276245,0.5207451629488006,0.40438683825890176,0.432191815858216,0.45069510018324505,0.45574502443409015,0.41583070060205074,0.4466856874964335,0.4372774594434166,0.47319304812714336,0.48896947798789137,0.4052108023300612,0.4859600858852826,0.4508944604423501,0.4194250649295331,0.37044342569471245,0.45573168888788085,0.39187467012541294,0.4405807411678655,0.4492120784151091,0.4959976601266138,0.4389469734796071,0.5061076948050729,0.4280560934579262,0.4676662961385306,0.4721711232858496,0.5535214807229364,0.38205573820811284,0.4389496145859082,0.5540822256275519,0.37623943009506094,0.511475013636722,0.3483488321552731,0.3987279220062683,0.42018926170173276,0.41924676786169296,0.4140861351173423,0.3370387655087515,0.4720368449292581,0.44997828207124696,0.3644200395020744,0.3963992130688474,0.4927199717751197,0.5242716916687349,0.3717871903521657,0.4269562305845805,0.4337982439993417,0.3831198082169642,0.3809021161791257,0.5019606742152952,0.4484267976515484,0.4734664965016336,0.4521936231531374,0.43514353779556075,0.4925895534825422,0.4866886700781322,0.3448170890689033,0.42983884944648826,0.4258436734247009,0.4139184529349125,0.4360374494482575,0.4614935121781876,0.42405010498022044,0.4208912386726327,0.49191814604878603,0.4064055587769271,0.46945779655193975,0.351157194248909,0.42082822896550104,0.3942962550354248,0.41433579522829933,0.34377000847502537,0.40794393353173863,0.42787740622885717,0.46152618543643575,0.45762131200430495,0.5060130074194904,0.4153682127908383,0.5494740974582127,0.4669179109364316,0.39003081830725755,0.4701959720074635,0.4071335704215716,0.4313364097947443,0.5132018087599673,0.4737524491087623,0.3711306024326822,0.5314395128408379,0.3910013739006975,0.42694691969720716,0.40673683725368764,0.46043437407853227,0.49038888628122135,0.4177121314581408,0.46648400727996353,0.4049968255589289,0.45681232567069435,0.4918350489463313,0.37913977174856733,0.41915052954206977,0.5684042628080482,0.3905864180093616,0.4610427711494795,0.49507306858456773,0.41327802932966706,0.41726786228081963,0.39529982425268034,0.4480549496034476,0.41104212986291155,0.4414573519300959,0.46369476686666744,0.4539545624937787,0.440059054770913,0.46628256645331884,0.3547097299669134,0.5246423976154057,0.45815203801171406,0.4808036809104716,0.3863488303395899,0.4409788191783756,0.4333911142735749,0.39470421624974994,0.4048188407059131,0.5307223762047263,0.4781427932978124,0.4898059689004941,0.5422256579906327,0.4054000970279124,0.3881986187496163,0.4046575929178772,0.4398358029626202,0.3675276550906856,0.47540892116830613
0.4505179639864518,0.41249056260443545,0.3662324784490592,0.4460839430128572,0.4543490056847469,0.39709137192023325,0.0,0.39186433546867794,0.37152220593036805,0.41777256455017703,0.4031604029039145,0.43605889539247705,0.47181520900109675,0.4350853529108481,0.529692780900987,0.4040198400841747,0.40357844440238827,0.4481250628614486,0.3916825164779703,0.3862968721284121,0.419373392192447,0.39891916966103885,0.5196566297874134,0.44097090338196643,0.463279690163473,0.4475518977283734,0.40305128668971557,0.3788179047425822,0.3787692796865286,0.3817973482163335,0.4686085087332873,0.4975300980032043,0.4793204183181497,0.4926314006797155,0.4439829214853291,0.4341010453194171,0.5049973065802063,0.3855643616032363,0.39647823865323084,0.5194706003231033,0.4329014180094778,0.4285228686644304,0.4922966675775732,0.4824586297611872,0.48934947299075693,0.4714287092715419,0.5013181526290782,0.42817365103384525,0.5836752485847257,0.42817840585614836,0.5300198936674482,0.40662281527298166,0.38004296277840066,0.4323466355974256,0.4941203488509879,0.4355907571732841,0.4116999244132888,0.40663846857639674,0.4852301576515982,0.4453757283892135,0.369604786949186,0.43420684258308884,0.39570870124499274,0.4085411738423932,0.4181178149420655,0.39186298833327865,0.47503993953317464,0.5026398883684089,0.3842999423534972,0.4037106859572945,0.47870419792367125,0.4157754243008748,0.3757038808159057,0.4923928895288181,0.3420696836534501,0.4439658868031985,0.5381967716560522,0.4963161554998087,0.3900920635012013,0.3551585736106119,0.421529139651515,0.43181085146571196,0.43806824479788675,0.35114113519941603,0.4085586127914314,0.4059782355433913,0.4176657113142315,0.4741507599468869,0.4641064801775395,0.3885900158830005,0.4711562710178195,0.5607563985088113,0.4729393275170593,0.4072624578877093,0.42395626039278805,0.4335925565325475,0.3338369428648201,0.4727659141233827,0.40914034878908934,0.49701712675084186,0.41955176243131526,0.4588600515786812,0.4743197363322274,0.39414653506985753,0.41239429722588583,0.46796948642588493,0.4065557569535765,0.40568656107133155,0.5459012402585728,0.4302072480075442,0.5263910509437202,0.4320656244420617,0.43881541775310084,0.3653146171655175,0.4251652109899284,0.391081095212113,0.4443717708433269,0.43778836903451085,0.4065760624005831,0.36962342147351857,0.4164177393206247,0.38444620987352757,0.390348426162337,0.5241712946622682,0.3712537959845694,0.43798322763778513,0.3936689372423522,0.487361527438701,0.3999210416006754,0.4572514609331489,0.35219738588218485,0.3603160512465526,0.3507520636124615,0.3585188743163882,0.35834244054079245,0.4278849463776584,0.39916005226018103,0.5053999637220624,0.4325324916533985,0.4646584188155965,0.41586453658208566,0.42599897379761853,0.46772775424395985,0.3982502624699459,0.4503392322739111,0.4823625789136469,0.41844218280148654,0.4419205970190606,0.40052227570323307,0.30858990127016844,0.4273309937776277,0.42503936540000803,0.3613048438761335,0.49527685395258286,0.4706933769401961,0.47003901976756757,0.41360908656928325,0.4918177949117712,0.4572827306772219,0.4794931222219181,0.4205157692488461,0.40233408710689655,0.3805601969844719,0.4041102255818076
0.46997727503403264,0.6003312104569996,0.45876166996948853,0.47978256814838866,0.4019987945978648,0.546798469805703,0.39186433546867794,0.0,0.5018147278091548,0.48431720924915234,0.46712005137880547,0.508165572296926,0.5002693464910958,0.4073533751181151,0.5022230706447987,0.492175093876621,0.48158711842216473,0.4550362790270493,0.4751952970921773,0.5060854046239062,0.5204917759767946,0.46371096893869607,0.4294624635285251,0.44351463041149836,0.5325881167695614,0.39059100967342947,0.4350051728113134,0.4570304005876473,0.40198365170837214,0.399974672710403,0.5670490686055563,0.48281232680386077,0.5172079734971166,0.44546296569948524,0.4685548109104187,0.5157045849308052,0.46059805450908364,0.5147547131877499,0.447075393718259,0.4874688037286856,0.49345288935184006,0.49574871733638687,0.4438318109359808,0.4431395674813455,0.5614979126635478,0.4827018738188109,0.40078675220065296,0.417961940731917,0.4470983722583234,0.45724808871331346,0.44707056800388484,0.4400547392443933,0.456699329589356,0.4395859615752241,0.4400989881464497,0.4857750016142419,0.48442939836899945,0.5765416931226348,0.45581215683248,0.48553365462871056,0.5502491106756123,0.39707760112314977,0.48765055920536454,0.408460892218762,0.4149529535557699,0.4339384019811981,0.4526332441082314,0.4019557182390437,0.3950095016977079,0.5983155975660887,0.45454517742722544,0.4315080482329596,0.4091818780179507,0.5014948238416913,0.5755113665865373,0.40597933747990084,0.44561211101489356,0.44469939145644843,0.4835870530840501,0.3536165113186476,0.4899309723625417,0.46737174120732794,0.5167794758999579,0.5213987924201147,0.5142668314608253,0.6284291108033843,0.5578781300642982,0.39610239609282866,0.5188685594527038,0.48935959526763706,0.41579221447121917,0.4641319642109828,0.4645289941422777,0.4237347800197026,0.4827033611670932,0.4592706727705621,0.44024334064086,0.5213127637891845,0.3901232706417727,0.48246589361041714,0.4250959358438676,0.48913334819805804,0.379684206665409,0.45862577248858255,0.5122317707213608,0.4984803478338427,0.46921620332784997,0.5750343531285775,0.4623357269991192,0.4767801482682601,0.417100993217251,0.4560827819222936,0.46829685968812274,0.4835319479292247,0.4937880561884673,0.5234617009697844,0.5417514253202413,0.38835828646023846,0.41844060746797296,0.42778658260592567,0.44754663105721737,0.49268717900330966,0.46049754645272545,0.4863512745779181,0.4341729442629806,0.45159146761183944,0.4048194675597207,0.5205414750734769,0.5149208044566531,0.4361844669636409,0.5126941836862167,0.5051906147434436,0.4382199491816861,0.4649152089980955,0.4724619478359733,0.4094712173261093,0.4428796427600892,0.4419587699733606,0.5227459786827564,0.49513677633749165,0.46219137159770796,0.4601407609909272,0.49285387162061073,0.4839709039131938,0.49295339984557135,0.39550726205590303,0.5491745513222509,0.48961111228961784,0.5323075272827525,0.42122969986916803,0.5074976541540213,0.5025894686536131,0.4182461114744191,0.42729746511615146,0.5969241251349857,0.5256266143672867,0.4638552601578691,0.5342450697707668,0.40399189601919533,0.3935407135387988,0.4506508669319989,0.4837582556700731,0.43907756172008605,0.4772808439199243
0.5281630664119379,0.4498862830143753,0.3863012793701546,0.3932309108614045,0.4320243864751685,0.41264673402948726,0.37152220593036805,0.5018147278091548,0.0,0.3845868942392273,0.4174599817809218,0.3957789323234629,0.42961020358394186,0.4713632612665173,0.4295528801406203,0.4305158479198549,0.4258878282045509,0.5255886386446664,0.37340468232648083,0.46885942624403093,0.39667339316026273,0.47038477680224783,0.39225570513281105,0.37484968826041726,0.4215705548418504,0.374850520960068,0.441221916475133,0.4193219809558144,0.36211921702647815,0.4575064525220486,0.4911988264936419,0.4022698382017259,0.4203540739242141,0.36230010334202195,0.4859071718579912,0.40161691621578666,0.39973233566816085,0.5424295163584114,0.3774454161378238,0.4123890358781984,0.40378315201182335,0.5166963142246273,0.39425184591259116,0.39961603592395767,0.42840230881064517,0.4256765499276023,0.3772662335497453,0.35985397728465857,0.39812474001676673,0.4224222309148689,0.3892947537619284,0.4003443527208859,0.45018882807529415,0.35524680011281773,0.36812082538434926,0.5007272917543634,0.45009907871156146,0.4701610198823195,0.39088902853108404,0.4114819000901558,0.3882762252207181,0.41120955136241877,0.42533885549510064,0.403257258831798,0.4249835063588656,0.3981639647190366,0.4289256736720162,0.40739721521663763,0.38394930187407716,0.5208227171466776,0.4828549544385369,0.4431594151679995,0.4402577349863088,0.39514801846611397,0.4962471400507579,0.40702270552173936,0.355758390861921,0.3746553200576677,0.4597935984083747,0.360863919588059,0.43630120267006733,0.48398032547489483,0.5035996188732745,0.4473664582837443,0.4606847833197085,0.5508715146245905,0.45736891041056754,0.40842395194413694,0.4471488301303306,0.5515274386629004,0.4779448290809188,0.46149379385482625,0.41834924235364723,0.4044171140470729,0.4969080737968317,0.41627760436156924,0.39388242419711694,0.42837738498433325,0.4584370804705621,0.4060438888100032,0.4232947464261145,0.3657560899740692,0.3787060152477967,0.38078427809013,0.5054501992822996,0.4404125407075267,0.35462946316170835,0.4880123485004138,0.40766910419873137,0.3673747368637983,0.340103055671844,0.48532391889749316,0.41891825820895257,0.5300868063184704,0.46642536288726555,0.5131209662072067,0.46370499525026965,0.36040044055869197,0.32734321812733336,0.49149020034740315,0.4854025904388476,0.4429602978715623,0.4300069866485396,0.451815184874936,0.5395933251812857,0.3769590448728456,0.39027222428204633,0.4166976372753071,0.3767744860111829,0.42755804165670636,0.5923199094414429,0.4488294272889818,0.441555369226768,0.5319728540298679,0.386484470062253,0.4307208384049785,0.4186598152572872,0.42321577135700306,0.447986457656202,0.4615021205494323,0.4125636235932836,0.43291491761588674,0.45287434073827526,0.45225051035636626,0.42901476825145346,0.39123505537336506,0.5235555045401847,0.4091908024427987,0.43460178655195475,0.40804376973500106,0.48030433859016686,0.4363532353909854,0.40324218414193297,0.3775990766375924,0.4474410201868,0.4952382158411073,0.4138442841914812,0.44007430893229404,0.4336445818202437,0.3878272303913683,0.38169270864312976,0.5084962321034373,0.45604287589272313,0.527317561843478
0.45025103793756655,0.5200734561457355,0.5005049513320562,0.4252734671918556,0.41414482912797856,0.45109490481954634,0.41777256455017703,0.48431720924915234,0.3845868942392273,0.0,0.41488433501724215,0.43017762659779785,0.4874160574261751,0.42864387725705455,0.43121322378838955,0.46734199453805597,0.4297242826401585,0.47522295762696876,0.3811363407067927,0.4096820205510415,0.4162020636399155,0.4310377316454815,0.4884096922056493,0.3800490510932767,0.58840588931266,0.39506246533064937,0.43231976431195157,0.38995455304035403,0.5339877446634427,0.3675856512017306,0.4698760980015438,0.4896657270822899,0.3951126476415874,0.40946371126698267,0.45469827463564577,0.4469244170184405,0.4985615410915624,0.4213641632900771,0.3617138399377925,0.4512413364592804,0.36620233799365554,0.45436077882351744,0.44186425210722513,0.4086647568560303,0.4765496101290832,0.4232327178114914,0.41317530363166244,0.4484737049575808,0.49145750548885025,0.38618111744056166,0.40862510660128587,0.37849673320505645,0.37696195795883586,0.4199116992201954,0.4943131302017233,0.4687422204730914,0.39248200880254003,0.42020916704082817,0.42908394514067844,0.4280852883689786,0.42925067264657135,0.386482659841212,0.3910651476204092,0.3931700867085772,0.37278814446643105,0.3840846544067477,0.40823198951003414,0.4247798294295886,0.3995975580636256,0.4952232295762761,0.40687189851650224,0.45277743164318507,0.3556371229017615,0.44993257175225015,0.4058758092524308,0.4240211765444584,0.3984945482002526,0.49921496691068273,0.3700278301856589,0.350471355390593,0.41495908492917094,0.3980574539682118,0.46791496095683555,0.4343925483793471,0.42279082088800796,0.4382396254914705,0.4657824694469335,0.41583632645131713,0.4997925484076712,0.3760038457970263,0.40954597683851984,0.4269722775083853,0.45885331801527035,0.35520486090278947,0.42692863323711205,0.4834255388984418,0.32441565317915505,0.46256705376818924,0.4057561213717871,0.4348779547858933,0.41435290739355496,0.43758612696264,0.3766558460688779,0.4822206886907527,0.42162448179973355,0.43501292963118804,0.40748738872310813,0.519584229881253,0.44832455394499465,0.44542563418027187,0.3928149246313272,0.4133507335845715,0.4223345921809809,0.4299807731670742,0.41791627802468345,0.41829598124472456,0.4607485671613164,0.5124396622270352,0.4167615590349806,0.42956961894278234,0.38742940425253647,0.40373811319917674,0.398157292711367,0.43512598512286654,0.3821513666610036,0.496746643879052,0.3676277977078604,0.45271672988581074,0.5099778313156637,0.45135282907769747,0.44659981661776244,0.3901732722493885,0.392058366640651,0.3584287562023869,0.38285736678830723,0.3705209002533869,0.4105614308989595,0.460705104429507,0.5080588828757784,0.4193888214730596,0.42357618013675163,0.4948899974071282,0.44619916586483843,0.40829868893432614,0.4574957353939037,0.40890144550057245,0.3831368536875429,0.45927450490505356,0.6267880190814995,0.36664908930485796,0.38341349219052606,0.4639856156580089,0.3508388899650262,0.4344210880134532,0.44999388586132616,0.4401759543367508,0.3720902601264362,0.477123388674714,0.4152640822241303,0.43449380127988874,0.4908467151205402,0.4493850603522418,0.39093805816600746,0.38286562882600483
0.509435749217111,0.4983720132653865,0.4744893118259585,0.44422857822209094,0.45521227106148715,0.5187973637084068,0.4031604029039145,0.46712005137880547,0.4174599817809218,0.41488433501724215,0.0,0.48339188930745614,0.5080591692689588,0.41607352169712325,0.4679172685575265,0.5859251981625463,0.564018942008065,0.48377111414376245,0.4602435995196958,0.4911953654774404,0.49677188636255487,0.548123210216126,0.4142707770932397,0.4686072612814997,0.5131130868947239,0.3937216753622442,0.4327544952149395,0.5129316751102599,0.4681958494029779,0.4244937016358807,0.4379054577924513,0.5008063239856362,0.4542682642394017,0.40531856009265993,0.4719823093874268,0.4772553121218901,0.47529825482926014,0.4654603325859876,0.4624467692220941,0.47642697294461017,0.43938282469553674,0.49011632077001777,0.4426656065580284,0.49411129522706404,0.4442022729511527,0.4298293388959837,0.346330334630903,0.5172138349345297,0.4575389889282803,0.43232402183089036,0.47544901356744235,0.4252952087747664,0.41970635576127696,0.4795713324362651,0.5105563817015294,0.38990610974194667,0.4996681886149987,0.5768075301519046,0.4249333085609619,0.4622115844862989,0.4949777858218072,0.3528705909159059,0.4949276660165367,0.38872509512948866,0.3730756674898719,0.39965405614185945,0.41560318976489613,0.38690575713068415,0.40778134859193976,0.49370756786966513,0.4427586839253884,0.38776349176770614,0.41588438907034453,0.4834749557458474,0.5284963825160666,0.4033200545784188,0.46835075832977485,0.4388497903801947,0.3868817084736126,0.36381488444811905,0.4479536800757252,0.39810260340489995,0.43243378087291207,0.44209715218334317,0.43044368418354717,0.4473952062612263,0.46907189905381486,0.37195936730360574,0.42218683916980904,0.3792342353542967,0.4990839722177049,0.3785480763773366,0.5683943778002613,0.4465320058238439,0.4278489248541429,0.4220457621170703,0.36293173799210793,0.39156053489311304,0.3539610741800217,0.40012071350697204,0.42416505717984093,0.45481640448725874,0.3408579544144052,0.3698743222622455,0.4499118719079563,0.41329110379054745,0.4145946502731354,0.48312676564653884,0.4267651690649175,0.49433305503202357,0.48209122249906117,0.40978308843863753,0.4303215336472566,0.43434678720531555,0.454154515668573,0.4878265226314701,0.47003738473967677,0.4409182509358734,0.44941308890247106,0.4024178249211823,0.4645852007877126,0.3684408680490169,0.43933949378301024,0.5010538183195012,0.3981076219247563,0.47185257070687653,0.34585172547711507,0.460563031004369,0.4778553153049645,0.398663791625961,0.402160253490715,0.49868965047138947,0.41081832698527226,0.42655234767874645,0.48001671534400014,0.41791464240510534,0.4135616931883304,0.4199200128483018,0.48123219877017614,0.4364225337904673,0.4246077511476267,0.4798554788600689,0.41186180424594204,0.43890214695188606,0.49885305083383136,0.3348493940445612,0.4299485530157935,0.4158745782077957,0.4492272432615236,0.41929508173440133,0.49710597283325697,0.43288002110161394,0.5166068052726196,0.3837595356067096,0.453155878560769,0.4592408541970911,0.47794854928886527,0.4582311127927066,0.432205369194072,0.40507858008766034,0.3916807619752284,0.4447051064431882,0.3441392456378824,0.5576124020623677
0.40884008585972226,0.5665279508278858,0.44965327979883024,0.4482583573048734,0.3679825379396387,0.534732048609888,0.43605889539247705,0.508165572296926,0.3957789323234629,0.43017762659779785,0.48339188930745614,0.0,0.40509876880328055,0.3188196746672016,0.48397129255457183,0.4421927687788783,0.4401365568917775,0.37833086228290824,0.5445352819573537,0.4351922725626328,0.49957432349514447,0.4622373865774844,0.3943886591738145,0.494232363125183,0.5008881059201318,0.35512894999991057,0.36555740439746803,0.398916706337529,0.4304912844311441,0.405454298436854,0.4840762404766232,0.43661595543039455,0.49065621105364376,0.42697178028501154,0.3850720267591166,0.438070740693702,0.4334091134973484,0.4062627541052144,0.5400946958496031,0.4421469462856844,0.509470434092273,0.4157591949548763,0.4220953678740079,0.4468183083592835,0.44648959419754214,0.43800687322815474,0.3844617997777311,0.4417557069790586,0.4145030015451993,0.4084244127237589,0.47442706701425913,0.44460518790653586,0.3968291873417042,0.4951555267092715,0.5101308546483478,0.39699306384909533,0.48006531317593876,0.5203543071611475,0.3697367355527832,0.4482100024792627,0.43706221278516677,0.3407765953069941,0.44050740828624124,0.33435577632325386,0.3802884892649436,0.3950970089238908,0.3652419968400694,0.3624813807317614,0.3170516635002351,0.4172193728597935,0.40439072813751825,0.35057173754903453,0.32944250646507695,0.4466380100129502,0.44703550268220643,0.3712549937112355,0.4172684633033266,0.430817439590649,0.40297056136496473,0.34425877841383484,0.42754343459376,0.4237194229912508,0.47143848037618585,0.3787712157952213,0.40622608835869745,0.4726631200426766,0.3968192055145601,0.34310393793445815,0.43803938363888817,0.415771989972561,0.38611751766654673,0.4157025767237556,0.463536814892645,0.4368479441103126,0.3704467108535362,0.4933910367123466,0.37515069829423253,0.43675265179311834,0.319840251371828,0.4006185436630032,0.37546512941869775,0.42725285846006944,0.34937345921514357,0.47689575950063373,0.3883947471411662,0.42751208762982723,0.436250236785306,0.42979147975582377,0.4217813920837492,0.5259833782655897,0.5131021893734634,0.3839016185440471,0.36617290413679254,0.3758754317467465,0.4183607177649433,0.46224257978685035,0.4492014772606769,0.42417704757519153,0.42710324155329704,0.33228579283781795,0.3882135131708323,0.38100672423896176,0.38797247968555876,0.48838167667287224,0.3426440570755392,0.5589794149742717,0.33741170263246106,0.4898541283710581,0.4927706274898848,0.37003361560893533,0.38117141516610364,0.43079727447836613,0.3553884621436829,0.41197730016052125,0.454614311149682,0.3675706834184224,0.4590739148302186,0.40256696220809024,0.4239488162504488,0.46711208268974475,0.39656202726041434,0.3834939708585337,0.43267099453318475,0.3941697384905117,0.43577774249240486,0.36333287115447166,0.538174950031353,0.44520305484677053,0.4731396800937959,0.3644352571613073,0.4604600700752878,0.4402368019661302,0.4128765676206123,0.41035044287411204,0.5581605895383858,0.4243832084608176,0.45286769467875165,0.49706070437009314,0.3749137051437651,0.355805371611674,0.3557118808582972,0.3990699527033281,0.356703484884724,0.4467883551287855
