0,1,2,3,4,5,6,7,8,9,10,11,12,13,14,15,16,17,18,19,20,21,22,23,24,25,26,27,28,29,30,31,32,33,34,35,36,37,38,39,40,41,42,43,44,45,46,47,48,49,50,51,52,53,54,55,56,57,58,59,60,61,62,63,64,65,66,67,68,69,70,71,72,73,74,75,76,77,78,79,80,81,82,83,84,85,86,87,88,89,90,91,92,93,94,95,96,97,98,99,100,101,102,103,104,105,106,107,108,109,110,111,112,113,114,115,116,117,118,119,120,121,122,123,124,125,126,127,128,129,130,131,132,133,134,135,136,137,138,139,140,141,142,143,144,145,146,147,148,149,150,151,152,153,154,155,156,157,158,159,160,161,162,163
0.0,0.6552686788791663,0.5455794437515553,0.5477329823156325,0.4823665768006129,0.5505967972839863,0.5471662588807347,0.5598211767365636,0.5985626266157067,0.586887416504418,0.5789594172842492,0.5503630011562781,0.6275112224099276,0.5981176397652231,0.6288467155479038,0.5758832837306737,0.6010233270031164,0.7797808869124088,0.6166424373277241,0.7166090859174954,0.621826201244192,0.6263888476374306,0.5395215465661202,0.5925118361068104,0.6560474200318236,0.5103907330232453,0.526575805775134,0.5379442890593912,0.6055476418120912,0.5602871245530568,0.6367718249525756,0.6293954698765414,0.5991380232809913,0.5051366745514644,0.6543670279281157,0.6121687162189576,0.648520988773968,0.6286750201380198,0.5256500696163026,0.630601745963166,0.6021981147819633,0.5431292779923191,0.6965261129854049,0.6088921147707276,0.6390017970129801,0.6498134764629845,0.5509693382186174,0.5902737179183634,0.6318064040160746,0.7324247500251491,0.6913304300638874,0.5973415340919626,0.5570233305907525,0.6437738523827489,0.6341192560293434,0.5488832233210998,0.7563762414943638,0.5505763379213124,0.612975089694395,0.7024099872387022,0.565866159090321,0.5561812731942821,0.6128160537989983,0.5339482331328631,0.6503591969363106,0.6192959325853102,0.5452274922560204,0.5914722782738645,0.6113048798506362,0.5991611917501168,0.6561266476925778,0.6829263760807277,0.5425923176541073,0.6227457613204803,0.5864286078343551,0.6001887474070945,0.5078212614154171,0.514847820214419,0.579838887030376,0.49054822090057365,0.5225513689269699,0.6377944932948282,0.5854695264717272,0.5484045673146856,0.612700772544612,0.6075835152864447,0.5516506148597108,0.6364708686202323,0.5867828183635653,0.5195936522005121,0.6272684823243873,0.5931220366471358,0.7255467341073323,0.6482234068483218,0.6109161593970269,0.5863717272050064,0.554028870220077,0.5378389724774304,0.5306319692776914,0.5800235828315604,0.5970109263883037,0.5428583360392175,0.5432390649281241,0.5769313341865088,0.6981763572608493,0.5817264064338922,0.5816124210511945,0.5335782225967677,0.6611931378442506,0.6007846270028527,0.5614523208895458,0.587639982103103,0.5718502101668103,0.49844312212719777,0.6568381703254386,0.5856551728860521,0.5998398199852542,0.6299634139566563,0.5235759799046082,0.5084905030630708,0.5859202480664926,0.5195378605807083,0.5907778564426556,0.6316524164702986,0.5742008635202078,0.620579446038763,0.5137974024021472,0.5544600651282575,0.5844136220967447,0.6666800484333806,0.5457153070905255,0.5367286755022642,0.5379149478633692,0.5300682572632682,0.6037623269480161,0.5540245817765459,0.5989528696108093,0.6536174710399653,0.6046164063981936,0.6324699315153132,0.573488803951478,0.598445787806825,0.6465333760820957,0.5500074019930147,0.5837175146881904,0.5196675060952394,0.5544524867229291,0.5200563288853628,0.6637330738325979,0.44405132481156934,0.6355605698695715,0.5826920632937572,0.6374860044272459,0.55037106486252,0.5674746637602812,0.6341744024452286,0.5715226456821471,0.5316019143324321,0.6011092411105872,0.5581408278320102,0.5138095971625671,0.6544651978280248,0.49601165803383557,0.5968392951373482
0.6552686788791663,0.0,0.5704512978348848,0.604490048725565,0.4673659035224657,0.620940806355864,0.5316746440542849,0.5967557114155159,0.6334398283371384,0.653639207722245,0.5720358057973525,0.5765409832365462,0.6078453697528247,0.6168735698401198,0.5844214355868731,0.5726421763396753,0.6014524038116831,0.637281133351118,0.6009614154857907,0.608108244086285,0.6391301175372444,0.6378698230183736,0.5170676450695405,0.5794964350616457,0.6538456642331734,0.5074261551379787,0.5460592423569497,0.5278742521041365,0.7316532006222459,0.5571108954158545,0.619497634735427,0.580752607122452,0.6822913013256978,0.4872092811740524,0.5908044915345065,0.6162936366236955,0.616187139669515,0.670246757032118,0.5418970274910446,0.6365225113822522,0.6864576459850142,0.5864385026344565,0.5565586812157027,0.5937750662399577,0.6011928459000825,0.6066795692507699,0.5205858082012812,0.5513010331891308,0.5642813095264334,0.6075726711752908,0.6259104782826912,0.6055196279274089,0.5675844521998873,0.6904721067464641,0.6047609683818588,0.655248858966366,0.6710521975902548,0.5797443692287845,0.555276263851683,0.6709426408540698,0.6101116556467218,0.5677404097592947,0.5743432913818871,0.5172682766053979,0.5721403862062673,0.5731546610221678,0.5714785194935128,0.5647865459435545,0.5383218235074109,0.6129840176899479,0.6252235996661131,0.6348491911756293,0.5361690951883031,0.6056035155807366,0.6383200549764699,0.5640972052830557,0.4996718644336827,0.5478772769752793,0.5732303301843356,0.5471318386889649,0.5861924641761467,0.6447518989101266,0.6641996116495165,0.598495681474796,0.6369788476090305,0.6808158260538348,0.5618670411128873,0.5456124459057857,0.5898410599197736,0.6178691257207789,0.5988405562797752,0.6267474857782821,0.6497929703927974,0.6050877397185452,0.6694708298277522,0.661645011453595,0.5835548412455458,0.5768738472606252,0.5460978134236452,0.5832992050483897,0.6308463777733109,0.5181356040456431,0.5259057383766925,0.6124856837841537,0.649960003019559,0.5711963749496323,0.5845438584148953,0.5706239429292725,0.6464266139244346,0.63013971385032,0.550428792971108,0.5809585171445499,0.5930951989572318,0.5611438699883721,0.6260325827160741,0.6459773719138627,0.606610452880385,0.5295354992213547,0.5379849376833236,0.5805543264526526,0.5687664731292428,0.5730436973406756,0.5926126975684458,0.6702482107352095,0.5997792358060472,0.6794252656865423,0.5345757703255366,0.5663884554500591,0.627529646579822,0.631598006440329,0.6374068830879328,0.5843904835556682,0.5821102151566944,0.6033161444869447,0.5898147109813541,0.5221118991520044,0.5664953841724546,0.6023734087727928,0.570955392138062,0.6523764150484102,0.6014421516113049,0.6314602964058644,0.7060495765062248,0.5888949969989913,0.6240975201799288,0.47151234986409685,0.5891802648220366,0.5883448249208514,0.6630600633853915,0.496034791577497,0.5953735463848213,0.6470175929347128,0.6046441132230984,0.5604228307403704,0.6343188151203922,0.6559121407169467,0.5697321269082197,0.5936038668616492,0.6301163621235291,0.5446682197276189,0.5541652934454546,0.7236131665777477,0.5850607917483351,0.6066528281547316
0.5455794437515553,0.5704512978348848,0.0,0.5435594922820601,0.49837660463791694,0.6329908513595965,0.487094077373409,0.5556302704753328,0.499560433378579,0.5889462355023702,0.5533514074023426,0.5176554073504479,0.6298159533468157,0.5286832897396494,0.4840338334362477,0.6471907373326464,0.6366416830212415,0.5445570445599469,0.48031911176793507,0.5019936945037156,0.6828443491383848,0.6129209594627528,0.46602697664690673,0.5315979262599406,0.559221341341806,0.6081746864215885,0.4871149068099825,0.47244538066842817,0.5592116830509061,0.515704503377106,0.4756268298212975,0.5617447127466343,0.5458534619071913,0.453902504731962,0.47186978826546444,0.5504632559144543,0.5932979182065322,0.567832108695362,0.4617875385658698,0.5989797466199803,0.5558809560864436,0.6176302702931835,0.5535891617297923,0.5404918025696452,0.5547493896747127,0.5548613538839183,0.5781433556214718,0.5643701192964229,0.496130837684365,0.5578968465346099,0.5991146834215076,0.6610383574451826,0.462777372454909,0.6008225143101454,0.5283114715984935,0.6052942325871024,0.5540916944895165,0.6115382280473203,0.5000095536265541,0.544531787640929,0.5544355125354706,0.5636762206005352,0.6162401172710421,0.47967367820869994,0.48565983061452195,0.532657541305324,0.5404199908027983,0.6405446547425091,0.5679716562637287,0.5637830440084073,0.6141253133207201,0.49292767694690787,0.5370690946942923,0.6469135252388328,0.5783915820014642,0.4525853424619918,0.5323432684503197,0.5856472586392552,0.5162521350333342,0.5232930172544286,0.5776657252183935,0.5493501651028697,0.5964775147585203,0.5513522233472823,0.5905592492910113,0.5803804734296598,0.538696429311781,0.4926046600797059,0.5022812548580694,0.5285938761497893,0.634393950410679,0.505745017807203,0.5396521489395443,0.4802410105993713,0.5800109610392405,0.5628396870330512,0.49984764311646546,0.5412621640740685,0.47861327678634447,0.5398274988469746,0.4728965645799154,0.5345160353823427,0.5085071554619558,0.5173277210130736,0.5484405977241444,0.6531971318452316,0.6043049911732555,0.5508736890715598,0.5898529456921979,0.610769314353368,0.5229370052307052,0.5417490207297015,0.5993434566458401,0.504916716285007,0.5376964270512291,0.6377090985196976,0.49521600385040515,0.4745770015732689,0.6307077327084434,0.5288562375706829,0.5296614679667707,0.548091318448404,0.5571084054276334,0.5787398754844628,0.46435274173693974,0.5568287798506182,0.5619454102271738,0.5734511123496406,0.5926584322261934,0.5508858808295802,0.555834740895154,0.7139213216646506,0.48916824424966776,0.48995671820267234,0.5070023808017573,0.44946614011819325,0.49061454005292315,0.5101785216668493,0.5184485895433746,0.5137261027092823,0.47669491652530954,0.5950273401510685,0.55556565768153,0.5387086887736637,0.5677253524059642,0.485509113724385,0.5499319959264727,0.5394902501175228,0.5814629269571385,0.48099963602547435,0.4808551307256806,0.4743801301222927,0.5214975669522617,0.6495633571346281,0.5822144753130206,0.5529637016554609,0.4895330529918746,0.6445707734643117,0.4680444552733349,0.5198097968177501,0.5218713243804929,0.5063194971506493,0.5158071252596452,0.5366137802051846
0.5477329823156325,0.604490048725565,0.5435594922820601,0.0,0.44822456116495935,0.5734840720837444,0.5679645840181087,0.5929158556025083,0.5325862801614066,0.6274751412335107,0.6010194180252787,0.6037909188430848,0.5726325616817932,0.5522708701657311,0.5050544552759351,0.5503358237928769,0.5615605864201112,0.5290098953673893,0.5509203377904189,0.5026963863858737,0.5964177745250301,0.5607987291868904,0.554750733370057,0.5311345794883975,0.6593736367615737,0.550561898899761,0.5966618527066112,0.5367768943045668,0.597819148471247,0.5051250916465401,0.5430186614378039,0.5544997917535894,0.6258503618846283,0.535045193084704,0.5252361543082714,0.5905359545395321,0.6222112193424615,0.5620329372478146,0.5076383374957877,0.6127250248816408,0.548046708797437,0.5999482053804787,0.5044885297803402,0.5575247607863897,0.598621600134832,0.5161659149455081,0.4516813123319006,0.5350886461549763,0.5654881194716618,0.5125688977484214,0.5955063108087385,0.5447208874266279,0.44263299442462317,0.6780724723435098,0.6274146247302683,0.5875265757200147,0.5472276772067024,0.6071622762086156,0.519627089712615,0.5571422135764108,0.6029008605883414,0.4949162114405469,0.5068074739569071,0.48504434844426847,0.4655499074403456,0.4914384274488149,0.6265820495674694,0.5170139963453183,0.5152516432268567,0.6182753838219834,0.5333240979049829,0.5171320372101736,0.5743175389551584,0.6213743141113616,0.5468020230327273,0.47036818449010603,0.5550723487907389,0.5546554248578097,0.4992947021032,0.48548347690809396,0.4870515361145642,0.5877890639127398,0.5380020403293923,0.5199775575874341,0.620571944102126,0.5604193364675525,0.6188618922595451,0.5224728428840189,0.5322360230394048,0.5784121291516777,0.6083748922614267,0.6080395444937873,0.545290190323772,0.4904248433589629,0.6166106927352455,0.6232832823297035,0.4856482969435342,0.5905479138221179,0.5052696568612982,0.584437150435509,0.5467302546217119,0.5624892463872593,0.6073144600217734,0.5883216774781868,0.559720479218937,0.5170698617170641,0.5447905501841246,0.5732754697093398,0.5334909204490655,0.5893901879723961,0.6242398985804847,0.5728312156093851,0.6247615386163308,0.5767527328539117,0.5153078020356469,0.5801999829646138,0.5098903653569532,0.5013135511934556,0.5904366962598423,0.5951713668634544,0.4892043370715669,0.6103435893385611,0.5526673225141898,0.5749212921680217,0.4977376084442397,0.5958525079040984,0.5358515443038449,0.5586665098176756,0.6120425127970006,0.5125120908591299,0.5444168561087229,0.5301320868741408,0.5638193918833796,0.557066279930075,0.5363044070734664,0.4142956394462177,0.4576454839225331,0.5318329720571141,0.55569710160279,0.5578153299422511,0.5304104172362182,0.5725156944114794,0.6348706009909326,0.5766881526676247,0.5928833693835907,0.505510498455255,0.511187408935181,0.49183572336867803,0.5746482273426224,0.4645014503063956,0.5778128336968612,0.5006152085888687,0.5571605615005001,0.5297365540698428,0.6459198488169997,0.5971197809427574,0.5363926718471751,0.5982129557898959,0.6052712798671043,0.5689062643370493,0.4727046851808097,0.5661195871316776,0.5457675462414449,0.5657449308125756
0.4823665768006129,0.4673659035224657,0.49837660463791694,0.44822456116495935,0.0,0.4416019329540301,0.5141674114789554,0.4091289511406578,0.45731407253635287,0.42836675858202167,0.5499460057331904,0.5119403104707354,0.4432772436777908,0.4358582230298615,0.5027271090551261,0.49314264778025146,0.46351942095077103,0.44835343755945317,0.4372161774422029,0.4444664706990309,0.5316038572362823,0.5703986337014861,0.442152353821572,0.5626318821738976,0.4639967823786718,0.5111785040044459,0.420531106831588,0.3873942958573507,0.5006087451067182,0.49954730050407176,0.4655044438157936,0.4432369570576967,0.4620407793145435,0.40780150499246565,0.47298929536781925,0.4908280483761037,0.5186645338384838,0.4713584352562217,0.511508198058619,0.49284637987012164,0.48252793831160606,0.49751090145509647,0.49651263076642577,0.5947577688552186,0.44500077966780094,0.42422442322901827,0.4754804437906086,0.6202984378455474,0.48685993159703117,0.49381647381213245,0.5073997074768041,0.47848369518638734,0.3854641954546316,0.5126429653098711,0.5079547795341766,0.4499548981064661,0.47338071486600736,0.5103777829776631,0.42550090148467334,0.4468393929482218,0.405670270658573,0.42144662318574094,0.44764019534063443,0.44680754899082664,0.43957602330960976,0.4017513559314317,0.44037835073651665,0.5090367253702275,0.4356769966964948,0.4365055478954417,0.5123200472365771,0.4499902715358203,0.4297789689247552,0.4730727877120406,0.4118783137269794,0.3862267430951666,0.46077991072507535,0.5826704532299315,0.40912761327581376,0.4432267488360025,0.41261882500124397,0.4898303982476204,0.5133968210634072,0.39703509968691447,0.45976471217430465,0.4522205504352222,0.434869937389296,0.4318545832800126,0.38464099955286113,0.45582166976831623,0.5773450878093292,0.46082691405916554,0.5277234251782965,0.41332105342386094,0.47318204557421245,0.5105797520156544,0.3987283602671574,0.4253050288943962,0.46360461399104924,0.4034271667236245,0.4593802527390472,0.43028271372144955,0.4414688706915484,0.43835647413105244,0.43931125049906244,0.4500455711094842,0.4188875735624088,0.4244725954412874,0.4580866285144018,0.5297940050204442,0.5161590653734488,0.5046630226451283,0.4323186090596675,0.41162185082492725,0.4218480504416367,0.4628681311266192,0.39244094171275445,0.5033712995658274,0.4575819165881988,0.42091210285388103,0.6235107776301941,0.4175024634943627,0.4625017351930671,0.5017882529629142,0.46226026509163587,0.47691803292533785,0.41714011311424193,0.5210923857055949,0.445691154151861,0.4678671621984687,0.4154112287343317,0.464783355589498,0.41201184981406747,0.4736119512661897,0.4941671678459194,0.4456519653772589,0.4562283621478415,0.5258292176559552,0.45335174316678983,0.47589259100103914,0.39898612358862867,0.4961111504511037,0.4629975081031115,0.46560005344249855,0.5317645413078721,0.4520877103155559,0.5640788265597181,0.40568544154318104,0.458517563836523,0.39884801386866925,0.4614377347641362,0.4050365463830016,0.5058255712359608,0.4966473879460814,0.4678673432249398,0.46990618097750636,0.44719643958809646,0.47676758402268943,0.45269799235224484,0.4420600227125333,0.3779035817090299,0.44843902194635843,0.41725525929128165,0.5789673687897392
0.5505967972839863,0.620940806355864,0.6329908513595965,0.5734840720837444,0.4416019329540301,0.0,0.4754042295722483,0.6063730438092516,0.5129524346781562,0.6265649529852357,0.5332140919692041,0.5385941254556234,0.6319845376314598,0.5155678844631041,0.48148931953294455,0.6171491392502046,0.6221564749737822,0.5391236227273091,0.539470019010995,0.4998538849284073,0.623326948420091,0.5476264756229954,0.46253632440393083,0.5031401888395919,0.5823816280396875,0.5152916453769057,0.4859446232794339,0.508742207887951,0.5938567881410509,0.5471259580298168,0.5007501336207375,0.5892729239085638,0.5970671802232707,0.46335433095447354,0.4664605161601548,0.5228673192063994,0.5761924285150459,0.5642570287852547,0.46862097374753503,0.5573923767116433,0.5699596904736782,0.5694750941614305,0.5220159039119954,0.5254335068584575,0.5381810195753671,0.5783611258532456,0.5236369425300151,0.517827236287653,0.4870994010334678,0.5207379453638566,0.592761059911095,0.646458004509957,0.5072148125126609,0.6081747661319661,0.5342699430871884,0.6316354782127913,0.5761279293727635,0.6224341224802998,0.4777743028071294,0.567029015640334,0.6297199819911943,0.5802212967439913,0.6300577076019741,0.4390453762386535,0.48356394625234195,0.557850329204717,0.5182247726491257,0.5660341228134401,0.5040978065358888,0.5989415033079889,0.5707599958303817,0.49158331904803115,0.5033619361732845,0.6076244541603115,0.65997700879293,0.5095178047681319,0.5124809927644017,0.5444140047083514,0.544461461001937,0.6062616309028706,0.6599864558566841,0.5382517690048554,0.6378188568460089,0.6105006968191051,0.5865229342304296,0.5886834341894626,0.5587286814569014,0.4846629240269134,0.5778788779666487,0.5405018535392238,0.5643488734156592,0.5203318397848589,0.548871684484083,0.5352176207357167,0.5591604669927195,0.5827561620898086,0.5344502267381752,0.5444698216832898,0.46086067999521807,0.5646143017279178,0.4926425893440602,0.5320982741640272,0.48936480718888214,0.5408398054171183,0.5623974967148304,0.6083543359188125,0.6263519081145148,0.552274698277436,0.583119467986633,0.5783244587508214,0.5174537538452524,0.5005464204980594,0.6050907493926707,0.5283628239397461,0.5799147228766269,0.6657989382960938,0.5694818667377199,0.4604467193928456,0.5754671554202136,0.5423007792263147,0.4835315779347935,0.5935880704971059,0.5351906295189462,0.6372868622950693,0.46914402927675014,0.6318757914022296,0.5362844733762588,0.54787641747512,0.5968656010784199,0.5193822657893107,0.6084734603100941,0.6786662038588792,0.5354169757088584,0.5024598034772833,0.4863555707048514,0.44546197799334714,0.510322747327145,0.48171849074121637,0.4792855054301565,0.5431111540418092,0.5329448226901,0.5748823426376348,0.5713731926464084,0.5122187197741669,0.5411114603311338,0.44030525848727237,0.5228312430599582,0.6334135085070206,0.5735686233771364,0.48552108269459743,0.49956599662226225,0.5543655742783409,0.502102894693201,0.5301242291294032,0.6128858641074233,0.5569115854474562,0.5173519147911031,0.6922195265774507,0.49086174184752634,0.5532834002780804,0.5553397530430526,0.5584422802864829,0.5333085875739988,0.5188904400029803
0.5471662588807347,0.5316746440542849,0.487094077373409,0.5679645840181087,0.5141674114789554,0.4754042295722483,0.0,0.4530435755700558,0.47701347928633114,0.5356247548631599,0.576687921499131,0.552838269020357,0.5206363202316018,0.5245901437240328,0.5315030746933243,0.5092427988818373,0.510212835305783,0.5108022010738242,0.5020196256210169,0.4820161720238801,0.5450813791470164,0.5486602360174389,0.5799588856011771,0.5719957707680993,0.5699967025395429,0.5184756888866697,0.5190031167620943,0.4717024155255286,0.560286955547537,0.5008764131167638,0.5175491299058612,0.5564150787250145,0.520832897098925,0.5152884327780501,0.5300838031874293,0.5425444747169345,0.6069188778748444,0.479656032148497,0.5049407901749516,0.617760268803501,0.4809626356963607,0.5404458199152419,0.514123611870311,0.581434491039647,0.5308808448169042,0.48531032220209347,0.47353512802173975,0.5664512461361427,0.676664198826443,0.5223378262005185,0.6195441237759791,0.48625410012715414,0.42390998190010926,0.5999830450627329,0.6530768152645146,0.501615148159346,0.525546491195885,0.5054210536048375,0.5537732504670048,0.5357511852751957,0.4762020928425004,0.4633048035089571,0.45331597998721684,0.48166131414129093,0.4789704564113892,0.4573547802724348,0.5638912270764173,0.531546368014969,0.4841787500443899,0.48162039959631814,0.5195567040897865,0.5162404792931327,0.516033484264264,0.5800213670040227,0.44608114427302104,0.4680829220371781,0.575133076655659,0.5880862796547265,0.4286192382676762,0.46003994779109453,0.4258223314013903,0.5399038021137873,0.5093598045117579,0.419515050252462,0.5282150809916313,0.46320971788256754,0.48998605874306805,0.5554537356119914,0.46809130540572,0.4881370626247492,0.6005836120567829,0.5760064609819613,0.5900329362421031,0.4831366031438692,0.554172327209755,0.5433412508207762,0.4244726307003344,0.48337380580706063,0.5007422680197047,0.5212365437389277,0.5358324038121324,0.5056221510321516,0.549046078559504,0.482295941274025,0.4953445602818007,0.47239066792010104,0.48046791551691836,0.47061373278212826,0.5264263501538387,0.5899716968851375,0.6864721030357315,0.5393491535719057,0.5310658527877555,0.46124298738978287,0.4618545109132237,0.49516504034847214,0.4583684097274317,0.6027247665947428,0.5145526467987799,0.47260025604411565,0.5256241478974147,0.45492476095379564,0.5043549048034656,0.5633454957091724,0.4831479772449102,0.531347167888081,0.4926389983172374,0.5421964053459705,0.5036339555628034,0.4988940640506518,0.4475414533616,0.45612448268765315,0.4715435168154809,0.480561317723544,0.5084888426664302,0.43090658987646463,0.45005844873074297,0.5646299905362997,0.5080597754394701,0.5127236937467654,0.4552702205295306,0.5494959967308011,0.5927692389352222,0.5092317554009888,0.5532230450189057,0.5387002733970729,0.48481447097813446,0.44241367816161187,0.5052715222015892,0.3985135188677974,0.5289216124124368,0.4543646326900069,0.5468080088548368,0.551168651576278,0.5083872560679374,0.5267827497094177,0.5339717648071288,0.5119071766610835,0.5762529370723055,0.5917358131473215,0.42214344222650246,0.5081644429490155,0.4535165002558907,0.5535544635970788
0.5598211767365636,0.5967557114155159,0.5556302704753328,0.5929158556025083,0.4091289511406578,0.6063730438092516,0.4530435755700558,0.0,0.5708968917672269,0.5984564969210999,0.5395295617281705,0.5427826940869628,0.6127575402004831,0.5327818191556678,0.4912509144708014,0.5776199593646306,0.5690544578848389,0.559321583489914,0.55376534961811,0.5544481716159313,0.5810565749178331,0.5388755817764301,0.48296077092209133,0.4915434833871068,0.6173851609283837,0.5139631028981951,0.5551432611086661,0.5392722226943498,0.5423473762564295,0.5132274507905611,0.5553324685666886,0.5548265736995475,0.5806498246666101,0.4918526242005457,0.49861374648850604,0.5588490695280123,0.5938484478903562,0.6390020954358989,0.4968252473834439,0.5430396339706139,0.5588323553992741,0.5364691219299833,0.5365579230055566,0.500948031908963,0.6311261175140792,0.5810176610405122,0.45564816884825504,0.5039274896605349,0.49721524416466195,0.5324231091343371,0.5568005263389825,0.5519196875512761,0.47775141765331874,0.5885511328348865,0.5501266048120285,0.579841154740177,0.5852208482599613,0.6010079621619221,0.48827395429536985,0.5854159808024973,0.736786429904707,0.5423171631698955,0.5744084577172034,0.4716798544126248,0.48550831617786666,0.5648137746679492,0.5664757090055885,0.5176282950845067,0.5398935294627263,0.7767213220032969,0.5591185677783503,0.527709910611748,0.528994545884892,0.5897193391435805,0.6769731404092839,0.49902235683755336,0.5089175332268038,0.48617072461840055,0.6165600682759796,0.49197425727815125,0.5418997845773081,0.5719049150023472,0.5534713320035546,0.6745815440998206,0.6173362264360304,0.6597916430277755,0.6972911641850406,0.509892279079952,0.6039948636959495,0.5924751214381669,0.5411310277585408,0.5324806450717651,0.5249749658659681,0.5245896958780596,0.569594136650233,0.5751558512359216,0.5872279477775744,0.5646045404621951,0.4756872733297474,0.5723192128465857,0.5354997271353136,0.6156701160337023,0.5228732324134879,0.5724835906575849,0.6195533030679835,0.5813838198382727,0.6193786791124712,0.5763372492345142,0.5456924286675885,0.5401005539158189,0.5022471728486935,0.5411209394504988,0.5895806376775932,0.6043965956008941,0.5863697894861827,0.5985486247201149,0.547563085218505,0.47606453230109425,0.5165243632115841,0.5708767372027537,0.4778047231837325,0.7232222529657669,0.5430411660068092,0.5610259789938973,0.491510198649035,0.6015093319019034,0.5185613038820532,0.5633029452559001,0.6014876603748295,0.5470745811333675,0.619883808969521,0.6014550172401404,0.6436128978786786,0.5369198769724203,0.5474918285120627,0.434964148955513,0.503480029664518,0.49935623058274736,0.5581142169012491,0.6007865955602257,0.5485479915741408,0.5582615105584726,0.5742422164880142,0.5501177914744869,0.5625017138924432,0.45498999219684266,0.5183499621309389,0.5454533167317679,0.6126094515220859,0.49430342339034333,0.5768586245041425,0.5273780343933202,0.5405086487206259,0.5023635178184691,0.6273666746139104,0.6498779151573472,0.5259603955166641,0.578421802733759,0.5102290738170661,0.5158867369203369,0.5113004268967227,0.5698485381626426,0.5681409080047867,0.5232701793454619
0.5985626266157067,0.6334398283371384,0.499560433378579,0.5325862801614066,0.45731407253635287,0.5129524346781562,0.47701347928633114,0.5708968917672269,0.0,0.5296284763927159,0.5438155034381448,0.5327066487650398,0.5093304045560623,0.5719754411226972,0.5670798389006264,0.500158212417063,0.4985031272450966,0.5707058360716537,0.5368156202788968,0.5884758959743064,0.5508228344128946,0.6244891158572369,0.4675226152679783,0.5072192338410293,0.5755386086622326,0.4655505336593488,0.5216325393437699,0.463369366323468,0.5674239921802497,0.5189709152444975,0.6649563924083389,0.4988001662490441,0.5678793194801867,0.44003395254141175,0.6126492588576907,0.6022361682095696,0.5647991525465264,0.6819297086463285,0.5652651919802323,0.5147227556154487,0.5811506969663637,0.5496132478676083,0.5249438579885152,0.5537601571447026,0.5492281698585485,0.5028190320383091,0.4505733434826058,0.5233584167969073,0.5109692142642549,0.576958887883373,0.5382708951413837,0.5000720946177886,0.49615419539982814,0.5832060707794512,0.5545276264937874,0.5675031145768809,0.5784456989543707,0.5423097423685627,0.5057992351855971,0.5583563617560233,0.5431786359942096,0.5103418393191669,0.5070791936925443,0.5336747694037852,0.551057781184872,0.4989904120459571,0.5367917416624398,0.5150449924637508,0.5212245622806256,0.6148232840944955,0.5920245663634712,0.6132684928890058,0.520623526349074,0.5162490783905697,0.5570927169951524,0.48405959525309084,0.4570738018913751,0.4825602386579754,0.5182673737402484,0.457730657798717,0.4911673056108047,0.6869047897923026,0.5651787929619945,0.5324683227906943,0.5748650555721808,0.6249607313848571,0.5842063370161223,0.5265761283482159,0.4981174406074751,0.6168552275237092,0.5615985524380026,0.6059007034339303,0.5691970652972528,0.5109547757528058,0.6287745768750335,0.6221347374402066,0.5853590344140523,0.5203753898801722,0.5781443806328384,0.4876685916424409,0.6348148346442757,0.5033401216474399,0.5091794135795776,0.5649408093154605,0.6251615528845249,0.48480963857241355,0.4932962704436739,0.5042319635825309,0.5113630339992132,0.528220003603376,0.49523499055762926,0.5976156448803343,0.5254660829586688,0.5671508185037433,0.5242463182532867,0.5179624112730555,0.4987398281347574,0.5152701460668745,0.46188077333254,0.5656292908909238,0.5653555226172159,0.5711760442933728,0.5322590856561722,0.5394894703236894,0.6970850057213317,0.5511303789528788,0.4859430000768367,0.5282006317133184,0.5233373912792341,0.591006961277584,0.590905978755086,0.5287544638352466,0.5739209883926417,0.6888254974818719,0.6370075363254922,0.5138619985509121,0.5038324519153783,0.5664646954582868,0.5442517788380778,0.6489096515239733,0.5452625134183002,0.5856952354815763,0.6113976910990498,0.6397064785622886,0.6022745607069867,0.4568293803305667,0.6209918843170685,0.4801463506875289,0.5880368548734033,0.4765317915689199,0.6251873637317618,0.552881977948104,0.6031800492396439,0.4880636121287826,0.5564560267851882,0.6625340244815697,0.5003822977395678,0.49255207083807406,0.5818109875005605,0.47148733146562866,0.46254628566834805,0.6568556509179014,0.5757030378174388,0.606692569953413
0.586887416504418,0.653639207722245,0.5889462355023702,0.6274751412335107,0.42836675858202167,0.6265649529852357,0.5356247548631599,0.5984564969210999,0.5296284763927159,0.0,0.5416320767259283,0.532690248261896,0.6838154179058824,0.6088419058854738,0.4891627193770039,0.5927057790557276,0.6489208512725976,0.6062123326793516,0.5459334142748723,0.5388517217236757,0.6098001998335674,0.5499124863001947,0.5486319162498672,0.5140023235035142,0.6837316867382799,0.5234164301310854,0.582346547530441,0.5794757867354176,0.6196693244964925,0.5242594942196215,0.5156833345070305,0.6522824110322883,0.5748465325110946,0.5212392453961375,0.508796972406139,0.5582802493372608,0.6088858705063819,0.5761145882687542,0.4607193225319911,0.656919301144754,0.543318946297478,0.6187397914289026,0.5269426386065876,0.5140502707356696,0.6067890059419012,0.6084323387002721,0.5141437522590396,0.5036605546339068,0.570554691887334,0.544008205165146,0.6169140267485305,0.5794082591919233,0.509115223919417,0.6102961803067751,0.5721359794790618,0.6712304309635804,0.5955128984435194,0.5619192251161109,0.5885262210891209,0.6259131158101181,0.6349573870302921,0.5693765902661673,0.5498791294590502,0.49464036365739655,0.506517087079001,0.580933770366936,0.6171421204668645,0.5627455817761402,0.5778160856578769,0.6096204663455279,0.5569099425280012,0.5543610266925896,0.5886730829932325,0.6812121544009633,0.6308639024719285,0.55200649991734,0.5485985853259499,0.542094873311527,0.5317757036236281,0.5363823770854657,0.5723030407011569,0.5621076407833344,0.5740851860466002,0.5786096977031409,0.6615625972936304,0.584024462471985,0.5738836012733012,0.5635041288003827,0.6496752205736215,0.5541826715977508,0.5818757838021567,0.5800846501866195,0.5629914889649542,0.5532518909585827,0.6460777719579763,0.572826612781773,0.5134968957857782,0.6001344059539382,0.5009000823818535,0.6884855114119184,0.5341077864235395,0.557679476848991,0.5603616832097157,0.5699994518266999,0.5987971216738377,0.5951022791759655,0.6496986076045768,0.6203175891701245,0.6295665639817473,0.6089714358709413,0.5549188684755354,0.5464811010468167,0.6903536895008423,0.5820043029955342,0.5744215933962267,0.6420695225521078,0.6140883981957673,0.5089253396126802,0.6030467292587686,0.5934235000594591,0.4840003427775708,0.5737399849183823,0.5828180160796076,0.6078621822118703,0.49634203350245504,0.5966684574273549,0.5987550888952211,0.5322481326060076,0.6442023893478239,0.556124802403414,0.6349748905847263,0.583597859047193,0.56537518898853,0.5034418697720697,0.5057604018552505,0.4412844538970405,0.49334906730413153,0.5164260037159305,0.5524349828879053,0.555321071822213,0.5407689040718305,0.6162799121647982,0.6778686005923126,0.556309370508862,0.5659013901155389,0.4973195339430381,0.48707419978056604,0.5861114831386712,0.6438598710227571,0.48405193009199,0.5267571883188995,0.5604222600360619,0.5398622312553712,0.5938149622469121,0.6171164623785336,0.5919341801861143,0.5507167478518586,0.621015772125571,0.5480660680873126,0.6182524942879571,0.5872969160008286,0.5994940887898137,0.5780301027185168,0.522588201852903
0.5789594172842492,0.5720358057973525,0.5533514074023426,0.6010194180252787,0.5499460057331904,0.5332140919692041,0.576687921499131,0.5395295617281705,0.5438155034381448,0.5416320767259283,0.0,0.705414639106872,0.5631160193043891,0.5119292781793773,0.5321230655795165,0.6414811982595469,0.5886315220074381,0.5339251438037924,0.5760478468365772,0.5386722056963104,0.6394983614909021,0.6293136333595829,0.5840728454277461,0.6336889914300787,0.6321864308049497,0.570575537570614,0.589517849995215,0.5273894266457738,0.6188430341018661,0.6337588804572672,0.5570973564039181,0.5528795485812165,0.5437755578553195,0.5293193636106525,0.5382320498959937,0.5697575323466982,0.693245383451187,0.5859847402365805,0.5998642450313094,0.6130038401588006,0.5377781527428243,0.5997852833150142,0.5506456015519391,0.61111653631208,0.5705643425884361,0.5059476020825964,0.4580384878344538,0.6552236684528763,0.620583332474461,0.5399242219317648,0.6040750868969432,0.5288418243780112,0.42583119164608146,0.6374760592991566,0.6762892297603869,0.5277522022812485,0.5930404556463545,0.6886485731144115,0.486295510374861,0.5564808429665539,0.536436698040748,0.4670241175090074,0.5028938934709041,0.48766262657072507,0.46584880718355565,0.469320718435527,0.5545022764571542,0.5235421126399741,0.5060459630144176,0.5936274257232999,0.5462173771579907,0.5188172349492988,0.5179595196377575,0.6014668356042572,0.5237089129643413,0.45438262372493926,0.5909364810352448,0.6348717128260486,0.490750798480831,0.5103208243201202,0.459606924630499,0.5620582259663962,0.5827879866306862,0.48805723090272435,0.5862736192326322,0.5529948324501703,0.588005787919716,0.5005788035053853,0.48648856071222896,0.5615393321452671,0.6733171768510046,0.531689079630872,0.6181113130740709,0.4964391905745724,0.563978045623514,0.5943528141682971,0.457647023110548,0.5075847079726016,0.49745405643874924,0.4984724699943007,0.5624343065012256,0.5631191172300024,0.5188588293845056,0.5171454474301537,0.5273752840531819,0.5240822878300293,0.5146704520811002,0.5486098083817289,0.5188514464020801,0.6446191287941931,0.660108622468637,0.5923687311559621,0.5292320539317851,0.5505351926880822,0.4985368102363816,0.5895703355736762,0.47594331974055193,0.6036716430297098,0.5281548784639292,0.515378682954094,0.5957031665864276,0.5252723396831553,0.5544798794201606,0.6076055013665206,0.5080481051955937,0.6030498302250848,0.47811759035779844,0.6358573547201922,0.5547006232875588,0.5123673680173809,0.514619667524419,0.544119237481566,0.5719908098265324,0.5624654552703057,0.586413781911713,0.43445825863336457,0.5116065096238424,0.5642963750565677,0.5729176980025267,0.6074833370026381,0.4642842464593846,0.5951114175371452,0.5714193521122253,0.5400167427295233,0.6495420136182557,0.49028617608215297,0.5651679446078767,0.47178389196855447,0.5659497871488801,0.4708886518544744,0.6035121131983502,0.4741278971240744,0.6821126558962665,0.5255051031669159,0.602013821084869,0.6011949915181162,0.6175180593450359,0.5883837003045023,0.5500696103534073,0.5694313834911994,0.4234664206458435,0.5495436453889286,0.4982572151404532,0.7262739957619054
0.5503630011562781,0.5765409832365462,0.5176554073504479,0.6037909188430848,0.5119403104707354,0.5385941254556234,0.552838269020357,0.5427826940869628,0.5327066487650398,0.532690248261896,0.705414639106872,0.0,0.5262022246866367,0.48025899596309474,0.5209456050620461,0.5979285017357359,0.5608052823763131,0.5028053863132719,0.6187504176190411,0.5303588908903136,0.6335163400838502,0.5641270112001543,0.5815632533308747,0.6367463175497614,0.6471135016538752,0.5525051519082836,0.5482443424422206,0.5196920805450409,0.6083552129333085,0.6116397746570286,0.5778266926637033,0.5272219924358867,0.5516408859880688,0.5598843989886574,0.5287970841853312,0.5605325487898574,0.6444518685081536,0.5735499386970989,0.6213360063291209,0.5759458416780012,0.558253357501256,0.5715374085041968,0.5298814456092867,0.6193148814360504,0.5633752417496289,0.5024612023856646,0.44843989955421104,0.6188571843553401,0.588963867943613,0.5109472909633869,0.5717795801349376,0.5331815429507789,0.4194611297339408,0.6261914705474663,0.6404232989482512,0.5371688881636721,0.5811058440230619,0.6859005347948659,0.460673018286571,0.5404503863873739,0.5245440074032877,0.45402281300562497,0.48938552596716656,0.4704075173814825,0.45359276689784317,0.4623022340784919,0.5302785201009446,0.4902887099736184,0.4629008398541289,0.5727596399451764,0.5219001013208573,0.5061390992491824,0.49074437075360255,0.5578093684277934,0.5117378546809819,0.45676103836546095,0.5410596603534603,0.6110534475521346,0.5099520488511372,0.5262694397467951,0.46472222311801364,0.5504905688891341,0.5786892154306132,0.4900597395602395,0.588503389919389,0.5645518901048419,0.5800766687092296,0.4728003441490654,0.48955205479506453,0.586798885383317,0.6043229696853302,0.5443273798333623,0.5817862784319879,0.4968784821354107,0.5377682307309669,0.6152254953295409,0.4575970665102102,0.5376708060922917,0.489303871650875,0.49219522566991186,0.5625628614661534,0.53893989694766,0.5224534086810299,0.5544124626077765,0.5146447385288097,0.5177886280545003,0.5095209447917481,0.5632799141505886,0.5083481674573249,0.65280501993644,0.6707212379236448,0.580850095361083,0.5101472430671907,0.544592360792429,0.4983602592315235,0.5801957600758916,0.48977075755255345,0.5589200424426372,0.5202400944435515,0.51133746678335,0.5609854110993723,0.5315371844869194,0.5656282480369619,0.6133878456964417,0.505687916046004,0.6295799693319173,0.46077478956768336,0.616282908265618,0.5727621284567516,0.4907647911386392,0.5150935399071837,0.5255536417561375,0.5625889436578098,0.5758323648353054,0.5831688450483108,0.4255501023653712,0.5288514337610289,0.5487768962055947,0.55461663918632,0.6293805445996197,0.46688296475458135,0.562713576740533,0.5581930862376605,0.5215945065141557,0.6535156435497315,0.4773307695400119,0.564214018720276,0.47436655616169465,0.5745334762220112,0.4801640633631412,0.6239363223144238,0.4833207930672295,0.6172091529838345,0.4972238066610309,0.6658385147213666,0.5920166860086405,0.582813444778466,0.6060846831949229,0.5439370024227136,0.5399793967730022,0.42161536569293084,0.5679739586897825,0.5154346675559196,0.6835574620466912
