0,1,2,3,4,5,6,7,8,9,10,11,12,13,14,15,16,17,18,19,20,21,22,23,24,25,26,27,28,29,30,31,32,33,34,35,36,37,38,39,40,41,42,43,44,45,46,47,48,49,50,51,52,53,54,55,56,57,58,59,60,61,62,63,64,65,66,67,68,69,70,71,72,73,74,75,76,77,78,79,80,81,82,83,84,85,86,87,88,89,90,91,92,93,94,95,96,97,98,99,100,101,102,103,104,105,106,107,108,109,110,111,112,113,114,115,116,117,118,119,120,121,122,123,124,125,126,127,128,129,130,131,132,133,134,135,136,137,138,139,140,141,142,143,144,145,146,147,148,149,150,151,152,153,154,155,156,157,158,159,160,161,162,163
0.0,0.3146174796029056,0.2978151481555138,0.29402509128629145,0.2795549371093424,0.31148019641390007,0.28402490419909665,0.3097301817714648,0.3568179251698631,0.29954863769288315,0.32420706048244236,0.27358089277004793,0.4189148190980509,0.28541791496080327,0.3117420751279241,0.32320832688423273,0.342631676155118,0.4480374684374967,0.3175347740472917,0.46539294357511457,0.3338109382529303,0.32267598657675317,0.30251963739047294,0.29983468772744576,0.3735264549739673,0.27422058538586186,0.25888312877657127,0.33525532820029913,0.24581076063219998,0.2806375212172408,0.3214403604513372,0.34468700993032275,0.2989763080880873,0.2806763147905147,0.39058893843879844,0.27706898499480165,0.3932068909383991,0.34624586665769075,0.2444449861852485,0.3564605245413308,0.29342176283601323,0.32114610294226115,0.3476368964181838,0.34783139790307793,0.3195519932917202,0.3806390092988184,0.28756068827542414,0.31655626807475995,0.3771157796520119,0.3856469191207175,0.3658821607354965,0.3787235572016312,0.282265934395796,0.3017994962203691,0.2842888422403492,0.32741834227533434,0.46585769855138637,0.2940432220032904,0.31135824308072696,0.339468507928421,0.3073196453698991,0.2533259932578217,0.3644213594823272,0.254777635204216,0.3310535273620564,0.37424597023059264,0.32344313810624187,0.34854738547718384,0.3038927109269598,0.34605728938677244,0.4775020587628234,0.33546082685972123,0.3323336651707798,0.3433528506531432,0.3387791391604828,0.35212034549171267,0.2739876066478925,0.2661807858115725,0.3187059313001054,0.2528128114530146,0.31495685063469386,0.3757218623776128,0.31684243618305913,0.3152114224100799,0.3458056068941194,0.37513586559867174,0.3273113442089397,0.3422888439001922,0.3492085590459635,0.2870613252272437,0.3720752018628916,0.3030095858077011,0.337795666030379,0.38197034122648876,0.36226626136085993,0.30195063690022217,0.25770578485599255,0.3008053418824217,0.24794282800102024,0.3370376810244116,0.27454959708337184,0.2780687743313858,0.28512465360440775,0.27697269125617147,0.37963984799622946,0.35461702346870827,0.3229634094710806,0.32766447516162206,0.3362641478702692,0.3108110063226634,0.3198583346146384,0.35289209102840113,0.3485347158089445,0.2712478962463565,0.329410911117473,0.33913373968789673,0.340517321451763,0.32353349548243426,0.2949336925257319,0.2688546778890169,0.3207865712637862,0.2692939684122633,0.33761739416177367,0.3818767202042663,0.31074768356868243,0.28517131968971343,0.2511889778892008,0.24482606014600605,0.2726711957534034,0.3787825124244497,0.2795051970431206,0.31832551047757623,0.27865705985091616,0.30732647643359173,0.3116777063373763,0.3251594687693428,0.32290229780168306,0.3389277378985131,0.3084988238560051,0.333359353602208,0.2912842133390309,0.28926018508487605,0.35922063281631694,0.2898071833458821,0.3275680958496494,0.3132431342167175,0.3133374959082712,0.2658263151146492,0.3579756693599751,0.18676223281454682,0.4045883397536976,0.2947880360187082,0.33356997476218464,0.2507949236910868,0.3164048587236635,0.37169255451092253,0.3264596257039645,0.3135595999236645,0.32627568658511086,0.3293754353445827,0.27482450299057537,0.37761145322837814,0.25351380188706435,0.39690618740896577
0.3146174796029056,0.0,0.320467597159271,0.3068958662382682,0.23533499196015759,0.4055478982512862,0.28745762657118,0.38987911276087106,0.3029123120074486,0.38068424353229163,0.3100436198067072,0.3411987537433096,0.3404865126593416,0.3130049354591609,0.31219224712862276,0.32700651635078487,0.3211041866589268,0.286258782858091,0.34016420158518795,0.34320882078698584,0.3113046365882408,0.36753566426578976,0.2814186361061018,0.303021376394281,0.36006871677910096,0.24554903615035414,0.2665447707896283,0.3193141484929248,0.38524498779137895,0.26523840964424145,0.3720106451643971,0.35504164883441897,0.39133043535934947,0.27269460874923285,0.31927575650417905,0.30256286768134316,0.3104331433042223,0.3405892012479784,0.3065526209061449,0.3157518083188993,0.36065187524224024,0.29545921193296476,0.24678923266195885,0.30049372782480915,0.3729672394467871,0.29174202818898626,0.2789813392210193,0.26879016749913365,0.317373246434888,0.3047685700746737,0.30712659545166765,0.3139793902473723,0.3029755674640609,0.38533786950587495,0.3474560024249961,0.3621938375641885,0.332156055726443,0.2956534800036791,0.30521087306952344,0.3419303957071044,0.36915529112120954,0.22832987049937337,0.2732398359957154,0.24482999092248414,0.25240010468544655,0.2652963817261012,0.289575996478451,0.28080298114947316,0.25952729058293933,0.3211366604526709,0.3186760919963029,0.31159860558774755,0.2527046296582538,0.3230363424592397,0.35273943494953647,0.29666099741420693,0.27048090324801266,0.32272254812750106,0.27787893616845755,0.2570791798009624,0.2921203408080322,0.2934004582107223,0.37877123377016064,0.3105048897410735,0.2854592411913263,0.43612644344849455,0.278413386469719,0.26610607959768606,0.3110703750366388,0.3357157492246991,0.26015920393217906,0.3062711919310462,0.3595154712370857,0.3264055221452003,0.3130171084225619,0.40271105074074265,0.30481212415186926,0.32734200212021664,0.22816792588927873,0.3234613995866189,0.3070123136361263,0.2579605449425183,0.21908681167303867,0.3090800318907757,0.299545483423247,0.30052356960210447,0.2837968311643019,0.3437462103980555,0.3117276157292551,0.3383679366408383,0.2920097222759619,0.2658855053169861,0.293809020185944,0.26976385690142674,0.3113540947745853,0.3863081012123054,0.3203672189451898,0.2658834900355172,0.2960211742871268,0.26196493542872046,0.29617729196853,0.27909477882057887,0.2926495540774689,0.37489183023624767,0.29240693326861117,0.422507136003427,0.2549182631986461,0.314382270084187,0.3561993394365882,0.3143451878545805,0.3371313626069538,0.3143743361417522,0.280294860826453,0.31555049248922523,0.30659532474937473,0.27207964377231775,0.311412718660979,0.3103065966851817,0.3001350561672881,0.2964099954113022,0.31001850470205244,0.3178940866068822,0.3624849773468775,0.29315552303436787,0.33296450800636646,0.2485822637536742,0.3406184781245471,0.2969685254817835,0.3898450701192765,0.21260249519051627,0.28862387605727063,0.32785379412671983,0.287358294203163,0.29890584486829863,0.3136441050430095,0.3270165713969535,0.320364631958805,0.34053519940036525,0.3069254520442864,0.291788193656956,0.2850676722820511,0.3552553150436967,0.25121549341612914,0.2847851163801411
0.2978151481555138,0.320467597159271,0.0,0.3035430004076419,0.29083218801110966,0.31364524416335565,0.2833783552119762,0.3246054243882129,0.2525001496848882,0.4310214687869949,0.3478383060329155,0.3053096074424763,0.34757511126137763,0.24529441155666232,0.2885462794509566,0.40078728723556895,0.366262786109763,0.3102209527202173,0.2919059441366356,0.2657141232192169,0.36912460835591115,0.4172665150268833,0.2794093043184331,0.297929980821822,0.3378694972640728,0.27008165093462067,0.254835990670383,0.3069332153627509,0.28389216872115614,0.2768904241583395,0.26168722869828354,0.3276856008430291,0.2677883771765414,0.2443221265704001,0.24958096605582347,0.25720060150772184,0.3156265536015992,0.27624890287706194,0.2558069025456466,0.32253999876843337,0.26192841380003656,0.3312335301713812,0.28352830664522605,0.2820044257204482,0.30700959935745736,0.2848208778930322,0.24918764911304753,0.30288616378678845,0.31906656637201775,0.27114021611527006,0.3179435771246054,0.30312628252498913,0.21481411592212615,0.3459243466334883,0.3100135222482505,0.255282282250155,0.2870237868144502,0.3266786065499294,0.2878136244084916,0.2671239340339106,0.29228387640023257,0.20629887338152453,0.3012894442728271,0.21691476495298972,0.23898021468013672,0.26659180013299444,0.2634823915171392,0.3080667669773121,0.29896861236719835,0.3383367427388778,0.309820138811261,0.23620959587081236,0.2486192016003843,0.4235316518391031,0.3153507952296453,0.21986077474856888,0.3245025931020713,0.3031897600282815,0.2296639342065617,0.21420015431131229,0.2689392481923138,0.2902295188192591,0.31966286849371084,0.2501393634147986,0.26224189172505336,0.31178497981793707,0.25196425752548457,0.2372064775651789,0.26409849207404945,0.22607808656825373,0.3042546616632093,0.23310220802647696,0.29888989592778603,0.23127105494835543,0.2834079673069292,0.2904243540936846,0.21859510517268138,0.26970648017861953,0.18973099406965208,0.27923895421354794,0.2131316077233231,0.3057070100479658,0.22370891906639276,0.30452395708082003,0.25464012108794587,0.3194015395114896,0.29230350871110666,0.3065526026891643,0.28116122623072276,0.3351880330492997,0.304514512985499,0.2377519502735074,0.265090144156304,0.24778336305437765,0.23680874599657584,0.32915261180487543,0.2448439065391758,0.3497812972023224,0.3211324573516285,0.2328961696418508,0.2696443801643121,0.23386582027448874,0.22998089418737436,0.32763075838310185,0.20153140915925272,0.3343261034315365,0.22660765752105455,0.27563413788841784,0.30931603469732455,0.27435586741079215,0.2664040574742098,0.3808486025935648,0.2186230103808519,0.21843852146678186,0.28344028142299893,0.2227432923023416,0.23429332918759507,0.25733099790962033,0.30308654823355763,0.27317892370964025,0.24331042313624923,0.26932083860098505,0.2882520379922011,0.26099945230115756,0.2712217906780042,0.2245167201121196,0.295235835303043,0.28263627694541343,0.356913791969005,0.19035437150503123,0.24498142236490078,0.23135426000871015,0.29402405638975254,0.3145674478063632,0.3212462781193888,0.29016235452599803,0.31981884202703675,0.36050202795230707,0.22283865604032385,0.2789445274132334,0.27971406517529085,0.22781584501449084,0.23429140529671286,0.29648140642176946
0.29402509128629145,0.3068958662382682,0.3035430004076419,0.0,0.27940854938862314,0.2692139316076589,0.35703087104963566,0.3281278787071774,0.27454817325088926,0.3117043464992585,0.3311659221512932,0.29742197591049124,0.3044954801783068,0.28930832463716166,0.32893595402065656,0.29443769114789753,0.3287041492627449,0.31818709813176765,0.31090210338565133,0.28041043489955364,0.3747838356931127,0.31027929069273735,0.35432883218592887,0.2875629689850267,0.33199339407027223,0.322360133498784,0.3252694901437474,0.32403832520456904,0.26425122403686047,0.2448861128634047,0.29113544146482095,0.29086541517198455,0.38191551766152015,0.3040461071760484,0.2935448784579014,0.3172566029858118,0.32736668416894116,0.3301813330708947,0.3025750256988385,0.39407537219623795,0.3226128142529758,0.3267573714710699,0.28563062294290886,0.3201698958243485,0.3222192416753098,0.3320907055509555,0.22502890334255007,0.28418953087905463,0.36078535348850055,0.307465561154737,0.40001643229816913,0.33041648732711737,0.2819664255811385,0.40888179207078984,0.3378893576787044,0.293692776251586,0.35912825671956794,0.3179282175152839,0.32586634697047306,0.33684948309533386,0.3466752660392298,0.2466941340863087,0.3258420998496081,0.24859116935877276,0.30319350616378593,0.32327085608599004,0.3925001540803838,0.2708551014717977,0.29887966869317456,0.3267463018305912,0.32673880142365563,0.2932159525865939,0.30634025019769673,0.4450753511233044,0.31233645717898106,0.25947212867606434,0.40589092770254565,0.3446027960533901,0.2915502524532545,0.2234527848452447,0.286266243650601,0.3960558858276167,0.2882368448228893,0.2749810400671739,0.39176339163561336,0.3252048952145997,0.34968763225648936,0.31685612138267166,0.3098954298162416,0.28684489678237945,0.3449115907648283,0.31173278375236624,0.30327789835488417,0.2862121657168608,0.40177436945326295,0.287059320304326,0.26531841429040187,0.31645592953412477,0.2534738191448981,0.3184368987006461,0.27957691453630085,0.35079783813874443,0.3396170709368111,0.27821089203460936,0.3161232258592963,0.308306890992537,0.32940345100373913,0.30683793305598117,0.3245697657686105,0.2938512724011459,0.3654291351943888,0.3389338194470917,0.345168029231074,0.34799463946172643,0.2974821453193796,0.2967895517754562,0.2980545524637184,0.27227128962858144,0.3119076216173565,0.30598112694780405,0.3159577989462026,0.3530256658834004,0.2891108504859169,0.3445617832697011,0.25853267956256687,0.28443350448518423,0.29207089912011813,0.292790499579961,0.3143194420857463,0.36674409162649124,0.2561842506122279,0.3426954734482097,0.3026966253279803,0.3062850040573454,0.3164935551592132,0.25420899933608154,0.21111453033187583,0.33407137427525263,0.3491111269995039,0.33249605628817586,0.32404820846648813,0.28913474851032983,0.3967234011636103,0.3476495792340465,0.32708941684801845,0.2809990408757403,0.3212664254625472,0.2876944934648911,0.2870127643901632,0.20065995865892802,0.34372899439085525,0.29582313994931836,0.3547011015679068,0.28679139537848863,0.3524682466748375,0.34257650676851503,0.3172596098179141,0.3297990866990563,0.34979277379029633,0.3213074745759533,0.31638359435192587,0.28316464596074836,0.3455575639311246,0.3144716616638818
0.2795549371093424,0.23533499196015759,0.29083218801110966,0.27940854938862314,0.0,0.2159363983114822,0.34142590602708767,0.23347907545800753,0.2562853152537996,0.25536706812249405,0.3084392138367608,0.26004486298078466,0.2446377834704589,0.23119785339069493,0.29438266204364805,0.2813082247729997,0.28370153135780507,0.2959102496691726,0.24304063745985877,0.2472167204472199,0.30892991032693307,0.30675134361274586,0.33164897227977963,0.2772406246220691,0.26941257541244923,0.2592349684757904,0.2690240919715248,0.2380564575479989,0.21715680406371074,0.2872690070094624,0.26301970217117876,0.23662269317683648,0.24360015795753567,0.23483138345731086,0.2915101378747985,0.26861919926337213,0.2888026987230974,0.2685907964444644,0.27767809941717164,0.27866111568848556,0.25948451725860533,0.3335571736570819,0.2853143715130841,0.30657410788509676,0.23563130322383968,0.24810747023264337,0.258221495655228,0.28786951837705377,0.33341106193167114,0.28343872738203596,0.2992856680189574,0.2501599025866556,0.22324773471694093,0.26377158737868556,0.26491116224456396,0.23287304794063982,0.25855693436179666,0.31157380926221956,0.26091686427829996,0.24954617457429315,0.21037119959678216,0.20185347157982575,0.2475098451845357,0.25108246774917875,0.2571980226238874,0.21398180211766568,0.24487712858333333,0.2681818714522659,0.2555627367503014,0.2784436488330486,0.28686954976269186,0.24828941790109219,0.23120240982080167,0.2904591507291235,0.2290977876170431,0.20958247406793926,0.28737520587265375,0.37057726568563104,0.21485100083493097,0.20175705814104755,0.23515209768037101,0.3014582161570372,0.27994265042517147,0.20002383982596247,0.2540131327746526,0.24824666104724596,0.2470073483865218,0.25263937468555153,0.22331840590368754,0.22517594786138673,0.38069838157673486,0.2746036838622502,0.3157588614713347,0.20919631229583951,0.287042356748395,0.247558759435568,0.19258555098074784,0.24029251429540255,0.2385915637818166,0.21844270669333987,0.226617891729374,0.2579990832398848,0.2616969442560183,0.24413877511137236,0.24275863097441136,0.25548504886188483,0.2349695088820929,0.2669210250752497,0.2758750306742808,0.2671523123356066,0.3010818418710634,0.29995403341920096,0.2243650793339826,0.2723381918563793,0.2126497133734626,0.24522943659023227,0.21827164689906747,0.29695430959327984,0.23992500916048068,0.24708922937862263,0.34198606691613836,0.23983904850187626,0.22119039594974202,0.3001783824908854,0.2350969362384297,0.22902364987052162,0.21826226291756337,0.2573563406627991,0.22214680046391616,0.27025482395755673,0.22965335869585304,0.269338739289002,0.20582018117676223,0.2482503877145036,0.2591461334683798,0.24977586391114295,0.21802379230350175,0.29493425989670224,0.27012192067594154,0.30570290513310444,0.21476681628175473,0.25509075610847604,0.29062735231502346,0.2919227534380818,0.28920479251473447,0.25066427710014155,0.3115736896129422,0.24368237855952601,0.24567413080121664,0.1854973217563335,0.2537649308063662,0.2293788655171075,0.32516784616427974,0.2706659985810545,0.2823168452857394,0.2765732602861844,0.24361605373676581,0.28631906289383413,0.24037017625645574,0.24444053442359356,0.22972002768763672,0.22914513477213677,0.25970594307314304,0.34802742833693834
0.31148019641390007,0.4055478982512862,0.31364524416335565,0.2692139316076589,0.2159363983114822,0.0,0.23806814086405412,0.33835292566743097,0.27358720578343754,0.2989883112541155,0.3075560734094073,0.31205817763060917,0.3875575536967498,0.23957084872005427,0.27500318147469616,0.35905569088622313,0.3246287683562042,0.23753127417460046,0.3098982256041859,0.32396671130792076,0.3105199908631771,0.30508419100504436,0.21837808489900257,0.2578062684059089,0.32440491252621695,0.2340904293684185,0.2302529589997255,0.2901880251243917,0.29097361283875867,0.26623080733376087,0.318652234749404,0.4120518131183463,0.32633817374567325,0.2564259933893997,0.27053469945528447,0.2565376838569802,0.31508196226390656,0.2889731885265536,0.269677095092677,0.25620107354147853,0.2877780297142504,0.28847192515767306,0.25715620359308927,0.306455472340464,0.2917531259123587,0.2664136858656993,0.2589833405096874,0.2779965881529004,0.2467722633626315,0.28788045271514384,0.29299028095040525,0.3330911448308924,0.2519579506768907,0.31956313111399914,0.28639641452194353,0.3558547111972385,0.3091221066091022,0.33993896840571786,0.2361643494320666,0.27841135483050317,0.39196385724259397,0.24870063214812008,0.30916548263105187,0.20800159286722628,0.2327932658098279,0.26201636890439317,0.26707552356464404,0.29406565762377884,0.22849636662405873,0.2908517862571886,0.314425574117622,0.24385383174877986,0.2621553198895812,0.3042514901894291,0.36904009596219767,0.27360150328903465,0.2772348785409411,0.2774261193082739,0.2482926699851042,0.31963879221479863,0.35486032182240734,0.2691432288129404,0.3192840881070888,0.3269604878134368,0.27368374649307753,0.32854459247117324,0.31270070946279677,0.24606399074816787,0.32081475580670216,0.2813988788661064,0.2560037125022211,0.27727223107913757,0.3215144479602966,0.29303384815045186,0.2564187552547797,0.3395450414669685,0.2997610639897675,0.3137636300149438,0.2079442429110641,0.2940788481825874,0.25831563283157843,0.25872671293067734,0.21097027849176228,0.25188444707761115,0.2940432080739786,0.3312172193459983,0.31637937028707586,0.29915739278617826,0.2631670806790077,0.31859079482192215,0.2813897763740624,0.23660006534793024,0.3345672114541749,0.2728437428731617,0.26648982138416005,0.33888546511784706,0.313171626047453,0.24055741740848674,0.3260190074781378,0.2494629222282198,0.26295935507707263,0.2745316505214869,0.2930554307261476,0.343444697845502,0.2818710603354334,0.34290515377521497,0.261219540664481,0.27228080941462035,0.2967725418341366,0.25548257609189545,0.322159672762026,0.40475955516370327,0.2825781964598306,0.2771332641819799,0.28515920917133497,0.25743545676800705,0.2994887095075888,0.24299823639317414,0.2391750750616666,0.26467595300621904,0.27218459870605183,0.30676349238163964,0.2853216510202968,0.2702313097643155,0.2996083620072615,0.2242115108318398,0.3224759696174749,0.30252171122133326,0.3103423754370182,0.21171157723637576,0.2696868942449378,0.277170372743382,0.24206889491632708,0.24941726592469313,0.3034977146535291,0.2966241025018173,0.3047855750026601,0.3516368976159411,0.25543106378523706,0.3081861117926544,0.2515055981443443,0.3218011117316721,0.23845517784275488,0.27064375750760894
0.28402490419909665,0.28745762657118,0.2833783552119762,0.35703087104963566,0.34142590602708767,0.23806814086405412,0.0,0.25772474188001826,0.26060317590778226,0.2951751047670309,0.29403342777441577,0.3010884871179545,0.28529334612057156,0.2757293652443359,0.3690311943097317,0.25680464395543395,0.27153932920102675,0.2999305670761405,0.26958223537536274,0.24625594538279438,0.3245847606364741,0.33491510464939783,0.38717256083866874,0.32953160162652523,0.31262820099240646,0.3059101012878007,0.27070564737089603,0.24544791653398512,0.25203213328244456,0.2573693077288156,0.2901772601504356,0.27616293328902897,0.32794430024283544,0.27897883446321925,0.26890886849970497,0.2785104990770226,0.349389905808164,0.2669502751402391,0.29296640820257996,0.36547330665798783,0.3075172649327686,0.3316797701608954,0.3132044142547034,0.320552359485083,0.31014873769433365,0.2920965135817312,0.2976043631473557,0.27993182927703114,0.4346883852836599,0.27954011328126027,0.3662737001345146,0.2654769578083519,0.23619370034687956,0.33501501966127073,0.3197719734374957,0.2824699342348695,0.27900942976613846,0.2817629662407291,0.34902985061427894,0.2662061479859792,0.23974617478435845,0.22767113322301763,0.24953996273758916,0.2661762996763799,0.27686839437066463,0.24287442875179857,0.3418458890729699,0.3531494499981788,0.28678670774063053,0.2771824652011441,0.33777195914340347,0.2632182501535085,0.25492970367822543,0.3643454216036341,0.2225430735763645,0.241082175410264,0.3802517404959606,0.36898764392857597,0.24086928415666628,0.2120577436967652,0.2630453178618772,0.3474054577237022,0.3121390230398252,0.20863709412161138,0.27523052739887194,0.2803804004710154,0.26729866014604675,0.30429423216250273,0.25489434980462,0.2699197607373269,0.34575814379329384,0.3626975684677001,0.29743004033396864,0.23885028273776238,0.32524134818996214,0.3214068190025476,0.22033322447796963,0.29910300479944313,0.2518723377732281,0.2900517733663485,0.26412186335178856,0.3077393370962141,0.32816305418962066,0.2873309411397464,0.25016833354244933,0.28859895993792445,0.257765278990255,0.2807491754053152,0.3431894758683096,0.3189923542393282,0.3754837328744568,0.29805102921198867,0.26990879210428054,0.2553991700114233,0.2394727858543459,0.2655881994737624,0.24391423686923952,0.30416967399245975,0.2837018772939763,0.2429835193390407,0.2987993571934012,0.25741922115441124,0.24219548064122046,0.34966585985134535,0.2395706656058314,0.28229909720506174,0.24766984324316188,0.3140118594732902,0.24647153934955432,0.3250261096026218,0.23186441342118042,0.2565807911025658,0.22195646530738394,0.25038473437087405,0.2717641540636868,0.2677155905438619,0.24059909803852994,0.3309559576611471,0.3101243086426803,0.3266955563666026,0.2769624644795471,0.2659267594409253,0.34309859538561516,0.29398705536579084,0.32146292450716035,0.33454334988679374,0.32829469714281906,0.2934087573255408,0.2701472440902317,0.1773482410011703,0.2799289008751113,0.2660715027066845,0.29903386699959295,0.3696076369789606,0.34389770973145906,0.33711047614094025,0.29271118446146666,0.33084087448448996,0.29564130355697316,0.2895775884976807,0.28084806977062954,0.2505320447479437,0.3028024095985851,0.31576172796289503
0.3097301817714648,0.38987911276087106,0.3246054243882129,0.3281278787071774,0.23347907545800753,0.33835292566743097,0.25772474188001826,0.0,0.33549308079792034,0.3511819970274853,0.2915367878220125,0.35046375745084973,0.35865316311598777,0.25643381549634064,0.2938548728174797,0.3678514288772196,0.3652940866624943,0.2909802037841407,0.34342720615244765,0.3400927722390148,0.33910088070654504,0.28477286875875923,0.2844818829291206,0.26626499412718835,0.36013683388847584,0.25835486538869334,0.30806764233620243,0.35594974011792707,0.2599870847715512,0.2989495095483894,0.41097103554683645,0.3480049220871726,0.33681752875320503,0.2898126540165943,0.2985145288819989,0.3047503842307389,0.32937421628396774,0.3780919342639293,0.30392494281812216,0.31444151046537777,0.32626640977907934,0.2902006576832363,0.28430007265264506,0.29352807080405563,0.38913848573368115,0.3237562292995106,0.2601789444269375,0.2632892977663278,0.31426142458079687,0.30245382933475384,0.31590367112918527,0.3096497292449847,0.2677501405203526,0.3246467135022236,0.3055232961510712,0.3183341478849642,0.3405784551659129,0.3938422710629187,0.29931053127267987,0.31192426031489495,0.41970797509603636,0.22985868356345113,0.31020795213610086,0.24901127704806297,0.24403485896444133,0.2777031597515958,0.2961159642429147,0.26641684227785223,0.296996722291284,0.43864636343003616,0.3038737055137125,0.29252280797531205,0.2704183560012048,0.36748831616076644,0.41613077645398283,0.2736961825823463,0.3178249537336572,0.29506524888879837,0.3360439908702585,0.23329309810010496,0.29240453479692236,0.3070509557973196,0.3471789413359076,0.34081242665314615,0.339068239405696,0.45635304543627403,0.36492206353352136,0.2938746983191463,0.3781721250532701,0.3011990830473399,0.2831822746873051,0.28976091771458506,0.3165374724236925,0.28619300921279583,0.3205777722544299,0.33603068567452293,0.3041611455295625,0.3505821444902513,0.2186644072367687,0.33759077880663424,0.26582189983240634,0.3456752882602242,0.25442607831907865,0.3305134873963322,0.32815009510268184,0.3504757940103726,0.34468886362055196,0.3731806216110202,0.3041396464761754,0.29870388916998797,0.2830009380672228,0.28664387735493113,0.31168364408126137,0.33580068795094636,0.29419786590913954,0.3600880647089253,0.34548975793732367,0.2720147687086581,0.2845365974778021,0.27531083638989423,0.282376212013794,0.38320188809710715,0.26341089702695675,0.34311827073841167,0.2578236804108116,0.3326283318045892,0.25590104659013924,0.31908482963566237,0.3245609509992523,0.30869183771728503,0.37533302487982345,0.3652650163582283,0.3077941395538785,0.2730245888392208,0.29848614580919813,0.23744442545380165,0.2901114456447267,0.28881153482985544,0.311960219827239,0.3437195381341782,0.2868031034032565,0.2744690403743176,0.35904350430249693,0.30625552417460644,0.3239152435239928,0.2728982999384038,0.3626852192304991,0.31240906235588484,0.371030271753545,0.2166616957168449,0.3339128790542422,0.3240120514570607,0.3039930434945036,0.2852109107365348,0.3907012829208813,0.3435641987357174,0.3045245988457241,0.37273107690202995,0.2668564688290583,0.29547504421322723,0.2791215158640901,0.3208803927727047,0.2893489973635231,0.2821394542285724
0.3568179251698631,0.3029123120074486,0.2525001496848882,0.27454817325088926,0.2562853152537996,0.27358720578343754,0.26060317590778226,0.33549308079792034,0.0,0.26049570648665366,0.26626449317439044,0.291058203457222,0.2652175885939199,0.28189891414420515,0.2718393253158269,0.28675531672492277,0.28057447369019706,0.3066370712435369,0.2846335417940169,0.32900212966360015,0.2770632079285417,0.3176303092262879,0.25340191692294306,0.24800912882661463,0.2965668944948373,0.23521624232253935,0.2805002193815427,0.2968866600021483,0.23480883472930836,0.3586364637987046,0.3847122417492761,0.2796713546080837,0.28175173572813345,0.2428370954447955,0.32016877887933304,0.2503372199544307,0.28402124143297475,0.3641165665118928,0.27311557409848963,0.2709795592707264,0.26126229880504515,0.32826556292729975,0.2532459241446491,0.28718161013505045,0.287514819328678,0.2683793739199067,0.23464619828239758,0.23801097037672347,0.28719573435814,0.28374974260823776,0.28090895250792347,0.2709148123742014,0.2707714492790678,0.280041601158432,0.25780880633469716,0.3472924958456399,0.3236000154100079,0.3134589777812215,0.2577543497021207,0.25468138189451406,0.26623029173641394,0.23565365288569048,0.26687497870812193,0.2445261408796742,0.2775927322363267,0.2579043918565924,0.2924595901885492,0.2665821399441469,0.2523924838833313,0.33788959195551044,0.3364145662322268,0.29397412807917006,0.2985122582290988,0.27420047180195395,0.3204801125459851,0.27229216895679653,0.2480051411884391,0.24763603029646983,0.28004086657504196,0.23765973178810407,0.2630243174343429,0.38672676644366116,0.34899871700529916,0.25398233010097443,0.3220645649355205,0.36565640766052154,0.3070668708167668,0.31257646383260956,0.28786928277836277,0.3480873620588759,0.32374680689253277,0.3367860890274447,0.279323585457975,0.2774936092392529,0.35503047663455806,0.3191732172439628,0.28961528638638895,0.2946977660982198,0.2749180071482486,0.26563568626567885,0.28598829501510437,0.24775713745532144,0.2664744183362055,0.2633552369594638,0.3211232041243634,0.26686381799715175,0.24118444276159445,0.3004630355274649,0.2468155754245544,0.24113530285673992,0.24930545084977038,0.31293641744394163,0.2910198479618531,0.3535850857080959,0.261249201762581,0.3171382491791432,0.2944453693551328,0.26461235135294475,0.22144919973993332,0.29819689786758113,0.30814857014606994,0.3108557487810315,0.265719018595561,0.3158370982742667,0.37080277679039325,0.26178185971796847,0.2553974068486218,0.24787521453683448,0.237321900738071,0.29300359182058805,0.3974856725221696,0.323989372966686,0.2931948326950378,0.36273908504339364,0.26575767269547934,0.2589559166936079,0.2713467495831641,0.27853081774399013,0.2746775806764201,0.33545161021448505,0.2656274390280744,0.275077143832615,0.35259539323771133,0.3262446331289211,0.28847006774656975,0.28365982252334976,0.4165190964882765,0.25017945957063037,0.300142829191096,0.20215014388574706,0.36882022568191397,0.294092418118249,0.29816060868617295,0.2446927119853232,0.2927992956525968,0.3326948803706288,0.2732536131779248,0.2991773726243314,0.31444915093648673,0.2909388336388897,0.22454224806128217,0.36191519363625935,0.3160843451106558,0.33866011215905073
0.29954863769288315,0.38068424353229163,0.4310214687869949,0.3117043464992585,0.25536706812249405,0.2989883112541155,0.2951751047670309,0.3511819970274853,0.26049570648665366,0.0,0.2789281842260053,0.2828470362052054,0.3251703037839513,0.2646254315614341,0.28467386903864006,0.3085253737876322,0.3195934155712149,0.31895172396228344,0.29712901426651767,0.2721617597627501,0.3074481302317493,0.3170454696263664,0.32402255467544366,0.2626402774200009,0.40103777136929963,0.24009088273412177,0.2639636371228829,0.3122202632366108,0.3220418195272924,0.24926284830334455,0.3012371132338791,0.32670060059506656,0.26963242325848186,0.2568886907772493,0.2740475977863869,0.26176360417421984,0.3165780155456786,0.2762379383095861,0.23737900122542355,0.314489423860724,0.25652031541405157,0.3191862646027996,0.2706337701061195,0.2651975331073573,0.3108732512015897,0.2844529264473137,0.24893049850927118,0.26681239422630365,0.36339552506558925,0.25397541086861364,0.2976907727096181,0.2717319469564288,0.23314258770838917,0.3207308323149877,0.3158868656733673,0.30601254859334703,0.2815712620126438,0.26545968552353544,0.3232329865181092,0.27328204369646486,0.3173167622356488,0.21350820868770398,0.2587845214075777,0.2269114792151704,0.25213976910732927,0.2652307368034157,0.27238855216478003,0.2926126177363136,0.30302843706706617,0.3433740714303343,0.29319321655060926,0.28361525645307106,0.236327451564495,0.35650660992449396,0.2953851952122632,0.2619051767285965,0.2895481541067988,0.30021907548106186,0.2415574483884185,0.2258466812336613,0.2918151846451591,0.29094018319990145,0.33366775178514857,0.2721972401402177,0.27760029168288775,0.32322141872085053,0.2765484024697746,0.2714797561376825,0.3102102698964089,0.24576513977269668,0.2649754993981151,0.2639997741952433,0.29954007812702543,0.24200413215096836,0.30975228848023173,0.327488919979026,0.22285648981120243,0.3062386603368344,0.21286972513444977,0.30305536304315384,0.24364874339547973,0.29870535335757165,0.24290429072522013,0.3542461874229561,0.26087454927726855,0.2916246634415053,0.28685317100171087,0.3645851958532107,0.28776282058259817,0.31717373179133396,0.281313505302183,0.2502032104633456,0.28693760536027113,0.2698836780944219,0.24668899631507724,0.3009917912520571,0.28778595958216674,0.34365453505001464,0.30838258296999216,0.25584637840612745,0.24678524692436252,0.26179218248281444,0.23896995070830282,0.3268654945408505,0.2294785833043253,0.3412782653947628,0.24092925193824685,0.2563141342263408,0.3321062193863848,0.30282300120274647,0.31313870467745114,0.3016473400702557,0.24365466171669192,0.22518481224134995,0.2715893824522702,0.23823946151675343,0.24948786701598655,0.2763675738391085,0.32147704906975944,0.2896532235405235,0.28027907956444303,0.2803002837620278,0.31823380830636194,0.26052485446915524,0.28216774625279045,0.25221783930696956,0.2631592814788796,0.31285841728803543,0.44008554352701895,0.1954309898225983,0.2535166553855494,0.28970947604374797,0.26658625441680045,0.31059265944547093,0.3221902463845053,0.31064845369271626,0.27731044787082004,0.3518443700377936,0.26255120374734686,0.29800271001095596,0.34884737877375804,0.278939274860265,0.27355796447340436,0.2568723294420116
0.32420706048244236,0.3100436198067072,0.3478383060329155,0.3311659221512932,0.3084392138367608,0.3075560734094073,0.29403342777441577,0.2915367878220125,0.26626449317439044,0.2789281842260053,0.0,0.3401531665060476,0.3309557527674693,0.252019898944593,0.27886129203857307,0.37758884247913976,0.34065836020086154,0.3005134360239879,0.30458881869394433,0.3021556449720799,0.3626165803383256,0.3949445166388447,0.2938089574707273,0.3243299815477869,0.3539674458726743,0.303820007115914,0.282507867325773,0.31900265187269583,0.29521989545291216,0.2785278157734736,0.2752023194089283,0.29340909880738186,0.2858187713649874,0.2525226896115735,0.28911739730076175,0.29042026196197646,0.37877676470291827,0.31850563919870595,0.3277743006167121,0.3073564992198332,0.2866498046007879,0.33432936553399983,0.28366781790914924,0.36453261561761835,0.28842533632410783,0.26276553907762595,0.2134658208377325,0.3992059701162358,0.3448064017197131,0.2667946175693049,0.3169980926820943,0.2796081230279282,0.22635530073577534,0.3731603921655438,0.3391899035233309,0.25269229253497577,0.3186359275558348,0.38004998824650293,0.27922982338230534,0.2616587125742207,0.32638685863456973,0.1926541543628521,0.3057242574556805,0.24596518841847184,0.22540736013230672,0.2570283482316287,0.31472765068537095,0.28526539706439746,0.2985344848900974,0.329811916677267,0.3150510153278125,0.24442515593545389,0.29013283483406666,0.3523946087414134,0.31435666386866973,0.24049096654821114,0.35408173645171165,0.31718239047277924,0.24603052024544175,0.22441626902931291,0.28739058729812605,0.27543257666120224,0.2993175066823073,0.27675442669998196,0.2733820346693296,0.2972015042261413,0.3317359007382643,0.24221191099102557,0.23834729329782392,0.27259301103664874,0.36237354554829493,0.23410837015161365,0.3248823067329817,0.26981424697723133,0.29180297329190846,0.3296587041915731,0.23090518046863862,0.2522198503044691,0.21199653846822514,0.24082613751651594,0.2740751220442222,0.29758780329133677,0.2547503636700349,0.261565542435932,0.26317399421046705,0.2610391755153754,0.2610514995914644,0.32346408400007154,0.2629579414365825,0.3736321550514506,0.3914722660865316,0.28400372562861664,0.2774747247089392,0.2945709597661718,0.25653671151246704,0.2929035604344854,0.25084467704594315,0.3070517021933493,0.33442339744488436,0.25258063830065924,0.3142967471514185,0.24698732952101404,0.27275437348761805,0.3330323323606336,0.2523058247810088,0.3244499249901418,0.2064274688942378,0.2941827260975534,0.2857261270792395,0.27638564873800364,0.2442242486408355,0.3428017796390484,0.2753657488527714,0.2850114000605409,0.39447491516834077,0.25996770885575027,0.26110606885705867,0.2695075687291658,0.3312144509548501,0.30095162981941725,0.2945747788195606,0.29329530944396925,0.26468332051134347,0.29610140320118705,0.4092026294600862,0.24229644405493395,0.3018838460299634,0.2629754039164448,0.30222185599007034,0.21748880523291725,0.3386480765352093,0.25358658737994005,0.3924452264369456,0.2701633555695984,0.3231992662930197,0.34384566310220255,0.33334812131946845,0.3314242507159999,0.2831099846716973,0.26377290952796384,0.24979051986330586,0.2827179253077996,0.2459838265019087,0.4223595977488938
0.27358089277004793,0.3411987537433096,0.3053096074424763,0.29742197591049124,0.26004486298078466,0.31205817763060917,0.3010884871179545,0.35046375745084973,0.291058203457222,0.2828470362052054,0.3401531665060476,0.0,0.26364172320964674,0.20367778932292455,0.2750306271811818,0.3231307583738425,0.302370758885701,0.24148308641449628,0.35646255788847725,0.2856988080054266,0.3640926516067024,0.3023145005457481,0.28488570664499224,0.29527079332736444,0.3503289310624225,0.27549430847637013,0.26910838716173285,0.2589375212347488,0.2718110107042006,0.31550006011933346,0.33553384434955946,0.29028260412414164,0.3057969615465166,0.292189619039714,0.2523987551647466,0.2930888327998855,0.31873415233820723,0.3138774855694716,0.39416843984172184,0.28561847272876845,0.3249880472245039,0.3006548744839701,0.28249572104334464,0.32629786134703265,0.3011834668341922,0.2827582900506683,0.27188839793533864,0.30900088019239064,0.3021927460047549,0.2787918027235009,0.3187469512388783,0.3007202615599706,0.2294605282741947,0.35196297041892183,0.3487921851469678,0.27678191041747746,0.3242828006056377,0.4190477757608346,0.23588540789987442,0.26340333913929775,0.26566394427998724,0.20409971105353988,0.28349525678986337,0.24168832733623205,0.22688013358694878,0.24471364412043667,0.2584896073587436,0.2451966195301155,0.23592356831276123,0.2789293436075509,0.281213343057418,0.23215970264486718,0.23960224269901978,0.2931352258707004,0.2946457941218925,0.23421351930304424,0.29701316700036545,0.3338140810135235,0.27467517285549004,0.21641153511200706,0.2636904171423227,0.2932688583129094,0.3198014643100266,0.2391088997965061,0.30284034281377786,0.34304358058344997,0.2794721476432617,0.24788272071427767,0.2758004038138894,0.3036877093858021,0.30663914417005206,0.28450053805467934,0.3025747928234759,0.2673562345319568,0.26553710672307107,0.39587333111573614,0.24628893132217014,0.3143616818271814,0.21527573859093557,0.2468650558323351,0.23712220587015065,0.28808605126527825,0.27180533638037496,0.3514499446405487,0.2618375928321327,0.29803639251840025,0.2993068064079754,0.301842019712628,0.27711865853213347,0.34566233517032063,0.3885522717251691,0.31411254490388696,0.24699919477706844,0.30352174023222767,0.25181423634224853,0.2986974463625364,0.26836250936530787,0.3155145670724373,0.2990113876175055,0.23466262154464387,0.2825541539001352,0.2752532817637948,0.25418683539751574,0.31858345160890905,0.22654509984681134,0.37053546074634003,0.21821425912810533,0.33140239089177315,0.3111205691535537,0.2621020225097393,0.27196300780938243,0.3052062242134278,0.2331743283230894,0.2887083129347817,0.3110652768173932,0.22443542584573206,0.29874276807086914,0.27272102359788564,0.28489578177478125,0.33019092573885944,0.23789065703291,0.2648596998647264,0.3003785019413625,0.3024159317176845,0.36039620353313295,0.30446281003194375,0.4221235687989894,0.27323694097132384,0.356368424309992,0.22702774531655065,0.3088106267080459,0.27657963026491705,0.30945091671026886,0.2938151573948134,0.40998632557381975,0.282294135439929,0.27209059747366365,0.3409442372619545,0.23284593286947675,0.25518717202002517,0.21572162682225954,0.26410064389983406,0.26243176805760654,0.3095826815228344
