0,1,2,3,4,5,6,7,8,9,10,11,12,13,14,15,16,17,18,19,20,21,22,23,24,25,26,27,28,29,30,31,32,33,34,35,36,37,38,39,40,41,42,43,44,45,46,47,48,49,50,51,52,53,54,55,56,57,58,59,60,61,62,63,64,65,66,67,68,69,70,71,72,73,74,75,76,77,78,79,80,81,82,83,84,85,86,87,88,89,90,91,92,93,94,95,96,97,98,99,100,101,102,103,104,105,106,107,108,109,110,111,112,113,114,115,116,117,118,119,120,121,122,123,124,125,126,127,128,129,130,131,132,133,134,135,136,137,138,139,140,141,142,143,144,145,146,147,148,149,150,151,152,153,154,155,156,157,158,159,160,161,162,163
0.0,0.9157070422332251,0.863273011358203,0.7607944126166701,0.7456326320482749,0.9328707669980736,0.8484673228262412,0.8660658024761404,0.8831365001784385,0.8838794421850821,0.8903447848757955,0.8771200354855097,0.946547787333135,0.7722780102148386,0.8497125152711873,0.894671908681571,0.8683808242804343,0.9008055913130752,0.8381956463035894,0.9678789470465087,0.8702976276664803,0.9097777691048735,0.7891265490567951,0.9006725751177386,0.963319947003294,0.80827790909437,0.7522916112056063,0.8898554460131918,0.7903817485126897,0.7977020350581103,0.9245105324779794,0.9099714176765281,0.7856374056549517,0.909419479385851,0.9116077346680352,0.6880119353921218,0.9696832879906501,0.8302942529202723,0.8241906844528996,0.7935137883266871,0.7105600021220072,0.8998356325277195,0.8123501818440342,0.8658448743058337,0.9041331651186151,0.8620796280242745,0.7953524170544385,0.8629941151890409,0.9051522768764046,0.7440875607800282,0.8064972391718997,0.8621268641683372,0.7005339544827514,0.8095452552566401,0.7483913616343421,0.8978941753578702,0.8838653493957067,0.8265406937835215,0.79156509954143,0.7617254459536874,0.8648984378910276,0.6231498356281543,0.7632899952317443,0.6561355404760673,0.7958464561496318,0.8434103840174371,0.9045160488659661,0.9371399481168319,0.7976448676137872,0.9103193104168458,0.9468061676943131,0.7446075992646332,0.7966170643943787,0.8715962569793559,0.8974175311207291,0.9312798751915481,0.8146813811504179,0.8133022748223777,0.8357579208028796,0.7783078473435063,0.8508719267739487,0.8925298943770004,0.9021240135278065,0.8232920081694733,0.7724537592817967,0.9184695134748061,0.8853244828818759,0.7779767164487311,0.8887798157660753,0.9161538981106249,0.7983885469339217,0.8310801259761517,0.7283255172857871,0.8600020815320283,0.8056920285800113,0.938487761424174,0.7081991775143143,0.8848448307883917,0.628929960252003,0.8799138706825458,0.7904054644350903,0.7493006385274896,0.6809324603197991,0.8094259789051915,0.7464664959519527,0.8714601238113973,0.7330689468393172,0.9294958613905913,0.7804875301515742,0.9599554745945942,0.8975654650690815,0.7346962179231854,0.88576517294583,0.8444475315576402,0.7779240456697405,0.894620989273881,0.9182218875794322,0.8647209768283879,0.7880715926535726,0.7997260343488896,0.7806087293358993,0.6886976543915009,0.8807226928071792,0.9327174358882052,0.7948538879299885,0.8892420936389708,0.677317153856288,0.8500379069903673,0.8114228730680374,0.7750871740798335,0.8410507207879557,0.8279157650126496,0.8259676434290795,0.8804146412698733,0.9017576548119421,0.7915091976027847,0.9441033494994496,0.792331347850714,0.8000016948419251,0.8201574201989253,0.7915220175592843,0.8188528437083035,0.8773834662182673,0.6700938338147265,0.9071329483232634,0.9032409225011985,0.8793475737600758,0.8239801790372809,0.9366614229347706,0.5956223188191985,0.9218782198713268,0.8083992122558175,0.7947020886183073,0.7807930502398638,0.9103025457729278,0.9640098949948184,0.9270420705322373,0.9174757917879296,0.7733725179672143,0.7691622104474806,0.7804563372530253,0.8898546186256283,0.9065622704407592,0.9528386469279538
0.9157070422332251,0.0,0.9072463076585376,0.8112903409916044,0.770841968862443,0.8721061935436071,0.9111646439364236,0.8874475035991757,0.8710279745936178,0.9540409543879751,0.8404920240240771,0.9073867911818657,0.923427395454434,0.8141250870249397,0.9042537126098565,0.8739817954915944,0.8908010296897936,0.9155416829840977,0.8000257197219645,0.9055802697958515,0.8490963233408204,0.9390673096369216,0.8782756854709417,0.9353128560300539,0.9190088849039396,0.8090886823787846,0.8591596262802389,0.8994586868090207,0.8523244459798657,0.8072920752548727,0.9075363775735218,0.8454960656464737,0.871260706494252,0.9108787088247852,0.8866537177643646,0.7467924798106954,0.8928036766121221,0.8347114346227041,0.8294724548734292,0.8763471166841604,0.8074938436403696,0.8846037590339326,0.7416657746056408,0.7996847507528851,0.9467115782470622,0.9180557169546434,0.8475830075764794,0.7675027966227785,0.9102520853611721,0.7630569418189563,0.7892159461189445,0.8546972418302519,0.7565108313399478,0.8332997452441344,0.7462943609881763,0.9013308669668397,0.8396666497115539,0.823638714878272,0.8183927765817002,0.8437910039650445,0.8138009880643464,0.6284044842163402,0.6964205919796761,0.701503154246659,0.7250370809627931,0.746974672061452,0.8912709109184358,0.8779475888722174,0.8129756469987621,0.8551004920162399,0.8785141161552364,0.7579497820045377,0.7062153023076003,0.8827491294097947,0.891456386416526,0.8468951704588024,0.7889218510613731,0.8666637552618778,0.8383884810382678,0.6874234172204584,0.7689438252101396,0.8695411566564337,0.9261516750887767,0.7960580975696706,0.7113386355915428,0.973825066140878,0.7525371511247182,0.7463001538698926,0.9144940325242128,0.9460059473093557,0.8160074181813389,0.8736250069397996,0.7610686313035657,0.7865820140705916,0.8018517796104319,0.9392859634252485,0.6687622475139867,0.9088237779138922,0.6286012449427629,0.9395793583249272,0.7691085052643429,0.686929699673495,0.6558728516711065,0.8664018746755374,0.7186206001428075,0.9107610057385809,0.738155886235825,0.9637321053273367,0.883417070116399,0.9264332645598861,0.8436864988958377,0.7142280713328634,0.7821899677999786,0.8488783102848912,0.7949549827516295,0.9670770639775008,0.8740663129045325,0.8192829287103772,0.7570932543757568,0.84027540777415,0.7911066137037891,0.687619704791053,0.7918001713874269,0.922754366342766,0.6968029285356102,0.9138330028784435,0.7142605609776882,0.9037410052637125,0.8599809739557934,0.8254211846551676,0.8755764969973171,0.7701966446005721,0.7502114283303823,0.841070597585288,0.8266297583339771,0.7211205159445482,0.9317149915450831,0.863485313880694,0.8787871873305683,0.8322949473751761,0.7817119767382742,0.7808747449811893,0.9471811127455569,0.676113214081172,0.8548376010555703,0.889672736336273,0.9024617156725713,0.8983988029012598,0.9454908617830776,0.6258413052673313,0.8076028063398899,0.806633891889855,0.8413749264162846,0.895003406433452,0.9263117795953931,0.8996306076659168,0.8913245816758177,0.9311037977079596,0.7858232816387243,0.7013235199889108,0.8341778597330316,0.7941192887640616,0.9365285203354164,0.8866015556245532
0.863273011358203,0.9072463076585376,0.0,0.8080026753590399,0.8667233206129367,0.8649224520562395,0.8829048129404603,0.871194573868961,0.7935749531312318,0.8997380287789839,0.8765233139121278,0.8918575427233907,0.9080471304128839,0.7314988509536205,0.9087906963295843,0.930887924090558,0.9173972132571275,0.8924644476055787,0.7819221408221069,0.8287454383412123,0.9309009702157198,0.9695994960046049,0.8155960707950022,0.9377229268854758,0.866707134582664,0.8775747835155137,0.7967462241776428,0.823391423098227,0.821606800356604,0.8028610455041916,0.8348662986493641,0.8316826351145659,0.8566723576446921,0.8172458625495531,0.7776296539972981,0.7284525927830554,0.8864983198227596,0.8201194328969297,0.8624181364284975,0.8636769084190293,0.8185947564815322,0.8558781088482768,0.844121208795867,0.8261535530045232,0.893826722457019,0.9149711869729867,0.8572923351006033,0.8169114618662421,0.8653733970509984,0.7908404609777185,0.8538950309329758,0.8944208691637874,0.7153254680376258,0.8629281523148442,0.7636408033184199,0.8207180915702199,0.8467134445657214,0.8847167386596972,0.7741421802814752,0.793466837282872,0.8122598245165877,0.6291293740539842,0.7887878267401794,0.638644445494562,0.7388139400021465,0.7688252685114164,0.8445032440755974,0.9260433687476568,0.8518412747953505,0.8684766087146388,0.9202400446015114,0.6827091612892054,0.6712790422421899,0.9302314838397661,0.8788774825762459,0.7483398815242128,0.8600917234315637,0.9105218017046679,0.8537873068698759,0.697303455510432,0.8086592273764129,0.8593197886211442,0.9205894475335535,0.7753731293407641,0.7083848731748893,0.9151562361768162,0.7501390651784385,0.7228817415525862,0.8230439110035048,0.8644343569062329,0.8799562626614152,0.76925866996287,0.7864496783227344,0.7418111242109133,0.7794958772319244,0.9020151643436456,0.672188930012321,0.812467228950264,0.5653053371834184,0.853426228771526,0.7013654062528796,0.764891436083986,0.6603950633943203,0.8308641904899899,0.6911003466482923,0.94364106050267,0.803544272020051,0.8887892939126902,0.8823393335978951,0.9029549861745031,0.8567070007998637,0.7205485162663144,0.7559614333531912,0.7879539673849115,0.7771802709092165,0.929010375014324,0.7689225018857256,0.8394384188353472,0.7917755835345857,0.7351140634064586,0.8265339206872057,0.7200058122837519,0.7340157597437993,0.9371491828243438,0.6313325904302063,0.915847610445658,0.6898717653264435,0.9076038218518371,0.8227109882207511,0.8273915426970033,0.7903945185736666,0.8692202184717559,0.7120311261407708,0.7684187050577006,0.8251767564790049,0.7323059574770466,0.8853376406986563,0.8320367610941133,0.8492296291181706,0.8452363325563728,0.7550498638596694,0.7491039677215595,0.8582918820259455,0.6792396128733289,0.8569059152468661,0.8389090719953693,0.911594144668628,0.9376657905918798,0.8871650615974749,0.5854813482681095,0.7712570840222214,0.7376320596241913,0.8465479334646723,0.8932049518529044,0.9320194603163398,0.8804978912200405,0.86078675713843,0.9496506452416404,0.7240941339236094,0.7050366190949326,0.8276847057098433,0.7003647089601691,0.8750367960727068,0.8898713836560617
0.7607944126166701,0.8112903409916044,0.8080026753590399,0.0,0.7229387699012996,0.7194841862139669,0.8474355750972853,0.7810002735044675,0.6539870252986208,0.7775235405002335,0.857004836660301,0.7495892166451711,0.8206072623688742,0.8098250109413653,0.8746952829234849,0.7812169467028569,0.8460659706266812,0.8655787221001386,0.7468244722074795,0.7387274569850996,0.7984574212836396,0.8356768658680844,0.8021168785613518,0.8405048660680916,0.7449827266879565,0.8663152071759928,0.8274817575729277,0.875319834355991,0.8442991614724712,0.6316624811089699,0.7431244741256664,0.7240627026433317,0.9623633181207433,0.7889856459414539,0.8019930317754267,0.8116759802893708,0.7766414849336398,0.8313490609806257,0.8359451268993084,0.9029420143166179,0.9080005238493465,0.6645239177952156,0.7576160209009204,0.8021287569500914,0.8441706375791804,0.8453987925871673,0.661572376309524,0.7531617941004612,0.8438142865599884,0.79379874509949,0.8665782386746682,0.8273226844002564,0.8068507484381462,0.9357467668834794,0.8690170684996228,0.6533439677228251,0.8194852654362079,0.7492315980449916,0.8657626657901407,0.8327368788061594,0.8355130114353839,0.620832345841799,0.7757683165716156,0.6854156543162458,0.7324941153655725,0.7638718580175808,0.8511514440362025,0.7428719708412821,0.8579566239935419,0.7951420106053616,0.7854429739618943,0.7733986220074106,0.7051988552566985,0.9044793557836197,0.8291095045409571,0.7140718687151798,0.8466294128847569,0.7932417670994937,0.8793527148250113,0.6307240291849532,0.6968692308602825,0.7799194994055183,0.7244114207871288,0.7992113159627816,0.7421107519296452,0.8003314099906411,0.6883011885155332,0.7834330733459173,0.7754484421427275,0.7168485121039305,0.8338779027240756,0.7137503240867886,0.8276447348677365,0.7625809576423594,0.8840753520429154,0.7705366967387884,0.6852610421819869,0.7071742608398641,0.5883288841731071,0.8746879037654698,0.770245718332433,0.7308516854371848,0.7892561478452566,0.7674769630776869,0.7600588977099292,0.7792643822514465,0.7979741182141734,0.7552514210748349,0.8688716524900454,0.7433781603680958,0.8273349875141472,0.7803212105256206,0.7365016869851214,0.7880907364499542,0.8848154319949241,0.8224138636660928,0.7232414987233993,0.7388931491339932,0.8074931233828535,0.7505137596757635,0.7776175299437234,0.784310341830326,0.6721121502782911,0.82126152738772,0.6246729125050517,0.8772465600151335,0.6967475171757294,0.7831294077354887,0.8557561177443822,0.8626082377822828,0.6322202357168921,0.6964993416963836,0.7465028989393653,0.775274970885641,0.7789042732954355,0.7006866627477804,0.705412300786464,0.8942892739990942,0.8879801803799859,0.7675000656538254,0.8969290095950131,0.6761300475015657,0.8240622072345871,0.7354361376282877,0.7941391075796325,0.7233268409771515,0.719394335531016,0.8254236605535926,0.7249834670049936,0.5670970280010385,0.7876981077188807,0.8191289105985329,0.8468592110294167,0.7418709015902117,0.8085653477166113,0.7767235721139568,0.812341588822886,0.779304605238906,0.8859840749344485,0.7536563853987931,0.8487439748697904,0.6787908916154635,0.725537199396637,0.8090551898580988
0.7456326320482749,0.770841968862443,0.8667233206129367,0.7229387699012996,0.0,0.7386162193744955,0.8612845781378801,0.7221546122903635,0.6999482767571764,0.7564874103468111,0.7700870514838293,0.8331371980987695,0.7478093872457483,0.6377967969707534,0.8442101066631095,0.84318253548873,0.8362260440630356,0.7850197043592251,0.7313638401963117,0.6913208378422979,0.8653516691272426,0.8351426747037375,0.7903812198451876,0.8402836290016775,0.7357750901643746,0.8149394122535192,0.7185199544926946,0.6937948590323317,0.7442928750129825,0.8163709743797447,0.7427102937867065,0.7459774829845284,0.7792630965568483,0.7277523561336594,0.6834845010105324,0.7031707833837957,0.7549537936598528,0.7332029721257894,0.8239406297938263,0.7861236524748678,0.8042379561185791,0.7635927661978423,0.8394890444715428,0.7869244515478323,0.7462691282863044,0.82814721759638,0.879630913338211,0.7330368565310504,0.8031621772208105,0.79019369785126,0.8472407549028679,0.8370746478924849,0.6928888911143792,0.7719386653781423,0.7222406872714042,0.7143967003593948,0.788135560888995,0.8597543800698368,0.6772560559049581,0.7494324459650891,0.6462953902319424,0.637129565910628,0.7433913555376802,0.6043972777720477,0.7063860467015225,0.6541169300069889,0.6824427326904267,0.8144440159884997,0.7402272169674813,0.7186686141782037,0.8104248788218333,0.634794953478594,0.5685302996823802,0.8137721951054139,0.7232167568632202,0.6623652455880198,0.7871633670870707,0.9272732740209886,0.7575192643818696,0.6649126965748674,0.7101609289421068,0.7701275264640921,0.8447114935718261,0.6392142152201213,0.670816159692118,0.7735698006897981,0.6202710460291665,0.6914495454046251,0.7121971406120262,0.7316983483657215,0.9282904715284075,0.7236657933050196,0.8306486023802754,0.6643569156765542,0.6972868964124919,0.7819648149738802,0.5804401171685021,0.7041948061514023,0.571379563725467,0.7218775881045673,0.6250866732356265,0.6843490268956917,0.6588273444930774,0.7546677783457277,0.635744545765262,0.860437035246297,0.7364800612395487,0.746861650768993,0.8424171478656268,0.7663414823598105,0.7969515726673692,0.7306743550106573,0.6228942811380623,0.6678005428976808,0.7151046812732043,0.8251963853687768,0.6801770431903151,0.8071966731175538,0.699933883969686,0.6504553212075175,0.8616778026484185,0.6675010260698879,0.633017394194989,0.8717732060930928,0.563919777254425,0.8113443064265311,0.6601707480062133,0.8329207473144766,0.715545348313591,0.7493958019514827,0.6965159505651705,0.7823613021754333,0.5981190950919903,0.6773648140786855,0.6794461030918056,0.6930056583478004,0.7972005387910659,0.788103728853494,0.7270438481013591,0.831956951962412,0.6449805811875428,0.6887752684536026,0.7730413591323424,0.6372422596748741,0.7589841477674688,0.7748219696495632,0.851224380587223,0.8674154434116972,0.7505772501116165,0.5689688303052799,0.6678696057821998,0.6984572828920015,0.7920153355525341,0.8323352955944824,0.8286923349205843,0.7197636325676595,0.721803329355709,0.8476639639048482,0.6432022414712293,0.6875651206605754,0.7083350242305478,0.6239542973864697,0.7711059280847119,0.807098742361194
0.9328707669980736,0.8721061935436071,0.8649224520562395,0.7194841862139669,0.7386162193744955,0.0,0.7769023489705448,0.8457217638272494,0.8484918308632879,0.8406612194564069,0.8504033464439127,0.8857005120208216,0.8943529499475683,0.716411867861255,0.7654367968150433,0.903271691938748,0.8646408552975521,0.7887063785117312,0.8461019461777121,0.9017758667802861,0.8882800780246449,0.8535655458492714,0.7127597082346772,0.8284352996668003,0.9212273764649572,0.780473156755172,0.6781894877108149,0.8234130438775378,0.7600536363576248,0.7991094188451425,0.8815210068185934,0.9304073546725022,0.7430190827161635,0.8847750095152204,0.8396309880576144,0.6896564141680391,0.915548347098499,0.8005226843374774,0.8001048148479918,0.7191107257565091,0.6869847835444498,0.9029692800432503,0.7891967301497155,0.86319428632029,0.8433171807656478,0.8024483649682911,0.8047995717728617,0.8531304043873971,0.8079410264429115,0.7260010774606239,0.7908570129961692,0.8948097780769574,0.6750737903217043,0.793256210446387,0.7285068956969515,0.8982445096742558,0.8466561648898479,0.8757374157035472,0.6942762202027906,0.7260417697895525,0.8395867539519568,0.6660149902457708,0.8014842126943922,0.6355768067073326,0.7405900294530975,0.8164887965469777,0.8220847013157991,0.8930356854543231,0.7258583192043754,0.8641013324083048,0.9137654119436558,0.6770278201827262,0.791733841653656,0.8280967459695345,0.9114622745465782,0.866632181542047,0.7852195133971989,0.7975112097833342,0.7979822205073406,0.8109438617095504,0.9049685197323063,0.8586975662399315,0.8745469597416945,0.8130815618342356,0.8016548375236278,0.877761135910936,0.8874743377367454,0.7119236492908739,0.8460056079906406,0.8744822129197581,0.787371622557857,0.8247553134472221,0.7078002835861664,0.8225483158458144,0.7540217883150402,0.9147277562874031,0.7347578750012606,0.906167373730079,0.643909172357772,0.8274571938854197,0.7359802139007328,0.7452674522843662,0.6727480155613487,0.7892678320317705,0.7483728271990097,0.8594756915297966,0.7558344139662582,0.8938985288238298,0.7246651384698475,0.9263891755941956,0.8930189202943747,0.7216474953077853,0.8833584540567807,0.8209022401989448,0.7445520080037299,0.8590063981257,0.9143476409751933,0.7978813662614663,0.8206793095940124,0.8006589747636592,0.7447583390055839,0.6980456336566896,0.8862476862066542,0.8972557355301851,0.7655223144445251,0.8602835197257138,0.7148471650669063,0.8329021124546623,0.826097818413597,0.6957442120606456,0.8414624320155016,0.9040764582079385,0.7782204573397643,0.8768023554768503,0.8505811171181946,0.7432530340311564,0.9042123151153926,0.7132398974474767,0.7082907188927327,0.777463348704795,0.7312957081536738,0.8571389497529309,0.8296863088454716,0.6901615416864412,0.8779221660392557,0.8655367977257986,0.8758208061632343,0.796269991558997,0.9139503076211771,0.6551791145651483,0.8654664561577684,0.7802902167961462,0.7447785097118317,0.7382150748444192,0.9067365708201037,0.8851778134662637,0.8390305512099595,0.9101206178541988,0.6951676634447292,0.7627328542226016,0.7246346430731371,0.868412993002147,0.8911731856738251,0.893201716865026
0.8484673228262412,0.9111646439364236,0.8829048129404603,0.8474355750972853,0.8612845781378801,0.7769023489705448,0.0,0.8202499646083429,0.7847140856235709,0.9151929842271341,0.8305493825005149,0.888487380576581,0.8591674670673554,0.7503180238477231,0.9495457764787661,0.8500709960733992,0.877698573235519,0.9343408867841989,0.7874338441256781,0.7922342688428486,0.8396817007418291,0.9107106299917572,0.9620619993722584,0.9373361397081711,0.8634718313471266,0.8278072504068045,0.8847563189631044,0.867624123814271,0.8354132969384565,0.8211280476624807,0.8419134441238433,0.7954031783625254,0.8899094765440099,0.8612428351735663,0.804519368173973,0.7239711862770943,0.8444463299606305,0.7777420388634041,0.8294010442099254,0.9137679842685518,0.8344999765800469,0.8239231388817191,0.7862099320137672,0.7884785883126912,0.881227795631349,0.9255796988497572,0.8488633086372394,0.7381240563305392,0.9574158205039776,0.7632394494600826,0.8418851187155407,0.8263835508410785,0.7387136950926589,0.8269035817166673,0.7641565088040391,0.7989515103972827,0.8241122732933481,0.8262699250545805,0.8291110419502321,0.8290911246634589,0.7366448871688854,0.5953146906349547,0.6883014831027079,0.643348626330546,0.713488923435233,0.6950456131687957,0.823415303819737,0.8553510950656265,0.829628884548965,0.8172941292774912,0.8294049344102432,0.722070883391847,0.6292541127374542,0.8937063002560489,0.7951144662655676,0.7852137064435883,0.8211516071374448,0.9238740034859282,0.8129852538129919,0.6530374817513067,0.7033093099035108,0.8282718617628388,0.9021525394315685,0.707788011931876,0.6760073824015247,0.8793414659522077,0.6753818624483067,0.7754571053367663,0.8597212916566563,0.8435228383250996,0.8909527067965942,0.8192422802839388,0.8193798637389608,0.7334951190273452,0.7756911017535097,0.8789789144499381,0.5867542366096893,0.8036500123308785,0.575198301541924,0.8833534730567592,0.7116678036080232,0.6916651401238076,0.7034152203682573,0.8661512391508271,0.6668516308311159,0.8857660703357598,0.7270841657869238,0.887848646581201,0.9289755509092056,0.8527274550910326,0.8496569040168213,0.7117057994601699,0.6960310280683278,0.7796954818876953,0.7765461455635432,0.9303387699320855,0.7939631253060024,0.8636259575257256,0.727416699160441,0.7475661270111741,0.8073103246945804,0.6879268806360089,0.6877783503689273,0.9320175619314539,0.6125512546365643,0.9009268331080669,0.665967691958533,0.8749680090763784,0.7903822393836952,0.830796237207979,0.7816156338651701,0.7140402060672514,0.6826665070186053,0.7356367530638088,0.7448430250015375,0.6856493143307428,0.8680232107510893,0.8910014792855618,0.8789038985738953,0.8670029514966093,0.7670847364394985,0.6982291526764077,0.9076472067273739,0.6341210003201153,0.8028345617855908,0.8672820840809407,0.8550736237857716,0.9276780073602544,0.8554778529230039,0.5525511075449302,0.7552106799981249,0.7980090899529858,0.8512531450232004,0.9085682171001926,0.9096400643191364,0.8295824981928032,0.8535509159434568,0.9122572458569245,0.7810048725910911,0.7215663226070261,0.8267692317425053,0.7066961701869168,0.8566634410329793,0.8646636584300151
0.8660658024761404,0.8874475035991757,0.871194573868961,0.7810002735044675,0.7221546122903635,0.8457217638272494,0.8202499646083429,0.0,0.9025274377324488,0.8860361196943836,0.7864798939088654,0.9066463782339899,0.8769764252754023,0.7192624015166608,0.8715816312717432,0.8533755827983972,0.8065249788974727,0.8637757821168108,0.8014226101072351,0.8486670294766001,0.8051141876656023,0.8772726208589825,0.8191855816483161,0.8264813612408842,0.8855942267945777,0.7757640163888678,0.8450023207592042,0.8384813117122047,0.7212507718391601,0.8317901388441993,0.9398317585771481,0.8414287858199838,0.8248191232739687,0.8740074983962122,0.7891358900059976,0.731304191958389,0.8668036865619672,0.8187458824060722,0.8359930685814201,0.7708849770115689,0.7352998346657383,0.8408235546552684,0.8025986367488599,0.7257533050234518,0.951710874845578,0.9098220246665792,0.7986822954392155,0.7171418319280142,0.8218001272213122,0.7575756501216475,0.7854624299737226,0.785821639083687,0.6723517194825072,0.7819516790984476,0.7245066353471358,0.8477664714345177,0.8025398059529585,0.8837444208300057,0.719178764686625,0.8091969664513219,0.8240592533201335,0.6530092543643689,0.722657509559263,0.6332556303656965,0.693048570073646,0.7453170524853308,0.8381930066185362,0.8561450901537326,0.8362111723737076,0.9498940545024872,0.8680701223548887,0.6774376291955909,0.667258843900549,0.8576057759537526,0.8947685288247225,0.7760999535723614,0.8044057924185272,0.7884683181247357,0.882233872786687,0.612339146773227,0.6968170638571668,0.9074206902315286,0.8851704265230342,0.7706344628896854,0.6951811358903319,0.9399182031898181,0.8195649157860264,0.8000120974594677,0.9322307091699756,0.9181818529239496,0.8116575859200889,0.8589880720478845,0.7163503121107596,0.7156102228177461,0.7153417723698448,0.9001768443257976,0.7159083902551989,0.8640250501374551,0.5826607508749406,0.8889003188192877,0.6985825889509226,0.827751072016279,0.7091205962761851,0.8609186422369832,0.7529180090574753,0.904473426955131,0.7726151068264802,0.8826545370903355,0.8045461281869217,0.8212887524007507,0.7838340674875788,0.7022983007545242,0.7388709044185975,0.9073004790453806,0.7540166918974797,0.8873360809131686,0.7839619746363393,0.8020125388698278,0.6727955231633873,0.7992309945038423,0.7073921335300161,0.8238708898695929,0.6958087023233637,0.8587843724598,0.6183782600891111,0.8618337440381917,0.7080153992064666,0.9266825780768131,0.7700343354234603,0.7722645261197819,0.8695625428020702,0.7869618887478993,0.7422331800393273,0.7826382083028954,0.787930759481665,0.6315340490105509,0.8671697783828319,0.7717600938544961,0.8198204519370286,0.9015621358982977,0.7413299204400522,0.7241179785675522,0.8838112751126996,0.6949853570407305,0.7798736147077306,0.8887281040843369,0.9034770881321328,0.8506622833605231,0.893787122660556,0.5859611224998521,0.827420352650733,0.7046629364733202,0.8106900481632648,0.8478851092890104,0.9123913361632401,0.9037250525903747,0.8107327647602798,0.8906306455521805,0.6886593459986935,0.670108278552933,0.7201559206392747,0.7065156440936656,0.9327181812242414,0.8045030528371877
0.8831365001784385,0.8710279745936178,0.7935749531312318,0.6539870252986208,0.6999482767571764,0.8484918308632879,0.7847140856235709,0.9025274377324488,0.0,0.8623940268745716,0.7036788154428391,0.9012637553836865,0.8072437988107958,0.6539027507887152,0.795639736910961,0.7777397302448796,0.7290859553173478,0.7972384646921326,0.7840798380962312,0.8585021237460811,0.7537353815745225,0.8213710685759888,0.7819005702479606,0.7870170602760259,0.9062400684526818,0.6694805819823989,0.7488273057677791,0.7580066437688369,0.6522735097978033,0.8873055014713739,0.9479182145159055,0.8124976537607961,0.7051616434018328,0.8455363970657445,0.7785856454749005,0.6333322571035829,0.8325680049780418,0.7165108495184068,0.7354116164518071,0.6837295960976227,0.636142162576343,0.9316609255942151,0.7173299392235456,0.6868651750314048,0.8580791017268442,0.8143480910918136,0.8403913612612747,0.6718324055321365,0.7795154749593772,0.6710042741890005,0.6849694566811545,0.7340886594353077,0.6122030020369376,0.6714710370758005,0.6125900287153142,0.9474714764003334,0.7392853988641919,0.8211986144570089,0.6539188504678705,0.7119685188707265,0.7132958678756216,0.5991873913632608,0.6312084144020594,0.5954997581576069,0.6738045434893073,0.67452963337449,0.7597890770727271,0.8426456116990605,0.7058417827950427,0.8587373657554724,0.8248959993386157,0.6247045577980475,0.642070946869518,0.7404866529001167,0.7939544147151333,0.7946575059616389,0.6795286395293633,0.7353152874754869,0.7421809324452708,0.6151641451885529,0.6854405863878441,0.8907656044486312,0.9066443343313815,0.6774424081831054,0.6436884335725899,0.9027980364109817,0.7852777072567395,0.712506089358437,0.8806576602818195,0.9549381456237214,0.7326185500622301,0.904915179477847,0.6289449529698782,0.6822868662272524,0.6433570535506121,0.8966695603382804,0.6436942023337832,0.9203609556001544,0.5914943826591108,0.8030769250102306,0.6432328008313937,0.6939072882316384,0.6329276317047888,0.8474848295230043,0.6698855321014191,0.8374267663102537,0.6457696392242377,0.9008778532188308,0.7144075625919505,0.8414053974659378,0.7417551764689742,0.6347801100970929,0.7116076825759516,0.7982502325537602,0.6459777018134405,0.8443376058133545,0.8180470136992043,0.7699519452851012,0.6162819665844788,0.7650365664139408,0.6572186208389462,0.6741758879704648,0.7258857505953646,0.8163868951715694,0.6535006128306218,0.7646435835899529,0.6522312104211316,0.8441642147022856,0.685000492022417,0.6709058966512236,0.9656419450432907,0.735916626356206,0.6715877417063318,0.7656941937707952,0.7415624171536632,0.6184345009438539,0.9111028271746141,0.6901202358820704,0.7168483832000078,0.8312834945072728,0.6490810033518157,0.7078897471204721,0.8580233601407904,0.6193591968290522,0.7301581453017577,0.9283721238095743,0.9242336078480277,0.7599100428088067,0.9210514496173201,0.5712155293499639,0.7832312688688962,0.6671035213637877,0.7254207894181947,0.820010158622002,0.8765304619475243,0.8682488998852578,0.7653495026870776,0.8644817597890857,0.6223103588698152,0.607752385694463,0.6482232742123815,0.749801909447948,0.962192507527797,0.7861475216166811
0.8838794421850821,0.9540409543879751,0.8997380287789839,0.7775235405002335,0.7564874103468111,0.8406612194564069,0.9151929842271341,0.8860361196943836,0.8623940268745716,0.0,0.8105991601708423,0.9023685663792979,0.9001258184850234,0.7476924868888709,0.8911320690220643,0.8519880118891873,0.8371456433598884,0.9073079111980167,0.7736885914241594,0.8477926257057398,0.8039972461593698,0.9132151069097344,0.9004505802232989,0.9033573531649797,0.9422092609982589,0.7737886083515416,0.8661580975711235,0.8689128615985808,0.8200503753392182,0.8314539407574191,0.8892008306127924,0.8247109135015399,0.8282135711274256,0.8722433143183065,0.8142823297015848,0.6797502162602521,0.8874605537056849,0.7695829554818706,0.7761679400043298,0.8422362863026942,0.7446986137587903,0.8871634307699824,0.7411208142211544,0.7514193041914575,0.9155070524196028,0.890617845782588,0.8412092171268036,0.739606809851768,0.9072877347150529,0.6924599841421872,0.7484941950891655,0.7836771406158172,0.6676568793706804,0.771876624762482,0.7097541613842548,0.8925002208371609,0.7715783549183143,0.8143769061287944,0.7889746229511515,0.7725393969692563,0.7728791275165645,0.5777821331386936,0.6553191066463981,0.6325360360103315,0.663466543903484,0.6963349334637724,0.8509964234569706,0.8883185726172429,0.8228715476291364,0.8751997450708761,0.8330979604391952,0.6939616386069154,0.6517108455349632,0.8503233149388101,0.8302058170037258,0.8223590410630027,0.7694732887016962,0.8549537819046462,0.7908203027963088,0.6555127904125368,0.7339813308840156,0.8218136301930433,0.9347181612476679,0.7459657924307823,0.643345107980239,0.9270118787034959,0.7439059429206564,0.7321754600226064,0.9067977767970162,0.9242586177640167,0.7875715690612479,0.8370977691910582,0.7184414360980836,0.7151838774708202,0.7223946236240787,0.944561249777513,0.6029570372738822,0.8827189872736873,0.5638530194744874,0.8882102669103137,0.7111357319878688,0.6947934822618703,0.6485588295348618,0.9091409577940709,0.6525172900479262,0.8828062574912205,0.6924617240504617,0.9703652956297154,0.8510701565707096,0.9044453565568927,0.8053819316291005,0.6425931793720335,0.7404700772066206,0.8243118209339724,0.7266288531224092,0.924563646115502,0.8343788380897813,0.8445693576637272,0.7166054013342968,0.7806310268814115,0.7189881323118973,0.6770707682497991,0.7300429245052702,0.8987194893904766,0.6412873175400018,0.8969757394482006,0.6414412486757066,0.8746711912346392,0.7948985376067402,0.7899793378319209,0.8823890145002935,0.7279437297597621,0.7129581847963976,0.7408176385233775,0.7762408447475272,0.6626794351556907,0.9225940249392266,0.8143192737042904,0.8658034836157203,0.8295013486182936,0.7654290566905987,0.7208298152783796,0.8831308489411047,0.6132727036808504,0.8087249841114578,0.8930051624165858,0.8713457566922747,0.9007313424603616,0.9564065713285927,0.5668720488124503,0.7660564224518258,0.7675041493359155,0.7808941980675017,0.9073798533842443,0.9328424571116724,0.8909943931139415,0.8697365603447125,0.9344713424510157,0.7449989808718523,0.67123801354414,0.8289238637020774,0.7453164304016875,0.9239116482131032,0.8373695266142369
0.8903447848757955,0.8404920240240771,0.8765233139121278,0.857004836660301,0.7700870514838293,0.8504033464439127,0.8305493825005149,0.7864798939088654,0.7036788154428391,0.8105991601708423,0.0,0.789569274634335,0.9352980469476972,0.8131195261157104,0.849648660431304,0.9210022420302567,0.9247908827265262,0.8873322513173869,0.7947153203964744,0.8700131494592008,0.8994006680129073,0.902814150273832,0.7500081655270183,0.9056176514401902,0.8453312007440651,0.9164800763798001,0.7426995529233346,0.8970626257041148,0.8901956765550065,0.6844654733189962,0.7950171322530117,0.8565686973026139,0.8466057121491044,0.8301398153087713,0.8666317932358819,0.7438705995250806,0.9285423216864737,0.8845597617240142,0.8889282445933057,0.8625295115366763,0.7978048733669326,0.7471750704249039,0.8587000132405119,0.9405372369519749,0.8556292315623498,0.8417844276539407,0.7016931400798435,0.9552846543161322,0.9020307495739831,0.7932701488925649,0.8904280905885971,0.8867039962769301,0.751711660749242,0.9240385089087225,0.8902160183539627,0.7278244640708227,0.9163756123421156,0.7956668439407814,0.8496670872542795,0.7804733554517924,0.9247456183502467,0.6331392283351598,0.8620250872335323,0.6803943764073762,0.8065626224459161,0.8931316047584927,0.9152113277647483,0.8791083382525622,0.8540967502281166,0.8605700116185769,0.9173415819131889,0.7933779648660664,0.8065559861424543,0.9379776964526911,0.8963079782496662,0.8423529371366926,0.9254961802230889,0.8446270580110841,0.8792375748331628,0.8198879328231743,0.8742877729226313,0.7956721456318496,0.8010477538029181,0.8860191999566716,0.8100779138194361,0.8308116645176169,0.8308135268228898,0.7747954529537493,0.7915768103616154,0.7728768183010553,0.8284910115123189,0.6964509954057174,0.8293669614390623,0.8894146445702052,0.8937537420081575,0.8481932224877937,0.7280712894923677,0.7359079017367928,0.6088165176992765,0.8450318896770714,0.8519275618865518,0.7922360936586157,0.697450012510235,0.7324906712395368,0.7614855406680927,0.8312036211009812,0.8150869176012611,0.8153171805914735,0.817357712158387,0.8881517306268765,0.9274437167724727,0.7926825599662596,0.8789539066213309,0.8201007253490689,0.8689381906896939,0.8433567527165085,0.8096275155082984,0.8648166166879201,0.8956962423788549,0.7421521120745123,0.8626686329666323,0.718832170049586,0.8264530050486524,0.9199573685504596,0.762113016886664,0.940699819009456,0.6683842869673411,0.8141240513934848,0.8754194505861451,0.8511260906838403,0.6748086140273906,0.8414940366028326,0.8722053956150183,0.8469737972123619,0.9276669610333647,0.8644435498467946,0.8239823158622106,0.8516213907352753,0.8445263953673139,0.7841543667215537,0.875518754065507,0.8112586755247908,0.7969862424809452,0.7097676178184769,0.9609616563781924,0.7594324579530265,0.7733396277411271,0.8493151832275528,0.8148602853094263,0.5994187806816281,0.8930861520263791,0.8513147689455278,0.8320929830288384,0.7254923492226864,0.8470971472572624,0.8939090663867179,0.9381166258364676,0.85722033377623,0.8611206448157191,0.861377199515949,0.8512927686447672,0.8097704492303408,0.7667406465516003,0.9522014603098906
0.8771200354855097,0.9073867911818657,0.8918575427233907,0.7495892166451711,0.8331371980987695,0.8857005120208216,0.888487380576581,0.9066463782339899,0.9012637553836865,0.9023685663792979,0.789569274634335,0.0,0.8378720309900239,0.6710978813593854,0.8699628422575957,0.8805296639456476,0.853556269850865,0.8376534897699254,0.8905732226178925,0.8360919853824151,0.8783572709846815,0.8853210710052258,0.8623591964117305,0.863028127853373,0.9146346256850911,0.7521867663824288,0.787603266377449,0.8217127197706844,0.7409968366779751,0.9328430931001817,0.9369576762031327,0.8802687083086731,0.7972156251895105,0.9065270730389151,0.7825631937124176,0.7159238081957447,0.8490931761139661,0.7677836245877087,0.8544409108387937,0.7627327996990318,0.7458454266909246,0.9208100806756365,0.814017305968774,0.7734891186485994,0.8815666577301914,0.8918244297947968,0.8973337904598564,0.7292357944634387,0.8618775396785694,0.7648771607401869,0.8197799536554681,0.8397760697692195,0.691590020878144,0.7852302568960249,0.718117575968312,0.8855426042945829,0.8332863857771732,0.9497309885102748,0.7007183920908922,0.79486283808508,0.7434137754572164,0.642298757920988,0.7203122381833204,0.6173975394597137,0.7145287096737147,0.706478036634647,0.765546446456743,0.8582094717069886,0.7528617634725128,0.8648677270668909,0.856403808258277,0.6464194334539004,0.6385774811747206,0.8428249091768143,0.857652733580891,0.7880712095797001,0.7862308490898284,0.8599444203104155,0.8063691776653492,0.6565593385576776,0.7317369690217626,0.9096651755609643,0.9407166782990735,0.6974375469081977,0.714810568948843,0.9092445920479142,0.7548912231943413,0.7551049259449263,0.8951185759533424,0.9001239094546043,0.8684724664064882,0.9096108149683225,0.763975739769639,0.7286816768341655,0.6993835463442978,0.9162613387627762,0.6577618025399213,0.9032798746768295,0.5959902458395795,0.8436560166270044,0.6633064047942563,0.7554002476771199,0.7015894594716137,0.8975364847436322,0.706150302916529,0.9104927820616515,0.7580382063503082,0.9093663890557608,0.8108672163172984,0.8664767554576068,0.8615565669147854,0.7087024583823619,0.7100438367874335,0.824313691797637,0.7153235586152568,0.9069988575255695,0.8462635348114022,0.8636106139309421,0.701020146352186,0.76033381455276,0.7468654119651613,0.7238442127204064,0.7165781718905374,0.9164863502567746,0.6203436333952022,0.8674590776897186,0.7061074299290836,0.9127259952648038,0.7739179638712043,0.7151448767658071,0.8941576893295305,0.8133239467328416,0.6688995097973032,0.7793619878920836,0.7584216288517877,0.6461585810158623,0.9161502471570817,0.7568324491339704,0.7598203986308644,0.9238567819918172,0.6850979380127817,0.7480001419573877,0.9141381752352893,0.6773366733384482,0.7848524019896364,0.9214759067342988,0.9555042709996212,0.8720309191094471,0.9264424035632193,0.6025748094046994,0.7941466488192676,0.7543184212944523,0.8333976430435022,0.8690081125133567,0.966368148695358,0.8464937607425433,0.7958224834715114,0.936468325681477,0.6590475033870951,0.6917414895013981,0.6956868885211699,0.7319028869754103,0.951681303312053,0.8426330873583553
