0,1,2,3,4,5,6,7,8,9,10,11,12,13,14,15,16,17,18,19,20,21,22,23,24,25,26,27,28,29,30,31,32,33,34,35,36,37,38,39,40,41,42,43,44,45,46,47,48,49,50,51,52,53,54,55,56,57,58,59,60,61,62,63,64,65,66,67,68,69,70,71,72,73,74,75,76,77,78,79,80,81,82,83,84,85,86,87,88,89,90,91,92,93,94,95,96,97,98,99,100,101,102,103,104,105,106,107,108,109,110,111,112,113,114,115,116,117,118,119,120,121,122,123,124,125,126,127,128,129,130,131,132,133,134,135,136,137,138,139,140,141,142,143,144,145,146,147,148,149,150,151,152,153,154,155,156,157,158,159,160,161,162,163
0.0,0.5180500800680684,0.42419720351661677,0.5421166597453074,0.4538525052253234,0.5254938167140679,0.5557194511290139,0.5626296892666863,0.6597707598877051,0.42482605021815084,0.539645973519782,0.4669918359342679,0.6305758151714967,0.5973280863195713,0.5418441687912553,0.5274483378207115,0.5982746155269412,0.6966164580378941,0.5095013414541435,0.6552294157638024,0.5586743409408311,0.5046434971984356,0.5671468720172708,0.5018196440936469,0.5629179935904813,0.5418530800774801,0.48568762449615716,0.5976022643296306,0.3831539256969131,0.5195596390458475,0.5732814719760014,0.5718624556723183,0.5022817014813346,0.5856928342148021,0.6860389837246947,0.5281846443867931,0.6216170117342011,0.6455171236150105,0.48558920108699816,0.5499384803458842,0.5219114111952629,0.6561521702321321,0.5759159542303325,0.5611685873013593,0.5752150860045406,0.6036871108767906,0.5133643415342357,0.4795411483792902,0.632431259524139,0.6109293971587052,0.6184952390695951,0.585427233501101,0.5921031735220113,0.4903439239526074,0.48326401156900334,0.6585496081510414,0.6817548339750277,0.5311274839044936,0.5840755081456283,0.594460607739412,0.5416566083566047,0.562267276477001,0.6248589568676053,0.5329162903150577,0.6114003570282813,0.6260444992619083,0.6066427924953248,0.5763957361853316,0.5348414731009713,0.6349181448595778,0.6658904009543044,0.6049276495537332,0.66465856542549,0.6189826490801875,0.5918383634559732,0.6121500364020839,0.5657812627743386,0.4869871677313561,0.5996251020747241,0.5085429840594945,0.5893311922382163,0.6177629114285607,0.5656668427805202,0.6158013960161985,0.655946813754441,0.6691306092874085,0.6299053826549016,0.6005060475288546,0.6134121510830616,0.624585227784229,0.615923085707036,0.5691601382271435,0.5365040393999772,0.6491833275537158,0.6757195967400718,0.4809752717388665,0.49375156345405335,0.5651073743588594,0.5848025112966485,0.609318695076667,0.5672088089454904,0.5198013416904667,0.5449957426393779,0.42989677797777054,0.6504945478845154,0.5902197401759486,0.5393137090774572,0.6095320103274856,0.5491952742423768,0.5173931793019204,0.5595307020321325,0.6509671052411271,0.6858909683209247,0.5857182251788069,0.6594622833922374,0.6191171271281224,0.6530622432202374,0.45504763018288136,0.5081382378321451,0.58936247973145,0.5964874928091818,0.5525662434201992,0.6847911230522785,0.6012041952706165,0.6425937848751755,0.44681292965842473,0.5750556423247715,0.5065228982449601,0.4829955451858846,0.5585351129569092,0.5885037621382472,0.5567920828499776,0.6171715443626684,0.6722271212781338,0.5093569493875104,0.6118945304392782,0.5600072285372475,0.5650864131794278,0.495167337856251,0.5775442831036711,0.5068260013931893,0.5778625882421877,0.6266289975556801,0.5550992400782678,0.5934993900354358,0.6331072827881018,0.5792360458268258,0.5169083662914685,0.47751761493797246,0.4800754326404285,0.6804938573752993,0.5742664755017233,0.5253717735360339,0.46269205800501156,0.5557180605849781,0.6461566476515405,0.5615902845030617,0.5558813010235558,0.5389501930638542,0.6552662520934175,0.5384976032373243,0.6767375039818012,0.5420253537744844,0.7280284110620718
0.5180500800680684,0.0,0.5619231979925993,0.5579374391843872,0.43092172264006134,0.5869366823050285,0.5542232124787806,0.6328382543392395,0.48335357429657283,0.5818805222030209,0.612819779483897,0.6154492775508298,0.5971420200346506,0.5293048827991127,0.5998217628570354,0.5569475393404446,0.5859356473348226,0.5243907594874531,0.5806259475580308,0.5787655870214838,0.5877990688648557,0.6646582193512811,0.5236441407335355,0.5565331590643375,0.6254064395114892,0.4576403484494987,0.47707912887466414,0.551165275162485,0.519331682399504,0.45208892601280753,0.58461119830663,0.5923022467416024,0.5832215091699153,0.5442719171302104,0.5620162608748808,0.647747805264538,0.5389985923831241,0.5524622243941214,0.6214968989348487,0.5418283608767814,0.6121389264862696,0.5402543361862576,0.5246332315094206,0.560855781253223,0.6362606915041956,0.5268497230916249,0.47084320180896344,0.532038883928031,0.5833793328180663,0.5566204020765928,0.5451244442474851,0.4971629709902487,0.5424148796119217,0.6778232933175654,0.6538637474226061,0.5232733740990783,0.5311601606395536,0.5484569688802461,0.603281640684534,0.5642503757809179,0.6460958551287441,0.4648299455861186,0.5260591918188526,0.5519505928925069,0.4924887622790785,0.5013982929051564,0.5292412953101179,0.4877316238136952,0.5131851929950095,0.5617547396378514,0.5087313921723461,0.5014407463956252,0.4793355143846802,0.6099308288664815,0.6121378368434816,0.47777606207357354,0.5532136006013213,0.49070327854452384,0.49726702746588386,0.413613578282116,0.5464840154006182,0.49761320154307614,0.5494245070881205,0.5733619617257489,0.4867780368067745,0.6025067942953142,0.5088059452803269,0.4829369765877917,0.5248979225362165,0.530965972901621,0.4815313020374809,0.5205983898752009,0.6086209141380288,0.5073279964909403,0.5124079402174262,0.5793918339192689,0.5230419156565499,0.5613551684348719,0.45353690884052,0.5351525775991469,0.542579207151736,0.5475376870376518,0.45803091030434917,0.5303040388448333,0.5122004874923927,0.5107756696015646,0.5729059256763191,0.612278569518866,0.556972545567202,0.6124728131708383,0.5930559749052624,0.485901184979711,0.5175893449696792,0.5028250436253084,0.5093159351571379,0.5068157782688847,0.5422574585866177,0.541365306395786,0.6219475112791969,0.4598171600924967,0.4839399331223498,0.4672881250144597,0.500392015481728,0.5393906980801616,0.4678892005585034,0.5963874732462221,0.47383540785156464,0.5680630820287503,0.6944790708148127,0.5328477779560513,0.5242803190548939,0.5299295176724744,0.4652905865612791,0.5026291944798165,0.6426282019900761,0.5342595231123602,0.5400780590576468,0.527859924900903,0.5998728871697364,0.5464323090322504,0.5508762834711478,0.5743559318017221,0.5452034185899942,0.5699545525839566,0.5898119996245095,0.4806877611014889,0.5615770689393861,0.5676513901228016,0.6057491861325575,0.5165025264380311,0.5096104576347308,0.58730026071119,0.5635598021909586,0.5697697076783644,0.6198379073215767,0.5610249897441704,0.5345867067640644,0.545706906735539,0.49823536351585385,0.47276155460493935,0.5558349297858961,0.4856405925211629,0.46505399913593387,0.49749606737812513
0.42419720351661677,0.5619231979925993,0.0,0.4337193551267259,0.470480422514544,0.5493237453997973,0.4597474946496631,0.4896774558607266,0.3946444995389194,0.5362194815549394,0.5936383981383792,0.5810992287336975,0.5044834372299034,0.4161168397709671,0.480455400014394,0.5975529081588693,0.5379922566850712,0.4297661286908564,0.4785017283919661,0.45038936142855357,0.5403220879118902,0.6496360826967077,0.42838458397096585,0.4969763634330574,0.49843170651997387,0.42155763507964217,0.40207417972522647,0.43693672525734095,0.5420799481884855,0.4488692471899979,0.4463712096291485,0.519132940089528,0.46122271587224317,0.4247271263921561,0.42333085677875293,0.5068288015101603,0.46570533634290834,0.4579701354391092,0.5377807355529244,0.4509113887462161,0.4980133885453555,0.47618769268758704,0.4844551877689927,0.4963155012831872,0.4737712439068457,0.4345458985437893,0.46368040516389875,0.5522952889665372,0.466683345311768,0.4713020613517152,0.46695414071274743,0.44490958480195764,0.4274631248455671,0.5501107521234987,0.5622820787771471,0.4285210243983365,0.44003331723676187,0.55425342479425,0.45049085417849005,0.4454198263999436,0.4861202433021525,0.4068074562129912,0.482657484908881,0.4486905793599767,0.4024141444785918,0.40995089909748395,0.4088269287578109,0.4546474999969037,0.46375680614800774,0.46352158402573007,0.43877723125226786,0.3978025561956403,0.39066290864125364,0.5085788450498531,0.5066871642180398,0.38328092562777394,0.5009048745789553,0.4965421743794037,0.4101477454075498,0.387040187105954,0.48490516174767273,0.4030523772516717,0.5139322976791897,0.46301342147788005,0.4037492130302545,0.4684948310337097,0.4216801928353911,0.3961303297829221,0.41344056996636874,0.4154980572128687,0.4407060431659953,0.4045400568476792,0.5499691010566656,0.4043655109303625,0.41006705504513313,0.510009162920241,0.4236491326066768,0.43868509534099004,0.37599661697676723,0.40994930805764707,0.41786265067859185,0.4849805461454632,0.37845188171104566,0.4619453027967113,0.4116700073986643,0.4641265274462024,0.49042394180977494,0.49389418180339506,0.46765591240750537,0.5450735714150078,0.49606527696623,0.4052687951388559,0.4166157206496032,0.4159701201962004,0.4145315140719934,0.4418865606828435,0.42390666160676066,0.5315674763179552,0.5801715365209617,0.37932599169089243,0.4426166631639098,0.39487704067490137,0.4118430804510823,0.46807496585423053,0.37623081059760993,0.5584593872567535,0.3989936213111219,0.5321386167324768,0.56613258864834,0.4413212632109404,0.4427770228067539,0.5233370341071316,0.38004625508173917,0.3990920372734856,0.504693711557871,0.45051605471336476,0.4884748638020108,0.4309766712209207,0.47923224822878613,0.45237938706674813,0.4253738636964302,0.5061199722509214,0.4206701604377432,0.45937972835670365,0.4947946353345486,0.40369869968125727,0.506883358690768,0.5061063360753177,0.5340907425699489,0.4805781119325555,0.39803627573477585,0.4546639367936214,0.4846784400906422,0.558568922698087,0.5091414496983541,0.4396013194486781,0.4466008099781538,0.5057197938507593,0.38413175427597007,0.4078391653121919,0.4527273835455093,0.3887406085480782,0.38641982541248115,0.42941635706950715
0.5421166597453074,0.5579374391843872,0.4337193551267259,0.0,0.421154966727252,0.49411980366367114,0.6008485169431257,0.5745123491801952,0.49527741084654703,0.4389461479631598,0.5083697838436338,0.4896946367028718,0.5403815618930753,0.5322227721699531,0.6075318678779985,0.4671250174990003,0.5373858670232238,0.5595630535228941,0.5194134651017098,0.5109306087947589,0.5336588939844562,0.5079326034697487,0.5629982843261051,0.5220480724794853,0.5166235386648161,0.5050135656969538,0.495413731224595,0.5655424774455372,0.40086755209591546,0.43063824411971585,0.5343450687813851,0.49312232408393164,0.7133520284254786,0.5614698569577428,0.567339536633157,0.563555564421916,0.5064044039788566,0.5303852029496984,0.5013232806301813,0.5972369492548087,0.6314383001949609,0.5132792824955731,0.4960417198490548,0.5298112232479935,0.5854851663433301,0.5654434934828239,0.4546335693399191,0.4410424279834926,0.560110575749301,0.5431979751532353,0.5890828257911308,0.5576487902762675,0.5713868892825116,0.5812895598890823,0.5112504258576928,0.5120501353627074,0.5524217543851605,0.503416491355521,0.5653413906696146,0.5838202124113618,0.5572354093333283,0.4784370432560787,0.5485462746153217,0.47973939388039927,0.5181394987830298,0.5235253870305069,0.5659206253963045,0.4755866074866318,0.4764614755234131,0.5490643132516636,0.5286529527976072,0.5087622230348733,0.5149184621665595,0.6112768654455384,0.5404809840826369,0.486809967038983,0.5320281122973565,0.4657000523900637,0.5488460001671446,0.41225276264881516,0.502998410473343,0.5658738165180031,0.4996525426189015,0.5372566616653992,0.5300657007487112,0.595676693058228,0.49362624297889657,0.5105286301175525,0.544016744402399,0.5400089398415308,0.5340198219834046,0.5596858208497,0.5234719682353075,0.5331084140286394,0.5746613506652687,0.4815834439054883,0.48460820719923026,0.5484345763406828,0.4718455212163978,0.6323334964996277,0.5049274774615952,0.49122588645321297,0.5333550281884412,0.46499819969941764,0.5488352374828815,0.5150833380154798,0.5303708979307873,0.5427903620937876,0.5707963137680316,0.48447471366508277,0.5692241400231981,0.5298007545931339,0.5420745007923488,0.4954564569946566,0.595566671316147,0.5683278736073915,0.5447433911602722,0.4230960320604632,0.5318689406912139,0.5072182180863217,0.48790465950797673,0.5345593809868627,0.4974675905635428,0.5481130231927367,0.46909908961448515,0.4729806500931716,0.5184705531699045,0.5007059107882533,0.515279470864176,0.5243588207408715,0.478681437296148,0.4770848699929685,0.4805676723497472,0.5585540554024582,0.4910641890189224,0.48805185188602696,0.463743098120197,0.5755163242912947,0.5246603998876175,0.524875969839864,0.570425949277028,0.4744571693057228,0.6069350272365371,0.5276112249754076,0.5129724196868798,0.5222442950469129,0.5264919420078262,0.5127365298271186,0.4541247137096261,0.42870262620631727,0.5604122027116017,0.5445547624797187,0.5174244934271911,0.481364362438062,0.5686672216760521,0.5401428936033029,0.5069648304412597,0.531947399514998,0.5938535117512255,0.5134405306277711,0.533473681894285,0.5023883942554329,0.47638499888287683,0.5383377835354549
0.4538525052253234,0.43092172264006134,0.470480422514544,0.421154966727252,0.0,0.46127949535555013,0.5005429382861324,0.4168347953471023,0.4098055086286085,0.3878264579217905,0.49760362131789526,0.4594095728861705,0.46515587294030775,0.40513095072119354,0.4790042984182559,0.5413721658521127,0.5186602202621168,0.45239555511577456,0.41754772060933915,0.4135457426394674,0.5140251244617065,0.485986168221464,0.44634388134628455,0.48281382292570074,0.42738389679785976,0.5034845792053073,0.3917362723672921,0.40506079555856234,0.38995804063586426,0.5513586250410072,0.41953476164900694,0.4624729934677092,0.4405257467974126,0.41049722849887654,0.4160838055369265,0.4425004784095661,0.46965901073167216,0.4583431350028184,0.4595316941478738,0.46612554878372775,0.4821765910723703,0.48491433694232955,0.5162799998215152,0.5138773677107034,0.41926918842045385,0.45866702243923374,0.5898051432454419,0.4806818382448761,0.46959835474237405,0.48403391777178656,0.513582062375704,0.5062486055150889,0.43095268878530224,0.44323560499090814,0.4455219309124172,0.43932272584081034,0.46799475377551114,0.544684358796135,0.41043121376510083,0.4461216694304826,0.3945028973115201,0.4492709686960648,0.5223231628126327,0.4060877544970383,0.423969532505988,0.4137525746248391,0.3964251083480954,0.5147274595693998,0.4318472968147694,0.43568844076076485,0.4902023077495756,0.40840185562972114,0.3908283381304461,0.4905677179232074,0.4390082104504339,0.39805582900612896,0.5016022405666238,0.6051062649581799,0.43159853409580035,0.45937883211332947,0.4797911649410026,0.42415240268955007,0.567092632271868,0.424437674793639,0.43133911784904333,0.45418729107953654,0.4011880887902856,0.41436709066586497,0.409393913496208,0.41825532180427133,0.5583252840205298,0.40807603301381284,0.5299666418034671,0.41718163179173934,0.43151153108160095,0.4358618312793338,0.3747916674541185,0.40698353717867364,0.4068230556696391,0.4058558452141077,0.40151803443411904,0.42993016883430885,0.40001011031333766,0.38554270372748345,0.41909521461533894,0.5157656209195469,0.4469157941238858,0.4408588635480022,0.4879492480967251,0.4541462484315796,0.47245219484336803,0.4467843636503138,0.40897795645608215,0.4076872617391082,0.45059104348492773,0.49657414120972987,0.4177387780124238,0.43361693524128164,0.4589557531234718,0.3992295979564688,0.5653471328659645,0.41754757419720323,0.4162330318830269,0.5273093845838,0.3884032575966868,0.43755494411468016,0.42058016650067753,0.5100883388394202,0.4208281146117996,0.4464242285184437,0.42286754134554844,0.5104261408739708,0.38562325555267324,0.417928101837681,0.4003073815118071,0.47326258957709244,0.49226541183392997,0.4642708255054247,0.4039883114174033,0.4611510575917205,0.387259639324843,0.4661291086818074,0.42611257732646024,0.4204818920226248,0.4746306550160955,0.43884650313118806,0.5447275707370468,0.49146221210332053,0.40924132158688137,0.4165383044228829,0.40519207623396497,0.43196279059410847,0.44053806552737823,0.4889132839452602,0.4648910990414908,0.4229670787669007,0.4240629406108625,0.5362341353016703,0.38510290704551514,0.46818402262814895,0.42717223708897484,0.40587073582955663,0.39973807694840674,0.5023433014107939
0.5254938167140679,0.5869366823050285,0.5493237453997973,0.49411980366367114,0.46127949535555013,0.0,0.5057198215572236,0.5530624364628219,0.47319298628399753,0.4935210324131521,0.6045492451071548,0.6177993455791772,0.5655835039124735,0.4552687077802123,0.5034282573325375,0.593561309938453,0.5854034258929743,0.47553960571541415,0.5789194454360309,0.5291342177256783,0.6353617770307239,0.5749905031077149,0.45700568275474346,0.5124407363607177,0.5922186397615736,0.4649567563705536,0.4008587006322866,0.4934958721336023,0.4537071191204726,0.4881193691410055,0.5349294940620937,0.6229926728835772,0.49469116150056774,0.5188465124559899,0.5037695116320892,0.5379484068193877,0.5527075129690152,0.5118184298829608,0.5567435865148413,0.46491072594755656,0.5202721390634825,0.5960340149129557,0.5401043119503499,0.6173301967092121,0.5202334921998738,0.48726024535051,0.5003306634254951,0.5919080749285431,0.5194774577758262,0.520613193248808,0.5529448664489409,0.5474386882307529,0.4892367977140556,0.5868941089099771,0.5584022361609785,0.550203594155585,0.5255232373704862,0.624603519396988,0.48868034251374104,0.48872352268994257,0.5707467031961091,0.4743542833124577,0.5994377453271302,0.4698832164210893,0.4776580340786048,0.49839316893042823,0.4733325659707485,0.5188218783678611,0.46219597205223834,0.5390083740860419,0.5296111469743063,0.4456984600628132,0.48155865045704666,0.5689466794000922,0.5798523792057257,0.46655381021164527,0.5465265886053818,0.5006738144477857,0.474593067742536,0.4746869041964099,0.6340373686137536,0.4902128657123291,0.5720920695193834,0.5361173877564641,0.49430605355169166,0.5407205116558639,0.5448617271835512,0.4525360226624698,0.4852634827164196,0.4996011406275043,0.4970791339002006,0.4948578403329915,0.5533506905733977,0.5007206804290382,0.48324869028725287,0.5595516180876444,0.49718514537870045,0.5502399365009567,0.44357238762395185,0.48041363441725726,0.4755669987544134,0.5383869736593209,0.45026099118978363,0.48032323122018583,0.4918908186705593,0.5155737039184426,0.5513014111474006,0.5645722020051761,0.4863152591537132,0.6328523210634756,0.6377337492073735,0.4759830592375492,0.5464525153047917,0.47127276059868045,0.48134990418196993,0.49725377297985807,0.5371862061261857,0.49864805720856636,0.6878576773199783,0.44415160116074176,0.4808885945485201,0.45968825417442644,0.5325526107929492,0.5592091297126295,0.46515613040223575,0.5390646109697602,0.46884943150707736,0.5342581978428763,0.5816963261576362,0.4583397388675436,0.5137022252590904,0.6156023901360591,0.4475388955559886,0.49951494030513244,0.5607675055431275,0.5200190103387408,0.5468220015924693,0.45626746067102064,0.45444968596120916,0.5104230125741176,0.4786024577690279,0.585721868305353,0.49824833290423015,0.5224520565745538,0.5736882003804822,0.4808765202443689,0.590787645293082,0.5282892739199669,0.5437009512701688,0.506650759162918,0.5010001324691914,0.5357706654783226,0.49652113816824983,0.4808902313388163,0.6117318418482364,0.524284290797204,0.4936355726390274,0.5965778343357886,0.43366589763942165,0.4956310989474057,0.4906067264424556,0.4907249057082899,0.4491389207495921,0.517581868530806
0.5557194511290139,0.5542232124787806,0.4597474946496631,0.6008485169431257,0.5005429382861324,0.5057198215572236,0.0,0.5341468771404384,0.48178598398261907,0.46852656920997443,0.5433125701274653,0.52583353362496,0.5799673490185455,0.5242074913957508,0.6954743300682192,0.5328846458733169,0.5603248120956451,0.5726110842595852,0.4985481510798323,0.5029737396978747,0.5593367922803684,0.5229582585286875,0.6323820938783666,0.5750127037627533,0.5544727386299163,0.5764987870414351,0.4943724793308699,0.5126777270051037,0.43536379350464155,0.4973413351693144,0.5662106002796528,0.5491353194074184,0.6319397037261987,0.5686075500439338,0.5509449871863014,0.5611040603046086,0.5945425929155489,0.5475928855812193,0.5450671924536823,0.6369956842717973,0.6262130925916644,0.5256112389253623,0.5862695450826101,0.618537287011198,0.582062161068637,0.6110680500193696,0.5594286297557372,0.5065452353726281,0.6802446484681542,0.5582089102860198,0.6465391269609829,0.552489662970417,0.5315245755864462,0.5502746174926956,0.5639559097105745,0.5435299373024928,0.5587463332481091,0.5386146180250806,0.5652410989138651,0.5816157762659564,0.5050024811949713,0.5104382041142136,0.5517716711570567,0.4882070005943788,0.5137954493777985,0.5151825106895936,0.5486759122674102,0.5748421700342076,0.49184995292093364,0.5441540645299611,0.5730725518229187,0.5371368985329988,0.4713158365765535,0.6281509385686604,0.5038591637239687,0.5346750378701387,0.6114271364935989,0.6041146676615464,0.5559986774995824,0.475716009101912,0.5464056546463291,0.5216736027951873,0.6210035410669306,0.5288949415128534,0.5216249777382194,0.5760371718633754,0.4927306885774211,0.5405109454682311,0.5610174068493603,0.5497944432007018,0.5827013485448235,0.5523744741122648,0.616855418718427,0.5272084320062009,0.5469497743383761,0.5413703045872977,0.4444645155962029,0.5305554992147713,0.48272706713259705,0.5792651154466071,0.5487560833335647,0.5230918958857792,0.5283991135176902,0.47910471989204945,0.5194834368252802,0.5820185602896,0.5378788217793438,0.5494100332373593,0.6787550515695033,0.5333916728661175,0.6032609025417429,0.5390345852424301,0.5187475261357545,0.49381138396343704,0.5928382347489933,0.5648502134429703,0.5460447951924736,0.48581925070290244,0.5292132798648467,0.4895452707570285,0.5632687141430979,0.5252993572361169,0.4942161760707554,0.6808137727665121,0.4706580613447181,0.5361915224608426,0.4951733074713966,0.5939149431537749,0.5199644181588027,0.586621750083155,0.48501745503347804,0.49610181671581494,0.4845483296248457,0.5053882566130589,0.48471877223020793,0.5534051305905706,0.5598215993843813,0.6558761474236039,0.527869559880165,0.5876082000694809,0.5452835580964815,0.5238488697285829,0.5636097645867402,0.50416650172799,0.5970220141793217,0.5652577403444955,0.5683624457682993,0.6196839512339923,0.483164688235793,0.43515737864259313,0.5346879224081481,0.5752129747311462,0.48895575567970995,0.5660244645806464,0.6068284195544751,0.5642688206816601,0.5260465412733756,0.6356245126253772,0.5538486588688262,0.5806399908047323,0.5821268292974736,0.5124817309108121,0.49458501120428794,0.5594578610722383
0.5626296892666863,0.6328382543392395,0.4896774558607266,0.5745123491801952,0.4168347953471023,0.5530624364628219,0.5341468771404384,0.0,0.5594605868366037,0.5282541742342013,0.5496551713919108,0.5566353229059872,0.6029366699071841,0.5628956908910401,0.5774102387473495,0.5447907215044362,0.5799418671402681,0.5828904236845598,0.5765927037003689,0.6205088776583971,0.5714886014445392,0.5558434992637725,0.5584852614413504,0.4907771044281868,0.6435541362965616,0.4793339653515936,0.5133379756051153,0.5857661734246778,0.44277684395636663,0.4765194578839494,0.658206161074676,0.6192772569026986,0.5590516865143904,0.596155711713353,0.597963779957409,0.6747421577203783,0.5597988056462877,0.6381253875835224,0.5766690177029402,0.5245312193851991,0.5838993286801397,0.562454143551282,0.5780347034754691,0.5333824247513247,0.714762520274315,0.5868810926199252,0.47872827389368416,0.48398288218177143,0.5996258220384002,0.6060908025349224,0.578977077996224,0.5073807180254342,0.5736471294823303,0.5762708791020369,0.5931986178486125,0.5655757872448284,0.5773467047836,0.569313136018077,0.6318358636302376,0.6160345358924167,0.6598794330493685,0.5325255525841366,0.5688897352506407,0.5919440651336852,0.538304432930085,0.5649375377459349,0.5723379220581584,0.5041473577741248,0.567912423128423,0.6942923898302932,0.5484215315155042,0.5568766118370831,0.5354834137146197,0.6283582174676209,0.6680791474645267,0.5282442754620911,0.5718328600324917,0.47416247178792625,0.5845218610978921,0.4197528819343381,0.5590273942568227,0.5585168745594279,0.539527126933738,0.6486756238428795,0.5611042474871422,0.6788248954020771,0.6056652227035134,0.5702681040133236,0.6319808252962873,0.5778528251181145,0.5197608997977011,0.5849464779259511,0.5850141935255848,0.5376059340509738,0.5693490770570876,0.5470600381328553,0.569934380997997,0.6210070846548761,0.50792390317301,0.5973233444869249,0.5699258893875965,0.653020347108715,0.5332816216112973,0.5286106088057058,0.615808292131681,0.5532127894838642,0.6294833336547819,0.6449247836746089,0.5650786926653327,0.525253382039252,0.563315858416763,0.5586449534399786,0.5613361870298862,0.6036335762565543,0.5700265130113094,0.5191745515783796,0.6064667240736941,0.5167120131195595,0.54949772920029,0.5256552453768044,0.49368363004073973,0.5742508532499454,0.524194054699864,0.5441171338371725,0.5027594109909809,0.5309400182583337,0.5350095433863552,0.5660683921350356,0.6120958340995045,0.5680436977389987,0.5928974664561585,0.5512346132657897,0.5269343137093451,0.5488882010235483,0.5873619229073613,0.5334677563122174,0.5331298859637198,0.5339039951195325,0.5876439654346116,0.6332120748884271,0.5646601704620411,0.5927094562066052,0.5977705265475971,0.6478333387901798,0.6008831843138313,0.5460306075997788,0.5661791011052539,0.5741333981137183,0.5857708511978384,0.533431292262472,0.5854454999278519,0.6242422793670097,0.5556497759690715,0.5276578303013094,0.649358179631274,0.6276906403189145,0.5036813360615381,0.5406521330201358,0.4989094117026194,0.5169575834111252,0.5798777749367943,0.534820609991758,0.5391905608055191,0.5122130047051227
0.6597707598877051,0.48335357429657283,0.3946444995389194,0.49527741084654703,0.4098055086286085,0.47319298628399753,0.48178598398261907,0.5594605868366037,0.0,0.4119263829049893,0.4669930785920447,0.4350152233709584,0.5223052284941423,0.582101200947107,0.48631241726586755,0.46701807292575054,0.5206304473961296,0.6342728104836521,0.48574230341777713,0.6038012121560775,0.4948237203518408,0.4623570737067183,0.5187444342376326,0.4249457476988253,0.5214259908172626,0.4579939308704297,0.48275365312480234,0.5447084263553067,0.3616909114141475,0.4970138651237108,0.5619744411411354,0.5243447772105394,0.4585795049629069,0.5171939805153253,0.6350188955636566,0.5174882262647194,0.5145072153145485,0.6358800259680851,0.45331375173739413,0.4717278896577039,0.4796071331202103,0.6117913534571371,0.5172572316349595,0.47727744855334364,0.5262377016165227,0.5373661943610466,0.4651955788492145,0.41523662613371903,0.5419265453852742,0.5808353187860913,0.537583478715068,0.49805958660602834,0.5940017157395387,0.4469378740813172,0.4465670019104868,0.6140989313503119,0.5944619340193488,0.4962832996724671,0.5596269874962406,0.5599502340981053,0.4988717960713645,0.5699248548104757,0.5428888678294408,0.5538070448511994,0.5985454000171705,0.5673335544178709,0.5422427238112313,0.4941081271047598,0.5363684040407826,0.6167469857597909,0.5687474220257002,0.5949943669084578,0.6526515611248397,0.5305230056602821,0.5805946133612647,0.5637656907185856,0.4877644823911402,0.4302090972584158,0.5513416165516152,0.43757324698002936,0.5227879175263486,0.6218030508227954,0.497311185406046,0.5640717570632364,0.6381690217163566,0.6143356495912351,0.597824941864054,0.6209064650587235,0.5976272090940953,0.577343338565772,0.5577040249967292,0.5895011351648709,0.49372755311682986,0.5608099427821864,0.6615786154597864,0.4483788042617683,0.5066757824423229,0.5496330924492431,0.644659152884432,0.5540346992332448,0.5301042005306175,0.4986199147394055,0.5464353762144617,0.42447888341758033,0.6953334872538705,0.5127924169279058,0.506013528510385,0.55773424210359,0.4895220037510694,0.4433816530790792,0.4816295825858935,0.6442231743950285,0.5857107317675562,0.6539464525558437,0.5716881011402142,0.5236170229495566,0.6134547248527231,0.43211379327636673,0.44877516618930147,0.6357026756537092,0.5195706743203364,0.5738306846009,0.5701306013188383,0.5035849118635645,0.6464072652435209,0.40943252546704206,0.5909732714162489,0.4566938051927359,0.45111969920683553,0.5195565425967152,0.6517299825593038,0.5168305764398438,0.574081011825543,0.6713965702752264,0.47176549633619314,0.5418070191193738,0.4829476575186315,0.49728640800188595,0.4625115756191489,0.5688572328781171,0.4788294641266654,0.5505297989932488,0.6184108203851255,0.6019950514935077,0.523976995822435,0.5832827820057029,0.5335761527276528,0.47588936671280996,0.4634692559938336,0.4937885731557753,0.6194905969171458,0.5687626443943178,0.5073874513348811,0.4303629341778029,0.5109214706972495,0.5765091496203988,0.46493945247430857,0.47357956649640065,0.48605927221731804,0.5545530382240367,0.502732520996835,0.6498699154460527,0.5845241032136218,0.5734393528299999
0.42482605021815084,0.5818805222030209,0.5362194815549394,0.4389461479631598,0.3878264579217905,0.4935210324131521,0.46852656920997443,0.5282541742342013,0.4119263829049893,0.0,0.5180565885881764,0.5501833375304378,0.49432750544956555,0.45480772418144133,0.4754950469597108,0.5112931964634937,0.47379749942536925,0.4439477004223072,0.4749691080575534,0.46225804411698007,0.46075371497922724,0.5152978502673873,0.46918585661347034,0.4307821371812021,0.6011102976337894,0.39626406487058413,0.44828396861828745,0.45557109556067554,0.6385234966254292,0.4264759855461564,0.5100876704293279,0.5412193599354176,0.46315812802957507,0.4555146428595766,0.4611348023159662,0.5361847296275004,0.48073240295875175,0.4808013007121655,0.5060555205163981,0.4337896294588964,0.47367777688685664,0.44882832663732186,0.4768347454076473,0.4719134852971074,0.5128978064957767,0.4331843149810101,0.42784656401382065,0.49560347959029644,0.5069894803054807,0.4455250898457451,0.4382224012669073,0.3958364594794462,0.421111838258818,0.49335341174652675,0.6236840757157334,0.44673399220967336,0.42000137778519603,0.4895974870976649,0.5022909121904103,0.4450800677439002,0.4935219324702026,0.40941450844847205,0.42893573310688476,0.5053074702683316,0.39795590955265053,0.40816599467211406,0.430362856235135,0.4368630681149787,0.5050979065661434,0.5055708318820632,0.4150129463606308,0.4432147233251535,0.39946336054476017,0.4697976397671889,0.4920764177013726,0.43079051514897426,0.4613713057496691,0.45665381821767004,0.4235242665537962,0.3730681473426024,0.46968043601112763,0.3963982242084292,0.4791838925191726,0.49961264721353776,0.40881014055526893,0.4706728215921464,0.45648757578877536,0.4383828875019243,0.4685489416200473,0.4272137053569433,0.41409053275090396,0.4444455032032159,0.5328996544003989,0.40097251922492305,0.4161740086915462,0.5997558834821558,0.4196245696615083,0.4870752007748277,0.40077584427027785,0.43125224957074254,0.4839888285565682,0.5065909272443968,0.4146930221709945,0.6038044925090875,0.43045833852229604,0.43201018343056624,0.4690895043851134,0.5395009589473845,0.46371333834039635,0.493373627553019,0.46705169917974215,0.41157821222037166,0.4265190915958347,0.46401033719527013,0.4191768455800308,0.40407663670384325,0.4640130053842427,0.6123165250046335,0.5209629397840113,0.41204617593565823,0.40223601714946705,0.4251854352341759,0.4104769106106964,0.44632448220243537,0.4019039408163459,0.625763274351567,0.3931930427495962,0.4882098107395737,0.6331110592800114,0.46932223474609874,0.4827048003677103,0.4424975944010885,0.40994960355455673,0.3970688498068348,0.499445420529009,0.44289319011581657,0.4907833333431494,0.44159387940729733,0.539406753233075,0.4837423833798863,0.5093788156814528,0.5262514687703201,0.4270251233627788,0.481442152998546,0.519723393377354,0.4292087229587481,0.4432646195702327,0.5165173034423725,0.6925056889727489,0.49228172833874934,0.418328780282078,0.5345800191005369,0.4382815984005509,0.5197210470200926,0.5378205736973143,0.4654871451354991,0.4287026146863233,0.46763469957831116,0.42278435321837654,0.41391738127405187,0.5164804045362182,0.42484472825890696,0.425235752496465,0.3991726388839497
0.539645973519782,0.612819779483897,0.5936383981383792,0.5083697838436338,0.49760362131789526,0.6045492451071548,0.5433125701274653,0.5496551713919108,0.4669930785920447,0.5180565885881764,0.0,0.575512202190963,0.6499444327897553,0.49892500493378916,0.5508113308952285,0.6804118680104951,0.6480533104426907,0.5304172211505409,0.5295845815292737,0.5420374200233583,0.5841453421394117,0.6952226276533912,0.5117844915599955,0.5590154947243838,0.5830972379310515,0.48315118350656355,0.46828943301495546,0.5491894666077705,0.5080408652251988,0.5158509130925459,0.5126803028288262,0.598286769712281,0.5188904421687206,0.4966467845788856,0.5237296623075339,0.5400665287372282,0.5825994571767754,0.5455112457762956,0.5582710538997945,0.53130227196218,0.5376023891620173,0.5609960464323258,0.5472014128830424,0.5800285050541661,0.5428839434267368,0.4975985983924532,0.48775766866728676,0.6101224895722062,0.5831731634441701,0.532624311777248,0.543715053736045,0.5074339913923804,0.4874100406478191,0.5757406492585808,0.6055219206367275,0.49607074634280096,0.5262523195062403,0.6094100190577136,0.5192457192177382,0.5134291771969159,0.5620324573218831,0.449759665881423,0.5619793916988456,0.49177426176867944,0.45825478736656233,0.471648187738773,0.48355430408629907,0.525826664099118,0.5304397382788286,0.5697599959842102,0.5132593156717188,0.4690835960733228,0.46569015273384284,0.6041673219029667,0.5936920787625126,0.45762687500209415,0.5873276914063688,0.539244919041952,0.4709785170475764,0.44824513959564577,0.5440957200287573,0.4608964439827949,0.5935228137521409,0.5575989740197252,0.46769442858043375,0.552840586074852,0.5062228472903836,0.4608268508600239,0.4861393521280976,0.48233008138443684,0.5220731362307326,0.4546030237745287,0.6256428421085234,0.48527680370077164,0.48317359684097444,0.5473707900579072,0.4475777431646414,0.48500048154384684,0.43033969738177097,0.4785725721264036,0.4974964070572007,0.5223937697429767,0.4269843880724155,0.46584088974025506,0.47978386465412354,0.5204415817309344,0.5187222114572528,0.5903930164911351,0.5211068174967329,0.6015590736030049,0.573083063211724,0.46892470786914114,0.5041372051733322,0.48445495961596313,0.4971049939926931,0.5354292514523317,0.501607375965016,0.5555325265812872,0.6175008036051116,0.444788786380702,0.5176522234194451,0.4481209231398132,0.4931415096579586,0.5551215833530765,0.45048546501544795,0.5670857390412782,0.4437815811804958,0.5638992149505417,0.5725709294014246,0.5037512786334872,0.5075625039843532,0.5614056432750247,0.4679092216558282,0.47614712001315573,0.5484234028834811,0.5230197781802821,0.5718453579242003,0.5079883350289909,0.536003426799143,0.5120949405979823,0.49489467050317193,0.5768388563375869,0.4858358180048329,0.49946277114324145,0.5768277051440363,0.46840659532557904,0.5569022442342213,0.5416344586159407,0.5443367684991617,0.497297347917818,0.48280924847276296,0.5293462204097794,0.545815055431695,0.5293246145623679,0.5617207518197143,0.5250445509401437,0.5786151717239342,0.5773938834462774,0.4703351269789703,0.5013656680398486,0.5018387840479424,0.4708162011943672,0.42699152445355737,0.5438869498281707
0.4669918359342679,0.6154492775508298,0.5810992287336975,0.4896946367028718,0.4594095728861705,0.6177993455791772,0.52583353362496,0.5566353229059872,0.4350152233709584,0.5501833375304378,0.575512202190963,0.0,0.5088636042445208,0.4302077580427365,0.5397844874710659,0.5731979118037679,0.550532531397153,0.4558405070090267,0.6325627308829038,0.49771301901736337,0.6061854371858246,0.5766293152765845,0.4822029628961639,0.5178581297597501,0.5931775753957639,0.43703140285094516,0.4107129869216215,0.4764269664688413,0.5045793205459347,0.47953142809188526,0.5526725441115747,0.6017598844400143,0.5133702449204801,0.5233749052949409,0.47741968225040826,0.5866238809783082,0.5014547050663831,0.4897380058854548,0.6614899194262933,0.462352099964383,0.556831260484032,0.5095648726468619,0.55040951222161,0.5790720777078657,0.5322936429656744,0.48423522240849165,0.4890271610995882,0.5568406857905698,0.5307883142795348,0.5183346223071131,0.537146920573283,0.48791532588369013,0.47412519149960425,0.6314708114468224,0.6634960982644555,0.4756789476419655,0.49569107478504126,0.6218752891451292,0.49247875010195086,0.49512903187230867,0.5283409324408147,0.44632781145548495,0.527326374156463,0.47629795797972,0.4542596949887335,0.4587780746375412,0.43987167187625725,0.46648273639297466,0.4579178491413476,0.5069607397124033,0.4740997618965967,0.4352730962985949,0.42241465811669376,0.5451311563049431,0.536018859991835,0.4404211538451624,0.5338205038346199,0.5041584412001213,0.46415571020151003,0.41248608350241445,0.529565332534871,0.4592037356325924,0.5410648451213821,0.4869369837488982,0.45748445004299965,0.5103222767620015,0.4748199397113636,0.44587225774883216,0.47464423315022486,0.4578106938542924,0.4707481038911052,0.4889636597425403,0.6174935829612769,0.4615899256288313,0.4465575861792068,0.5734885061525249,0.47904302276560107,0.5278670463483235,0.41674267287666766,0.4602082049671668,0.46431286509110753,0.5626233494649944,0.4433019029104278,0.5478520429400707,0.4654690328730971,0.49205322988661854,0.5594366459926753,0.5369463912755251,0.5023165576621453,0.5794212990431916,0.6273177140168796,0.45353651096074815,0.45616625412572104,0.4509654003301615,0.45721057635385337,0.45632729330707494,0.5035914531728587,0.5769563464663404,0.6174225292476233,0.40943291217114564,0.4575698418777107,0.4436324011796531,0.45406297885596186,0.5299797084741972,0.41453729869012185,0.6199949845628041,0.4359241728690178,0.5648780398067541,0.6432910408162654,0.45862164162087193,0.4748787066611318,0.5316825317633399,0.40723844877854987,0.44648235248432033,0.5576586828553712,0.4845354522159393,0.5354225546790775,0.46169014608905506,0.4863197785254534,0.5368532260301636,0.4753463462578962,0.5403404766562971,0.4795752818417696,0.515202597244864,0.5471106131799577,0.4596754787732936,0.5579735902846467,0.544646752160528,0.5894217112633723,0.49262585169866996,0.46865652187286816,0.5388920374364189,0.5106077231190829,0.5265698926125035,0.6361003435177017,0.48728934273953467,0.4572703515152205,0.5503958565759971,0.418461211163637,0.4542785859855835,0.47978275347029287,0.4424186116766436,0.43289755063265684,0.45932978757623294
