0,1,2,3,4,5,6,7,8,9,10,11,12,13,14,15,16,17,18,19,20,21,22,23,24,25,26,27,28,29,30,31,32,33,34,35,36,37,38,39,40,41,42,43,44,45,46,47,48,49,50,51,52,53,54,55,56,57,58,59,60,61,62,63,64,65,66,67,68,69,70,71,72,73,74,75,76,77,78,79,80,81,82,83,84,85,86,87,88,89,90,91,92,93,94,95,96,97,98,99,100,101,102,103,104,105,106,107,108,109,110,111,112,113,114,115,116,117,118,119,120,121,122,123,124,125,126,127,128,129,130,131,132,133,134,135,136,137,138,139,140,141,142,143,144,145,146,147,148,149,150,151,152,153,154,155,156,157,158,159,160,161,162,163
0.0,0.8610875148390381,0.7989000197709889,0.8101111553398412,0.8409279186848277,0.8361654971202871,0.8490272275573798,0.8507228725271669,0.8908503329563932,0.801416063184553,0.9020911563369685,0.8841670153278045,0.9054830862299172,0.7699468844229675,0.8276556902794646,0.8850310046377634,0.8933684111326067,0.9184065774959442,0.8583316929009956,0.9324569571079118,0.8562381625125527,0.8619897703637508,0.886784538726509,0.8161042934701318,0.8974526342747358,0.7757146581578449,0.8617522863508857,0.883237104398454,0.7750127909542777,0.9122238869317383,0.8635570772893895,0.8724716663157381,0.7969957049470903,0.8212962702260272,0.8837859414055226,0.7730216901368324,0.9115795245881175,0.8550641649469078,0.8189133060529228,0.8225390741586577,0.7863304952206595,0.8698101171351142,0.839611450912271,0.8185683697391781,0.8525769029361779,0.8699351784881493,0.8041420903296959,0.8173068190493904,0.904149850848966,0.8811999992690307,0.8848188875480706,0.8331601150489695,0.8318130466349938,0.8186739133699081,0.8122590441074033,0.7957441291665909,0.9308574750726544,0.9020746272846193,0.8212899538681274,0.8405450584404512,0.806122621939763,0.6825567788997632,0.8270129906876172,0.7272043034115795,0.8123462510907266,0.8093304852434217,0.8130503690604648,0.809774441695433,0.8320146054904696,0.8737786309624034,0.867343453677757,0.779232448163082,0.8191167891237605,0.8909383208870246,0.8733800401894373,0.8195924904781206,0.8247188742938762,0.826686699019064,0.8003179120504931,0.7044551131732039,0.7525561519802105,0.8893251638448421,0.8650081996850573,0.7772051447010061,0.846098578501696,0.8847526934553307,0.8326551862688305,0.8848707961588239,0.8580715529066822,0.796308517494194,0.9311105871845211,0.8059300316884976,0.8761548691684783,0.8394628499503569,0.8646464784200867,0.8199201953005401,0.6818385291148181,0.7763822890077017,0.6843040755624024,0.8213903481986163,0.7435793767255414,0.7467180123497438,0.7627134554644185,0.7456846190727607,0.8191877629809597,0.8464942121291024,0.7843963240034998,0.8832225696372792,0.8224182954967937,0.8354056033873499,0.851084550119196,0.854592788639491,0.8582779013247925,0.8448925739032527,0.8180481041276028,0.9027461762704555,0.8656935326084849,0.8437143844539476,0.7689673352168275,0.7520291870914327,0.8458630036985059,0.7566571039125932,0.8276324959622554,0.8653768610840445,0.7812091989384647,0.809259064308214,0.7331636487907769,0.8196376809669633,0.76752801343692,0.7904659217136354,0.8318384413926206,0.8010225081604225,0.8031884574468388,0.8337230792470778,0.8105512038359451,0.7528006640082715,0.8784411713123957,0.8271441895412702,0.8156760550599096,0.9054881992085884,0.7439077106971885,0.7786410695437851,0.9172307861154331,0.7802902403264521,0.8436064027373149,0.8995198080284754,0.8636332247654749,0.7821804121887894,0.8554840444528206,0.664856164097362,0.8853875859178763,0.8349903443435867,0.9115246221963426,0.7890224767990089,0.841466589473095,0.8510720967926025,0.8635129045238863,0.8337272788532217,0.7820838187277459,0.8159493394646458,0.690867512325662,0.8604577288415246,0.8671725347634166,0.9454661271076815
0.8610875148390381,0.0,0.8348546299666696,0.8236934965419157,0.767468244521744,0.8729897000105817,0.8454604366614762,0.8571688977215303,0.8138618339912289,0.8948839847842085,0.8329845865253485,0.9000834519115799,0.9051331148851138,0.835288457545932,0.8242038153019436,0.8527326549159484,0.8539537596894338,0.7976453160059435,0.7766513187530256,0.8684215144388573,0.8141759688825444,0.8514898864127195,0.8329354868801048,0.8285667566372773,0.8582651865870777,0.7810955161169355,0.8632921449774942,0.8131759661955067,0.9036864703763458,0.7986935224403435,0.8713770386837121,0.8443649855436752,0.8890451158988321,0.826754356525167,0.8769537828323366,0.8499708533756033,0.8679493048686677,0.8411855068219583,0.8386528581468439,0.8619025543546499,0.8837537163095401,0.7973831109127586,0.7213640638214908,0.8183887426991658,0.9071074637154545,0.8663069328400868,0.8386013538619682,0.7980515750619844,0.8361219670577235,0.838188320420646,0.8134891670936747,0.8266140523854706,0.8535506390958539,0.8750727266556888,0.8414854297892524,0.8671887293815231,0.8206892548392826,0.8356500788037983,0.8069986383938141,0.8827073346785854,0.832008559633642,0.7199946579393035,0.7389917580847396,0.7792344621302151,0.7002954292862782,0.7369671672610444,0.8661644860360806,0.7687574724344357,0.7498633852259984,0.7694474050697804,0.8180373776452858,0.808177140619083,0.7494288947436409,0.8534911691618606,0.8473245862268006,0.8013325669262378,0.7788094341567424,0.8677211183887038,0.7867047135170542,0.7042843021652145,0.7896640468738696,0.8012847150271034,0.8763947726130952,0.826219496584142,0.7699379017459219,0.9315940243729764,0.7435647162115951,0.7850938386681944,0.8685225069131872,0.8842910293222023,0.8179222376986444,0.8647982803433122,0.8625688963847589,0.7946436100507267,0.83176657770491,0.9057988200721357,0.7196076156384338,0.8546077081014611,0.7138075952683188,0.8893511382721478,0.8119647375952225,0.6796942543471228,0.7002343682555456,0.7919237239748498,0.7862409319453314,0.8565109191621084,0.794395472199001,0.8793252595442238,0.8997017451425642,0.8821466173678534,0.8120252789525232,0.7842222928107404,0.8490595133705366,0.801630597896545,0.8303805209585593,0.9082711708866371,0.844057628433939,0.7610628054495333,0.8028908943329416,0.794133578407976,0.8142899564476794,0.7400271274857192,0.8226366618089803,0.8552421895515538,0.7554975070290518,0.8976163798904758,0.7691457713256338,0.8880468234914414,0.8811559449841823,0.8391204642807225,0.8440498283995438,0.7589573753200213,0.775958933021893,0.834190501654776,0.811601850478959,0.7422905118880175,0.8833740484407241,0.8737216446806808,0.8433997211929676,0.8312655194154581,0.7864628499117561,0.8163037057685736,0.9331738421213853,0.7880992036336987,0.8853357142234523,0.8329818543004377,0.8662683662967973,0.8661542327975249,0.8972178548979745,0.7240139415238472,0.7741421078317677,0.8531671311481839,0.8241464946893793,0.8892454819908107,0.8520055986720212,0.8148238261047794,0.8164784510471268,0.859653060299676,0.8191615561583994,0.7462404475305909,0.8072148046582743,0.8260916260002745,0.9305072932353017,0.8119786677400537
0.7989000197709889,0.8348546299666696,0.0,0.7713668861082582,0.8638994900444613,0.8376181031932434,0.7668306073585606,0.8172091462775882,0.7342519360756612,0.8637708462166429,0.8797018074951071,0.8331624777776144,0.864903508273643,0.684310004124631,0.7989675836445165,0.881785402775922,0.8576941163213169,0.8115232559956576,0.7379970937851397,0.7668931615320944,0.9039369880543755,0.9424084644518317,0.7433679032483911,0.8224386477695165,0.8218482783096089,0.791320036221088,0.7628893269954682,0.7421802388612803,0.8090060629594736,0.7917533864628236,0.7200165709763502,0.767186678020796,0.7840396269616265,0.6684818673199181,0.7073694430380244,0.7202579889802522,0.8357550009843838,0.7755181208636435,0.7708004621270718,0.8019872484002549,0.8013191237695342,0.8391140112242788,0.8026318709859199,0.7812656632255438,0.7777011399870907,0.7868445177823207,0.8030539300915153,0.8524978986630252,0.76101066659979,0.7829388975664429,0.8020309105643975,0.8175279562665336,0.7183252247922098,0.8361382536836188,0.7593894314186043,0.7377541803190025,0.7728674929627279,0.8781115600734369,0.7495186447802628,0.7172991957331956,0.7908837831741212,0.62082698728842,0.8311758441070979,0.6594359307344994,0.6910786937511932,0.7200126802616993,0.7470143227703802,0.8661130279489985,0.8257962216062612,0.8279767059267372,0.8364409833167881,0.6442328770857645,0.6915096651011682,0.8775153682536999,0.8280002759106643,0.6257420248958291,0.7895450389789946,0.8407024921269074,0.7263847930420804,0.656763883357408,0.8755606684846939,0.7710970676668905,0.868447938133558,0.7526577550625367,0.6993404061929388,0.8329520916381983,0.7359557939140888,0.6891371780292602,0.7038071842352079,0.7321606482504179,0.8445964811868961,0.6653632306755212,0.7922001530940984,0.6640084270940564,0.7615169609353744,0.8304214409521575,0.652645151584706,0.7136096502193974,0.5803890127896767,0.7119939998537212,0.6349112767499812,0.7315861947424311,0.6478115206740807,0.7759906120897401,0.682695600318515,0.8330637398871519,0.7805999531379602,0.8453680595482993,0.8056523957190245,0.8637057437079787,0.7706423789670805,0.7114160063085527,0.7664517997931648,0.7319502069669958,0.7128421406595765,0.8371528102579763,0.6937205499160694,0.7756467275943836,0.8516437402226552,0.6568472897518696,0.7733994610834644,0.7070633257226572,0.7033016141638581,0.8062507667855819,0.6159941380630386,0.8197999664947954,0.6578396326872751,0.7851039757591505,0.7672019714550925,0.7805344410690885,0.7549547890491681,0.8801548407658826,0.6642436869579101,0.6944233955466043,0.808561925779903,0.7178502785809294,0.7949960398607792,0.751825935083659,0.8119741594372774,0.779925946224653,0.7257202097621782,0.7125235695518164,0.7590548434823091,0.7382935728807785,0.8130748805120456,0.745363376918567,0.8563589695056696,0.8511447468114262,0.8575867333194198,0.6292743186771527,0.6863293232063008,0.722996365391798,0.8183413623823106,0.87668695703649,0.8578271362932349,0.7970767879256865,0.7829218259055624,0.8678085284045689,0.6793633069521038,0.6708678214140535,0.8100801742319992,0.6558535869075076,0.8079418539651707,0.8266487998321841
0.8101111553398412,0.8236934965419157,0.7713668861082582,0.0,0.7325566498528153,0.7671846866466544,0.8566276174410103,0.8073631541859267,0.6850197284783704,0.7897027981412205,0.8627244451482937,0.7999305235165122,0.848192076812644,0.7463417539362238,0.8501753151614931,0.7741841491363894,0.805452448005012,0.8250098718844352,0.7850436529605396,0.7489001868591103,0.7998303463541309,0.8091524651393254,0.8240514241096768,0.8150376558678755,0.8038646073009124,0.8126930725999334,0.8292990646323574,0.8307699377670633,0.8056933514700232,0.6952113773365293,0.7649406966662559,0.7490926724980409,0.9378107127597455,0.7650105897734948,0.7909678565205458,0.7629219234382838,0.831560969191819,0.7667005429044276,0.7931588470162626,0.8816399881610668,0.8679657721346107,0.6971812536224586,0.7523272363412035,0.8169432869488084,0.8249815884203194,0.8284852478320167,0.6758773682917831,0.7940213546679653,0.8317232912578824,0.7707332796722591,0.8668211318284783,0.8136287184875715,0.7923699391128642,0.9159083858138343,0.8435033505256373,0.6693745437479912,0.8077360237501611,0.7920000260357035,0.8316557236614154,0.7862152659667542,0.8696321482936581,0.6285359117345372,0.7976074634964674,0.6556918049739192,0.7190926961129138,0.7790237258946126,0.8663673361514255,0.7409662904915574,0.755670734005822,0.8146010299787376,0.7806791701498171,0.7273031974757371,0.7456030922584878,0.8943599399884031,0.7888459199292369,0.7301127029178898,0.8201177478426528,0.7899795324201748,0.8001552441222337,0.655194449926501,0.7400851113405268,0.8006277937657337,0.7534801511156534,0.777539252671907,0.7552116933097652,0.798180385804939,0.7518194106890399,0.7873475646444549,0.7850281916763927,0.7142676034897041,0.8257114431698315,0.7388911076086843,0.8169141555976188,0.7719232596114327,0.8503408617049192,0.7987223971031558,0.6692905819456468,0.7213731478075538,0.6088918224906693,0.8396901774653598,0.7338241439206695,0.7299043684322968,0.8138873079744904,0.7756696679238705,0.745250376307612,0.7590312538105874,0.7780973003192226,0.7813702291378949,0.8447741912481037,0.7722432621025718,0.8447450301547696,0.7547969210541433,0.8469722858597162,0.7435878817403054,0.8239400012921786,0.8252621402840249,0.7635100571798321,0.7264655303896321,0.8364367617280838,0.7018582262005446,0.7364418495440659,0.7951193672665171,0.7067084610521166,0.8295041546868115,0.6603266653909756,0.8508660464523193,0.6791668991008873,0.7605464120137341,0.7881713947155794,0.8063360967777529,0.6621503657945584,0.6974177364214548,0.7641240417141066,0.7579411592506802,0.7839704927891513,0.6842175488940544,0.7204863421926817,0.846170938934075,0.8424957333906726,0.7949571200115182,0.9255792536394478,0.6738357309749946,0.8416159040171772,0.7289096802214375,0.7970078398046897,0.7579398809182791,0.7336069165721968,0.8087772295971616,0.7414302364308932,0.5968879075566373,0.8217283238442208,0.8272568595013591,0.8025672363366075,0.745264994891074,0.8387953295512386,0.8018637172283488,0.8336512524640248,0.807722820282011,0.9127061772026765,0.7685110337966455,0.82800766913111,0.7357919893694155,0.7578242503123667,0.8229825715542035
0.8409279186848277,0.767468244521744,0.8638994900444613,0.7325566498528153,0.0,0.7837129903494234,0.8180131619946833,0.6977831616647734,0.7246418582479877,0.7399049520938527,0.8752801031393198,0.8043709867574914,0.8017945583720221,0.6639328763542065,0.8110408113510408,0.8531212171947224,0.8401422226941808,0.8186096821952444,0.743411429202586,0.7504091053666128,0.8991428549861842,0.8832983331312751,0.7570104179688663,0.8384270968129124,0.7756511138306039,0.796623445049319,0.7114530757239699,0.712983243884426,0.7648471322665814,0.8390621627111708,0.7125355233799474,0.7533785271437771,0.7474031292841794,0.6614847050945383,0.7286524438226324,0.6887894412939096,0.8321799352337717,0.754479882892484,0.7762906369330638,0.7917955708721872,0.7844678682966878,0.8253477683204383,0.8382983605574736,0.8525227871565829,0.7040574050886558,0.7665882064315754,0.8370172972171034,0.8800758283953213,0.8010303839557751,0.7997695384105639,0.8490121396787081,0.8395105600943534,0.7392233932927129,0.7921746190425306,0.7461045836892031,0.7081089683048338,0.820284963179487,0.8549591784042296,0.7263723118711207,0.7068422120866534,0.6871527749733953,0.621451975167822,0.83391667100401,0.6402953678175015,0.7712679048391855,0.7085709039483458,0.6910781805369672,0.8790434503416785,0.7603117871685595,0.7524376082097766,0.8638770973397923,0.6652550415699249,0.6765453937734157,0.8340678352061964,0.7501373595985772,0.6654642991605328,0.7799477718628821,0.8858812769142839,0.700148695172026,0.751277640421995,0.8595221472448601,0.7808458599717826,0.8752635883415064,0.6819575531377926,0.723777185190041,0.7660533817577142,0.6838204012190697,0.7105636862290712,0.6690976357283956,0.6878224723723771,0.9092371728513572,0.6677394441290135,0.8334652955804646,0.7102416142982338,0.7814722216814268,0.7822109987073612,0.5985156817899298,0.6606959972774025,0.6065385110360948,0.6693003262086046,0.6447021055284043,0.6733691821842699,0.6590355305852129,0.7024408039044797,0.674924818601486,0.7992306036701358,0.7161070158576963,0.7685347588334387,0.7938589841021411,0.8375429558624186,0.8065903943881363,0.7572708186056551,0.7294160454009067,0.6835158405441553,0.7174051517180495,0.819198190007502,0.702654235225286,0.7945063652362636,0.7948492334393988,0.6371233355223035,0.8724694983440434,0.6579185992115165,0.7207112451953294,0.8576438613895451,0.6804711344753086,0.7762058323297836,0.640287300651583,0.7495727266144643,0.6979825784633135,0.7596679538731218,0.699234871713445,0.8317811874913598,0.6520927167678029,0.7155107722586989,0.753698592966865,0.8234868259661255,0.813312369653317,0.7772105834829346,0.7313290805500942,0.7983016689750464,0.6843525999451138,0.7084178527300765,0.7551917037070159,0.6971027676439593,0.820311653134868,0.7570775081630958,0.8574093959208081,0.805428886981145,0.7631293549146696,0.6049329811912434,0.7116079652671397,0.7506857853355594,0.8100250023376844,0.7949776871259535,0.8021439241743147,0.7514371834007377,0.7826564110559492,0.8411353292771917,0.6970096719472492,0.7274366522946791,0.7226917836316281,0.7095499415757925,0.7560676949311937,0.9240858373151447
0.8361654971202871,0.8729897000105817,0.8376181031932434,0.7671846866466544,0.7837129903494234,0.0,0.7562555929260144,0.862035608622562,0.7981174010396644,0.8074623987916009,0.8195653699619271,0.9200301549050577,0.8639919640257746,0.7423878360372981,0.7212137480386681,0.8972370343938808,0.85871102439281,0.7132404416520597,0.8037192142401374,0.8051739007534376,0.8577704278377656,0.7861511020493854,0.731292925168539,0.7315438971603555,0.8346368743419447,0.7783810373916514,0.7402657792911123,0.7644733968994037,0.8085536050078701,0.8462106844419134,0.8394032352962415,0.9028739997222989,0.8019045573604804,0.8114545279919664,0.7926968913414327,0.8248663487618616,0.8553131986921718,0.8202859350358488,0.8152682925660188,0.7272129368074302,0.7985822169514372,0.827252561977909,0.7620404393870599,0.8385356805246864,0.8275540652238794,0.802230050819068,0.8581127654970573,0.826402064434982,0.7516626411264491,0.8249145733770965,0.8390479472119275,0.8849152500741224,0.7816572902323554,0.839956120740595,0.8199590473442662,0.8671742759286631,0.8147621751603081,0.9468719896377343,0.6727065503353146,0.8167355404220703,0.8233927452515171,0.7765049022987784,0.8463387513871924,0.7210424349309257,0.6706555412535365,0.7539101019619424,0.7541222945132449,0.7749218095441153,0.7149645535919451,0.7850491071943236,0.8350440014960264,0.7126987437911815,0.773574884831215,0.8278462354424955,0.8737402694128863,0.7602997320851461,0.7912342756013747,0.8516609455318163,0.7744538924699941,0.7829777444879544,0.9050038228962946,0.8013618558325909,0.8549018303602084,0.821142462969151,0.8309801775680137,0.8644946319601422,0.8382167299405986,0.7608490418847842,0.8369366308900188,0.8121502293974568,0.851884756448589,0.8457498384557172,0.836405466943949,0.7699728113679538,0.7707258414681594,0.878242071473085,0.7551958874325775,0.8631741422048543,0.71441712982649,0.8155241106212154,0.7332454499927096,0.7385680778963193,0.734354950105982,0.7560660475871626,0.8096274608498312,0.8658696821944561,0.842273263662915,0.8290827176713993,0.7830220522078709,0.8291535609597781,0.8340663786859108,0.7923262836223223,0.9025964284497648,0.8034336672490083,0.7967307490680496,0.859915036014039,0.843576753958898,0.7301443840806252,0.8459263630974053,0.7890322059601381,0.777479472487646,0.8083370994853442,0.8353283553790174,0.8433218388283678,0.7168765994250953,0.8561461262478534,0.8069108758118748,0.8739073730206907,0.8561098222159897,0.7123521093815735,0.8442575571092723,0.8850477218779274,0.7531272715562018,0.8308590794319313,0.7522794121596514,0.6835673354820553,0.841375645459003,0.7396974424110236,0.6942433287216605,0.8130763896873432,0.7074411738560341,0.8503391170940693,0.8520608866515242,0.8051134517972589,0.8581798152992415,0.8305057272694975,0.8785077029252996,0.8203526995199569,0.8552823247488287,0.7531837416758254,0.7707625548449648,0.8056180161461873,0.7698593699609155,0.7749752953754915,0.865227876989868,0.7572158091033274,0.7279796746348913,0.8799237070660099,0.6881558984637376,0.7856816312081635,0.6880350912626539,0.8146318684425903,0.9064502653161841,0.7900031273970021
0.8490272275573798,0.8454604366614762,0.7668306073585606,0.8566276174410103,0.8180131619946833,0.7562555929260144,0.0,0.743263987105532,0.7057924578589717,0.841663766489182,0.8466068342862655,0.8663759737756394,0.841794537776074,0.6879911547343924,0.9145524309165758,0.7885305362797775,0.7916975431537114,0.8350081483534316,0.8101254229454343,0.7621685275260162,0.8221334454466386,0.8252053873964385,0.9164093487758452,0.9239082978076255,0.8718905591455891,0.7799428662983758,0.8028817268320796,0.7953855568448711,0.8052196790793097,0.7900447633597357,0.8028444824281767,0.7808651313593684,0.8489230413503008,0.7914024030273694,0.7649936349831865,0.6931312043243113,0.8905376305639673,0.6985405272531802,0.8205229695780967,0.899814426260905,0.8021820564464471,0.7538262314008596,0.7865001314950936,0.8370584086920891,0.8004399310022503,0.86866746232667,0.7677622740683853,0.8221229416553996,0.9392416241556407,0.7416016245851457,0.8755525857190651,0.7724174507988997,0.7519303161178817,0.8484017499206487,0.8118062540052378,0.7280647734159089,0.8224713082029355,0.7736713953860804,0.8427027349121474,0.7654898452790038,0.7585137594961355,0.5937855023550729,0.7112596650486609,0.6160470621107546,0.7511959280984865,0.7467415262562449,0.8312400445799456,0.8297445736690872,0.694407032992845,0.7584093522723414,0.7967779440066353,0.706134570702045,0.64862205074195,0.8764408835224695,0.7070353047856281,0.8130928930584085,0.8375725902394139,0.8794656318720121,0.7352655311577644,0.7231667630147702,0.7351672122548651,0.784123037045859,0.8731299760920663,0.668768949959314,0.6992300940575196,0.7671142643607333,0.6924971194731423,0.7806797287138683,0.7894484791670623,0.7610804194963786,0.8084199679272654,0.753290791376721,0.8333635259771556,0.79595933264747,0.7691733253289642,0.836591953591591,0.5893661309791661,0.7077931217387224,0.5829724319326617,0.8016271789619908,0.7198090242943691,0.707723347315996,0.7344044796377817,0.7748773282420145,0.6604796146499787,0.7805632177452416,0.7340469386691048,0.7955725037558355,0.88659603018127,0.9000957307339784,0.8999030464127336,0.7051224529783339,0.7586298934926174,0.681043662702333,0.7461287348867575,0.8262578793761346,0.785703103083465,0.8309286226095216,0.7557895507935785,0.6337416144526007,0.7682129249659693,0.6649041768487784,0.6997168813884643,0.937748063504469,0.6519224510968585,0.8688781197935355,0.625151394901277,0.7833685740738228,0.7251342241728269,0.7857577086957308,0.6798967162449532,0.6702535615380827,0.7066147858504502,0.6911957496679545,0.7749987926459854,0.7350038772003269,0.8366320568558115,0.8489061076363502,0.8127348457132598,0.8598964189851126,0.8008291072863196,0.6656106673036011,0.85448564525023,0.6417007934060178,0.8180989125392621,0.8010787549663813,0.7770665855614822,0.8833689567128572,0.7772209362290724,0.5585271615052282,0.7973596220940515,0.8247658914170256,0.789698699619048,0.8356470549765492,0.8611805977980008,0.8402966634133707,0.9061404188764418,0.8798985653481438,0.8430592391184045,0.7817743685838073,0.8037059471666306,0.7424694418835937,0.7846113948892387,0.8599842880866723
0.8507228725271669,0.8571688977215303,0.8172091462775882,0.8073631541859267,0.6977831616647734,0.862035608622562,0.743263987105532,0.0,0.8411844178308925,0.826944313667185,0.8164691631479037,0.8657643254069083,0.9070198789042757,0.7457473450137829,0.7886136934142152,0.8455715880148728,0.7979079234825096,0.7884314366486451,0.7725019957249994,0.8482127541853856,0.7878860540722802,0.8130233100479444,0.7666945629196577,0.7479276238505964,0.8564496416745384,0.7791403677211035,0.8371708860492596,0.7990464796531183,0.7547321395458084,0.7890883011267408,0.8786051611195037,0.8329484046628095,0.8262457143805829,0.7973148645727167,0.7902752181673652,0.78983523996016,0.8941279086406803,0.8291669472244593,0.8147014252571859,0.7619598759913719,0.774240426035648,0.7667508896736392,0.785884918112177,0.7479605957852017,0.9259762747743372,0.8614357965496173,0.7456548568386243,0.77828185304924,0.7686448376190128,0.8030846166459543,0.8019983912931331,0.7770238092230978,0.7323273391677032,0.8196907030800006,0.8012192113436154,0.7994582568495497,0.7997911180520878,0.8699811278130333,0.7264605468736174,0.8131920564797969,0.9188104270462673,0.7026907822564392,0.7970091907783451,0.6979426979171817,0.6794536846378576,0.8007521319933187,0.8628882386293337,0.7900203390380771,0.7850419782775698,0.9113217278929192,0.8413290929676919,0.7221489011382989,0.7532674683788354,0.8562843277414277,0.866688778737126,0.7457784841364892,0.808883067154117,0.7639053483449918,0.8504206490344954,0.6341234005681531,0.738933193990771,0.8397043419802229,0.8231217887038702,0.845414384851807,0.7626062395039657,0.9103600294041959,0.9241666779090967,0.8108098591948857,0.8773523137078181,0.859487899510227,0.7970713171353377,0.7926756371434228,0.7770772394384252,0.7415182199394014,0.7583426405786842,0.8619031476378989,0.7718369429398227,0.8063711150490492,0.6442587493408608,0.8478380709426174,0.736725650517506,0.8309650952919044,0.7438793893876915,0.7753915112781531,0.802933010950438,0.8566326401777621,0.8275281923262492,0.8357608255254676,0.7934704820375063,0.7922070447443068,0.7655695400474755,0.7604636121133179,0.8667194004317591,0.8351832297908927,0.7983023968934919,0.8410096795367368,0.7707697226398257,0.7419805063195888,0.7404188784371343,0.7524397936393197,0.7225821612599089,0.8746607553136636,0.744236015323289,0.7982450241725128,0.669063694073654,0.842537803191822,0.7307274521091711,0.8772630095908298,0.7962202683303644,0.7880462519656102,0.8211679072936847,0.794688669495428,0.8212702163293647,0.7814260481453671,0.8227329726664914,0.650288895142452,0.8210702815855432,0.7702575595494326,0.8136718559418354,0.8608704519760989,0.7780293333276582,0.7494104764422949,0.8383752624438784,0.7722052441867612,0.8187391455958405,0.8305372554570147,0.84294087009942,0.8037332318865008,0.8544769810667333,0.665416402764467,0.8366577419754648,0.7389157324036622,0.7912694513421222,0.8003277128034311,0.851215486175569,0.8961326511359013,0.787869435280916,0.8350774345660276,0.7249413569138835,0.7216985583263146,0.7112695854459105,0.74128791851228,0.8990215657085237,0.7717700926053699
0.8908503329563932,0.8138618339912289,0.7342519360756612,0.6850197284783704,0.7246418582479877,0.7981174010396644,0.7057924578589717,0.8411844178308925,0.0,0.7458133119570971,0.7499823186238231,0.7926433335994171,0.7949280899451852,0.7307731684060753,0.7225042845746077,0.7655481310192513,0.7532537306834194,0.7950254040309421,0.7334170307876116,0.8510323115474676,0.7184407306663659,0.7922666079033328,0.7359442536221664,0.6809699015252898,0.8028128469242766,0.6515391087688861,0.7891234179736516,0.7514991987754025,0.6807648617162539,0.859706170618384,0.8320148082910818,0.7712224899767026,0.7047711472596865,0.7070050037883283,0.8136660106353059,0.7162226761227065,0.791227567798449,0.794597703891285,0.7107676739820056,0.6785475070367708,0.6813916196411675,0.8703314626876023,0.6976169980991881,0.6855711840476734,0.7778734489126384,0.7346040180543136,0.7556474699426697,0.6780059082988622,0.7305051229958149,0.7744795435371142,0.7140479344243114,0.7182846241924482,0.7399803816956301,0.691843791539639,0.6800536106920415,0.8508970979027217,0.7641356082671762,0.8191085387070374,0.6873962963777205,0.7471182667977159,0.7244328107621811,0.6691630747274344,0.7117745696283777,0.7028180286944867,0.7034889531753996,0.6717746346097299,0.7252651515236715,0.7420437027471807,0.7662053540990779,0.8256557300835196,0.7889403745718246,0.7045656527818875,0.7647969762491424,0.7357867083611092,0.8210806368111846,0.7148415991175582,0.6764827391003981,0.702384557232237,0.6926803871098778,0.6003405509797975,0.6686386275730354,0.8561334751336801,0.8136432749005622,0.7263516413291982,0.7289683197010138,0.8577236815920282,0.8048398109384904,0.7753213584445035,0.7858061016393239,0.8303881687089921,0.802572613391438,0.8023518748263363,0.7291105437592519,0.6962343445868231,0.7598460772468778,0.7872394322607651,0.6809695250470078,0.7696898568677065,0.6860154783810812,0.7355001181537231,0.6758641294980845,0.6618905689113825,0.6604664168305744,0.7042959156548556,0.7719743933179999,0.7506583903929042,0.6643362606778247,0.815254763718607,0.6912976240304335,0.7295245896709548,0.6875127275653984,0.7497205911284235,0.7761218522525419,0.8187376495242742,0.7039560561554989,0.8121427515650386,0.7586733588242665,0.7122755658843427,0.6486318134254974,0.7664144231937985,0.7278290813717379,0.7283398091122918,0.747624701395779,0.7222390705412572,0.7682081979723024,0.6974294355444058,0.7119479593676575,0.761198297799827,0.6854345056261906,0.6993035245543071,0.9189387565389379,0.7496622446921363,0.7296996436598862,0.8176950759070836,0.7206041958561417,0.6604733315619277,0.7960837866755645,0.7074241464023532,0.7076281959173052,0.7873642564726194,0.6611774452613831,0.7422274020361197,0.8385828525990844,0.7649782743883813,0.7259165422430761,0.8268582509868521,0.8609007492681844,0.6762976081923945,0.8080383429207458,0.6662652001989883,0.769454001017632,0.7241061832774266,0.7897327964774601,0.7399373202261721,0.74082077717378,0.7864780799545601,0.7215698395176474,0.7387204589767441,0.669425138298893,0.6703136418571082,0.6007001174746516,0.7974556765637926,0.8731351658015043,0.802205525533225
0.801416063184553,0.8948839847842085,0.8637708462166429,0.7897027981412205,0.7399049520938527,0.8074623987916009,0.841663766489182,0.826944313667185,0.7458133119570971,0.0,0.835191875589197,0.8786338536859313,0.8603669520755407,0.7049528355593814,0.8035937515131784,0.8223649335846485,0.8082154183182713,0.8072957421230242,0.7850513220436702,0.7821970211022011,0.7896942832259849,0.8539923681894612,0.8544307792048262,0.8086303671388284,0.924510185384561,0.7055648205498527,0.8380067704613577,0.8083867232763338,0.8603675338562976,0.7983525405017464,0.7865748679784159,0.8018682691971027,0.7931151861126471,0.753437833873717,0.7443902641102589,0.7123880515581748,0.8447571047618162,0.7332743575269266,0.7616515882173284,0.8102110714720816,0.7585267662476307,0.8060215322566004,0.732154408006667,0.7393155113855164,0.8184108597061004,0.7962525137316068,0.7529276480007174,0.7743229047273076,0.8442164283142449,0.7170964032744779,0.7586252128274706,0.7178792789421802,0.7085585014500826,0.8046784480443733,0.786751676772091,0.7720962655379952,0.7434710102878599,0.810468486075156,0.8107411775066773,0.7395709801589433,0.7882654634006797,0.5958741516107808,0.6902491408080385,0.6601032722570463,0.6384539373533749,0.6763163228618596,0.7811075582040727,0.7773038534160305,0.7753499159476744,0.814465539446594,0.7262820975634051,0.6764431814435362,0.6637976919426216,0.8330949993331364,0.7880277840309501,0.7300884153743703,0.7676287357833437,0.8113520809157714,0.6998445709770735,0.6338807330617324,0.746008715095792,0.7208950575518376,0.8536454096540368,0.7254338806588754,0.6680190782233433,0.8100649073643932,0.7265750625283471,0.7318709744025549,0.800316188661737,0.7663844011231327,0.7605050163068869,0.7324814444824365,0.7880275002924082,0.6913733470912543,0.7172289756770386,0.8735592255403254,0.6084057501525102,0.7645458283399125,0.5817004491442861,0.7728967260541709,0.6842931762494382,0.7112954813718734,0.670570671203689,0.8562831427453397,0.6657735276314752,0.7713910522839519,0.7361203143253608,0.8974691976129591,0.811096389056286,0.8727542846841144,0.7893558895269129,0.6616765705396088,0.7504724701849407,0.7572922053192094,0.698581129998712,0.8123403503253421,0.7801819100289183,0.8279338916346038,0.7838123361225855,0.6704953433944318,0.6885338194402546,0.6768365843218358,0.6914775735993803,0.8076063408327858,0.620613517689203,0.8652793708477514,0.6330959600670613,0.7761506883640223,0.7856684881966901,0.7514508675930611,0.7914256996808351,0.7144657499956195,0.6909584456784864,0.6687868660882613,0.7726865854231153,0.6446261208224687,0.8230052118706315,0.7576816340600769,0.8436255057759152,0.8059410819939895,0.77550453135825,0.7033590714758791,0.8037091344076839,0.6897528927577521,0.7904002272720443,0.774626837375262,0.7689303505016478,0.8600655429167666,0.9199336284504558,0.6182461201987103,0.7131350172300173,0.8058486021306596,0.7852279375914056,0.8707544609321729,0.8749899007188775,0.8065056152944782,0.8246030932108503,0.8486127673369175,0.7428014614868299,0.6950636992133398,0.8274467004695713,0.7098369785263647,0.8383460559750061,0.7602957857612431
0.9020911563369685,0.8329845865253485,0.8797018074951071,0.8627244451482937,0.8752801031393198,0.8195653699619271,0.8466068342862655,0.8164691631479037,0.7499823186238231,0.835191875589197,0.0,0.859387315798811,0.9132509792986161,0.7488175849353856,0.8365705335434531,0.9282801416108298,0.9326652714449708,0.9144860825465356,0.8563481813186384,0.8477273465231607,0.9024889328974964,0.9126864062023637,0.8585233347099267,0.8355358328518153,0.8671658407884605,0.8008310063986105,0.852576512796954,0.8865903413294285,0.8541269798386696,0.8499078732303429,0.7743837718273809,0.8561614477768886,0.820858772592916,0.754559285381016,0.804632279524507,0.7638292768321018,0.8945519466378445,0.846842701660727,0.8504877765252704,0.8606923002653408,0.8201784895269347,0.8021936997252773,0.8705324304537285,0.8400957169454183,0.806629912389382,0.8394226719952826,0.7385665788599245,0.8948343608179736,0.9026595765913251,0.8635407742810266,0.9191987198561256,0.8196205817860402,0.8268499725601667,0.8906243445590797,0.8804603512987094,0.6827083814532026,0.9156730517309132,0.9133432597968247,0.8533857125204115,0.8066940519996072,0.8569891759022307,0.6491780438906288,0.878595383106194,0.6966691725196025,0.7802872600274653,0.8070372616027748,0.796397324301169,0.8069555463481796,0.8739090379865744,0.8826266884862676,0.832630314200361,0.7410706597353133,0.7758653368457503,0.9486529243643742,0.8878680851454432,0.7449259512998274,0.8975180286191878,0.8602232416310325,0.7765506124737077,0.7194930721208679,0.8080192492873792,0.8012087746953803,0.8328139251301427,0.7886018735092055,0.8050617989240978,0.8163465488138656,0.7970052119676361,0.8347977885077351,0.788044291894928,0.6960463324246549,0.9301825505618476,0.6973806495022137,0.9269690617727037,0.8083010960897554,0.8653984495470465,0.797577064729994,0.6689652586439172,0.6859160117811338,0.6243187047305805,0.7684341579629943,0.7276136329315877,0.7939575019143754,0.7244743296373336,0.7420908577605744,0.7696475741445856,0.813151338758259,0.8281109731104302,0.8419872125104326,0.8345708760252785,0.8279876735181834,0.87022877499962,0.8063416367195936,0.8270793394476322,0.8331550762775128,0.8038508159504288,0.8618361037578565,0.7927900741030206,0.8899841594618891,0.8490147497135415,0.6929654857021976,0.8438943354851486,0.7512330182774074,0.7450509274359537,0.8691761829013459,0.7003489977670031,0.8618256424491127,0.6865566242178143,0.7912794696218931,0.7867241088101461,0.8115892693131723,0.7304966317372948,0.8409675685685388,0.7926103154198227,0.7628721048560771,0.8370493915306629,0.7662719011340507,0.8069865700453007,0.8172460326554692,0.8491119865952015,0.8867265513695723,0.7946712431437963,0.7584247427278817,0.8359498896366189,0.780283626175496,0.8612286802815803,0.7678940389396302,0.7975333620072463,0.8482029584263259,0.8303355231402922,0.6461768621039863,0.8224132408499498,0.863606338893159,0.9376572764668964,0.7784001270110028,0.8431254530749037,0.8194681418046116,0.8956608583212213,0.8331427208282031,0.7990537364118891,0.8301032661277559,0.7640784490149516,0.7656532128039497,0.7798044090448154,0.9326105970924465
0.8841670153278045,0.9000834519115799,0.8331624777776144,0.7999305235165122,0.8043709867574914,0.9200301549050577,0.8663759737756394,0.8657643254069083,0.7926433335994171,0.8786338536859313,0.859387315798811,0.0,0.8748454689803539,0.6958031150283288,0.8346015701419273,0.8819832970504506,0.8433171590798132,0.7780011689236619,0.9021774870484323,0.8551172238774883,0.8964686389991097,0.829362056686295,0.8399631672971364,0.8476556551395574,0.9461066072917692,0.772409012478698,0.76855956665492,0.8044268427964495,0.8233349678693896,0.8684511373263434,0.9087679589887873,0.8977272889213614,0.8223075894992747,0.8646390145212853,0.8038053025801046,0.776418714507311,0.921364206342718,0.7747353039612624,0.8896274211879297,0.7872607963074993,0.8097326200079037,0.8207348567124932,0.8395335884267975,0.8730141183864445,0.8663603145286688,0.8748323740896358,0.8363839190259859,0.8748048691121464,0.8686262746415434,0.8094965386483796,0.8808761275150343,0.8384185043341428,0.7637921746932327,0.8743211793591147,0.8527564422436634,0.8257223025671659,0.8629738413155696,0.9096670812406313,0.7530091828486764,0.8071058560636428,0.8291155396601614,0.6752115183734019,0.7982133123956374,0.6758375441050652,0.7398886153295811,0.7965838328328856,0.7917559100380483,0.8163121179292332,0.7107271791492716,0.8178435049917728,0.8414168902986323,0.7130168565847121,0.7041122343390207,0.8685117084604949,0.8142407105106632,0.8273021484586254,0.8318326229979932,0.867605601235404,0.8034458992117777,0.7533572276495344,0.841279971063579,0.8329065865474609,0.903974372090178,0.7537101113327795,0.7858889476984442,0.8547229461188636,0.8258717016889977,0.7919724874612942,0.8578730866688218,0.8241292054454253,0.8275661677003601,0.8377062998669041,0.8605180446430193,0.8172144215434222,0.7458930569694299,0.9169486206309652,0.7051573363443853,0.8390587570365121,0.6412281915381867,0.8183024426559672,0.7391621015888965,0.7870743000212796,0.760263803631245,0.8396930609733124,0.7496423856111775,0.8573844869059891,0.8366692431722035,0.8624918532836998,0.8355616333418224,0.9322360965724711,0.9229763047648821,0.7637449017278966,0.8323675325917894,0.7565738409997821,0.775240399329737,0.8457250864901845,0.8740334352952643,0.8488772756543992,0.8127807389853671,0.6930468548555393,0.7730761921715088,0.7450073728901918,0.7979546575300808,0.9220232709163704,0.6951465496239769,0.9183100717364984,0.6974967280870668,0.8674881015377257,0.824145933678258,0.7452414454576096,0.7919854104177589,0.7968991016787006,0.7406318644745132,0.766971028456038,0.8445785617659194,0.7243606358736728,0.9215737017286437,0.787876519973464,0.7735696331250518,0.9246509811534045,0.7557462613284839,0.768076995134429,0.8724823241695735,0.735313066707292,0.8828223556719234,0.861660419179468,0.8776799232776089,0.8732665351550191,0.9129064664864127,0.6543648293052067,0.8503264486835563,0.8462308220798367,0.8135654474079325,0.8225357682606735,0.9503024024167871,0.8569021317865665,0.8279647234432936,0.9171658028725796,0.7347153452366093,0.7814918871413413,0.724021754954341,0.8074709685317384,0.9146313194228899,0.8373694196823274
