0,1,2,3,4,5,6,7,8,9,10,11,12,13,14,15,16,17,18,19,20,21,22,23,24,25,26,27,28,29,30,31,32,33,34,35,36,37,38,39,40,41,42,43,44,45,46,47,48,49,50,51,52,53,54,55,56,57,58,59,60,61,62,63,64,65,66,67,68,69,70,71,72,73,74,75,76,77,78,79,80,81,82,83,84,85,86,87,88,89,90,91,92,93,94,95,96,97,98,99,100,101,102,103,104,105,106,107,108,109,110,111,112,113,114,115,116,117,118,119,120,121,122,123,124,125,126,127,128,129,130,131,132,133,134,135,136,137,138,139,140,141,142,143,144,145,146,147,148,149,150,151,152,153,154,155,156,157,158,159,160,161,162,163
0.0,0.9147697033475927,0.8889679105843712,0.7806852426530693,0.6875538862848863,0.9081857134728293,0.7491779101183882,0.8759253821675196,0.8532828086969972,0.9471034304560524,0.9167573117005486,0.7961907702319697,0.9795722478119553,0.847903947649921,0.8143877663210786,0.9044435964338813,0.9077635196918078,0.929876141117427,0.857453237300254,0.9334647738157449,0.8801576881021842,0.8728272303948325,0.7503211634016067,0.8733817089891494,0.9514621579215973,0.8244826200985975,0.7425943816365668,0.9152272165455206,0.8820601493829403,0.7571707377838799,0.8706147089380472,0.9383428087779354,0.7604103281135275,0.7912203615781354,0.9434644368826215,0.7513677782419885,0.923802645771306,0.8981867963064502,0.7236337190936558,0.9254680984620637,0.7640541502040828,0.8835026409753166,0.8386216783344898,0.8735962224102337,0.879945678215004,0.8227962788149157,0.7709361406225829,0.8951127977180324,0.9194752933026373,0.8176880152421588,0.8371775061569207,0.892249019315444,0.7324605019781038,0.8422232015424781,0.8584114901934218,0.8988136561979718,0.9223989744677301,0.7956444202072622,0.8718875115143899,0.7863696436458406,0.8966095706829191,0.6821142343963571,0.9106033645340377,0.7637293094463614,0.8349089989958026,0.8922914147993014,0.8453756834585412,0.8514185494076988,0.8456096523972658,0.9202540778716479,0.906532961459367,0.8840912422175032,0.9174693859962425,0.9199381083978294,0.9184079719282986,0.8854702205947715,0.8047331197184409,0.7394084494249249,0.7932354067930013,0.8212513824362844,0.8973403374835348,0.8283476230925821,0.8347680758068647,0.9372248862089885,0.8908889024688965,0.9261702983312005,0.8918586968668487,0.7904601436689521,0.8787591985911818,0.798956686008282,0.7905895755900816,0.7117298203179138,0.8075155984046618,0.921789808146958,0.8871771971524576,0.8302868914334375,0.7543959097429602,0.8342886910205614,0.7206170768959921,0.8847123554804481,0.8142258421318788,0.7728115266437519,0.7079131863242832,0.7492702456764007,0.8697918465988056,0.8356863278236575,0.8055904485331132,0.8925238500986327,0.8034729737481723,0.8919462160653835,0.8488661594041718,0.810047308095524,0.9140936211852264,0.7822565172057919,0.88308563277539,0.9254135081738301,0.9141824200861989,0.8898451733020314,0.916299758280049,0.7825278507499276,0.8328526559194435,0.6997603150699215,0.912320636236889,0.8688857893628457,0.8630098164934007,0.869144467597893,0.7181367801509698,0.7459210609739084,0.8729927730632892,0.8968307133011059,0.8787098493144208,0.8789122019246376,0.8540106006738467,0.8172451116049048,0.8901591758457201,0.8594103245867358,0.8898222703907622,0.8892632417071831,0.8479205364880527,0.7741904111636189,0.8201890835142817,0.8563719173102442,0.8167568578156541,0.7279303749123196,0.8930617077463174,0.8069969835020212,0.8073670577959041,0.7388663492909383,0.9266037105310994,0.709236497884753,0.9195534410813658,0.8089220518095506,0.7954284686448416,0.73132620309945,0.8371592763144968,0.8927442028823549,0.9143617308637355,0.875260176835301,0.8535324728176494,0.9054637811790264,0.8528427057284511,0.936652885708493,0.9165266736140977,0.9178774423962238
0.9147697033475927,0.0,0.848961299489366,0.8193204011013075,0.6808882613857069,0.9653386238823113,0.7727981138957751,0.8361129004388673,0.8709452008304304,0.9114873248504385,0.8625316715334761,0.7997667464220215,0.9058541872618907,0.87001733750586,0.8347779268080668,0.8265847541138156,0.8321692239188074,0.8150560532145811,0.8280924034655558,0.8260266652771444,0.8304519755076989,0.8717682802391962,0.6647128263271622,0.8177985425082136,0.8548559846308803,0.750960177515161,0.6894958271174104,0.8161865255263346,0.9417045803496331,0.727152138007468,0.8988049257636611,0.8991919317615027,0.8516635390272994,0.7255329847102104,0.9076855116420367,0.7782722265966516,0.8570814072169349,0.8390048195236447,0.7861402018052448,0.8609531090358843,0.8001988545779296,0.8496754692620295,0.7322972875710055,0.8824627536755679,0.8047686983903095,0.7571550494061627,0.7458511070621132,0.844470742207657,0.8141960241655316,0.7816845737505821,0.8337951250059132,0.868119815689245,0.7939325799368206,0.9094645238674269,0.8790600093754695,0.9402496821620069,0.8533498241492917,0.7813161488504471,0.798591322503115,0.7925659543325744,0.9037038711272989,0.7355114659093765,0.8635063494816824,0.718153690528007,0.812661824657718,0.8193264071648979,0.8259969442286551,0.8160465971930911,0.7284411375457693,0.8332602231068276,0.8904755069234849,0.8423346322005006,0.8585792427250197,0.8634299453410635,0.8924613028142133,0.8582503692766421,0.7751970346358467,0.7549806392977882,0.716161469091827,0.8380315371844935,0.9034780874541247,0.8669571045886524,0.8698552544717085,0.8836072521139637,0.8210631995351848,0.871939767454925,0.8332090533628721,0.7450457476702395,0.8342454987218418,0.8503019817231374,0.7611915122513648,0.7990080985282685,0.8248807460972316,0.9043300932982451,0.9102015519909126,0.8764681212231791,0.8219422008747141,0.7979922915993777,0.7684414975288654,0.8697217682952102,0.8569291147050287,0.7017134610857555,0.6665310124015328,0.7166892858947578,0.8502994090526438,0.7564141947798211,0.7609022279980976,0.7845776597005236,0.7777492947098308,0.8473913991140917,0.8356998482980577,0.7466901241510507,0.9031648911330302,0.7536629708638993,0.8416358922251429,0.8879487212859205,0.8621435894087729,0.7667290192841881,0.8724055505302614,0.8230996156930819,0.8073342968579407,0.7196555731427984,0.8348939213071911,0.8892519467537443,0.8795931154484027,0.8962084343565138,0.7591288848643106,0.7686777697588987,0.8409685393562057,0.8340717231889532,0.8675696119171531,0.8589140725528835,0.8246842750613426,0.9060968048939376,0.8339120600521865,0.8595725004224678,0.808077733332281,0.8480741630894543,0.7204500531730936,0.7417205241201232,0.8506247289240012,0.8766188346006007,0.8880644004490486,0.7771685054280758,0.853851728174684,0.7189284822510259,0.8667435096152719,0.7775595082343412,0.8196070225569715,0.7157658687409092,0.8577320916963777,0.8701427923786044,0.7506134600449893,0.7023427692282245,0.7920944405130373,0.8358318933123771,0.8570924366957878,0.8659882120868629,0.8954638861324603,0.8893499701477865,0.8214555538640042,0.9292237189487831,0.9346860279031914,0.8709281142532499
0.8889679105843712,0.848961299489366,0.0,0.780475845218022,0.8589686965887731,0.8726808442951745,0.796434028354925,0.8269592155364981,0.7959202419146777,0.8751972926002759,0.9116194963979449,0.8372130894235282,0.8923071586744317,0.7584019439851574,0.8461458137903028,0.9344909319064107,0.9197290169404373,0.8695599645595409,0.826663799865916,0.8085371252810214,0.9421166939715208,0.9374345394824363,0.7376429637814306,0.8678797426629367,0.8414808657161063,0.8418198140217318,0.7291221445480991,0.8179100917255683,0.844349299592161,0.8493852055587846,0.7773969777919527,0.8970816333868775,0.7642249290970232,0.7206184024390856,0.807159518881581,0.7640530873599778,0.8442470304230628,0.8513086377467819,0.7903754519586227,0.9175633633709266,0.7971771021341878,0.9128414425922566,0.8567730993957626,0.8567692307140388,0.7962741490759608,0.7969877841162525,0.8321755540892589,0.8594521891232892,0.863809313762995,0.8548988843412811,0.9041867576033485,0.8983954148654096,0.7211236756180422,0.8711805777303239,0.8599542279094119,0.8128350466927388,0.8934273591261191,0.8918875722373232,0.7973817611546972,0.7779635701566163,0.8000249633450511,0.7020125853217639,0.9276941843320241,0.7200859523664738,0.8062060316538219,0.8033592695851193,0.7486670835335718,0.8556476349913942,0.8309246953705093,0.8580098857262684,0.9021544284540479,0.7582314237918248,0.8165743385617423,0.9497172567621565,0.8775947961029205,0.7337065593733898,0.8763735252154283,0.851113273941862,0.7344337832703196,0.7722552276969394,0.845377017581258,0.8508122571449354,0.8839038468342421,0.8096221019695407,0.8508142077715872,0.8539677955079669,0.7823965454142311,0.7568608276269296,0.7676328309575277,0.7259115313689218,0.8926118203569798,0.686118577839276,0.8777826333623694,0.8073697747040617,0.8648256380853581,0.7855026478291836,0.7128953441952495,0.7514028558573995,0.6860163808939062,0.7914777984194455,0.6928731016893144,0.8005271288141702,0.6905708922282902,0.7107523866457331,0.8101264511930244,0.8443975339825192,0.8219382888901042,0.811704388316079,0.8182684506032286,0.8308938642039723,0.8517332549085581,0.8155747050704916,0.8025981144278652,0.7491423029261473,0.8091846395563839,0.9202507301445586,0.7875940909994047,0.89165632148457,0.8874621008721708,0.724482862020231,0.9133468013381658,0.7127316198235095,0.791818982843894,0.8806615718861718,0.7242032072547513,0.8336214115782603,0.7475361421761143,0.8043023059851833,0.809680894209588,0.8454884546381332,0.8170364642916618,0.9652280219601931,0.7235064726992878,0.7667280358136712,0.80004586610289,0.7977818448177771,0.8099523963959844,0.8500224969381217,0.7765138445747015,0.8099546863897507,0.7163450348291567,0.8303830371377853,0.8132005256892932,0.7711743721899997,0.839065204273685,0.7711576028786604,0.919341243452133,0.7728144860612556,0.8337099572299302,0.695618088504343,0.7943137542593854,0.7384607750818287,0.8495005021914586,0.8450168854242346,0.8222076446958012,0.788889122529438,0.817834830396859,0.8999569366110629,0.7318069970130509,0.8777231365880902,0.7683266854793365,0.7760783956412627,0.859530458303237,0.906534523333762
0.7806852426530693,0.8193204011013075,0.780475845218022,0.0,0.7125404307344794,0.8239578340522042,0.868207169170954,0.8125963622576123,0.7519113002745105,0.8304400303123528,0.7998144360269918,0.8680592808765928,0.7445791676215144,0.7096049063423365,0.8473726062736096,0.7271336565466633,0.7520395855320947,0.7356252117208172,0.8423913446308661,0.6869677876538274,0.7999552742740602,0.7801025956444808,0.7274624063885192,0.7496646950676562,0.8168394799713419,0.7520757225917597,0.7084544153242589,0.7617881451977969,0.7949460408887591,0.6960756218337771,0.8450156055978146,0.7701464162780753,0.9206235265601883,0.7309729031811703,0.810982507656392,0.79861657992042,0.752224826002403,0.7360730543896733,0.7621147421111086,0.7996678941418618,0.8168633314298521,0.7987078763766466,0.7212600893222681,0.8501023851012222,0.7552237985730726,0.6866791506893016,0.6885431103530015,0.7500042666012633,0.7898487794456232,0.7215752327483036,0.8397331330991031,0.8281945263940742,0.6618687958914387,0.9168254724661138,0.876971411647781,0.763527850421327,0.7451465128904178,0.8365780749899202,0.7313546202081399,0.703918170696549,0.7610140932470367,0.6403669376172778,0.805400420476077,0.6563034200446362,0.7000249320804828,0.6858554979488687,0.7237321341766595,0.7091139880186907,0.7018897888442761,0.8117781426972693,0.7568882771535896,0.6906536799632086,0.7785097772531402,0.817441473702923,0.7611305839114039,0.6833840404508027,0.7404428742895153,0.7408432036011579,0.6810929315025244,0.6574737648391527,0.7262404292012683,0.894564242866502,0.7345558830243376,0.7268147719182073,0.7880890669748583,0.7640345037112087,0.7589821866698977,0.7323749224719512,0.733959320325264,0.6987946760662437,0.8240964380874498,0.8687827323531269,0.7778450810634597,0.7115740051855973,0.8221141940819271,0.8413316648242188,0.6774945335904875,0.8125171520248814,0.6925909073042188,0.8003941322997689,0.6812369462839503,0.7178417791389466,0.8340800931575041,0.8387272036338393,0.7845676621914439,0.6855935047598801,0.7037642400006645,0.744559214224864,0.7134280032441255,0.7225811760940679,0.8805381720529718,0.767603451043028,0.7758411945940402,0.70329476627183,0.7482038122084955,0.7890623954640353,0.7529729648478753,0.7202456261227237,0.8636218236794299,0.7754320747326995,0.6913950845906571,0.8303444952241618,0.7142330163701323,0.7889513698331497,0.6901905167674006,0.8219224156947011,0.713715527866109,0.7099930758080979,0.796731160993431,0.6993556458261957,0.7248682326862003,0.7253447048100954,0.6600038116409862,0.8107076999922014,0.7190838129406827,0.6466450062597527,0.6693793441664341,0.8081704036291513,0.7020404176960824,0.7445164115513506,0.8225369682993839,0.7084628700508063,0.8425225853792568,0.7967918518043742,0.7463523487855283,0.7720961346776812,0.80764023421494,0.6572430323475958,0.7461486690858347,0.621755309764304,0.82210229297331,0.7595316457219801,0.7263902789415728,0.6744708674124316,0.8544581275494798,0.7152042430718808,0.6972801554351222,0.8172658582005838,0.8508874151203937,0.7976285329762124,0.6957570229379444,0.7680123120324992,0.8440801179533456,0.7922757091892279
0.6875538862848863,0.6808882613857069,0.8589686965887731,0.7125404307344794,0.0,0.7086144502974805,0.7997665211923684,0.6571587794250351,0.6505958411272941,0.7060391852366985,0.7694542107326925,0.7901747112404902,0.6878956056724376,0.6266128465155907,0.7384013766701193,0.8048312477705983,0.787513009513493,0.6997485542319397,0.6995137734116932,0.6206184625418433,0.8110073557623035,0.7868758995439316,0.7124074783265318,0.7304752349610762,0.6742895992667362,0.7604171304409545,0.6898866626548197,0.6666295736759448,0.7346320431170872,0.8739719284892676,0.6327760214231393,0.7295141885772852,0.6969256922505512,0.6298834722990523,0.6468405682618026,0.7096416151971388,0.6785126380804734,0.7097261126702404,0.7349849310554584,0.7778203665234841,0.7431438968276408,0.79631896325133,0.7411462712129147,0.744312041619518,0.6399922824376771,0.667240866510505,0.7963715599550784,0.7089706536282768,0.7389979660397828,0.747137246359127,0.8106143400720484,0.7687971369095954,0.6206574006531338,0.7448703863335141,0.7577008268361023,0.6609971567363201,0.7221976142114664,0.8740094503238877,0.6389746800678433,0.6827968656716046,0.6024815777941657,0.6543478620491145,0.7634745704620766,0.6380314823082208,0.6399861239032357,0.6104325551497235,0.5904005370853297,0.7128802354015441,0.7100824398975804,0.6828327710009039,0.7191242024566342,0.6146851236469651,0.6467744127120969,0.7833777109400819,0.6986612055488269,0.5764640414034785,0.7842428921001571,0.9131985502596396,0.6183919129669417,0.6608418010786852,0.6724522297393956,0.7110174469773346,0.7877548946196933,0.6263713374046854,0.7162159589152547,0.6822333019695066,0.6098970215176688,0.656208431659422,0.620214238408543,0.5933104208442245,0.9025812250404693,0.6391185415511264,0.8367578181947827,0.6208231128607447,0.7152131312899027,0.6785791604186332,0.5579918933411557,0.6402200184433243,0.6401317288784212,0.6390111757065431,0.5673338845016684,0.6761682268139235,0.6546068867936994,0.6478218735848439,0.6656169151691138,0.7292733382966037,0.6923348068707981,0.6787944614415374,0.7266823986590799,0.668689063975761,0.7533392190009178,0.7429832885289018,0.6244075404594415,0.6635729854743906,0.665869517910928,0.7837016564627787,0.6307942203003087,0.7676452933696433,0.7450075238927156,0.6525928310747701,0.8510974235238206,0.6698034589209348,0.6308774730092181,0.7614418025522701,0.5729954806767158,0.7081454824537691,0.6916661283978481,0.753632082339027,0.6826718397943227,0.6775249912355309,0.683704469665082,0.8069280560197544,0.5699037406385455,0.6517960305563971,0.6090634710411706,0.6286420382226647,0.6637999449507979,0.7377567271578842,0.6448021062840981,0.7400161334929903,0.5849305435487693,0.712295809531943,0.7022400508642789,0.7067358305789537,0.6985477490367548,0.6917506376197952,0.842942136957796,0.6933152966970896,0.6710635343357518,0.651670924933082,0.6227274541948302,0.629057170091231,0.7598860763993722,0.8282191343913652,0.7250292015233074,0.6011700526919833,0.6378653017605109,0.7908799198266282,0.6081768371361364,0.7610193145491975,0.6164131263728362,0.6159173767004762,0.6988871481607687,0.7663593839379557
0.9081857134728293,0.9653386238823113,0.8726808442951745,0.8239578340522042,0.7086144502974805,0.0,0.7894404977991715,0.8301709743412398,0.8490713387688998,0.8978356148383774,0.8972613177215739,0.8094983961468736,0.9170311482616917,0.8217670264760428,0.8610176991520465,0.838187241324074,0.8073156079136887,0.7873442173399284,0.8005612232699979,0.7935244687318592,0.8411227031738506,0.8969035246379006,0.6385145606139222,0.8436623997528214,0.8616118228706985,0.7851721375861356,0.653639657351558,0.7756758078819882,0.9432315743400035,0.7260124277266377,0.8999283129954342,0.8828052876807713,0.8579828456749272,0.7035793549663756,0.8700616632198667,0.7375448672395618,0.9114221152268224,0.8140286111863089,0.8192347240373938,0.8471745798507654,0.7789567870039521,0.8550857111453379,0.7433048813025258,0.9324626364070232,0.7860114373073294,0.7347730146999134,0.7367956582472708,0.9085647176188167,0.8024934723400473,0.7408305918556064,0.8381422144654391,0.8666683967779842,0.733561923264186,0.9197374177405233,0.8859506747030823,0.9511176905070772,0.8253022401566914,0.7951546794199921,0.7532450866169176,0.733349515692337,0.921932927370122,0.7064111320427224,0.8708757620953461,0.6648480353384678,0.782159446774657,0.8048181114152442,0.8455776644890173,0.8839327401364419,0.7040872451828081,0.8589955892618429,0.9329717026012351,0.7885312225065347,0.8362237216203187,0.865402514195873,0.8537635392099835,0.836399511367989,0.8104501335691577,0.7978695269975489,0.7046385899679044,0.894664699277909,0.9356328850596232,0.8628994801310813,0.9272556627225169,0.875248003142459,0.7889322866837489,0.8494338067818495,0.8789386023209069,0.7134401893272784,0.7912324073543906,0.8829073824380584,0.7613940829556923,0.7644980998832053,0.8009438928762043,0.872356158400772,0.8804464417078578,0.9377299004609354,0.7948683576898218,0.7732968940353099,0.719009734354643,0.8272768833014783,0.8555785352946959,0.7297079980653244,0.6593517661766607,0.7120216940666922,0.7995565277652128,0.7496588776673266,0.7363642867697052,0.766368731074739,0.7533591221379441,0.8812498948854333,0.8573796173438312,0.7227562775451478,0.9237654921248857,0.7274699653783154,0.8110323769992758,0.8695144242158829,0.8165205014989161,0.7645228881090749,0.8808794891147992,0.7892199912637762,0.8104614073812505,0.7363157305182245,0.8242160537255864,0.9348946166809742,0.8773737186545162,0.9345614145772667,0.709947628723715,0.789322129149808,0.8116598219743052,0.8232764763814998,0.8222632417969388,0.8794858159423362,0.8428490751957385,0.8987091788293948,0.8543278424673262,0.8698694650340083,0.812280464303643,0.8341252018072485,0.6994881732520697,0.7385939325198019,0.8682062878141251,0.8596051786282067,0.8297289349795247,0.7391652760235029,0.8937025053970958,0.7083343993234676,0.9052775508434543,0.7924013985622,0.7987631677794604,0.6709859993333878,0.8677499816496713,0.8370826054206723,0.711145321354681,0.6934590299040558,0.8089748510146638,0.8834559937397144,0.884973169368561,0.9255852752168782,0.9013930379198638,0.8948039571020941,0.8115927716356817,0.9130275009766153,0.9190355283437024,0.9040821357081632
0.7491779101183882,0.7727981138957751,0.796434028354925,0.868207169170954,0.7997665211923684,0.7894404977991715,0.0,0.6898099101803897,0.671576178707176,0.8277346116220865,0.7698968137044446,0.80587277446085,0.7406511254294481,0.7004330946165944,0.8511839353701242,0.7309853000011926,0.7330952565464107,0.7088124035880357,0.7367260342170838,0.6411136604215562,0.7947469472565949,0.7794438409703905,0.7096035531017816,0.7643779451032998,0.7674307255121336,0.7751471854736713,0.6528193923230705,0.6825996994299425,0.7928366264346625,0.7003684701561508,0.7638111742907591,0.7942167085755792,0.8341486279198533,0.6917924636150596,0.7419730222692539,0.7486504264619217,0.7632327030226852,0.6687969731849516,0.7400801450849216,0.8269779881334932,0.74857014426028,0.7962230465444721,0.7302327852345086,0.8555357429975652,0.7083656849437417,0.6849320590033611,0.766523896463658,0.7685554667641841,0.8144975138405741,0.7177461493397322,0.8790471003464719,0.7955951722682434,0.6465707383674995,0.8712969771331983,0.8680961101673816,0.7679885920216253,0.7161546684752688,0.7759057649174225,0.7604917972879843,0.6875002979602303,0.6989476823224511,0.6678181848362824,0.7633117268460877,0.6388100249858992,0.712865540389128,0.6754280217779086,0.73065719289857,0.7908958933503286,0.680521386952422,0.712564559874133,0.7864996224864385,0.6764003798314748,0.7382299398603764,0.8320095768320144,0.6790844205916832,0.6862795508378783,0.8166617714930334,0.8555936465116231,0.622741139214231,0.6998815728130959,0.7271492184172575,0.8323721390382279,0.7792539459344487,0.6542721378310329,0.7419250031962534,0.6821253706382432,0.6956200758437711,0.7588581049801564,0.6904623744940952,0.674763449199059,0.828249056600196,0.8335697261055011,0.8011766389185627,0.6930267493690458,0.8130432402757171,0.8178147949154606,0.6209428009888052,0.7362335970734297,0.6877586337929248,0.774302859067617,0.6702240096267719,0.7123853086108881,0.7897243087761998,0.7364660666112748,0.7118119264095815,0.6921809832463345,0.6970944314641894,0.6826135547505644,0.7532135543579526,0.7424736319471068,0.8851634195447852,0.7361057821937489,0.7608246365560037,0.6261578177255454,0.6976811831270018,0.7478890760368885,0.6998309500684848,0.7616576720799801,0.8355941464506824,0.7033740076425753,0.7367794740680991,0.7147396385613309,0.6839018997434031,0.8329036714704818,0.6615525358438095,0.7999892059499121,0.733169242790211,0.7389467183378844,0.7361007352634408,0.7192605756590678,0.6611918569153491,0.7226237532539334,0.6181752690824983,0.7104932118706176,0.6773979567350138,0.6800055941719455,0.6599540231623555,0.8060597136468198,0.6515715304073345,0.7029164382175633,0.7389050446029168,0.7292916542169883,0.8282551049710548,0.7446236062698025,0.7548007284303682,0.7789160185185239,0.7953242096801035,0.6997542199645128,0.7008959904813796,0.5797113959153907,0.7273120442777271,0.7093741857440002,0.6755786606624344,0.7876101554730269,0.7782257878641567,0.6934053961672776,0.6890552250542548,0.8350855590265722,0.7855937626786472,0.8534737794623137,0.7079261760367231,0.7122004658524737,0.7922585409717707,0.7637871142297162
0.8759253821675196,0.8361129004388673,0.8269592155364981,0.8125963622576123,0.6571587794250351,0.8301709743412398,0.6898099101803897,0.0,0.8212929633564096,0.8376667051210303,0.8244433808251731,0.8353795333971511,0.8644947424777342,0.7691663676395136,0.8110217562714394,0.8542286459247832,0.8545074420167458,0.8536237073219338,0.8828157750007457,0.8585290058547006,0.8375158941114359,0.7817809021366389,0.7505016608738421,0.7782919723989171,0.8588525942994729,0.7978282670778678,0.7830434444061515,0.8759950732517584,0.7823769036724285,0.7557608221004894,0.9099010474570577,0.872070385964859,0.8041404793926701,0.7998458649194611,0.8643450873204134,0.8307104750773284,0.8109034666016244,0.9064549904771627,0.7878337219893828,0.8376799284825392,0.8207653548244846,0.7629408761148444,0.8462983085335275,0.7960940149643833,0.9036222089084526,0.8390717485503743,0.7356105111204667,0.7816968162243596,0.8245025372217705,0.8457472064641846,0.8348933094072123,0.859202218664887,0.7216290929921544,0.8384555291720174,0.8723407690381407,0.7693446709604888,0.8899982616431078,0.8471784252041081,0.7700818953959787,0.8369502726584576,0.8564861884522189,0.7214773376490555,0.9064919124853237,0.7547719240427161,0.777311881358398,0.8392984579675853,0.7530073938269436,0.7299968076195761,0.8181020220900149,0.9213277829304705,0.8248864934284501,0.8293801292355797,0.8138737688449494,0.8729147643644765,0.9099338709574643,0.7866379986072872,0.777403814898971,0.6923863302637988,0.8495471924070198,0.6903851691620382,0.7786494221404834,0.8411325121937817,0.749753545554254,0.901248013389558,0.8821776566204711,0.9239265048965034,0.8445830489280286,0.7960869496084911,0.8949961258599766,0.7448303701162726,0.7938937823906195,0.7409831558331865,0.8162525295192028,0.8376722955200138,0.7987815971165455,0.7717130835673962,0.8050149581493129,0.8253489780678439,0.7087790145847916,0.8704121185560659,0.7491390219934808,0.8573891916927254,0.7537028667578842,0.7827961751025055,0.9194753448971397,0.8359691295557453,0.8519102746148771,0.8269536765670128,0.7949993517508916,0.7504829022395035,0.7946206815842768,0.8319530021061511,0.7901710285872443,0.8051459854005605,0.8965051868309226,0.8758448732096682,0.8518717134638232,0.8154602776759292,0.8255385522757963,0.777016045302908,0.7737130327843108,0.8519994810777799,0.7965910123384389,0.7955737340765656,0.7215853440087663,0.8475105712541751,0.7385866477461748,0.7999358461973568,0.8658786207373494,0.8506574499881006,0.83224957462253,0.8338518895915384,0.7878665375432863,0.7885532004221808,0.8101150611744081,0.7299696553096344,0.8137172335262698,0.858592355411235,0.8345479610997221,0.8797464947583055,0.7834067061349471,0.7815202910353958,0.7996159724117351,0.7675719979189746,0.7994888710889243,0.7829853755493436,0.8090260370661544,0.7178930380645662,0.8652654930021872,0.728281078873479,0.9004669353833286,0.7663401952365181,0.8092322245519118,0.706421629519708,0.8440165882757326,0.8053617156092007,0.7711497275960234,0.8088016009203195,0.7623043564447808,0.8201074632974893,0.7549501328170912,0.812786676874122,0.9099435760589705,0.8023112943626732
0.8532828086969972,0.8709452008304304,0.7959202419146777,0.7519113002745105,0.6505958411272941,0.8490713387688998,0.671576178707176,0.8212929633564096,0.0,0.8324265636940049,0.8445169494978791,0.6902878516535482,0.8406414837433408,0.8803042096303358,0.723475369936048,0.7752592409846619,0.7734591332595611,0.8095651367612755,0.7314988310287218,0.7654263941423025,0.7146229867265875,0.876735380656441,0.6226998406321775,0.6753131383697653,0.7677368528908679,0.648775798021493,0.7792078880562304,0.7929795050043814,0.8356763617312599,0.7548472041801555,0.7841219570733226,0.8150890515027838,0.7360788413563847,0.6230226811031128,0.8349497170242524,0.7072055670298283,0.7769762007219482,0.8370117168289772,0.6890197090364392,0.7404531721689069,0.6680941552020235,0.8546063738780088,0.6573409904312966,0.7265822384662293,0.7121755081670016,0.6519749685619649,0.6336790883312703,0.7351754478886984,0.7318313749822566,0.7294799526210272,0.7295513975216241,0.7226131111073396,0.7467674139930357,0.7725637414305485,0.7768058252337464,0.8244894226336341,0.7652010946685327,0.7607379066262555,0.7466260685023595,0.7228076416787305,0.8505976627114791,0.6887679449434442,0.7781757090896897,0.6998697274355715,0.7263551270994363,0.7109808076484515,0.7618368142298926,0.7439800340735911,0.7812377435441259,0.8820308824696782,0.7899138740040758,0.7719126842333494,0.8469382090950959,0.786070868366331,0.9039737612476458,0.734595130143869,0.7300188302736016,0.6627073366481877,0.6255456177970712,0.7077954868010798,0.7620413720389239,0.8163518275740989,0.7850585275769575,0.8191163771237377,0.737077368783242,0.7923711256800043,0.8189941155351168,0.73583343516738,0.7522173200288449,0.764481277103012,0.7513507103403239,0.6985901133415612,0.7615572945197795,0.768104966503876,0.8922981137934217,0.7669886724198358,0.7566365944794985,0.6752468250732289,0.7418104922130363,0.7442944313400861,0.773655262440435,0.6783277556529562,0.5997634879244306,0.6292523304542393,0.8136118188310948,0.6587277271940922,0.6622925692183358,0.7290804891040613,0.6509861354780704,0.7122177688203358,0.6990324281583562,0.6963207291682741,0.8250893363628542,0.8894666780136453,0.7318324593547929,0.8103805713438362,0.7394236003619693,0.7335210091654536,0.747254130208728,0.8510712986101939,0.7391486282768917,0.7238200981131189,0.7274725754512417,0.7341895379771533,0.839635961236868,0.7409965031225124,0.7247784352839923,0.6843655540266543,0.7130993646447892,0.7523842363704099,0.9246886573033872,0.8237298071449333,0.8337156540296062,0.8846316380273371,0.7458199908408268,0.7459044182591903,0.6909167564296745,0.7177551282823654,0.676533604928905,0.6850946430829266,0.7719623897484839,0.8393921186572176,0.8187895171808028,0.8238493113210841,0.7401166078922141,0.6475063958655759,0.7896442580689528,0.6739773123204623,0.7350589664416662,0.7049189689321811,0.77206277256208,0.7901798243555178,0.7765608715316324,0.6266980539517569,0.6732549731052059,0.7735648729491874,0.8042183195731717,0.7269492092019882,0.8137920314287869,0.8117689679777402,0.7011563652398166,0.8346016240377102,0.811783798991192,0.8294533823656899
0.9471034304560524,0.9114873248504385,0.8751972926002759,0.8304400303123528,0.7060391852366985,0.8978356148383774,0.8277346116220865,0.8376667051210303,0.8324265636940049,0.0,0.8724529230669391,0.7922630153322741,0.9207467340848355,0.8439627270838927,0.8550068378906964,0.8456982338632437,0.8597329539379751,0.9046504212797013,0.8355239603968007,0.8359842741787943,0.8424968658215058,0.8619473749299017,0.7469747973089924,0.8183382660574322,0.924511958372639,0.7883369881598375,0.7412811759973161,0.8581819230237575,0.9039820539776413,0.7524576875295876,0.8684207790044344,0.9240039042126071,0.817596840129538,0.7512860655642516,0.9121835753027794,0.7639244788399486,0.8787070652913219,0.8393306249763645,0.7018774755014693,0.9032311567944045,0.7746177900849452,0.8727315524557873,0.8131362504197015,0.8735375400607577,0.8295452033369088,0.7897090338639541,0.7865060868439243,0.8485287475665654,0.9062490090895092,0.7987388090371536,0.8614945099595605,0.8694712504013209,0.7477360720718,0.8617606375522261,0.8804731416076601,0.8848263827491607,0.8575519674319143,0.794523991112148,0.8887167127961207,0.7682307509891904,0.8476366878073155,0.6953864355756136,0.8868889428342768,0.7356972821251873,0.8260210217452122,0.8331010317050841,0.811052311826357,0.8531112718633154,0.8356938166906639,0.889345366748708,0.8782994724863451,0.8494330131547342,0.8786238903577241,0.9031941808850527,0.8707266551850049,0.8654794445121475,0.7892237774634439,0.7602602612579652,0.7399194443235266,0.778471466590253,0.8734724535602377,0.8479046075232247,0.8365648277691419,0.8638234128367301,0.8451435900855293,0.8541263310773032,0.8348480710714145,0.8299504519459618,0.8619535815370298,0.748153459238385,0.8153316143462996,0.7775466668944363,0.8330259632628838,0.8590190120300666,0.8991139219496926,0.8623796922466317,0.7223559434329574,0.8223111711271218,0.7263909115050455,0.8805777503628491,0.7823049615591403,0.7476567223308687,0.7485371021268428,0.7900376703912075,0.8552225259390475,0.784548120035254,0.7721572906774945,0.8371043139006198,0.8097784736588713,0.8338474658467914,0.8489637964854228,0.7800284862916682,0.888622926203653,0.7517657704595642,0.8471711125517613,0.8763660163142909,0.8860237781592786,0.8692283439122496,0.909871063839824,0.7940946141956694,0.7829583120634995,0.7297469291714801,0.8302225430569903,0.8670821941282824,0.8175510948072521,0.8763534049733901,0.7343625154063007,0.7252692781552489,0.8460100917580871,0.8756552588580513,0.8528439223523814,0.8240881997346001,0.7760140602131169,0.7873342969588117,0.8057096417118965,0.8249605119272561,0.8153921124552154,0.8803248232194769,0.7892766592596269,0.7608508222778648,0.8648669331507821,0.83065480071366,0.8516505958329353,0.7550266599132777,0.8401911560331659,0.8095802117557258,0.7965041178228688,0.7580704781283473,0.8812314407044024,0.6661762902302515,0.8601879311054741,0.8526681362358376,0.7540240626197211,0.7525649798114149,0.8296389378918462,0.8308036991697527,0.8371352910406427,0.8651646707819243,0.8821273733158057,0.9105679727973849,0.8740970004997417,0.9016157146541373,0.9267074522559665,0.8609200663943495
0.9167573117005486,0.8625316715334761,0.9116194963979449,0.7998144360269918,0.7694542107326925,0.8972613177215739,0.7698968137044446,0.8244433808251731,0.8445169494978791,0.8724529230669391,0.0,0.8445629829915414,0.915828140315904,0.784806093400696,0.770502168368605,0.9141430092635795,0.8762002592947197,0.8227428581369555,0.814353153920347,0.8353747457465815,0.8795007243433647,0.9228340938901491,0.731058262346057,0.8722629132540202,0.9054083918339803,0.834424810350069,0.7509124520559464,0.8571746877540457,0.8855404122750065,0.7980460663884851,0.8062287573649939,0.8640723138905907,0.734415322512354,0.7473532247928648,0.871545600186162,0.7222255562638107,0.9196417124666311,0.8577344353601628,0.7850478484235982,0.87693277602894,0.720513972592524,0.9489738823558632,0.7706059755310363,0.8833130943253061,0.799062337579714,0.7077986735311014,0.7033475118855544,0.9209028375228819,0.8777210128442456,0.7442664950516024,0.8008338809193453,0.8400171188724244,0.6328853046957222,0.8436834966951265,0.8607546195016761,0.8654233048923793,0.8403270682695985,0.8595316849372037,0.7523136928350427,0.7050623733681104,0.8510243723055363,0.6222685597871463,0.8405152083076544,0.713858404177974,0.7075763659769514,0.7513985989285156,0.8214768874160234,0.8265652109057827,0.784094395499494,0.9084939927270324,0.855619861674215,0.757901552160895,0.8839427018842253,0.8867424164405571,0.8588129751874878,0.7344799418574188,0.8493757718571977,0.8086421971701067,0.7005660549199879,0.8174632015184856,0.8172984865091343,0.8029632278317674,0.8501841630093,0.8458827773527784,0.8327633638449314,0.8586230032094787,0.8947439683436724,0.6946361447061773,0.7403982162229171,0.8144000532488783,0.8234363156911984,0.6723464650191213,0.7810616924024801,0.7948116003337105,0.8554311573783193,0.8434620087130643,0.671967295230921,0.7725765436959973,0.6960476504710875,0.7686640367559434,0.7718348125857171,0.7573838185719117,0.6723713690279115,0.7014969462509061,0.7689912133033727,0.7651475110651959,0.7200839263668237,0.85853579471825,0.7032203772724613,0.8875685470581098,0.8781446457119053,0.796070245550528,0.8714372149824507,0.8183144009906437,0.7646836703025864,0.9013671034674143,0.7761815844693266,0.8668845707177578,0.9031864619524199,0.7778939503403182,0.8556737605283209,0.6915890999731811,0.8598355376160964,0.8447477218590543,0.8264169911924382,0.8379532627806217,0.676631820717095,0.7652954751397417,0.8145164949878076,0.7699256138119536,0.8398898942047737,0.8943823927312247,0.8392270747720012,0.8621951309629075,0.8718178264026508,0.7555655954284908,0.8115892202967583,0.822126758805768,0.790729329541962,0.7382819421879282,0.7408956530133649,0.8509972531122812,0.765516043674655,0.7403555787260341,0.910854707678362,0.7625676292534843,0.8611340061974533,0.6721619471243645,0.8443714468184995,0.7097296031527202,0.875405141822961,0.7125535009449309,0.8127037023099224,0.7043856503469681,0.826657391475012,0.8576597285039363,0.9105226989157034,0.8953206904357841,0.8210990464363339,0.8810032392726522,0.7055072865591081,0.8582725790232824,0.8286779323366835,0.9889886119943248
0.7961907702319697,0.7997667464220215,0.8372130894235282,0.8680592808765928,0.7901747112404902,0.8094983961468736,0.80587277446085,0.8353795333971511,0.6902878516535482,0.7922630153322741,0.8445629829915414,0.0,0.7780577023413182,0.6687330587653267,0.8044339303254078,0.857160283129272,0.857510071514705,0.7456201001729346,0.9024491500442926,0.7655626546369046,0.912038261611499,0.758877413938737,0.8285559774799093,0.8690432021393869,0.8521782169880199,0.8848013131282755,0.7271405407110194,0.8201503290402152,0.8082261605683105,0.7854414556983627,0.8361475294763855,0.8044804556322537,0.8216186124138639,0.8545111239893878,0.8113451435078525,0.8351248332219652,0.7875529096589209,0.8145098105390538,0.8560955316385382,0.8768852519560225,0.887379646668605,0.7927416718900187,0.8211150223255453,0.8849851214022371,0.8365179531497955,0.7751154416997033,0.7745292323021279,0.8150495871736775,0.8559528619048147,0.7819227542062165,0.8480303797172503,0.9110671379929822,0.6225825623605553,0.8755282552045621,0.8933530321805797,0.7533831180467969,0.8356401209921767,0.9235756153831004,0.6871824594184761,0.7652257129755545,0.7280926853768608,0.6455686184533884,0.8463887002648095,0.7150469965221706,0.674212486946503,0.7195012859057489,0.6936720747014566,0.697143563557172,0.7129032116369666,0.7901444469769874,0.7634361282998742,0.7226271480735017,0.7467577175130612,0.8468874220637892,0.7803999766066567,0.6859518329388926,0.7834648580388796,0.8379693657788793,0.7980218670812895,0.7148603398176179,0.7398142638482377,0.7856497143318298,0.7639426683764429,0.7783829473668553,0.8751495162614125,0.85919061561031,0.7506855785424432,0.6814701936744352,0.7627484226579839,0.7191460569616857,0.8530606331071788,0.7571823384613898,0.8234136781542956,0.7475128203177424,0.7400687060146254,0.7975771573742588,0.6490050988843811,0.8682893534119858,0.6894346248033495,0.7978901996021701,0.6840373690020641,0.7608533841838047,0.8034684901705004,0.8356763361576879,0.7825537306351097,0.8269241600139988,0.7947037443427067,0.8418596512148023,0.7851143987065176,0.7908419436281888,0.9218472008282173,0.8648226129069121,0.728176162099202,0.7106571524821464,0.8167159662889454,0.8862846395143954,0.7923572695988921,0.804593674710445,0.8930868657595472,0.730964782414325,0.8216256289975373,0.7727671613239427,0.7960116244294189,0.8338085639047816,0.6588958701366329,0.8676765238366513,0.6947689634863329,0.8235679359162199,0.893173811848533,0.7325056275779118,0.7356665637936971,0.7947996379587616,0.6761428551779349,0.7723086221403431,0.7650558074022967,0.6548707543898324,0.8017261275565178,0.888373909525761,0.8048735059811983,0.8492111257317243,0.703124526949306,0.7439115277424134,0.7600324405231784,0.7140523481971062,0.835023363938183,0.8212444543745462,0.8559988541064275,0.6784172819156409,0.8359465388367702,0.7251659551597729,0.844499074186753,0.6956511623245263,0.7909152211267086,0.7484648045848049,0.9467959017489962,0.7187521946906585,0.7282287182881988,0.8961422691779545,0.7404053561128074,0.8073190274125281,0.6753584893429471,0.7599623557241495,0.8457710060209478,0.8417555148225662
