0,1,2,3,4,5,6,7,8,9,10,11,12,13,14,15,16,17,18,19,20,21,22,23,24,25,26,27,28,29,30,31,32,33,34,35,36,37,38,39,40,41,42,43,44,45,46,47,48,49,50,51,52,53,54,55,56,57,58,59,60,61,62,63,64,65,66,67,68,69,70,71,72,73,74,75,76,77,78,79,80,81,82,83,84,85,86,87,88,89,90,91,92,93,94,95,96,97,98,99,100,101,102,103,104,105,106,107,108,109,110,111,112,113,114,115,116,117,118,119,120,121,122,123,124,125,126,127,128,129,130,131,132,133,134,135,136,137,138,139,140,141,142,143,144,145,146,147,148,149,150,151,152,153,154,155,156,157,158,159,160,161,162,163
0.0,0.8194235804536204,0.745832166594518,0.7969970529327559,0.7772585683228819,0.8020380129955462,0.8351367604526234,0.7649153496856923,0.8961316438517969,0.6936399297113396,0.8797429733964386,0.7788332131556897,0.874690979468389,0.8495642220118536,0.8600576989962646,0.8085651683224735,0.8241079235986098,0.9298031760246542,0.795601812300222,0.9405934431834858,0.8325841929745973,0.8619543544228914,0.7709610344774586,0.8641120422423395,0.8514988225041452,0.803598945632324,0.7128290585478048,0.8174842674588454,0.7096186877651469,0.7621329767204836,0.8668564049939936,0.8353732291708518,0.8034225274338715,0.8422631332461994,0.9265628573630235,0.7889900714708813,0.9054555620483009,0.8763978096986029,0.7994588416478438,0.8102384031045301,0.765154028651462,0.8483467382719628,0.8521951341785602,0.8923031142257954,0.8587838693797489,0.8522074051112055,0.7544033750373865,0.8661129974216059,0.885443065110107,0.8576052670054308,0.874149457312824,0.8453722554342324,0.8024249850403397,0.8223570716749131,0.808905375391433,0.8377786970877713,0.9161398431075426,0.7729190257380678,0.830092708914211,0.8388561623364628,0.8088636812176062,0.7659603788043714,0.8522446305183049,0.7656930888938909,0.8720195774341521,0.8820462118623787,0.8643366404447642,0.8770866341732467,0.7907460174860378,0.8309740781131266,0.9304913569631218,0.8645654204553904,0.8553444463585074,0.8535206652314562,0.8064790161975991,0.8822532983807327,0.8121001440371726,0.7550644717197255,0.8324255852254275,0.7294027181124723,0.7811640479538456,0.8763074570290137,0.840248533725537,0.8007617316396668,0.8847797229898797,0.8807982008133418,0.825049919364867,0.8296403017485885,0.8185000539498003,0.8636881479305635,0.8503986760168352,0.8403698938372097,0.820764194910191,0.9068179198727226,0.9019993496374857,0.8043055616489494,0.7653622185498516,0.7991081750385172,0.7952120383597633,0.8243436254668172,0.8640085779300981,0.7471531527267921,0.766185711727034,0.694212792478825,0.8848557197849535,0.8201324858555757,0.7488535585695595,0.7962473632099424,0.7969476238781303,0.8536251460633009,0.8671617268277476,0.8753509428968813,0.8693874849322925,0.758941408075472,0.890494667491416,0.8272413070876589,0.8554661442518363,0.7983462611510584,0.775153409248458,0.8025933757689239,0.8579170799678247,0.6883335878072567,0.887725821037497,0.8870899976044042,0.861565792648769,0.7739016528785821,0.7264419135438688,0.8068839104552692,0.7528644890769404,0.8256490391324174,0.7671903048602053,0.7737639437296583,0.8222289560049231,0.8858193152657022,0.8622325849792464,0.8705147588265265,0.8613748081825705,0.8416663236269321,0.7948613890295153,0.8098288295265608,0.8136150541172141,0.8464705948205599,0.8636938009983753,0.7793699216569933,0.8748693718657193,0.8429233541959269,0.848255016144334,0.7150039836836969,0.7656907914633022,0.6266490169141549,0.9240752113538703,0.7946830289284361,0.8226088485830302,0.7227098052249955,0.801589639849626,0.9167390237526319,0.8837300374517638,0.7956101111015367,0.8474238507829224,0.8346380918989631,0.7103245079168934,0.9094320959271138,0.8635699206147398,0.9403360108177242
0.8194235804536204,0.0,0.8946774067077462,0.8458071313055184,0.749234416457288,0.8519872714567331,0.8366379106596087,0.8081579743135582,0.7581807234754006,0.8761811955390376,0.9029710492564389,0.8996794522566752,0.8564209639271717,0.820762347885002,0.8657829788904295,0.8459290755885146,0.8818049432852576,0.8355293328196465,0.858720650382511,0.8837120601055437,0.8835526350154,0.949992574313754,0.7960617603049285,0.9158803645900102,0.9024661579233381,0.7286409473806007,0.7541857678836604,0.8434564736552385,0.8943764426694064,0.7209202771104062,0.830846993313411,0.8312079688253765,0.8841599764319757,0.8303112106386443,0.8347864386049505,0.8664520841311664,0.8122230614367846,0.8453269524826764,0.8600092164519236,0.8525983666513618,0.8863469611779017,0.8361551321445043,0.7699384868388127,0.8534721286986581,0.882133256872401,0.8258255425954482,0.7376670546289362,0.8498340439930692,0.8552305909101285,0.8131680794429365,0.8145720632429712,0.8082347228644796,0.8249445264661077,0.9300794977787353,0.8819852115644254,0.8089244475839635,0.8341598225561198,0.8065893551139597,0.8503171775600044,0.8530939236932671,0.8462539431832767,0.6717392523969119,0.7814989680438689,0.7998849108626248,0.7602226180098854,0.7776285724170497,0.8097451656171812,0.7691038041815338,0.7746128654177035,0.7853751694358326,0.7906150586384741,0.7753698810881067,0.7279993997511182,0.8628701807290977,0.8744958146055105,0.7474526850777443,0.7894818307021957,0.7916303816687414,0.76921589015003,0.6549499805948928,0.8128662826288612,0.7732555647686581,0.8610135918776773,0.8145476552560693,0.7630481200212247,0.9126601250206547,0.7151952730355841,0.7003044246769498,0.7898399851884189,0.8365954716950341,0.751700142645781,0.80469816278042,0.8635435681327205,0.8082938242505107,0.8162619061294956,0.8745956141829816,0.7778304162031916,0.8728337722052275,0.6657674300222429,0.8083179001991475,0.8211180846193786,0.7290713488384793,0.6679473810328097,0.8410985889927362,0.7694161930912121,0.7979255865706273,0.8079048237340503,0.9118183524378516,0.8538266089634386,0.9237350937180809,0.8750195394133655,0.7398238987376724,0.7663372082779109,0.7651410137544729,0.8019937211569523,0.8276322724157618,0.8480730985812484,0.8361040207528548,0.871711956073804,0.7154183575347753,0.7716688726001046,0.6327331736913048,0.7892387955251283,0.8566878494276134,0.7158078305129039,0.8998500133338233,0.6840065000362233,0.8346027863117556,0.9359224798637314,0.8080825854987012,0.8155606773639102,0.7904757981959563,0.7031844938047825,0.7877529947060747,0.8985169175330762,0.7910446657855494,0.8498801859284034,0.813386668472103,0.8962697484908233,0.8019476619399498,0.8408752276178897,0.8530066770632561,0.8528431948937402,0.8153876363374737,0.875086031312795,0.7098886691822792,0.8369761904997863,0.838613455103647,0.9031905708902521,0.7700223962149969,0.7736350559465704,0.8746012049362368,0.8712484152549819,0.8493637174007634,0.9173755391734715,0.8380148999794664,0.86191117582152,0.8360458651150801,0.8108719015394993,0.7048105657412089,0.8169874655284357,0.7640658756430929,0.90920990968044,0.810033576381866
0.745832166594518,0.8946774067077462,0.0,0.7999080460323739,0.7859189304665853,0.8927050892630135,0.7780801873225165,0.8333925268387936,0.6828275804617613,0.8826534173399224,0.8950539576432718,0.890645057565039,0.8643030372144073,0.7473361219217031,0.7909852172548747,0.9341746044338277,0.9109479820042828,0.7684368218024132,0.7923067554603225,0.779533628764394,0.9091766621121052,0.9276423669928716,0.7265511192586588,0.8367204775316688,0.8588607991490265,0.7822558150404371,0.7175017065321629,0.7719108488289651,0.8688230095227935,0.7488464491478667,0.7539391784434735,0.8660635506873489,0.8280760684250404,0.768203771742444,0.7140008242758081,0.8559593071086716,0.8071101940457142,0.82846871025972,0.8240827626659242,0.7973971282599042,0.833923810895541,0.8378501176112213,0.8105650863689823,0.822861655009007,0.8491804941217729,0.8063777501539194,0.792752740562127,0.8634253235809729,0.7828749552689263,0.7997712719074632,0.8235956568940853,0.8192756480915758,0.7326679041761185,0.8998048191562186,0.8771787940156932,0.7740277598623292,0.7788122437208659,0.8955450447705707,0.7740570271252836,0.7985395503493133,0.8357277837434023,0.7463906813334966,0.8415421334235381,0.7550612363992807,0.6914067278385969,0.7551851435856374,0.7583453687421542,0.8102638347759982,0.8178625425532494,0.8034235128428766,0.7897103862079794,0.6791151103907297,0.7004772783002076,0.8842803123069162,0.8850267002588245,0.6572143942728258,0.844391661395548,0.8459385507198109,0.7542108489362835,0.6624101186777585,0.8525444581708151,0.7223289371559211,0.8632075724255482,0.8205941884462553,0.7511578096472041,0.8535533362421199,0.7309097056729159,0.6836695025977343,0.7543889596650167,0.7578237720937218,0.7869195919220884,0.7225583353464742,0.8494225022728087,0.7113698103472462,0.7525506628040214,0.8589100454656404,0.7571289234596258,0.8275754622914183,0.6148961999736814,0.7617329593865227,0.7194648815921956,0.8016774954078923,0.6688439753453965,0.8166805275724156,0.7424779078627198,0.8687808265898921,0.8725202752993964,0.8754659747359027,0.8312765598637404,0.8758190904647228,0.8423264610490362,0.7167754751920115,0.7529851705378557,0.7748940299103827,0.75871082967933,0.8030665682723435,0.7486408863319506,0.8208816840468384,0.9142547749558886,0.6912424426859319,0.7446989569846941,0.688552148979985,0.7219388904974301,0.8333152364796392,0.6135788047986679,0.8963181176667367,0.716964063212638,0.8811020779206005,0.9367895455666357,0.7729150445095007,0.7991671724523772,0.8983847819370501,0.663864686898034,0.6930165176759976,0.8272963283880009,0.7192200420675285,0.796688310481408,0.7370689526989588,0.8293261124789291,0.7729516468124135,0.7638947623444702,0.882021219795408,0.7639995562857435,0.8137117356841259,0.857361695253806,0.7043511592583096,0.827275877428475,0.8831133921003603,0.8887016574807474,0.8247156025184585,0.693968253848898,0.7681898125047584,0.8124351329930724,0.8886649066881595,0.922049252500831,0.7864527871732434,0.7774269479330082,0.8858338738335649,0.6843206689285369,0.7130383166125858,0.8079707962744126,0.6515165396850344,0.8723584823540097,0.7446859588383794
0.7969970529327559,0.8458071313055184,0.7999080460323739,0.0,0.7143313432161835,0.7764961144957924,0.8423097198292461,0.8387104251111396,0.7160894069082959,0.7383142161896762,0.8540824659531846,0.8035794665405604,0.8504733136722388,0.8145148501617027,0.8478701359901852,0.7913112351804196,0.854235085064434,0.8446959085221424,0.7968420596754985,0.7861905520394266,0.8366598711608951,0.853516725341952,0.8164886377273765,0.8566295010925659,0.7878881130920364,0.8173370174878739,0.814946949331102,0.8753879601250563,0.7376464095275372,0.6708129217275205,0.7658466908445641,0.7765873329409743,0.9449593779178407,0.8575409703328403,0.7771702155836383,0.8397101038320594,0.7889965054988813,0.8089818627811072,0.798733292591736,0.895142728198123,0.8629092366417406,0.7585354504260349,0.7605875420044739,0.7906985039631754,0.8963356626434741,0.8804472823893936,0.6768651946825447,0.7636335622666158,0.8213364046801714,0.810019003124082,0.8744924366991701,0.8418981663955062,0.8009398309473756,0.9127356848109169,0.8405730865305354,0.7100742081704445,0.8406115587227365,0.7945984227104643,0.818500779131162,0.8946310550593417,0.8664296733081699,0.7226813410798818,0.8237496637114889,0.7106862167107937,0.7453790440238462,0.8141196648710892,0.8713439535479072,0.748686025937959,0.7704202703832004,0.8132321882361883,0.798874646904725,0.7400638940349902,0.7709868863953613,0.9197229569164788,0.8433630580924892,0.7026418360147972,0.8610737648051885,0.7567401224050463,0.837899205917349,0.6139996573900955,0.7140329023892061,0.8180345550380594,0.7653473852216145,0.7965697714984393,0.8258680821935285,0.8682624843046444,0.7326842258114131,0.7487865789859274,0.8230194456553505,0.8002361896583733,0.815757244906988,0.7882166967222746,0.8059968501493474,0.8011425395300583,0.8664598826529126,0.7578747146354636,0.7655666272198265,0.7896176856222736,0.6399705663966875,0.9097966363392874,0.7587842589422187,0.7753635030021032,0.7724882033515756,0.7270839005991686,0.8187273127802014,0.8246662798975413,0.8368663499362141,0.8013526339983036,0.8590147801904824,0.7890984703030909,0.8604246150390858,0.7849299537369799,0.7918976031414773,0.7812022589832018,0.8840982053346302,0.8688454963361221,0.7638769579148815,0.7229811999135549,0.8222284084923244,0.7785559788755025,0.7434227553369313,0.7579977817723098,0.7235410175549043,0.8373754804617128,0.637985217118146,0.8037476746142251,0.7699384153252739,0.8333752689485592,0.8264015486167392,0.7926909333288822,0.6884115620423643,0.7576137801904848,0.7427577705267837,0.7873983418515513,0.798431997770316,0.6883101723308901,0.7092071558967755,0.8166745030608986,0.8573458563203481,0.7709114183638665,0.8310941263789368,0.7362015157698372,0.8811443561467434,0.786837355663672,0.7795266083976694,0.736836800266037,0.7739951616627204,0.7810528271735234,0.7243544445858475,0.6337681531740457,0.8025449360191428,0.7449926841033443,0.8485744101757898,0.7857935244111391,0.8465960806208107,0.8174925926374523,0.8389251370981406,0.817178429514034,0.8368997389836206,0.7769035017760926,0.7518356715547433,0.6868564250048855,0.7949022705391751,0.8018994875717946
0.7772585683228819,0.749234416457288,0.7859189304665853,0.7143313432161835,0.0,0.7113174866990593,0.8477081905057199,0.657166620956538,0.7153036186205571,0.6691441546639063,0.8119048296960364,0.7968179045671618,0.7267191898016516,0.7018841987627013,0.8426206817102886,0.8133356081191726,0.8003158584901631,0.7910035534997952,0.7208363775919899,0.7316128791685677,0.8362066708899293,0.83612182934411,0.7597205964859334,0.8366629542401389,0.7265164086281692,0.8086533571256286,0.6682024024474467,0.6549349015056172,0.73408576118736,0.8385288114564468,0.7522593242231062,0.7450380329984945,0.7742662303736851,0.6995092536124587,0.7528839520233188,0.7948608768657076,0.7651226401199123,0.8037431979859877,0.8093395550158108,0.7804188768258891,0.8278234700238378,0.7761972158387154,0.8513042604298342,0.8708773108861455,0.72653650569508,0.778521631643977,0.8948494787141866,0.8169659851033173,0.810294833422548,0.8425529161029237,0.8469987648991824,0.8158937266162228,0.7295027537218063,0.7811147470948606,0.7882035737467692,0.6977620528132878,0.8025726912075624,0.8213260980587542,0.7173199552633729,0.777114589965533,0.6411445544189692,0.7540301226241577,0.7948441684233869,0.736481551882734,0.759557605204989,0.6863637658826014,0.6687480868325995,0.81700860891414,0.7379718403797473,0.6883448417345683,0.8264446623856382,0.7413689516284255,0.6390464893519882,0.7799435262138565,0.6931037990557637,0.6641511051512479,0.7653101265644722,0.9033204822069959,0.7315698831944417,0.68353041010724,0.7202393476878183,0.7556718788102853,0.8651441386030011,0.6523194996335746,0.75010538211868,0.7679263707740777,0.6297960704946671,0.720883621078894,0.6511414776663834,0.7020801622883571,0.9179343692875284,0.7499026481426291,0.8833437417457353,0.7074654220438669,0.7638626221315536,0.7673698100596783,0.6441895234774153,0.686618943166816,0.7378487058295313,0.6654566272318845,0.7162716095233645,0.6808436101876597,0.7001356255062482,0.7018587274320007,0.7293099461667812,0.8184464365507449,0.7105324160790518,0.6996115787437674,0.8276347670899231,0.764863915940073,0.8031766019125399,0.8327679542854546,0.645397974204584,0.6446349202746482,0.7672517015108797,0.7712671454731295,0.6743093119339744,0.7952245273537863,0.7333505909005099,0.6551206438135682,0.9335008802028143,0.6397255214079727,0.6865322224744922,0.857001615043803,0.6686406598867634,0.7662120677966222,0.6713951650960492,0.8267701195955737,0.7215112142461368,0.7911615734158407,0.6659371195405106,0.7620084306325777,0.6087867362819019,0.7266409010279581,0.7309583286293742,0.808799526758211,0.8118416099457584,0.8298484988583784,0.7330672530401158,0.8107170392143828,0.6769205440055582,0.7943142643365394,0.7497401521331912,0.7399840278275173,0.8232077040557331,0.7598626363611126,0.8788061341027529,0.7567429056436118,0.7199485214145547,0.658462561976267,0.7071177769998814,0.7291565347069429,0.7851032616546784,0.8093653606980543,0.784906639167767,0.719827575171379,0.7121936430949826,0.7912451912827265,0.6962041352899392,0.7304620591386919,0.6648572418346906,0.6850215615497582,0.7910400167634625,0.8379768015152032
0.8020380129955462,0.8519872714567331,0.8927050892630135,0.7764961144957924,0.7113174866990593,0.0,0.7248234627348351,0.8306360617380466,0.7250655353883332,0.8040257082896531,0.883296192684033,0.872680624854496,0.8743886824063357,0.6985193102393237,0.729062305878926,0.9022666740275805,0.8837668392329245,0.7339954010027232,0.8400965169403791,0.813446134763791,0.8994808821417202,0.8551676646964016,0.6673618299435871,0.8054950751927501,0.8843713010641269,0.7431747266122196,0.6349581264728599,0.8039512403605733,0.775788363279273,0.7493578081201111,0.7629572443612446,0.8891520544117953,0.7652755428163392,0.8139840587487354,0.7182902901821356,0.7583016845929184,0.8377651440157707,0.7809644112754457,0.7851242084923464,0.7238866535914082,0.740997483282501,0.8848447786932804,0.7765065078984565,0.8299158936880019,0.8088101853320407,0.7728581065537088,0.7263433421641684,0.8698669244134578,0.7498136232875257,0.7427735007023822,0.8073973364929254,0.8510569714298071,0.7167510946310564,0.8603754160460934,0.8134360688339729,0.8595926418209182,0.8058727356325689,0.8812011437836175,0.7145145306797159,0.7436668733481343,0.8834722957101251,0.7256446638805101,0.871951223724118,0.6635668511839106,0.7000478672102651,0.8168254377839635,0.7664647191597301,0.805639362026038,0.7206874473275383,0.8252631933774266,0.8045053130072701,0.6422918941750934,0.7626181283401776,0.8513926106134173,0.9063556174298584,0.7268929790271077,0.8226025693199366,0.7618225118187235,0.7544561053324957,0.7646472269728422,0.9368476856796438,0.7429668379904631,0.8469106517962262,0.8453989504909211,0.803666547760365,0.8359080406271445,0.8297364109282187,0.6580238218527408,0.7821632319745163,0.7983170536301404,0.7401675357756275,0.7243827135095197,0.7682800761983737,0.7881138063319209,0.7418434427412834,0.8357710448136395,0.7877664252893973,0.8659048292450959,0.6044048836656756,0.7639512917736149,0.7131575599607449,0.7949610645450702,0.6591659399704276,0.7513753399753558,0.7510985064422809,0.8291126524321129,0.8474672874426492,0.8778552147092267,0.7296556958003646,0.906866520376842,0.8734622865049467,0.6927947058974034,0.8540834688262767,0.7705473218348462,0.7529284143517871,0.8022023121312467,0.84402976177262,0.7632194965670344,0.9105691313784848,0.7006597137021255,0.6965027468550014,0.682394738082866,0.8227714116414822,0.8494759972051878,0.6698794741179801,0.8443441990062126,0.7058888478511209,0.8111631917131138,0.8714581786845449,0.6814696809434363,0.8312843581569824,0.9258251266874485,0.7302388207395986,0.7502336552131177,0.8345699949038762,0.7107830642278591,0.8094843147733292,0.665404456567641,0.7226743441754278,0.7387693902265796,0.7538579161128464,0.8676633271633282,0.7575421006806569,0.7583407653165422,0.8370473046353779,0.6928253750077613,0.8055349657921267,0.8111158227696762,0.8404953718096017,0.7792227076527736,0.7607303862896215,0.7697160107219491,0.7670194153061497,0.7330778790923883,0.9130930476245122,0.8207152254106791,0.818101866271367,0.9004895931885583,0.6769131258285181,0.7620908833393737,0.7390044655997587,0.7426772851391895,0.8482228909209939,0.7817180131340641
0.8351367604526234,0.8366379106596087,0.7780801873225165,0.8423097198292461,0.8477081905057199,0.7248234627348351,0.0,0.7048682960070236,0.7147017955167858,0.7680941524816867,0.8457969058805168,0.8145614524201591,0.8211458315173562,0.8361786684948445,0.8905961472181612,0.8059851216900995,0.837562583812838,0.8823521479442217,0.7596298257070407,0.7881046325369764,0.8190770351180122,0.8470653172341367,0.9355445902491888,0.8937422023601423,0.8253370031562794,0.8258467376147337,0.7986127022913905,0.7909091976436929,0.7915298802286738,0.7653198740119173,0.7962760374429542,0.8175131084102638,0.8613294690179647,0.8634843949348703,0.8320769416339734,0.8322098388011624,0.8293443263592403,0.7913118998646664,0.797947914704136,0.9145266975709674,0.831536852789166,0.7879222135693308,0.8211284924298715,0.8625154018780087,0.8441193327768616,0.8692923387061656,0.8320104737615651,0.812168110645982,0.9601536763834947,0.8333925054177072,0.8873233313999855,0.7998873458362652,0.7745579108253592,0.8404237220116931,0.8618584720376886,0.7532854995646305,0.8297129324578159,0.7642175353852799,0.8775101610366497,0.8762988033723415,0.7203834000669016,0.7333150599011242,0.7524686918346206,0.7836214776119741,0.7739183261228277,0.7498489413369911,0.8128874197852566,0.8239356986704153,0.789163538128901,0.7278308015539992,0.8107762770872672,0.8358821511562433,0.7189684587580492,0.8679130317958849,0.7214831564632589,0.7946798286277418,0.8402512731043877,0.8889057093757896,0.7527951092654923,0.6687695696937384,0.7018466897613772,0.7714370291524374,0.8418514151694679,0.6940897297740725,0.7896546392601695,0.7961000025267582,0.6650469913949888,0.8201831605760562,0.7974594655396199,0.7657794228032746,0.8746183185947747,0.8479406049917506,0.8943656688395046,0.7882927353956805,0.8450432260429352,0.803759021651989,0.652521650056708,0.7769315743226118,0.739677926572994,0.8385059041735139,0.8146673511950469,0.7144572891550243,0.7902844210156964,0.7498514151388893,0.766009628860866,0.8249233638498435,0.7541340943222863,0.791392897258798,0.924339543103238,0.8269885702578892,0.8821409463932546,0.8239423566333538,0.7346697116348228,0.7025027324870768,0.8333080138718656,0.8196599805560204,0.7842982708170004,0.8384583092996871,0.7899628379354023,0.7359752464215392,0.8459299970316987,0.6468139369156676,0.7363716098438492,0.8960426903453366,0.6869656979423157,0.8206721172552942,0.723993725294359,0.8412243181866947,0.79682113359415,0.8465044540547609,0.6899557437437273,0.6973726855875326,0.6797924071680533,0.725705445230652,0.7650704638469699,0.7755770265618275,0.8083531103772235,0.9031116362648535,0.848009099252563,0.8048210549443519,0.7810370671121383,0.8073027103538981,0.8652477374808061,0.748504599109908,0.8444647782544951,0.8470268003140344,0.7890470421023558,0.7951628025380415,0.7678480602743585,0.6174612780443766,0.7651765882788361,0.7928161256913524,0.8099697593760796,0.8706414771583115,0.8225986458205047,0.7873367632648088,0.8189091831415289,0.8198028602665426,0.8437792893229684,0.8311026902305242,0.7694196385472383,0.7436461804794388,0.8247076592953987,0.826197659580784
0.7649153496856923,0.8081579743135582,0.8333925268387936,0.8387104251111396,0.657166620956538,0.8306360617380466,0.7048682960070236,0.0,0.7731489236098944,0.7740683344746084,0.8414901038447922,0.8372627273961634,0.8528650149383755,0.7233252188563221,0.7911276807950772,0.8389098566967422,0.792754017885829,0.7773712483372048,0.8007829321032596,0.7960416965644419,0.8005595741715232,0.836266440221962,0.7008714743257226,0.7540603273076377,0.829125468410284,0.7454580489872387,0.7671814817902916,0.8077860449574358,0.7253462867134871,0.717202404925125,0.8287863122964252,0.8213979425465844,0.8347950593075025,0.7956757850181692,0.7174353318325826,0.8175258150103525,0.8149385347473256,0.8477092107428185,0.8252959024092126,0.7302021273451659,0.7621913455542595,0.7336509999656506,0.8093151895677687,0.7435417279883942,0.914451624196209,0.8304213748983121,0.6445495764536688,0.7810237191142406,0.7392992818803463,0.773434362834973,0.8015278031575118,0.7428587871310421,0.7026456867937086,0.8474047496006815,0.8412790430755518,0.7099059377150924,0.784336349711488,0.8646480243223048,0.7211008544985583,0.8095638925574261,0.9257513474823036,0.7487374234697624,0.8392365760657768,0.6808781386440238,0.6907191338491959,0.802701412093469,0.8023165265405932,0.7584048573013016,0.7984124512255862,0.9485375617757836,0.78903035134721,0.6789751831061056,0.7119425059809548,0.8537323445781626,0.90275473970058,0.6832766347107235,0.8437094906027499,0.6993305238530747,0.8705899648798678,0.589558737598358,0.7262495526450345,0.7772950151784769,0.7785064504197476,0.8708049269332556,0.7553939313356266,0.8770501307145172,0.8655188241379711,0.7351688145076503,0.8582222616182503,0.813643301721653,0.740603217708845,0.7343653528075903,0.7691048640210761,0.7309327499700414,0.728294779468097,0.8069914048085137,0.8379568770903684,0.776854960573624,0.5864788822830866,0.7988742333073796,0.7389199577711076,0.9161090416340892,0.7145951670066413,0.7692813351880193,0.8245783725933692,0.819972878644362,0.8570578018628618,0.7902900940484207,0.7492439833302081,0.7574422614198479,0.78065102470618,0.7161296087108203,0.7633949189227174,0.8832045670647073,0.8002129142511634,0.7623625960767744,0.7235272021470741,0.7593593259450866,0.7579938781184327,0.7294326163935663,0.6707893199231588,0.8645074671801901,0.6686098808629083,0.7807392781133127,0.6091672972320413,0.8369502621481396,0.6944156681116814,0.8825422922441387,0.8148811082809841,0.7541094381122552,0.7835036931993122,0.8198792780758949,0.7861045756484467,0.7312772072294524,0.8255356235467459,0.6591577191077546,0.741527674721858,0.7069882207325301,0.8151872643429807,0.8287244787463404,0.8108676992267765,0.7669261688636131,0.7599730711462853,0.7943804679854595,0.7824437747992484,0.6933471815282172,0.7909454474599544,0.7897119231904492,0.7930173626679822,0.6833290020365149,0.8052062645521894,0.7220376054465398,0.7943533010194297,0.743409983623028,0.8676251165564371,0.8693943339619798,0.7840279925089845,0.8033924503626293,0.6975455395297937,0.7080878709574192,0.6979580747207926,0.6532206170209851,0.8549086662061605,0.7234557338411587
0.8961316438517969,0.7581807234754006,0.6828275804617613,0.7160894069082959,0.7153036186205571,0.7250655353883332,0.7147017955167858,0.7731489236098944,0.0,0.6357872977047964,0.7789508592651977,0.7499043097502787,0.743178149980192,0.743309402507402,0.8134021359322933,0.7126442342069873,0.7078380040802527,0.833611202817573,0.7698917662775344,0.88677536881202,0.7474073630186354,0.8047930078182969,0.684714804211056,0.753307818076239,0.7733737586859514,0.6800159784622282,0.6756297855552061,0.7214506324074503,0.6396467993716672,0.7466047436662274,0.8821020594132709,0.7312403771330704,0.7391566744213206,0.730425182964924,0.8720684763940524,0.7590740726189422,0.7856233553915893,0.8476066093608473,0.7835274426777317,0.682703570958132,0.7182488731327022,0.7812197719167467,0.788820967416426,0.7849808755326926,0.7916923545287349,0.748208520834025,0.6706411095595929,0.7563760059813345,0.7577516372827611,0.8115170365236527,0.7657209618863674,0.7342375368049167,0.7455062214509766,0.7470259146430939,0.7309404505423206,0.7583971902578303,0.8254457416319896,0.7477007695169969,0.7233470779777836,0.7625468047454655,0.7404785834832045,0.7034591573124,0.7740300964792111,0.7350956713438951,0.8245418536959533,0.7690697731646402,0.7446983815597001,0.757074955511566,0.7375014260976215,0.8163354370932683,0.842071263199117,0.785028442759792,0.7577776792542924,0.7356205532199215,0.7660045486958563,0.747064963116119,0.6974920069558864,0.6479928031813953,0.7838066107888726,0.5993846673086292,0.6700266307454719,0.877624714387617,0.7648438021193686,0.7281893445673019,0.7832079949973033,0.8516464998518808,0.7931663273536584,0.7682206901503461,0.7337353459427445,0.833500388438646,0.7739047480642207,0.8258700234805929,0.7469622011299205,0.7837552301615499,0.7952465094526606,0.7563300573703325,0.777710371212449,0.7472574474581984,0.7736062861187308,0.7066395935606656,0.7784010269329191,0.7143916976183434,0.7147833717714515,0.6898195122380432,0.8608051641793338,0.7148843256023591,0.6739363678993848,0.7143089448354805,0.6857366804307115,0.7333305666859513,0.7504590091012302,0.8268609626384663,0.736560402355514,0.7512686463661205,0.775379663693925,0.7257471447233831,0.7424415224798512,0.7417774744244359,0.6587986880272154,0.7551025266831878,0.7790572269798678,0.699176211059825,0.758625967855688,0.7552621338324723,0.8223259306817049,0.7002974387762604,0.659846343678891,0.7520816661218824,0.6750461264722651,0.7500376145821598,0.7872353205179965,0.7168874486615797,0.7468123935145037,0.8872660724036336,0.8219114771970158,0.7961478525521292,0.785436022093662,0.7572193614287973,0.7339417893696694,0.8131875591051292,0.7464853560289203,0.7532357962483607,0.7954709637791214,0.7853242078245635,0.7714937917501444,0.7643663678424164,0.8564570481920173,0.6282835425855955,0.7267394703099245,0.6141786527083443,0.8906299757462286,0.7333705589315336,0.7976175079421114,0.6552058765283346,0.7436025685282182,0.8527440218822334,0.7551542005657438,0.6873733023713006,0.7424816543294501,0.6765265994511093,0.5991183283493585,0.8239785259822916,0.8477126368441942,0.848084648526856
0.6936399297113396,0.8761811955390376,0.8826534173399224,0.7383142161896762,0.6691441546639063,0.8040257082896531,0.7680941524816867,0.7740683344746084,0.6357872977047964,0.0,0.8229807417083602,0.8379331946771369,0.8155823731424409,0.756614520648607,0.7315063807883146,0.8393174836839291,0.8046170013689498,0.7324328740514312,0.7466116445491721,0.7362125204510281,0.7570992462899165,0.8200394227987159,0.7685972749904361,0.748745186416399,0.9059633689716038,0.6730519693004056,0.7569576796316028,0.7759911689285466,0.9359963428785137,0.7016628751294067,0.7421905801988382,0.8476098144688413,0.7630806466011755,0.7694755645701886,0.7058185015661684,0.7925103095027756,0.7736904664018394,0.7567831453687208,0.7427919361664427,0.7459051900336559,0.7358403769258611,0.7506118290062184,0.7275344024735638,0.7444517918700507,0.811761396920412,0.7253416131604921,0.7101641801011666,0.7934227092571897,0.8011174567007688,0.691652811726446,0.7130268154437227,0.6680127468988358,0.6622550520524398,0.7975097274951473,0.8614711118999254,0.7455663963709008,0.6779392816591977,0.7731577871306244,0.7891724951965907,0.7303431607621185,0.7743867355845396,0.6438632457612804,0.6868659566295467,0.7572264799761188,0.6135916925561267,0.66553036834963,0.7232828959691995,0.7302937880788257,0.8070557939930335,0.7636258933743042,0.6676618573107217,0.6914085726908191,0.6495205808525948,0.7787983257244598,0.7937555705257316,0.7048220996269464,0.7560192986182462,0.7796565617097627,0.6670940682896939,0.6191651122789382,0.7576989923029925,0.6201597530836462,0.786032998743224,0.7805345986841806,0.6511072804619982,0.7570532581416473,0.692971296655048,0.6813552425873002,0.7919808887217965,0.6970494065768749,0.6752070579843984,0.7088999039754378,0.7984350133414825,0.6559604254601102,0.6708575361814707,0.8700990638279799,0.6563966634153597,0.8234835052993437,0.5900301105568485,0.7348788588866327,0.74582970592638,0.738283117320593,0.6483378108157304,0.886536037996319,0.6706591108147891,0.7339820070056591,0.7582083534362859,0.8989048606596949,0.7726538448489647,0.8199260268520692,0.7686588837772893,0.6261996934978535,0.7039928724850386,0.7833258836685012,0.6823730693140821,0.7000695635943465,0.7732227834606429,0.8501413617001969,0.840965362100624,0.6866470847486209,0.6372275576077499,0.6287711898872553,0.6698818401621289,0.7491360541927745,0.6001400996155283,0.899982927562372,0.6238567783656501,0.7812087021116303,0.9302798218224131,0.736133481970714,0.813915151131706,0.7194896761733988,0.65351628022502,0.6065651017777486,0.7596852032264999,0.6590834992963619,0.7732078060369031,0.7003594971637264,0.8367071156223121,0.7252516696486415,0.793904698989783,0.8443368366604278,0.700848058871576,0.7329825733174168,0.8089836383009933,0.6833924386687308,0.6876240251377299,0.8435272330639098,0.9428757644416357,0.7891575462882724,0.6476855617106407,0.8194552821052554,0.7182074484134766,0.8392973452355242,0.8648025966493267,0.7364892012931697,0.7453528756609966,0.7941712388318004,0.7021205189323155,0.6846394856768424,0.8486154418744632,0.6634349579582712,0.8362069282401375,0.6487476280436012
0.8797429733964386,0.9029710492564389,0.8950539576432718,0.8540824659531846,0.8119048296960364,0.883296192684033,0.8457969058805168,0.8414901038447922,0.7789508592651977,0.8229807417083602,0.0,0.9002405260301716,0.9250583864555316,0.8214424297393755,0.8677770830734153,0.9457909091506359,0.9148556135753926,0.8693530347532498,0.8464649270633873,0.8862307769701354,0.902745280620544,0.9478976383590606,0.7996092841330039,0.9070445020984881,0.9204303735575768,0.8291120953605354,0.7731271628901494,0.8614969530200364,0.8633216450023463,0.8013200114708017,0.8516377794351695,0.8918988473371514,0.8666693017192143,0.8513755195189014,0.8378299307402398,0.8535554570722637,0.9231664371614956,0.9208314789636395,0.8908932265761887,0.846433446546313,0.8377592085630243,0.8449612280001024,0.8657577790643931,0.9143849518198433,0.8963156906297167,0.8450516227771997,0.7425680136837723,0.9452725945223488,0.8947813516019698,0.8334846399511737,0.8772672675472903,0.8326281979470264,0.760363010120591,0.914395213206755,0.9313651353347588,0.7885338214987613,0.8776565154986572,0.8927543931200779,0.809815175056015,0.846346997531437,0.8831357580963185,0.7323746931022735,0.8663938795265099,0.7683711214849588,0.7551840583823441,0.8137117737537869,0.8427087214651624,0.8574453473808247,0.8269540902895379,0.8845720189887694,0.8624664345728679,0.7889584902297021,0.7669901264370774,0.9088379545689153,0.8915203840805658,0.778687252930323,0.894164861693806,0.8586244559798342,0.8281121142410865,0.7385022387133818,0.8343668669694664,0.7836539265158154,0.9028864886185233,0.8748709016192335,0.8200964131067485,0.9028439351007214,0.8254570863343614,0.7535684563466798,0.8170075219275379,0.8346359421677539,0.8414901811428385,0.7651161406129772,0.9003136637634371,0.8274201753819851,0.8284895413386933,0.8925285349511656,0.766105473681444,0.8040344011671932,0.6797069120821218,0.7973881220919841,0.8637976680072771,0.8223808503872968,0.7095479474998116,0.785814240485464,0.8127793061785086,0.8550180384484557,0.8255173719241072,0.8854113871493066,0.8341712574079636,0.9140260087960344,0.9102871177055573,0.7991380329043761,0.8212565241327751,0.8510605647725416,0.8522473465077952,0.8462484919084096,0.815049766085118,0.8786668241303289,0.8726396845670826,0.757352906939185,0.832550136528586,0.7189443399308038,0.8071683817746342,0.9203257096275848,0.7338674352282988,0.9222311332531605,0.6873083465792449,0.9009983222149697,0.8897223388832659,0.8289040592648248,0.7882958760858729,0.8558089711452831,0.8137105074610126,0.8095224305410176,0.901436418516848,0.8032915214058169,0.8818827648241163,0.8240911949896823,0.8753702816846083,0.8535192043094848,0.8469281087938507,0.9126145673751419,0.8111685109895549,0.8079424184770863,0.948772779413914,0.7483439926390008,0.8557979634328654,0.8424720049254897,0.8651761631372236,0.751127229786917,0.8427216498161961,0.8381899366820396,0.8645571727392253,0.8023919904077056,0.9223628390381027,0.9021580756048738,0.913877577745657,0.8922375296043933,0.8166073102633803,0.819703613901019,0.7665666143428882,0.7922932611246933,0.8856411959014061,0.8882958137117886
0.7788332131556897,0.8996794522566752,0.890645057565039,0.8035794665405604,0.7968179045671618,0.872680624854496,0.8145614524201591,0.8372627273961634,0.7499043097502787,0.8379331946771369,0.9002405260301716,0.0,0.7992846330142843,0.6928544522207147,0.8408933341602315,0.889204942888678,0.861524152416407,0.7626980533007981,0.9267103677570467,0.8245507588201659,0.9110553421257409,0.9031433516733017,0.7764508083561454,0.8556929488944477,0.9012239470435853,0.7180230787254852,0.7035073065694902,0.7904910477333896,0.8425381499675619,0.826750003819074,0.8658416566507722,0.8749244355670546,0.8300317987555588,0.8473387855183359,0.762865552999352,0.8690438782157462,0.8039406789918745,0.8249289014801847,0.9284417371441781,0.7543753230052476,0.8418325708578263,0.8233360430918025,0.840703911003482,0.863762149078329,0.8444845593646784,0.8029597064232105,0.7474773208382233,0.8604757511860844,0.8306322982133452,0.8174822974549565,0.849060199044762,0.7914438729241768,0.752053541430775,0.9135506144247553,0.9161322890261576,0.7473399237018986,0.8344281309064631,0.928828034954479,0.7539443870396659,0.8201245121965923,0.8147237617191607,0.7057908837287593,0.8164881432649785,0.7365157468329158,0.7340614047113784,0.7482808086403626,0.7226578302119193,0.7547072990285563,0.7414780935116551,0.8105985210623639,0.7786706465696916,0.6966379074368803,0.6709869256638614,0.8433251794337859,0.856934336006376,0.7062492421503649,0.827298436150491,0.8155760793879324,0.7727479878723876,0.6544499207223179,0.7820988483774332,0.7738734686432895,0.8691827166873219,0.7522190469156291,0.7736033994623855,0.8439205565922604,0.7469133163143361,0.707021173311999,0.7752198649197354,0.774106423845422,0.7862443922494443,0.8082087568179209,0.8983544046184805,0.7671652828774582,0.7344851529450153,0.8743037399866421,0.7810202323903506,0.8382565184684163,0.639417042734215,0.7339988402609602,0.7591561330222435,0.8193360037431294,0.6999190730161992,0.8590823537183637,0.7681162760569786,0.8024556169534685,0.8430791821456692,0.8389818959419147,0.7915177819288131,0.8673019617622529,0.9091834563613751,0.7501327478800488,0.7099079677690694,0.7810268531571982,0.7497670905534558,0.7658008467144983,0.8018026826916058,0.8874806433543542,0.8329373375552308,0.6494977490572956,0.759454186407001,0.6874889563631099,0.7170882807406411,0.8672684973349241,0.6514411272412993,0.9126981610444399,0.66887512886539,0.8831282245410849,0.8943902290233318,0.7342872430007219,0.7882075939450706,0.836188381700819,0.6720026161066038,0.7516405789174879,0.8659096715124132,0.7369483010492639,0.8418372352732871,0.7443193846913106,0.8020791351751023,0.889719563562049,0.7648701911879223,0.8567853892319884,0.8016990591466694,0.8253105781590697,0.8625235487087293,0.7107494644323276,0.8711475981918554,0.8329702526779806,0.8891389448259757,0.7767365753088197,0.7842834503666647,0.8394851735539344,0.8661003369954307,0.8032141820112001,0.9662954380181201,0.8065785969609913,0.7900045903842007,0.8507996823403006,0.7012052624626238,0.7256061683658549,0.6943073913183689,0.7102376779882017,0.9076136272980394,0.7851212125112474
