0,1,2,3,4,5,6,7,8,9,10,11,12,13,14,15,16,17,18,19,20,21,22,23,24,25,26,27,28,29,30,31,32,33,34,35,36,37,38,39,40,41,42,43,44,45,46,47,48,49,50,51,52,53,54,55,56,57,58,59,60,61,62,63,64,65,66,67,68,69,70,71,72,73,74,75,76,77,78,79,80,81,82,83,84,85,86,87,88,89,90,91,92,93,94,95,96,97,98,99,100,101,102,103,104,105,106,107,108,109,110,111,112,113,114,115,116,117,118,119,120,121,122,123,124,125,126,127,128,129,130,131,132,133,134,135,136,137,138,139,140,141,142,143,144,145,146,147,148,149,150,151,152,153,154,155,156,157,158,159,160,161,162,163
0.0,0.5169318600197176,0.42322019429865537,0.5098558596934323,0.4663504751065541,0.48774861787183366,0.5334136163182482,0.5091658019510372,0.5866966261075218,0.41724708839806535,0.554660386873046,0.4646043387357272,0.57429012417787,0.49578794569831863,0.5165217110761874,0.5130137242672146,0.5259037135513832,0.6185899314093086,0.5047840639259967,0.6831008667917463,0.5494180215202756,0.518046360535365,0.4773707745156521,0.581135058891032,0.5613753620202764,0.5432557124591518,0.4572137338193972,0.515535141045573,0.3936406024707341,0.4736437463654476,0.5743346192586171,0.516777460893173,0.5042170322181775,0.5058237740817106,0.6013796627538566,0.4276593002316956,0.675750765180992,0.5368149636492678,0.4804673437834133,0.5578301136651053,0.47024888511994867,0.5619896771096732,0.538843514354141,0.5933377919058019,0.5652208252694039,0.5520895358702405,0.4797260336246049,0.5065911193078649,0.5914250383281999,0.5021981473514185,0.5500312247507821,0.5608083549331864,0.49855613984895697,0.5146983701730362,0.45669140764913213,0.524597548930037,0.6167900904981952,0.4873956702844235,0.5439502078022771,0.47333694987535135,0.5221693570391092,0.39478863894964317,0.5449012621141003,0.4320630311877472,0.5438696486907852,0.5942347807549608,0.611636938323675,0.6047829491312315,0.5036782686065111,0.5860368229249588,0.6608493135332105,0.5324528504863277,0.5536376248726343,0.5576807965667046,0.5169062378826218,0.6406166284561879,0.510077331043894,0.5069754526628053,0.5402105531910733,0.4874098032786567,0.5116958375132296,0.5710147388304633,0.55744741342536,0.49390882368936195,0.521187351723368,0.575822027604005,0.6095867710802091,0.5273610259674486,0.5177491097918641,0.5431362911497826,0.5250568653277129,0.5143637302337024,0.46997539880165073,0.6227782877392156,0.5484488584175797,0.5106558048778466,0.4896688307378509,0.5131296504404512,0.4222343070752107,0.5256553634981552,0.512000544795452,0.48751417783724427,0.4828641961924093,0.4302373309060594,0.5132548138093391,0.5203619663484748,0.46277472881935716,0.5242036421011714,0.5142497865228739,0.544826287229201,0.5847433568044117,0.5111306340335388,0.5467288621939999,0.48838912269205426,0.529928131014584,0.5412107865843031,0.5806412337985256,0.44522785096325823,0.4663422649905386,0.45223667996335815,0.5380078102545022,0.45717270139332417,0.5724860514984121,0.6347025073939773,0.5593331728728447,0.4735217603113144,0.4183875035596217,0.4649577716785606,0.4379722266218827,0.5448236449965291,0.4815697269004103,0.49903896119200786,0.5369465328958193,0.5636480534640139,0.5395877420150496,0.5383150639098473,0.5838410658782179,0.5473484398649594,0.5087986218035063,0.5103168165077749,0.537256936293182,0.4788816341251092,0.5599643411890605,0.45971754642290263,0.5965904061840515,0.5816010595981084,0.5293241331610448,0.4690018475730143,0.4829454530127671,0.3344975765879995,0.7153070115924458,0.5224110415465119,0.5185811708627605,0.42635227759262884,0.5206711097493064,0.6837372138329307,0.5160867775132447,0.5305845758255137,0.5694882873686296,0.5016563821800103,0.48223823830328033,0.6577194933881347,0.46654420302488053,0.7149607284842273
0.5169318600197176,0.0,0.5458847075270639,0.5070406635786686,0.44663123869625493,0.5820842558969689,0.5083507761101309,0.6340912815267461,0.5116486609726301,0.5599768275504731,0.5623421149667646,0.6006598115062545,0.5807903602969025,0.5139748262038886,0.4941536362874461,0.601132704820181,0.5500039294814943,0.4944783889927821,0.5117444349178157,0.5599736671922397,0.5406584171651786,0.584204979632503,0.46269217467640855,0.5243830550668418,0.5943167868326424,0.4796570704737023,0.5083102003406056,0.49443155510063663,0.5423465846098208,0.4832782226067934,0.6013874094589555,0.5800043023260832,0.5855592888432115,0.500073226461746,0.521850751572159,0.5006024761959973,0.5656049361560227,0.543234609160104,0.5423340146509105,0.5289936207260957,0.5216048485083373,0.5304585956380389,0.482835014148119,0.5395283546325219,0.6585160224114169,0.5140417647310817,0.5061857190223741,0.49671948233632796,0.5238941404757296,0.4874524199778655,0.49753814768372534,0.5006880627095753,0.4835917952716435,0.6076586011801988,0.5444118498208496,0.5349755966014006,0.5001356247590044,0.5644780476668355,0.5081395895977092,0.5006851569506444,0.5659017461232538,0.4108529649380087,0.4901164782735251,0.47294876207418735,0.43481746527754156,0.47335010166386743,0.5266721767719323,0.5058425655486694,0.5137803378271389,0.5564613060324693,0.5112575779753591,0.48931040285733857,0.4582350344366765,0.5415752296788664,0.5883240427364501,0.5071924857465666,0.5022914534554683,0.57387055148232,0.4869740298164071,0.4241165449949827,0.49949129890346167,0.47417398596819216,0.5998265800764563,0.5268122917957054,0.4586681538144712,0.6041622378080772,0.5217066150301395,0.4701892741295721,0.5322145204144824,0.5438499930434199,0.47592407801348907,0.5316693512655521,0.5166518263946543,0.480781783184226,0.47423824240149215,0.690760282686682,0.5160120762794396,0.5706832290725791,0.4120689186941237,0.5215125420217718,0.5128231734968665,0.5038449848729899,0.43525605298473186,0.5155454307069982,0.4844198204372661,0.5202555943123637,0.49317778673162704,0.5654850901935539,0.5395652880584236,0.5533714577799158,0.5424381009603415,0.45056726251030754,0.473235462290343,0.5058393375386254,0.48387182857672684,0.5231561611817355,0.5343231207988948,0.4728913972999333,0.5086311088467753,0.46289234788488554,0.469612879685696,0.4601595802239278,0.47037803893412106,0.5631454949480038,0.441994095927987,0.6658449434981862,0.42378786474909275,0.594643481512611,0.5695950781499809,0.5282571987164595,0.5633015856123255,0.5175922294444583,0.46408563591362123,0.49040189769449455,0.5256373210068209,0.45203046952310827,0.5813809215028669,0.508141832642221,0.5563073188521137,0.5025561737280579,0.5407414845433905,0.5515911952161683,0.5308489963609637,0.4892971583654421,0.5977087287666825,0.4932242973765598,0.5456643648314018,0.5382078542413067,0.6233565383940733,0.3889306646372193,0.49084525810721147,0.5446225661395175,0.517038231242373,0.5265268558952947,0.56765049363762,0.542932832736426,0.44727959215133495,0.5632476334559994,0.48462240719803634,0.44206865290637365,0.5011294774238102,0.5076596784997264,0.44818752252850735,0.4791876874997802
0.42322019429865537,0.5458847075270639,0.0,0.46250743049208326,0.4366751642507855,0.5097142252984764,0.4458475378217526,0.544211054829149,0.4134516257873795,0.6287966604631039,0.5071869120822756,0.5257852061646576,0.4882684337082411,0.4044687665506957,0.44134903685854765,0.5537294286743799,0.5128503642827856,0.451031532032823,0.46731263303569653,0.44599537173679343,0.5533619830544093,0.5784871579784263,0.4178123924001993,0.47212487494666705,0.5427488265056898,0.4435502957062391,0.4287375999888506,0.430561995496788,0.49508827332848193,0.42818646472127586,0.44654474966911395,0.4902156754953149,0.4766406694094745,0.40876432200232504,0.40081316844703807,0.42997672551916455,0.4688762971760733,0.4588074520776835,0.4597599427417024,0.4669112998582432,0.4696546252229114,0.5075276621614759,0.47457808108871363,0.4619885831290182,0.4957370195831765,0.4561826942129405,0.46647433108798564,0.46439912698737873,0.4520536970444763,0.43115811274478916,0.455070233608408,0.4561706860803539,0.41863638690879496,0.5446106418912647,0.4710974947911544,0.44388826686098765,0.4351015901134009,0.5386939404166702,0.4769743807342381,0.407183558378267,0.49484025918950986,0.3609104542063362,0.4762475095065011,0.40732140782359333,0.40209595583296076,0.43715404735179975,0.4430522004036167,0.4859940334593984,0.5255429573545443,0.5220040153023673,0.45127298514163966,0.39492224240519425,0.40716463507646977,0.514778244321038,0.5209770553340906,0.4030749605113104,0.47005391604398333,0.5127328659649258,0.4356495314347077,0.3782787435345292,0.5047593308047487,0.4252230840128638,0.5152151234268691,0.4521678071584405,0.41852413303867064,0.48627406927198774,0.45358590478479033,0.41241265298999835,0.4358796990052146,0.42248410599117225,0.43828182622209566,0.4239288195013963,0.4503960495593826,0.39527481667439396,0.42820177836621415,0.5511250616410781,0.44797938187282293,0.4895639093399258,0.34592486578592235,0.4284244486560263,0.3906276042148731,0.5152084964115133,0.4139223191589551,0.5540743993354288,0.41138500407577394,0.47642431273645075,0.48916527529938586,0.5346848368248318,0.48078729859223973,0.5079325993237503,0.4842654399484447,0.40487084848039645,0.41852126771063897,0.4533256299463514,0.4052913860640676,0.4401174731779459,0.4521718190111764,0.4603096035643714,0.5458778788164267,0.38548543578254807,0.40352756206292406,0.42559907728553376,0.4007588693844424,0.4784816902895807,0.3674711671835718,0.5575132994533986,0.3812048688099998,0.457726563579657,0.5129744058365374,0.4625930504696914,0.46845940381295426,0.5347458852380977,0.3792702847932048,0.3933944072952666,0.4771038055376438,0.4026485724926504,0.45669332817064845,0.4158621998483685,0.5174213639272902,0.454374409969416,0.47511171039797195,0.4488484659338277,0.4428738497321199,0.4569564869936588,0.5022381921315646,0.4315461781332579,0.46932061106592066,0.5376617315847975,0.6120133639904815,0.3494294148749759,0.40659840884850124,0.4725911237114911,0.46547950289231,0.5461172790454705,0.5721910784187308,0.47158464170525133,0.3920057316864812,0.5320310230875542,0.3901780201283247,0.38680760066711933,0.525850166027268,0.406423315117817,0.43938258048737333,0.41696793302926
0.5098558596934323,0.5070406635786686,0.46250743049208326,0.0,0.4687374164071601,0.46608843541302214,0.5747190423308157,0.5603714281961161,0.4703777354862068,0.46139445214671215,0.5209047242940467,0.4806924228506004,0.5168128453853724,0.4914204002101077,0.4978532623534228,0.5279066123544224,0.6009236511287783,0.5941202332677741,0.5299212675934102,0.4855658018537822,0.5956312604141409,0.4951360553450687,0.540190586401133,0.493858812638056,0.5246497484023286,0.5656378334579286,0.5503036821816364,0.554577366549308,0.41817257439320393,0.4630534108677465,0.4911402610839181,0.5187540374267292,0.6339586952304722,0.499180167121264,0.4748249007601885,0.4734672385650276,0.5028564483217006,0.5530713048170003,0.4848960861398782,0.6511239191389406,0.5643880807329587,0.5235800239766345,0.5313388522804556,0.5131098708538409,0.5486835361272087,0.603316679207456,0.47280110205502723,0.4284541901306852,0.5675927174939825,0.5192238822019756,0.6400030603897514,0.575137748800346,0.5634890561650735,0.6047759012597318,0.5038229399863813,0.4593248843879492,0.58684214114418,0.5636884302510448,0.597860842630327,0.518417427035964,0.5312698714182817,0.4216124155626812,0.5855227164455422,0.4388613270091283,0.5023559496321119,0.5638492400847057,0.5605282307791369,0.4964157038755596,0.5717367271536322,0.5986548307508038,0.5316653144272327,0.49945602995452937,0.5149108686900981,0.6738604691027522,0.5815777522378052,0.5137640998415889,0.5932403950513763,0.5718295197837895,0.5710796089463569,0.4344686525986485,0.5192937805493337,0.548414069782647,0.5061194290219091,0.49449156063462013,0.5747738831346209,0.5424501639169729,0.5027667194420455,0.5597872210291504,0.5565494328735905,0.454960978941553,0.5992804725609318,0.5264187749621536,0.5200250023403032,0.5207808820399146,0.6083443452077231,0.4757096598738825,0.49801254261866956,0.5205945491609558,0.41202850599327606,0.5785845144775592,0.4583296969306829,0.5680815232853835,0.5841639434849756,0.4813134451867845,0.5342269013845667,0.5421795992516811,0.5727834413053391,0.533493347744756,0.6147796420131267,0.4498990323134669,0.5921688697744593,0.5357657176056794,0.48693597665694216,0.5870224155126228,0.5510824078512445,0.5457907816864349,0.5762929694486253,0.4342647175916058,0.5184439654901425,0.4792512774581424,0.48890355737790003,0.579339158884312,0.4492870746003244,0.6070581275208107,0.4274339404922803,0.5007158659906322,0.47304474079917463,0.46535627260714535,0.4848310070816899,0.552451634557342,0.46642386751631804,0.5368576664821919,0.4720367913080783,0.49966888362360007,0.4530409465640043,0.43871485505544117,0.4416303468079971,0.521977924404976,0.5360607726442914,0.5534229440661954,0.5722345451114357,0.467672579732522,0.6228118673726095,0.5280021437637696,0.5438126323654224,0.5204457422344634,0.47455432198003544,0.5842396750153571,0.4755167743213789,0.3517772003403601,0.5311238778985787,0.598171867321252,0.5607942496604614,0.46820900810847055,0.5976487221742015,0.522772784350751,0.43027017945844265,0.5514160645849515,0.5287179224282028,0.5338128089011405,0.5846730481228961,0.5109265464332545,0.5478519591959787,0.5236288880575692
0.4663504751065541,0.44663123869625493,0.4366751642507855,0.4687374164071601,0.0,0.3894369662968665,0.5456335606629632,0.44751887908119903,0.472604267062058,0.39629412306618483,0.45753689771862965,0.4777517162968791,0.4086425246812272,0.40353207973960387,0.5924191077640246,0.4566319423738365,0.46284322086077295,0.5181234988418166,0.4752727206187282,0.45023149037130833,0.5345748888940376,0.5140328341398077,0.4697305500221259,0.49672144667540663,0.4462220581818039,0.47177282563070894,0.43583549353848267,0.3968858296241718,0.38256449409119003,0.4956941270847396,0.5043767917560529,0.4342982113618598,0.5034749839966963,0.4038948644285879,0.4518551652058017,0.4510391948776033,0.4404368933716239,0.48527865363404454,0.5360893495252268,0.49013743716179375,0.5342687063035985,0.46402889669493863,0.5882839635300706,0.5117625405764404,0.4584022273481332,0.4976872590168557,0.5224275195097501,0.4206164987681549,0.5046317419666333,0.5431097898036737,0.5528230644081794,0.4780102306864925,0.481445287139785,0.5028660002416245,0.4556864531321432,0.3997400181878106,0.5117086439975983,0.5164398405299023,0.486751896340367,0.4517242680197291,0.3919114454237415,0.38394201946266376,0.4949396088755102,0.42361621954979445,0.5193683898373633,0.4439307300566217,0.4185531032215462,0.4801694470324024,0.49598727390088554,0.47029383289850785,0.5178451619670881,0.4541796713561158,0.39825635473654336,0.49030203091987856,0.4371214059806306,0.41958755448219937,0.4607159980826054,0.5419010790701949,0.47392201455775246,0.3644929119636537,0.4202338921832926,0.5368679335923591,0.5042730011875345,0.3855137280671001,0.45391637581314664,0.47205746986651836,0.40564051674329304,0.500488409407292,0.41935051532251055,0.40983744735989347,0.583318458461411,0.48711642751154427,0.5320126215836615,0.42858714320575697,0.47754909628230535,0.45307416747811835,0.43813305118221973,0.42884790412999907,0.39532640296769167,0.4147680391151151,0.4074360122639774,0.47408786768047523,0.4823827873151881,0.45971330685578965,0.45943876015269636,0.47001581419003835,0.4476815171114127,0.4211696412833883,0.5280513482847183,0.40983868152060304,0.4956380375026077,0.50174379233265,0.37578113571797794,0.4345826482753189,0.4446703238859867,0.43779825637884656,0.43369801654996204,0.4667000705288821,0.4055455431377527,0.38659504413819623,0.559226897841783,0.4495274378555756,0.3824702375348759,0.5198257562310159,0.4015942055334589,0.44569932719160427,0.39495168360636757,0.4594798525208937,0.4024789825941929,0.5277352427898376,0.4087890502744893,0.45875136487414114,0.37038957768388303,0.4450602307504829,0.44086114893771083,0.47805364308578874,0.4501317184509601,0.5334905611216324,0.4746511019685648,0.5671221876494376,0.440755170938374,0.41784042426627865,0.5008886188473868,0.481092511636668,0.4858068056587267,0.49560519375666284,0.5709321323522499,0.466366140352803,0.4405674444851922,0.3195342005030583,0.46900608815966466,0.48082899732012796,0.5542896775061806,0.4800215415304481,0.49424244203157974,0.45961999561627104,0.36954508114700235,0.45116678663047,0.4222134813103546,0.4097960405138786,0.4302745369920978,0.42873636875861776,0.4526883393797443,0.4998837880400921
0.48774861787183366,0.5820842558969689,0.5097142252984764,0.46608843541302214,0.3894369662968665,0.0,0.4316077832880966,0.5525300995019079,0.45157520522078176,0.506398978387181,0.5242864925069977,0.4948896938140888,0.6118917407975127,0.47062227415551966,0.39846952057724927,0.5924212726007586,0.5393850238867411,0.4385365562968579,0.46106126575304834,0.4980317134979633,0.51012853440857,0.47972436441778704,0.40253060321734097,0.4530427595203107,0.5543261960030544,0.47151978049889204,0.42271952278734526,0.48599079939130013,0.4713911322927849,0.43544206599566715,0.47300838876460577,0.5750895415641836,0.473394034873409,0.4801595335390247,0.45094013043043957,0.42718029315409306,0.5610189322176603,0.4824096888999166,0.4351574268116491,0.4613208013798412,0.4352045835017867,0.5375636807661363,0.4308299499704881,0.4952455615506564,0.5287570489090103,0.4604330523392551,0.4568400908636067,0.4917126747004722,0.4532000468763209,0.4208753998973468,0.45468247664459877,0.5083374727701921,0.4326907890155497,0.5132329217722279,0.46326373436673657,0.5742320488527746,0.4606428419086922,0.5201351508518354,0.444942841934751,0.43431183586885624,0.6105074714525791,0.4018928947315334,0.4918881305195422,0.41247609086756104,0.39584705640226137,0.47666241596982634,0.5166021086026779,0.4977966512628167,0.4534524045774544,0.5237051653738304,0.48080743864834463,0.42849176867609146,0.4876766829095664,0.5083367487734708,0.5826676017494979,0.4969271101652689,0.4853132752653188,0.5069048620080739,0.4517525886776077,0.505622525855651,0.5747029246689446,0.4279820855654568,0.5291397159667249,0.5624628301416867,0.4546309046416511,0.5251177623487179,0.5853924107030516,0.41881388762939586,0.5057530961576827,0.5096049004905515,0.43305623798636295,0.45869123314239807,0.43175465911868405,0.4705935056987412,0.4490197146942647,0.5685630845571555,0.48108605437945146,0.5591523704627773,0.38709973617874727,0.5018909638169994,0.45904892786412094,0.4727005245060252,0.409230599585744,0.4409906196960585,0.44772965995812,0.4981091300838142,0.47833054636091027,0.5646503109346366,0.45613910739037666,0.5663035699255147,0.5127337826393721,0.4147983443181036,0.5539289600593643,0.4870488255419533,0.45409502500613486,0.507820218942495,0.5389543222261846,0.4045636379836178,0.5666639615099376,0.46113757109199033,0.4133623993202119,0.44054928335511767,0.5178626698246465,0.5221386383805346,0.4311437019408287,0.5446510879848011,0.42031447579265924,0.48602463824146697,0.5353616209133539,0.4400559919132496,0.5444132633212138,0.5539885136280879,0.4859346381074073,0.4634618175932131,0.46918077433747873,0.40987696301843635,0.5098796365836549,0.41568666767109735,0.44313330605677864,0.427379151365372,0.48736954641030633,0.5394770775870701,0.4686264028903991,0.4395777909611463,0.5460376890018548,0.4506480925490729,0.4586928063269754,0.5008150125452331,0.5355799907917499,0.39103561886085486,0.45506409986620516,0.48765190074143633,0.42930592822329405,0.4328762231352446,0.5236664111928419,0.5047147194522772,0.44407021459562246,0.5881956120138748,0.43628132150840615,0.4563956734303928,0.4927189962841408,0.5071436518249003,0.4327075285407973,0.45305198666244867
0.5334136163182482,0.5083507761101309,0.4458475378217526,0.5747190423308157,0.5456335606629632,0.4316077832880966,0.0,0.5095116437851256,0.49564795432839087,0.4578181156620168,0.5269004519455707,0.5316045669504849,0.48808644645038934,0.4407591180478466,0.6035204257239828,0.5057897162711498,0.5225032621532257,0.5969236363263649,0.5531402187707167,0.4915065150713164,0.5480376565063275,0.5315785669596907,0.618008359158293,0.5671469992993028,0.5374256192815381,0.48750143719078015,0.5468644760114826,0.5054439697982119,0.4114383469349029,0.5487025079618507,0.5443193152580422,0.5117862885204899,0.5566536511545347,0.4884702276211499,0.4773997065167553,0.43909717606559767,0.5190135856765717,0.48460245641157446,0.5290924418436929,0.6074833743400655,0.49944312269440955,0.5184289173295802,0.5566984027223054,0.512136579575119,0.5311948803914743,0.570252684886025,0.48891991657091044,0.4349970083977221,0.6843547339036103,0.505199242232725,0.612400329343384,0.4851797345651412,0.4999695285446879,0.551470034850235,0.5014265630642937,0.44082994666495523,0.5621338188382076,0.5350295487454284,0.5721419914305085,0.4929838720927876,0.45997348371732577,0.38139275322485694,0.48913215347769123,0.41077675294352234,0.5005772431351224,0.4878944557837116,0.5005623844520175,0.5129453678188629,0.518105975553668,0.549851023382718,0.5163462912631273,0.4714825843825993,0.43630859820045603,0.5921165262034199,0.4833153167660745,0.5094550783869303,0.5747580483852299,0.588716615914784,0.485192940785447,0.3986879863966165,0.4385561017327922,0.5365889927346735,0.560905215917977,0.41285981518776277,0.476188349353154,0.4952010787713484,0.45869459360004255,0.5561258348789305,0.5095914302233556,0.4545783398229863,0.5687333305470873,0.5194236857521797,0.5435193350208237,0.49700018614971797,0.5044894617530333,0.48902226873021437,0.4360519544190003,0.46185841962492896,0.3846296496277709,0.4991399996502354,0.44306239517657336,0.5401124978493772,0.500076248413303,0.47151129767773337,0.467743853712127,0.49562888704232866,0.4816152926939251,0.48581099913785303,0.5795791748184246,0.46579312547368046,0.6100740947403073,0.48070635206609175,0.42459217172485847,0.48432525236046126,0.4707680163892424,0.501249829864375,0.5069978918255726,0.5110090517866679,0.4369645037896225,0.4100174949552734,0.49661680730974056,0.462408819748904,0.41011637028125153,0.6331035609080564,0.4098379701175704,0.5012758254090738,0.4091953444137129,0.48712048616269676,0.4276442559400486,0.5226477290631375,0.4482707929105394,0.4621683179299677,0.42578963768114075,0.45254039467615087,0.45671291434698363,0.44347904487773526,0.4844874215696643,0.5375951156221163,0.5283435734943244,0.5836350798913885,0.4978043845671207,0.4365498288226556,0.5830391528550317,0.4642376573234624,0.5095358858507842,0.5346308756774152,0.5069747717509534,0.5250645421721938,0.471351124025537,0.31917622774286797,0.527952684703635,0.5325637792032789,0.5946470489729012,0.5014748513298473,0.5427403195736669,0.5264156489486582,0.4539625867260866,0.5249922485083454,0.4968618175181347,0.48984226299049904,0.4697991501812407,0.4720365265283042,0.46114772103233714,0.5355952246471958
0.5091658019510372,0.6340912815267461,0.544211054829149,0.5603714281961161,0.44751887908119903,0.5525300995019079,0.5095116437851256,0.0,0.5332073124413012,0.5564730104336559,0.5073832900594272,0.5750909940619812,0.5659139240877533,0.49053170277905983,0.47514239152783183,0.6142870188183396,0.617409681086266,0.5389849679237317,0.5322074435528811,0.5312723715691833,0.5940886716341351,0.5296100872838034,0.5127243027942118,0.4890679271322372,0.6011470545434345,0.5144698039618345,0.5654740665173129,0.5367891062085686,0.45210298121051135,0.5271039903320704,0.5508315901858174,0.5832399623467015,0.5719038462278493,0.5265399223046585,0.4738978832653842,0.49172418833339276,0.5273846739960162,0.5717724609862196,0.49453233960502274,0.5541100410318734,0.5368509279105317,0.6017393509738502,0.5123786719005329,0.4877259395045236,0.6649403970762725,0.6031060833451523,0.5467400230159776,0.4337077794743726,0.526093733697188,0.5056382555117626,0.5378836530679189,0.54721332139599,0.5137278477961286,0.5670343608109893,0.4938009439491541,0.5634760131862085,0.5368290661767892,0.6504930411691188,0.5300736033488788,0.5234806389521922,0.5530836818734844,0.43312558301425613,0.5377125499233846,0.4622599024355448,0.45384408444284713,0.5208651289514713,0.5358659293142591,0.5100124686787839,0.574661402242282,0.6412461302555855,0.5223947314071031,0.4799461112202422,0.4820413945064396,0.6073442761232739,0.678301863431592,0.5086966728116757,0.5352231949989945,0.5832407227042028,0.5606766739045969,0.42236947872861547,0.5343978373543457,0.515381511498783,0.5998980885778529,0.5353112551166647,0.5235609501008666,0.6631207972478288,0.5343586471653702,0.5073503857146111,0.6225010224528124,0.5436962586639883,0.5283858133302723,0.5581615889604545,0.5004331694147764,0.4818383971066634,0.5162295096897545,0.5646030506926772,0.5258329099062388,0.6532122340734599,0.41241990445027543,0.5806512475799732,0.4560924254441341,0.5751152077844164,0.4972305320062432,0.5412256609939601,0.519162779944871,0.6184441266111897,0.5807590573543251,0.6640904616245047,0.5944651310411382,0.49877563071833,0.5388048737231159,0.4900498108596766,0.4776621805326748,0.6084632144812451,0.5113649972437647,0.5825879151781347,0.5987962605345017,0.44805708488874785,0.5123899498416491,0.49694185354145126,0.4618908031923728,0.5480272316088532,0.46399056231292235,0.5815012437347803,0.41714497854504506,0.5577694475683983,0.47077527440216055,0.5563509950217717,0.5474885455158166,0.5313228927529633,0.6577675796186949,0.5904921550002217,0.46117810947144977,0.4857250386427936,0.4706296339069678,0.4220418638472504,0.5243919591112666,0.4851014447608911,0.5568049798756814,0.553383105407106,0.5138967278258386,0.5187797248586179,0.5930612594251908,0.522729358355181,0.5617977771756288,0.5386198916689557,0.5382843336998957,0.6268383529274749,0.605690252865711,0.3901487289631087,0.4926893377021374,0.5625560611625955,0.5370886799949198,0.5631870046395381,0.6711600353695473,0.5438478403357766,0.42175427936616655,0.6275128064675528,0.447490782677208,0.4667179885866825,0.5668095504204254,0.5026083937718254,0.5363994978762977,0.47818916032454944
0.5866966261075218,0.5116486609726301,0.4134516257873795,0.4703777354862068,0.472604267062058,0.45157520522078176,0.49564795432839087,0.5332073124413012,0.0,0.4073539628228871,0.4486747154980625,0.4651622703788661,0.4730836179538433,0.46789661033684987,0.5135725372798559,0.45942787908720245,0.4667319860603298,0.5448383205060594,0.46237966233608835,0.545550582922682,0.5019196340079535,0.4964284589799811,0.45281621244908343,0.4821585027928652,0.4954133347123656,0.4756426867735713,0.4631757060976805,0.4348916933773259,0.36964027225561585,0.5050645832892995,0.6049811142296064,0.4641849785645784,0.49993010626160617,0.44781154619014185,0.5303979758297028,0.4382433342179065,0.5134472327914833,0.5268122549767423,0.47172699968033543,0.4848387993599862,0.47772487501140537,0.5672188000120446,0.49212095897557107,0.4947096814940449,0.5307154197118975,0.5244175649016659,0.5201102335500538,0.41482597506089086,0.49231238311412595,0.5014236320687601,0.5020135864594771,0.5066124059671692,0.4969566784680563,0.46995217708290266,0.41780384921338165,0.5587031024708452,0.529084004379773,0.49373136626606523,0.4826261423443339,0.47120460542885234,0.4474088862736722,0.4106385923434737,0.4864154355771919,0.43602261035919454,0.5156425370795507,0.4938996128393069,0.5109240261149057,0.535960786827166,0.47954735118953196,0.5421028909433461,0.5998296796425275,0.4981742776636257,0.47355852699442536,0.4908284173543876,0.49018091450756224,0.509990671923183,0.4454709521206929,0.48768080794183805,0.5097648960760762,0.4066102089114859,0.4620240552503593,0.6217015065089558,0.5762482314074875,0.44669574070060386,0.4897649956741662,0.5985961517638615,0.5075251465283215,0.5104224749190776,0.49741915127782704,0.604840099613181,0.5234199180533333,0.5890006785853126,0.450611930246541,0.485922711248201,0.5205542058297701,0.5056360323655847,0.4952297853297601,0.5232214924660192,0.4395711538799219,0.48928688023687433,0.45893835187325016,0.4567508008478128,0.4765150247195239,0.4426324162971091,0.5089397251602464,0.5061675896242741,0.4413218423226726,0.4853134470708493,0.5008551613855826,0.4557180016490848,0.4807831643946561,0.5066682323869334,0.45398296577172276,0.4933247578354301,0.48114546760589993,0.513681264886234,0.5072251769982313,0.40971261388622815,0.4064868803322579,0.47069490985853313,0.5130775756749845,0.48404075813091146,0.46398376703610295,0.5447545315028853,0.4934092998412207,0.43717151835328705,0.43209973061832735,0.48299247370559756,0.4123923306379511,0.5251234487429304,0.5504373695660383,0.4820708820474397,0.4496773345039271,0.5615431682184584,0.4652827650162008,0.48027457045726357,0.5206185555990532,0.5133925571822405,0.4650100858763293,0.5296524583328398,0.4720455501814339,0.45868565629203,0.5805963419421595,0.4826950936793059,0.5175752924169196,0.5679486868926616,0.6381730770813984,0.46391641227098773,0.4665980529911708,0.34011504231421524,0.5521688920788521,0.494546372336439,0.4966887765359696,0.4587799013678557,0.5060691912328359,0.5715790851813602,0.40973106945506105,0.4957941391789519,0.4645020603123464,0.4294728355694312,0.45157116957393584,0.5450792415282071,0.4974811281542441,0.5508780786751769
0.41724708839806535,0.5599768275504731,0.6287966604631039,0.46139445214671215,0.39629412306618483,0.506398978387181,0.4578181156620168,0.5564730104336559,0.4073539628228871,0.0,0.5024505345993464,0.5572880291112569,0.49276550370514466,0.40080563603518876,0.4262216971311769,0.5415204565293719,0.49974390534559016,0.4410485670210819,0.49307506490225367,0.44081692975412445,0.5002471200462459,0.5211535627761957,0.44370499547618786,0.4523253913223659,0.586873078657099,0.40786059820137494,0.45778837635765024,0.46591959038254344,0.5197809093121716,0.44132331161779353,0.453287960321257,0.5203868882126789,0.46146943371596266,0.43354572697567223,0.3953410923491957,0.4151867824373837,0.46755950278519043,0.4367024062000532,0.45205835369595543,0.4561894657697642,0.43453200756735405,0.4892570723359554,0.4464480969583055,0.43363347957233905,0.4996266808061663,0.44866456891825257,0.429683684109852,0.43774425738112344,0.47130960774225417,0.4073909936198662,0.44041392772218463,0.41826776829546153,0.4082589150287704,0.5187079380393821,0.4850304256539389,0.43827942129440217,0.4250326511145186,0.5184966718358914,0.47610244897672205,0.4086599456155222,0.5068437146021322,0.35053663158007076,0.4338230372441904,0.39257209851290265,0.38222860008147025,0.4220371007743842,0.4400750489511406,0.448035676527344,0.4963606138826955,0.5233832812883086,0.41582110238186615,0.3887553542542236,0.3957674852966885,0.500887664209251,0.5147903143030593,0.4211197428378499,0.4776140151785419,0.48988212542175585,0.4161915442652469,0.3726327327875765,0.46442812516795695,0.4038417735887008,0.4995735441977045,0.4382911269221737,0.4051300184739827,0.4606208662787374,0.45376271358031484,0.4137992350847018,0.46349533460154985,0.41776464971860244,0.4140234681441685,0.42398758837007744,0.4473372799296279,0.3984196625308061,0.4092382722390818,0.5451620355909533,0.4241128972059724,0.48112629770549775,0.3362382186316768,0.4370524985025295,0.3944869897004629,0.5242664735752164,0.40319604834298645,0.5549881398854024,0.39953562067424964,0.4486071469910374,0.47627845784896566,0.5465576943531023,0.46296749832148437,0.49928799523378636,0.4881771840733483,0.3847276047121172,0.41145037352194386,0.46171303845117784,0.39320560747973526,0.42990668054322756,0.4669714780448104,0.48625910092517055,0.5052139914839325,0.38070855685447264,0.37621814356133115,0.412457740869678,0.3880258481669382,0.4719056172903394,0.3565960921610762,0.586821164803698,0.3707014826583152,0.4516233822523643,0.50815483797731,0.4327148936313208,0.47893349015896275,0.4781985291671874,0.38665072711787873,0.378477460950114,0.45391826490639897,0.37512244857896215,0.45380785997007617,0.3984724602223088,0.5080742255413488,0.4521341058067477,0.47266790135266495,0.442194140042408,0.4413182019036415,0.4328682732193744,0.4765241207298157,0.42014499281479545,0.4283350841738214,0.535563710514178,0.6250384070144129,0.3450595355306445,0.40505492932232806,0.4826919151989259,0.4572690106616575,0.5137743368393155,0.555292912067711,0.4620194190025186,0.4075733612240389,0.5186086469792727,0.3926187915054798,0.397021427803037,0.4987423298869412,0.4057030851469107,0.4238204252460341,0.3985196284788062
0.554660386873046,0.5623421149667646,0.5071869120822756,0.5209047242940467,0.45753689771862965,0.5242864925069977,0.5269004519455707,0.5073832900594272,0.4486747154980625,0.5024505345993464,0.0,0.5270413773099669,0.5873889428634587,0.4615919213699286,0.4992468049239809,0.5969403039206104,0.5572799662672339,0.5273964109737049,0.5577497392664323,0.5758233008022596,0.5802819169293536,0.591088860910145,0.46567929123477114,0.6060434943865151,0.6301794779525739,0.4947038487184203,0.45098665232860513,0.531792243554731,0.5081947809682489,0.44655578058115647,0.5226009633874118,0.5608145693539225,0.5103789469267522,0.4845164876016026,0.5089333687461223,0.43611451629133074,0.6455620850198661,0.5063072522928749,0.5422319832725914,0.545613167446896,0.47494166337839566,0.505601805962935,0.5317813193976534,0.6197267098846865,0.5425578073411632,0.49093530677304364,0.4306768393758668,0.6449719974579013,0.6021692775408812,0.46648721164945417,0.5266951643123019,0.49258589205514836,0.45912893617460027,0.6262012251271278,0.5651238774601901,0.44698471758792524,0.5383834477062929,0.5166746392426287,0.5507217062082631,0.44538180190582494,0.6032636472930695,0.36700729573857915,0.5200397701095564,0.4239263042822093,0.46317847984660176,0.5169321090269423,0.5425600325698141,0.5331391630880975,0.5141995749132471,0.5791116711014989,0.5193846332823396,0.472095198855716,0.4799832319155691,0.5751606713044728,0.5369633148594085,0.5277546411558729,0.5648089462658988,0.5395555580550091,0.4759421777426413,0.47098981535077883,0.5205221548768101,0.4644886280238195,0.5296781512697788,0.4953744047650033,0.4650766934108832,0.502324879706242,0.567191588242853,0.4695259976098568,0.47598005543467276,0.44991500446340144,0.4720577467039033,0.4479373503913391,0.5112635145878237,0.5309899614784835,0.4836306340524061,0.5629389758109952,0.4731774571248915,0.474685654102426,0.37640056572601477,0.4703636988719484,0.5034884746130277,0.5431232509961529,0.43928023063587773,0.47207347169008174,0.45489392167944864,0.47231914916283535,0.48197750289832214,0.5312224976489704,0.4955331331883175,0.6169773341000685,0.6668893519616527,0.448763692447135,0.5005032845110537,0.47729627244112105,0.4674157155398362,0.4729887704250498,0.5290988773612223,0.5362692482333583,0.5549809340719544,0.40400956604283855,0.47522193896750253,0.42653422566865196,0.4899424904737655,0.5958918528873006,0.4638079883390392,0.6173480192408777,0.3833421780715805,0.46552460468899187,0.5013539514223514,0.508729916653239,0.43774835249932964,0.5090480291652981,0.49294272686797547,0.4668275831984966,0.6179953428376986,0.4930070678140463,0.5411624182550044,0.49206384521378865,0.5594779179227484,0.49494605884420356,0.5817079070884046,0.4920661293518852,0.48611206313783567,0.4568465475836859,0.6362342926535083,0.4659483409444145,0.4698275492882213,0.5028230617676068,0.5516003046165934,0.34177191202298307,0.5526240661511475,0.5478694537115505,0.5349554830405107,0.43541707347125147,0.551903906157407,0.5889926620238777,0.5417678656123203,0.5359562371429386,0.5353298590575929,0.48106345129802736,0.49799575103745486,0.5225286536308341,0.4337218857413869,0.5532829394220498
0.4646043387357272,0.6006598115062545,0.5257852061646576,0.4806924228506004,0.4777517162968791,0.4948896938140888,0.5316045669504849,0.5750909940619812,0.4651622703788661,0.5572880291112569,0.5270413773099669,0.0,0.47926516816449505,0.4187624868364839,0.4934803972229781,0.5758283391470945,0.5280410457871351,0.4713947678185389,0.6014895027545502,0.49418428186878,0.5407931021975256,0.5338376278902214,0.5126694700257769,0.5041607509315659,0.5869603576442691,0.4337521152826081,0.4944010391511781,0.4829801778983114,0.49760778471377426,0.5640935766781117,0.5697182388616602,0.5593124259854277,0.5144404900906351,0.5031891388653004,0.4539377212354281,0.4713801336719623,0.4885984960870435,0.48275839173591056,0.5702385011780038,0.48225221510424976,0.4947048523661168,0.5025172225776657,0.507741349663024,0.4944353797739493,0.5548507876557205,0.4971833361976561,0.4937438563023717,0.45197853206648814,0.5400386193783676,0.4726935473699486,0.49894534900141263,0.4575451837257821,0.44872873324683316,0.5615792269011193,0.5444547015705125,0.45072703266654396,0.4868870076932028,0.6284236427866291,0.4781791333495539,0.472808892982815,0.4691523843665943,0.37960135335985923,0.4618686754313082,0.4297709217805426,0.4190635702204027,0.4338698100785767,0.43662566895668836,0.4495261148381269,0.4885892701358427,0.5225282937952873,0.45101587737565463,0.433502010956098,0.4011382010716565,0.5131515939687044,0.5198783330974487,0.4580440568913613,0.49699323031042053,0.5645699359521572,0.45965483451960426,0.38216286766647684,0.44096399465538033,0.4514086776351066,0.5565625208962068,0.43248069962779373,0.43736208019017037,0.5074178228408688,0.4549872898045751,0.4593816192671177,0.4980149583451245,0.44945458319545706,0.4760686418113573,0.5004588008823775,0.5401076410306422,0.440931074912194,0.4292802015177143,0.571349973254176,0.44981393191240604,0.5119566765857869,0.3753162897085833,0.4581896659178126,0.4333843547548436,0.5327356304629162,0.43614459515251497,0.5613401459977262,0.4447484871479793,0.4873761762775713,0.4881976141608782,0.5290286648338219,0.5103615657860465,0.49068265630342894,0.5598995553715053,0.43251085467514855,0.4008945093327021,0.4751899710895185,0.4344104145186412,0.4687141022742232,0.5018891943720285,0.5445653751301355,0.4640328882954778,0.40257273734610405,0.4398871596600745,0.4366258138255561,0.4068101903874074,0.5351473347228919,0.38303004278722885,0.6219051862234211,0.3920919134696911,0.5457341573929049,0.5117513724993301,0.4628249308608658,0.5012105347745228,0.47903309304417796,0.39869102419966046,0.4254704644916801,0.4716807897404997,0.40639987404051403,0.5375601374844201,0.4613163894531535,0.5217027076573855,0.5404112672129127,0.46311021166347255,0.47595525843763115,0.4957020852506474,0.46212035325694784,0.5136729723226924,0.47742379744188834,0.5129386519460272,0.5204296908107545,0.6063665748880485,0.3628287964856409,0.4611965383846251,0.5195642888239377,0.5462921815068688,0.5218635743971135,0.5862974014297438,0.4746514260404904,0.41094002549325515,0.5270007237612482,0.4168844237462919,0.42542185134202265,0.44449609295466636,0.4435526262172013,0.4301504259906483,0.44611192052112836
