0,1,2,3,4,5,6,7,8,9,10,11,12,13,14,15,16,17,18,19,20,21,22,23,24,25,26,27,28,29,30,31,32,33,34,35,36,37,38,39,40,41,42,43,44,45,46,47,48,49,50,51,52,53,54,55,56,57,58,59,60,61,62,63,64,65,66,67,68,69,70,71,72,73,74,75,76,77,78,79,80,81,82,83,84,85,86,87,88,89,90,91,92,93,94,95,96,97,98,99,100,101,102,103,104,105,106,107,108,109,110,111,112,113,114,115,116,117,118,119,120,121,122,123,124,125,126,127,128,129,130,131,132,133,134,135,136,137,138,139,140,141,142,143,144,145,146,147,148,149,150,151,152,153,154,155,156,157,158,159,160,161,162,163
0.0,0.7627181062792123,0.7355611696458748,0.8013892395801879,0.815564455814455,0.7965642669834904,0.8761457486570376,0.779548626931588,0.8694581416054603,0.6587863976920381,0.8004424504764355,0.790748139833667,0.8533745494467124,0.7752305565653248,0.903224901474666,0.7764822135217607,0.8120491433758711,0.9665758171157303,0.7910995086772981,0.8394326935178089,0.8245771726218544,0.8105162320742645,0.8656769717343398,0.8719241239111793,0.7698478870657668,0.8171205687349726,0.7811295326309132,0.8014444909000288,0.6502287265293325,0.8603315308642848,0.8328851778908206,0.7785364629934677,0.8382462713739002,0.8465183256889015,0.8521419835513366,0.7526124688455944,0.8792903200739299,0.8325119246229542,0.7725725021872646,0.8944725504535884,0.8188950486886478,0.8702958931070741,0.8427935317571276,0.8264501427670908,0.8297352392904209,0.9212276906846545,0.8318009508356519,0.7716508133846209,0.8655651290519556,0.8663612368901656,0.8851111163049653,0.8574292931674076,0.7887641901207411,0.7760592292353004,0.7179697482515783,0.8356034828081776,0.9073606320450744,0.8275238307274159,0.7259280147272594,0.8862802733150196,0.7327533837133064,0.7967134857137766,0.8419229388706579,0.6624155786499161,0.8410808673543577,0.8226167288136679,0.8583498879362567,0.8614903927340504,0.7506466845557123,0.8159190541584433,0.9174832158021994,0.7706066506174295,0.7738395740104029,0.8604197159647894,0.7777001087722396,0.8717822469316823,0.7939998267044482,0.7814602648845173,0.8690079609670565,0.6896041773406145,0.7601005568231506,0.9149071309082197,0.8439130834600927,0.7569547526973149,0.8624193875978613,0.9113507121382962,0.7941992259852836,0.8272891124200834,0.8269505410934562,0.8497385617388629,0.9030504995620848,0.8436041826172762,0.7821821294346881,0.8589991132525081,0.8600132815743396,0.7641561433423782,0.7026669950506826,0.7825489821337813,0.7514472150007581,0.8627796855774865,0.7328496797927274,0.7296061109822103,0.7705098781495227,0.6956942580793984,0.8461510705221446,0.8608928670178173,0.7497754567813907,0.7775616610430416,0.871424062655969,0.8014112452925928,0.8364346080075687,0.8837326811159701,0.8624772447974739,0.7195420947291408,0.8885535569554722,0.8898036196526949,0.8157155881670065,0.7133036410818704,0.7263694616154575,0.7723425957094857,0.8195793880423623,0.7531558226103569,0.8809345984679469,0.879964200400529,0.7711703842843454,0.7299376541881838,0.7845319900901114,0.8334885048852351,0.6913683016315809,0.8328158039914565,0.7746638646630283,0.7781547348585915,0.735226215251533,0.8632759040904564,0.7481903617873694,0.7810588835017522,0.8397082238734777,0.9133685440214132,0.7489884492371601,0.8517852391967982,0.7134707801027503,0.7363462299188795,0.897801643228906,0.7216391604791844,0.7868454591164222,0.9118051245585101,0.9040004989799008,0.7472461415361852,0.6979960296529126,0.6266879368668586,0.8824008419740371,0.709921816513379,0.8172190906654335,0.7774632510388949,0.8011667378965242,0.8789587754821067,0.8867131133908568,0.8330287231958133,0.7650986706997818,0.8026789752508884,0.6966087753491956,0.8657648885394851,0.8295933077336383,0.9189494927793823
0.7627181062792123,0.0,0.9275709584431874,0.7815598426359616,0.7364793236124729,0.9221026622290238,0.8510625707759986,0.86576477761493,0.7270365908943373,0.9393670601345776,0.8973386027299836,0.966463339191179,0.8718950328129603,0.8169278288818679,0.8829501495452736,0.8587449092849375,0.8616301615516457,0.793177477496743,0.9379069742978153,0.8754530073955553,0.8719206594604645,0.9493602404672784,0.8540309595900148,0.8635605788399479,0.9598975523039934,0.6426998973180775,0.8207368994389541,0.8485108945104816,0.9147151088037705,0.7993909288461969,0.9015976419645629,0.9193780920953177,0.8646829486785911,0.8506547954295696,0.8233681142765579,0.9136139039907347,0.8360413195176839,0.8530696932532822,0.9026259986388911,0.8198918795132332,0.8911912773351716,0.8673706929527448,0.8043567866090737,0.8355065295615578,0.8979942554426206,0.776721026424418,0.772047809711081,0.8614321745067305,0.9008781519029387,0.8138124358995442,0.7805494190484208,0.7114152692389569,0.7792908945905855,0.9195854530238099,0.8991847376794457,0.8121750629882026,0.7584346882008288,0.879027501760822,0.8748441030070175,0.8469415653434839,0.8593822258165015,0.6737233364577866,0.7412398592235331,0.8312676920426968,0.6876908171453611,0.6889595106140947,0.771310146784288,0.753175157472405,0.8418729624219304,0.829639739067832,0.7181837526469825,0.7301424829184971,0.6460881958217426,0.8497684679449106,0.911218013344415,0.7713822208500299,0.779089860103846,0.7947700450266312,0.7031723500513941,0.6050916983976132,0.843509024319139,0.7139329829871015,0.8448928823864387,0.8424335115860293,0.6848951921119069,0.88806624459547,0.7689115741316311,0.7175063856776984,0.8271054926106212,0.7599993706242422,0.7101643774248598,0.8451314689527863,0.8927226667823431,0.7071614504187079,0.7012400532470708,0.9371989814248936,0.7874926233553098,0.9057704925858471,0.6315865302313465,0.7678838442377973,0.834920779306955,0.7985925361329855,0.6665008294772837,0.9173295679482495,0.7378112834725465,0.7489536201579334,0.8412176138612809,0.933141176225404,0.8634799087424085,0.9406190904856139,0.8836772739721207,0.6732805313269461,0.7689647393248696,0.8293570295298692,0.6776498757504718,0.7206178166684565,0.8856482032241375,0.9080363364490147,0.8817572369550188,0.6574640958566534,0.6700609679900001,0.6535014236167248,0.7681794903555063,0.8032897991706981,0.6651308063385638,0.9328774264566597,0.6549884437463092,0.8577539215716231,0.9332808408634565,0.8239300794948322,0.8778227876164794,0.8088197570058091,0.6071399592162507,0.6908587451377017,0.9135010812502692,0.7575194829871494,0.8665361897119536,0.7917708011560102,0.9190657390363264,0.8879764029530797,0.8202874871330992,0.9023735644641926,0.8249288403993988,0.8793933537757858,0.8932160567650065,0.7336698537495766,0.8464882364364755,0.8833881154539756,0.9510025934493459,0.8547716784018569,0.7168075432244415,0.9055270268795151,0.8820578713718519,0.9135588199468491,0.9371800316367661,0.8407562614984951,0.8493013597372211,0.8267282231950954,0.7145279845360644,0.6422950320985515,0.8930626179276904,0.7629340591947646,0.9594073626620438,0.6927671874558146
0.7355611696458748,0.9275709584431874,0.0,0.7449790866560275,0.8118775796225922,0.9534626882861238,0.8283855539960581,0.843233430349326,0.6508434868801529,0.911796693759812,0.9570600215248731,0.9556199897131584,0.9225764082213902,0.7559178919145926,0.8537390075296106,0.964133635283024,0.9313393099096225,0.7681524524088492,0.8903602879462337,0.8206645208052669,0.9329879039148592,0.9665241470494504,0.7948710041277726,0.879247098496273,0.9152570206450648,0.7202961713498666,0.7616173319555166,0.7959780856082326,0.9245885401557974,0.8377140375138316,0.8266192645869941,0.9639768227167608,0.8283131354778799,0.8003043196353007,0.7281636192588259,0.8990590307018692,0.8806815277921933,0.8799876466262017,0.9259929883367293,0.8357552926895936,0.8881451523059715,0.8539465825243538,0.8808582575230067,0.8708491037992624,0.8632125038518448,0.7987351096302708,0.8232099963604502,0.9455656698238727,0.8817402453348079,0.8428207840930284,0.830739382200264,0.7475110648889182,0.735588610241806,0.924127095382273,0.9263927064937992,0.7626624574992564,0.7796076132763748,0.9408862414275093,0.8118087208894929,0.8322524215718706,0.864834013380041,0.7474033482429099,0.8166797521868312,0.7952391203361246,0.6686259020258245,0.717358925767754,0.7426033352914915,0.8230294505694882,0.8713750740434131,0.8301125816933643,0.761709976588801,0.682221813976415,0.6222294833174002,0.9048366378151621,0.9211776375714232,0.7102263718601673,0.8794942974130143,0.8813106990848021,0.7236684714755116,0.6868023817446881,0.928434131359795,0.6728111459721975,0.8787321845989692,0.8779492591554577,0.7021357382546145,0.8502995655747394,0.7822443016414138,0.6971853504781944,0.7746489768039575,0.7079051830355677,0.7574912823501408,0.7321509732234316,0.9382084887487024,0.6947422384904393,0.68199622798283,0.9160383751740002,0.7733744205296035,0.8159793678576086,0.5914393213781489,0.7139982376907967,0.7975685443598534,0.8651540416602361,0.6376891709968707,0.8551435736685195,0.7138287537679278,0.8230529172607524,0.9150064648060905,0.8894352636291701,0.8962987975483836,0.9565624034673406,0.8955873722756317,0.6855737210530426,0.7709992374025908,0.8176700669076079,0.6928609165070778,0.7330597359855642,0.8044568630475504,0.9296280259388091,0.9221277788486091,0.6071454537816448,0.728765483218441,0.671816381314671,0.7525904068923213,0.8488184544788911,0.5964087903301263,0.9565351550593029,0.6681371044315636,0.9158799976006946,0.9300543027610625,0.8490541837842591,0.8071366849515536,0.9212069113343995,0.6227138471795638,0.6413081675803927,0.8978211110678685,0.7855702963758869,0.8819122861194428,0.7754732547593464,0.880645952407745,0.8923197697570588,0.7631000179665183,0.9597783068935328,0.7432345260499317,0.8552201491796214,0.9484223114571138,0.7033516371408153,0.8578952087430917,0.9592935639030324,0.9226257943964499,0.8919208491192172,0.6737950474836074,0.8476303567163713,0.8697824404763016,0.938199384773274,0.9298276955544583,0.8255046611426765,0.8588110136407794,0.8805464594697682,0.6378599607626596,0.7046733756810407,0.9051057168384544,0.6789814213878939,0.9024629511480584,0.7096362922706474
0.8013892395801879,0.7815598426359616,0.7449790866560275,0.0,0.7025415681846741,0.8384668479624623,0.8323160093960968,0.8006448789846405,0.6991818207755484,0.7077881873127312,0.8116348840931762,0.8120052312171303,0.7855182282208574,0.7538413803511003,0.8320394369902905,0.7307633843695089,0.780334912350601,0.7872695815007756,0.8580573295806205,0.729879385281294,0.805451745554342,0.7797652366515978,0.7878152502935132,0.7755515053282612,0.7946372198248669,0.7331827725785554,0.7365253615079164,0.8435277361438706,0.7078228933303801,0.7003945039924109,0.8021038566039681,0.7684674857100843,0.9524366273970788,0.8490526661455328,0.8179875083291778,0.8190010910342103,0.7856650539702129,0.7821674930837544,0.7717593726730384,0.8080735275660179,0.8678470727608569,0.7732149258520403,0.7626354276723053,0.8353459700462819,0.8030428760762093,0.7640917292450772,0.6853840707909331,0.7649577705122937,0.7948213579129241,0.7705171529700752,0.8473751336505007,0.8213696852433027,0.7653004485375534,0.8701189884093516,0.7888983835314234,0.7196796317014791,0.7809525059538224,0.8318228329088748,0.7421487853837485,0.795307508307249,0.8190964088527042,0.7092909515537392,0.8349683897275584,0.6579491608917273,0.7187021143214121,0.7472453841795099,0.8142394034702352,0.7175501615804938,0.7302530015197766,0.8231871554219234,0.7553194457200135,0.6785376792875684,0.8084974462190251,0.8370193984924867,0.8150370801254136,0.7407952464598007,0.7584259515846159,0.718052610419701,0.7942763132784378,0.6207016650720337,0.774530815005923,0.8295738448943897,0.7251859442467261,0.8072917444263513,0.8307315586855775,0.8124488653593681,0.8112288951621247,0.756344754061715,0.7883410096898168,0.6982048292332151,0.8041049894427114,0.864922729109562,0.7737970403828938,0.7596915395252318,0.8333758008460127,0.7933396565045391,0.7467361521552905,0.8453521789865227,0.6703093518365759,0.8639816439207179,0.7279907004648142,0.7444912082338891,0.8851136704327335,0.7861732378055173,0.845248802666626,0.714832192135618,0.7695336617759684,0.775147032572785,0.7779163631939692,0.7569568715080206,0.8831323275496883,0.7810913023257509,0.9249889018166068,0.7436074554462242,0.8269556786520478,0.7568099999941502,0.8406199713243935,0.6946831896107143,0.8414244694185888,0.7984156234359909,0.6537573113523036,0.827234194347032,0.7848299128201934,0.7895268792821648,0.6805187427119652,0.7790537536730789,0.7518546274219047,0.7467458515811896,0.7818502862402746,0.7260839324427538,0.695255645429822,0.7364782844210521,0.6740185808183726,0.8356184162674221,0.7576804592082589,0.6669054552654982,0.6958120744152292,0.7983472367910166,0.745623045738049,0.7799228191117833,0.866892183178944,0.7169476204359829,0.8472649935663793,0.7960358310362193,0.7624236245693826,0.7876268510464494,0.774376853762236,0.7271328700835097,0.7161024034664242,0.6542380056544915,0.8527200971724298,0.7952912204811495,0.7756454230929878,0.6951929211252288,0.8546459791649339,0.7782754432111361,0.7712951343022438,0.7864069012377692,0.876383652947498,0.7573129352804163,0.7506585225057101,0.8217736889110051,0.7990339655200925,0.7643426695978663
0.815564455814455,0.7364793236124729,0.8118775796225922,0.7025415681846741,0.0,0.8221752714267785,0.8778474279645392,0.6623266738780228,0.651536153476187,0.667896855931713,0.8529558460123142,0.7968869858919144,0.8216719083557277,0.662823554698993,0.8408147187661611,0.8688857117103637,0.8705215197325994,0.789282488141297,0.7355058093931265,0.7059458385345396,0.8906471405192358,0.8334469050859743,0.7619392228291261,0.9118666550803581,0.7258904596014512,0.8889185389286013,0.6395070705600958,0.6633900520082321,0.7189165111638067,0.8961540620561672,0.7125102270036804,0.7880333744365544,0.7768133537639897,0.7129643312680828,0.695353678495883,0.7301519447247184,0.8644259795326644,0.791007814191086,0.7988957774563835,0.8924950193090122,0.8436545265381714,0.8427112034685723,0.8666377567130445,0.9063879330981622,0.7033419502249069,0.8191290336100988,0.9380024371045987,0.8784426982394712,0.8295832572972239,0.8297916682369367,0.8922302606494035,0.8806636678328692,0.7164926973676973,0.7822724090735854,0.7466386660108818,0.7606093070366874,0.8403161216753339,0.8659282317751661,0.6542760649201373,0.7746896828730422,0.6630378329615,0.8049222221681468,0.8606552426258872,0.6368394734175749,0.7318628950141335,0.7122366650110892,0.6832259214685528,0.9217414513394102,0.7045379374227119,0.7008369436510112,0.8898908480965877,0.6651158945159082,0.6124897070194246,0.8453531255555136,0.7250573639721841,0.7097797112017177,0.8414559929793515,0.9584208274691348,0.7408967008096545,0.8932372296830036,0.8872781494612774,0.7225625183315237,0.9068665738595424,0.7109975019702525,0.7661062605281677,0.781425939773161,0.67372985364796,0.6646313489352018,0.6551375028612887,0.7078671478986012,0.926482667459724,0.6846698121081173,0.8532262560795342,0.748909629766022,0.7493618800018874,0.770330185353541,0.6234848376931055,0.684868856325545,0.6690143510268273,0.6652053415349364,0.6916871842568523,0.6992049503263472,0.6417535255306983,0.6695794973864916,0.6727658724523097,0.8820103854235648,0.75650874095019,0.7290461570250167,0.9001603719649978,0.8520061641709069,0.8517179366077888,0.7956882274453004,0.7407606347644103,0.6311061530604222,0.7789949587483892,0.8430543767939487,0.7084397058367633,0.7462032096311693,0.7873317662312186,0.6158981925150218,0.9417545246418854,0.6487057926921391,0.8078398412782792,0.9444613957903109,0.6572384503144372,0.7742075450166799,0.6954244099758534,0.8513132800789109,0.7087908967979408,0.8103360685886565,0.679501060497333,0.8704288187127625,0.6057401947442037,0.711979149209214,0.7165045494075634,0.8578010213486413,0.8631596473596947,0.8640425142426709,0.6854447607455817,0.8050408408739363,0.6431815305891949,0.8041615873625705,0.7251212858350342,0.6800864243669259,0.8610226637583558,0.7513013287515623,0.8995018194380469,0.8445957223110839,0.6934683768707638,0.6858722607473643,0.6782000192670596,0.7058745996006018,0.7641015371063679,0.8206389557542143,0.7944268900698439,0.7474199564966182,0.8333751499127575,0.897765772566886,0.6488159116176104,0.8369305780909326,0.7358430161936664,0.7205888275038074,0.7582261017319759,0.9037730071247477
0.7965642669834904,0.9221026622290238,0.9534626882861238,0.8384668479624623,0.8221752714267785,0.0,0.8811756167892602,0.8715529404110353,0.6991914180554903,0.8648150641981125,0.9459092753768706,0.9669409035547043,0.9341048242571729,0.7483421317613564,0.8859077074565767,0.9334823079899359,0.9318169759388047,0.7976390640393178,0.9190334284597209,0.8045382352431515,0.944113680549941,0.9425439093635205,0.8279924258660623,0.897034896436178,0.9164689343892279,0.7614641621634376,0.7712594464441556,0.8363586102902099,0.863727678701373,0.8656948745727269,0.8530527864850073,0.94207530640649,0.9092082627925521,0.8548863071765084,0.7581399306232519,0.8825259953586628,0.9061033523540272,0.8680456936725724,0.9012212464552792,0.8673744207917621,0.9206863593660799,0.9015312280879036,0.8727326726186896,0.9026370573257286,0.8732457898005618,0.8376209823586354,0.840001276590593,0.918134189095695,0.8827047072127052,0.8353752553392593,0.8804218353973501,0.8239934731595551,0.7607314481275188,0.9394654587369801,0.89399531625201,0.8254789039456869,0.81319623217969,0.976045333266047,0.7744981858156891,0.8502313175529024,0.8747768624910004,0.7725930484064595,0.8675679644307069,0.7265495279089089,0.6874616661502535,0.7443609249939825,0.7818795977902377,0.8465082633909844,0.8226170243903229,0.8667655658118223,0.8044682179589763,0.6653682688077892,0.6674719498196197,0.9308536750816361,0.9277619312020595,0.7552346867475382,0.8789413406644108,0.8853274506784278,0.7742525782597306,0.7145345685965666,0.9469433297738096,0.7432745197706646,0.9052635879661017,0.8867590772625186,0.7597047052527711,0.8949831411497353,0.8231631365251426,0.7126770391504951,0.8263369406464032,0.7610399739059412,0.8167992416374528,0.8051980704810813,0.9098663886830898,0.7379734217118501,0.7300731151273923,0.926863188031146,0.7704921701855509,0.871928888480697,0.6096617423361331,0.7909463159078793,0.7714258678990012,0.8452620113072941,0.7045642463440138,0.8585530217582912,0.7568325168207667,0.8479660970424466,0.8979758115191514,0.9026665818512785,0.906753857421913,0.9457217126615957,0.9410979764223962,0.7182514546880863,0.8553986927904629,0.8117121676430314,0.7565812239123271,0.80495492187791,0.8624881591814852,0.8553251107048389,0.9318151402375743,0.6828059525427413,0.7277824198501985,0.7414187406076277,0.7973357503259645,0.9023784868957676,0.6152750142552861,0.9366615649985885,0.7171053547556956,0.917254213569669,0.9009044256608705,0.8155983136796515,0.830497762346769,0.9147505644729685,0.647341192877953,0.7141048910787414,0.8570427162428648,0.7541681202941849,0.8756745210357572,0.8016178566442754,0.8338780555070954,0.8946786629846245,0.8036106868299328,0.9011511788236459,0.8088484247565105,0.8341657887392656,0.9168238494331938,0.7582971168637634,0.8970191651281758,0.943638710013223,0.8724633167729664,0.8201848061458499,0.735161103868766,0.8550091673724602,0.8540612114502888,0.8990448743675971,0.9679637857728282,0.8485943853636971,0.8801039350003891,0.9371976021150089,0.6971878078300091,0.7570160116055714,0.8837731055007503,0.7462001917798264,0.9230005267215478,0.7656020596546611
0.8761457486570376,0.8510625707759986,0.8283855539960581,0.8323160093960968,0.8778474279645392,0.8811756167892602,0.0,0.7524227388536319,0.7356098180918338,0.766881945926368,0.8701663851827544,0.8842742466683081,0.8617947839149573,0.7690857522543741,0.923978408051373,0.8351872982013963,0.859252669896755,0.8577135174698117,0.8362764503907186,0.7709282403066884,0.8794689060147532,0.8720228705439853,0.9099374700069309,0.922125008066979,0.8523352770536801,0.8016387663284911,0.7600453787423799,0.7787031936769715,0.7776756867910236,0.8744304076984367,0.8354442140948298,0.8445469263248427,0.9009255294404108,0.849967796779169,0.8245827581343469,0.809723782382451,0.899648194516732,0.8060239440048526,0.8227473481972337,0.9311233714640519,0.8939224893287159,0.9069507493691205,0.8427311040251295,0.921677530331773,0.8099505667685458,0.8394170331951527,0.893088099661513,0.8609738968650197,0.9351843439033017,0.8195330510279195,0.8892779573418106,0.8505837959549114,0.7560996683693513,0.8540161722900083,0.8078875235748848,0.8610256559451098,0.81899393251471,0.8829550327475685,0.7685601073879266,0.8284794295328488,0.7331900446154344,0.7437206958919871,0.8141486414386533,0.6940746356458449,0.7377244599252242,0.7099750444997818,0.7880250722983496,0.8786572713180011,0.7572753823661332,0.7809006614459115,0.8393583361573739,0.7273450160061021,0.6808277024675388,0.8733597149258133,0.778826080168779,0.8388574373245082,0.8132327930298999,0.9001343720856021,0.7516169482166543,0.7436295114646816,0.8578169827328463,0.7893713708051022,0.9059878334375463,0.7538461293980498,0.7742219850582003,0.856196276077575,0.7384531695945916,0.7541800957663236,0.7861514880824748,0.783241544005527,0.885007113497586,0.8677003501247699,0.8678477337880719,0.7623400857502057,0.7937951369886267,0.8761387040748145,0.6612388121565613,0.8442714988097344,0.7064392080430234,0.8055314081202096,0.7672057445661559,0.7247491355313317,0.7606245215443946,0.797187742263529,0.7378975903113743,0.8267636027864791,0.7654774850320518,0.8416956749846694,0.9268287129821308,0.8993727823811787,0.9266434285874828,0.7833338140620812,0.8349495195614387,0.7029620010993531,0.7862870997911282,0.8404602665640662,0.8509410378451787,0.7926415268447892,0.8463517024910925,0.7254701579273131,0.792929172333608,0.6963311863448135,0.8418446276544772,0.9314445013846162,0.7077385460938909,0.841418645969614,0.7148171879980163,0.8557373346662456,0.7904257055789762,0.8267136508392751,0.7809338296987076,0.7955560205680579,0.6170576992612529,0.7605075026558223,0.7704795337834082,0.7916364422652876,0.8728883747008144,0.9153871784442275,0.7778047630936357,0.8516310646118449,0.7739873594815506,0.8166837902297591,0.8547759741869723,0.7508328266543399,0.8725139462922819,0.8681937114643922,0.8980144160225484,0.8491473805823224,0.7806711309669073,0.6903810833742738,0.7619384392236708,0.813443828193438,0.7971726369025932,0.8647592244111961,0.8947629107473847,0.8185477677735119,0.8680733284283277,0.9113442005669367,0.7941229669065142,0.803104276292714,0.8215225687726815,0.8477791689987243,0.8766967595268735,0.8518755920757074
0.779548626931588,0.86576477761493,0.843233430349326,0.8006448789846405,0.6623266738780228,0.8715529404110353,0.7524227388536319,0.0,0.7867096019524319,0.8354896802366933,0.8464094038454533,0.884202758356188,0.8975253695382713,0.7780245173674041,0.8442452746535385,0.8224864329263988,0.7895984423173448,0.8060658845502156,0.8700714252081608,0.8574553137625338,0.798739957059343,0.8615389790250092,0.790565298013479,0.7704204509664271,0.8983735703731445,0.6697781301634577,0.8856872335097857,0.8626101232176588,0.7743203261326548,0.7700131843660235,0.9153690732435753,0.8778101382594341,0.842702106164875,0.8543148561789667,0.775324210180204,0.8561547074245079,0.8643939253875986,0.8710977150209094,0.8539764331440285,0.7508399001973187,0.7939195258336772,0.7901397917675023,0.8205168901878609,0.756576770849486,0.9624607656877829,0.8152277459015128,0.6924645725300497,0.7987673740732556,0.8155782361287914,0.7891356324342466,0.7716021487190994,0.6845454349676067,0.6949177592221623,0.8482645620493398,0.8418218427144991,0.7650617677200848,0.7524915475942513,0.8665093805940367,0.7796720503043927,0.8402730770157615,0.9427677593471494,0.7192013817117742,0.7698970100842912,0.7389963795049245,0.6666276788910991,0.7551329009148119,0.8683380474880538,0.7552749554142673,0.8629642840957701,0.9695392731995508,0.7458465495085895,0.6967387750453083,0.6912878742221792,0.8510056699534408,0.9194571183007382,0.759814041926014,0.8114402582563318,0.7134303250191045,0.8097960830862365,0.562229008468485,0.755664765821864,0.7577890929294946,0.7861507866749299,0.91600049015481,0.705526287561153,0.9057946358706912,0.9481745731960252,0.7908165254925956,0.9224530614195879,0.8008153989657995,0.7043445198000953,0.8056891163493324,0.7954148399801568,0.6955810841192522,0.6805939465827493,0.8683127150622786,0.841853274154857,0.8463440251724803,0.585934473975735,0.824959984122409,0.7997766869177411,0.9134519556918058,0.7153879395405917,0.8386596289227908,0.8189851672598544,0.7665232081998224,0.8484186579861303,0.8567992723937992,0.7870426930475203,0.8173718187740545,0.8065048852146628,0.6861449467646229,0.8253999291594559,0.9275142418401334,0.7234980616476571,0.7118627298505118,0.7995976753176499,0.8200575665923363,0.7802494898423379,0.7078644246310289,0.6228631727578101,0.8173379961271925,0.7047600214931645,0.759307754848994,0.6100348916319437,0.8582740255525804,0.6759186318526872,0.8747499411331728,0.8324317446794252,0.8110027655473581,0.8525658364077968,0.7937553444212957,0.7740540545168167,0.6995168843940033,0.8713800557024002,0.666054353145424,0.7985158276082752,0.740838709466782,0.8862517898033554,0.8975127523755502,0.8204921359179076,0.8088733881916657,0.7865645005670114,0.839309013146731,0.8204980677536826,0.7524443019685182,0.8122136735513118,0.8111874199533158,0.8537804344175534,0.7475338295118681,0.8089482642540433,0.7777675599406825,0.8268712410010112,0.8139960898071382,0.88017679683912,0.9331606852240238,0.8373699923880321,0.7936737211190226,0.6848693482049233,0.6565846405300033,0.7778213028157069,0.7059382255568957,0.9135798101722588,0.673685728276131
0.8694581416054603,0.7270365908943373,0.6508434868801529,0.6991818207755484,0.651536153476187,0.6991914180554903,0.7356098180918338,0.7867096019524319,0.0,0.6383620933156952,0.6765163346884547,0.7155369830182209,0.7431568366443857,0.7284679662723774,0.8008283742017982,0.6550883685461585,0.6579669485615899,0.841224427483643,0.7066414979656149,0.7925073082110985,0.6732063211945916,0.7288499160640142,0.7671435916497394,0.724629644404182,0.7227853926584081,0.636353242440935,0.8106763703403917,0.7265108232507421,0.5935997708873055,0.7645062989473721,0.8253366724276021,0.6807409131548005,0.7327430430647051,0.7418714984207739,0.7929128583935557,0.6711638581969464,0.7613373356615825,0.730585466765562,0.688829655744759,0.7141046328701861,0.6791193210123706,0.7913472267686436,0.6900210217172285,0.6646684789511071,0.7899956281588139,0.7720871138513915,0.6877748598868484,0.6405237214396555,0.733510999458843,0.71632863789323,0.6947829222589879,0.6669839814673951,0.6814108087451549,0.6689057876580838,0.6307118290292468,0.828537268341032,0.729768101011397,0.7065026263005377,0.6658244738046459,0.7634732492614519,0.6905162406415979,0.6541442957992394,0.6624885174998559,0.6240198841494503,0.7198694088185774,0.6845093936931321,0.8147206292226632,0.7296041262397946,0.6857361355992299,0.7905235367989912,0.7627713588466335,0.6971261822598326,0.6877739425320046,0.709920356501833,0.7090825894276833,0.7767677761763061,0.6575397346053504,0.6380310109051864,0.7311151080202268,0.5438490290316588,0.6185661431771656,0.8537161619486922,0.7514515471655768,0.6764493813299055,0.6760179762056255,0.8540527555010441,0.7662578983600076,0.7553764911214708,0.8049041761353918,0.9136857864507969,0.7099336238926016,0.8275996272360046,0.6527811434571218,0.7021570849900324,0.716132529607643,0.7152467673669873,0.6777027371942228,0.7410983092082966,0.6748148245874249,0.7869312045644098,0.6814022085589616,0.6688273890686492,0.6719656994420296,0.6661338285390568,0.7538952472347907,0.7081914769285701,0.6348604907508572,0.7242119956168106,0.7063483642133124,0.7000853795598275,0.6835905694418676,0.7067138885310364,0.7326733779122009,0.7258009781231198,0.6992601900354467,0.7553949130699994,0.714102849683599,0.6491518539738179,0.6026329273379868,0.7662510725994114,0.6514099813949542,0.7047289379908771,0.7087109053402437,0.7136296966027283,0.7316365311391455,0.6521773722695225,0.669767824928184,0.743243860929136,0.6176926753715074,0.7238520212565893,0.829692557441263,0.6524339274105043,0.7160775341098732,0.7972320578122345,0.6955949890153381,0.6492699872799553,0.7445685016893958,0.7518018277784343,0.7066341333841054,0.7695584357762518,0.6697522562702061,0.6453629678174259,0.8329610915697349,0.6726089941022613,0.6685631709318092,0.8067698166738776,0.8079023666743311,0.647769109759097,0.6654823996786795,0.5726087572456341,0.8125667510237373,0.641138366880645,0.7277027820934615,0.7122967438059259,0.708256383778206,0.8520012205604617,0.775105886420041,0.7055357062272389,0.6934950055031436,0.6140175905367905,0.6070674486296785,0.7734060446913128,0.7980127581130475,0.7472968480433699
0.6587863976920381,0.9393670601345776,0.911796693759812,0.7077881873127312,0.667896855931713,0.8648150641981125,0.766881945926368,0.8354896802366933,0.6383620933156952,0.0,0.8526864785765439,0.915500615911251,0.8217750956141271,0.7740850158202588,0.7825689167410468,0.8340431817467722,0.7959823719045914,0.7058771439631575,0.8622345059495996,0.7895232966038536,0.7860008968116797,0.8759500075352442,0.7946797405917014,0.7542813522802988,0.9540473084145209,0.5909189000650188,0.8084283060221412,0.7919516041732734,0.959522924682691,0.7379585879577729,0.8406906435406544,0.9050240724426633,0.7811312157129404,0.7820956674468627,0.7389463137197303,0.8793124382176493,0.7874650084706221,0.8059784980166167,0.8431064553038806,0.7206485229788192,0.7985769017697979,0.7699149121940617,0.7628841867811366,0.7659860883425266,0.8480163941878558,0.6879900496919101,0.7082377834866731,0.8326373868036971,0.8431683113276977,0.7230811346737129,0.6938056156719359,0.6197037146291973,0.6660367938445231,0.8487208074932796,0.9028187680235935,0.7306073102380498,0.6524439165203287,0.8263509309457195,0.8473633954563742,0.7429016069959304,0.8276153710583124,0.6231927874004065,0.6719819151335765,0.8380814273787515,0.587322308240808,0.6130549722843502,0.6932132899654808,0.6975967024875114,0.8663195285179189,0.8057970704935584,0.6283193750287852,0.6873207451570321,0.5821204186743051,0.7718094558347194,0.8603550614617601,0.715372802726301,0.7351897351932117,0.7529397321107556,0.639092923866052,0.5662727411622028,0.7953117521694879,0.6018874981633342,0.7735401514300386,0.8355359369849693,0.6011100762289027,0.7833120627178017,0.7462226477911997,0.6850308109451322,0.7946329094131696,0.6662578348342745,0.6340855074409064,0.7542433989792172,0.8507904868271164,0.6020359950657684,0.6006130144503161,0.9253677521922189,0.7265264705218318,0.8539701061425721,0.5695093457611093,0.6854258833779955,0.8164403542943786,0.7998306372442926,0.6312316563745615,0.9417070484073616,0.6675871842708103,0.6818298242679215,0.7994134927813843,0.9054636850266202,0.7815026330528122,0.8678068415308761,0.7985207602628404,0.5919220338940834,0.6943531509437361,0.8437654870265238,0.6018613828313875,0.6249944129035825,0.8160762946436746,0.9292498421973268,0.8566617357101015,0.6146127458735459,0.5925647680520041,0.6310071824121999,0.664252302320121,0.7169491453660835,0.5839927885342516,0.9376428743528766,0.5775062968869533,0.8009306061747907,0.9452828710236633,0.7776156920149268,0.83866248915967,0.7491456069171294,0.5809657852159116,0.5780683275890299,0.8606272218499689,0.6831284440113922,0.8070936557836976,0.7018789519458735,0.9120635234145875,0.8261904937765031,0.8150633287392091,0.894240690730102,0.6952723539323616,0.8404378729163594,0.8597551629465712,0.6713298100801735,0.7354232067957656,0.8620838447930149,0.9821644678709069,0.880144099396707,0.6334062651352107,0.8929028981752979,0.781962065119021,0.8733880624994638,0.8916773252695785,0.7678450563583673,0.7525092947954699,0.7632800943613127,0.6542832452597112,0.5972722984530866,0.9187081642041266,0.6783215639206606,0.9008689527380119,0.5921855825825947
0.8004424504764355,0.8973386027299836,0.9570600215248731,0.8116348840931762,0.8529558460123142,0.9459092753768706,0.8701663851827544,0.8464094038454533,0.6765163346884547,0.8526864785765439,0.0,0.9526199935627442,0.9306666480118005,0.790098341741623,0.9075149140523803,0.9620704734326941,0.944249999890275,0.8291113686853396,0.9207343909768497,0.8415304183803306,0.9531514610566951,0.9639316388032972,0.8270332797061721,0.9027299891571245,0.9058155567193517,0.7765274029553567,0.7787480297470217,0.8302820666862178,0.8922533523555867,0.854447061445338,0.8600255529382074,0.9575085273534758,0.8853827533747575,0.8342604384233219,0.7923338015603852,0.9271458151701214,0.9213884895072172,0.9408872892067845,0.9579187456935049,0.8752477446509124,0.9347905717556286,0.8461777752313728,0.9378936923433232,0.9354850750296245,0.874770845205053,0.8308434091266165,0.8173907613025979,0.9766515514911916,0.9264688122404128,0.9004333750129216,0.9034751880857835,0.7978515815131744,0.7722970136067779,0.9529947859743342,0.9515909198045024,0.7400063462944553,0.8482395643150157,0.9727501517647018,0.8164580574251659,0.8758497743849878,0.8771527622362328,0.7903656989663314,0.8858280234439209,0.792954915863109,0.7252222642108702,0.7625360485515207,0.7780027179493685,0.844329616303969,0.8849541615212373,0.869429976314028,0.8168342340231224,0.7413689943307382,0.6759942196975183,0.9388961361455097,0.9266194533970141,0.7545651647789942,0.915994297379645,0.8946058040729904,0.7903245903856301,0.7137324458169729,0.9227015412875237,0.7306795792889216,0.8752601884436926,0.9050078268803183,0.7775581093263491,0.8694380604281505,0.8306441444938236,0.7618643423796945,0.7884315531095358,0.7066620851505777,0.8339342005854562,0.7647663954870416,0.9779276431375835,0.757471100068701,0.7532346421692004,0.9109531603744836,0.789839404355997,0.8097250542916783,0.6490138131486173,0.7418399765437479,0.8498342117750004,0.8848864224972357,0.705117451859484,0.8440014486074561,0.7900406597552256,0.8352166575021756,0.9148856289303472,0.8633782036784242,0.9133574587559964,0.9297032510863954,0.9449304349082733,0.7754976239117808,0.8229173585039974,0.8366971884585751,0.7754627732454332,0.7607511138004054,0.8242236300928502,0.9212136698365597,0.9268730366083235,0.649783923262823,0.7859955191691061,0.7346780425302611,0.7932951362357857,0.8909023722260022,0.6591224609956722,0.9511664704852905,0.6951700631464137,0.9239706549006578,0.9101449829537797,0.8899548612515243,0.7684900795912812,0.9219556457996582,0.6862503000858682,0.7155171089285576,0.9083248732165586,0.830555157903822,0.8796066705015113,0.8503566947542156,0.8805731974628381,0.9399670375416121,0.8069139482410461,0.9496027661803393,0.7779321375662103,0.878596374668782,0.9745806832062438,0.745183119482735,0.8842106168412667,0.9268020490181982,0.8797995289945029,0.8491332031510431,0.7594668503051986,0.8696002708341661,0.9050255426042353,0.8809846870034402,0.9381837857452426,0.8578301735685093,0.8944540958976358,0.8856868725737994,0.7119780833354581,0.7805409107978083,0.8650561872225323,0.7479712310888414,0.8958216615925346,0.7844875821625638
0.790748139833667,0.966463339191179,0.9556199897131584,0.8120052312171303,0.7968869858919144,0.9669409035547043,0.8842742466683081,0.884202758356188,0.7155369830182209,0.915500615911251,0.9526199935627442,0.0,0.9139025699373037,0.7732441103876956,0.9117549334907465,0.9202274876754845,0.9036945964042961,0.8051704096295693,0.9510663568120752,0.8577431585079254,0.9233908676837884,0.9619499389252187,0.8682692605501592,0.9018215763717041,0.9690065294649293,0.7144246200222931,0.8082680292560971,0.846919226207209,0.9107675655589639,0.8533842374039969,0.9107955342433878,0.9506355624430729,0.8970670887966502,0.8795992278511665,0.8084742851812246,0.9205543556528395,0.9040525006195297,0.8900821324001064,0.9392338731867849,0.8493772178290298,0.923664589777273,0.8826310606666685,0.8757344203679037,0.8996192074177013,0.9090013133287366,0.8161167848561587,0.8143949526574039,0.9277271033336314,0.926856782707639,0.8383201088812251,0.8408557590392052,0.7649276299715423,0.7479840275316681,0.9434762427066936,0.9290488539159302,0.8133485160871913,0.795651836628477,0.9522880321151312,0.824420242719439,0.8522059396579831,0.8731952723154363,0.7167019363548913,0.8096400896929613,0.7912830993315995,0.6881113478396503,0.7153994442610162,0.7783821681409697,0.8129174953378854,0.8506873827451856,0.8721823889543765,0.7695331812155705,0.7141881891158146,0.6468697809400299,0.8966970372645178,0.9197161967718687,0.7766262096686932,0.8440437500627302,0.860944122637855,0.7612081121842037,0.6631208865671885,0.8968740709082662,0.7285724107055497,0.8909499964733346,0.8809414818969629,0.7255358324313671,0.9051491392467005,0.8209004545331106,0.729449061747113,0.8343038543745614,0.764452972862242,0.7728486657146482,0.8308731112653133,0.9295231275765986,0.7219913612435019,0.705400868533666,0.9636667303149363,0.7782751390575884,0.9001099204248796,0.624306838827468,0.7688514649924889,0.8347375077018353,0.8493939718391371,0.7011510752895288,0.9152361065004213,0.7536131156739196,0.8076577264572548,0.8772868777773083,0.9344071408663475,0.8966750982415851,0.9638023751909252,0.9356284131499187,0.7131109057252315,0.8025331136712615,0.8349847253979757,0.7229001495828213,0.7564219528105347,0.8775439008130342,0.9196395526629401,0.916880054893539,0.6627284466921071,0.7136174213119935,0.7084976516674616,0.7904958571118431,0.8681268008644539,0.647731087922964,0.9682532236231689,0.6625123987244778,0.9142237863384225,0.9368168318701213,0.8447067113769472,0.8513283405869714,0.8647515526803361,0.6404233888932009,0.7033015122260056,0.9130312957652047,0.7730654650111688,0.9055173017165611,0.8232943878588684,0.906031044065274,0.9339909284210206,0.827483837282427,0.9214461508590609,0.804697232978268,0.8647002692588962,0.9463197800900748,0.764509426623472,0.8886482478779011,0.9247984766174592,0.9371709483625458,0.8465338827124556,0.7494853261210942,0.8934069326386521,0.8795752378246228,0.9176323970818867,0.9837644602286698,0.8709356799910376,0.8800486295544047,0.8943075240814007,0.7144183664898178,0.7029658677776441,0.8874607088253471,0.7677146880043619,0.9620340960954046,0.7406875789819254
