0,1,2,3,4,5,6,7,8,9,10,11,12,13,14,15,16,17,18,19,20,21,22,23,24,25,26,27,28,29,30,31,32,33,34,35,36,37,38,39,40,41,42,43,44,45,46,47,48,49,50,51,52,53,54,55,56,57,58,59,60,61,62,63,64,65,66,67,68,69,70,71,72,73,74,75,76,77,78,79,80,81,82,83,84,85,86,87,88,89,90,91,92,93,94,95,96,97,98,99,100,101,102,103,104,105,106,107,108,109,110,111,112,113,114,115,116,117,118,119,120,121,122,123,124,125,126,127,128,129,130,131,132,133,134,135,136,137,138,139,140,141,142,143,144,145,146,147,148,149,150,151,152,153,154,155,156,157,158,159,160,161,162,163
0.0,0.8919567766855632,0.8338392373460051,0.7673606699309523,0.7479851576988719,0.9260692957569153,0.8454253737326132,0.8573203932976697,0.8884131891047233,0.8309362568830168,0.8584568703010769,0.8468307097098469,0.9505502278952733,0.7681663960139969,0.8772881915529468,0.852253073957799,0.8663881965379608,0.9327559787665326,0.8460088799612324,0.917610380835053,0.8510308103134349,0.8923606584780464,0.8280786325846031,0.8779625787003722,0.914913489946499,0.8116309841707314,0.8032810156805011,0.9132778643519732,0.7527569134418258,0.8447728405056656,0.892242844113772,0.8860891226329348,0.8121064635990981,0.8723853323299129,0.8800873767997885,0.7086820027068179,0.9498166380107849,0.8311434977832828,0.7768240280031471,0.8711597110370527,0.7577679568497591,0.8996378314635042,0.80408515185704,0.816356834683219,0.8870032450670383,0.8778976451850566,0.8188069259216271,0.8173467822364194,0.916867373847837,0.7756453522476204,0.8250104054989856,0.8554357525848717,0.7236709835753232,0.8073041314999649,0.7366552500841698,0.8965740137182964,0.9005111057084303,0.8390801267557522,0.7804401179633539,0.783172863112948,0.8415188350989286,0.6697063193250578,0.7929679009107061,0.6282625876932759,0.8107177145239144,0.8060009544887803,0.8890419795823491,0.9180737804469989,0.8042482332046144,0.8882419000157254,0.924336885770929,0.7346256277256337,0.7941028504771075,0.8968715914592651,0.8836643126429634,0.8962756451311761,0.7889942222969272,0.8043687851310904,0.8373922732205368,0.759090514375356,0.8400917309268695,0.9202918497756839,0.8969981100388524,0.8343023009875159,0.8050799912442976,0.9345391684533557,0.8610884750456982,0.7973966189674329,0.8931241959831283,0.8709646898864314,0.8245890948411636,0.814787456987992,0.7555258919128006,0.8518353992537263,0.843063048191996,0.8928684266945653,0.7029421141589104,0.8494051299594683,0.6396985819329374,0.8933455294734854,0.752141104095005,0.7151643482724315,0.6881400063626179,0.7617396436961148,0.7669938595084165,0.8692891808361461,0.7445889357696482,0.9136967021734498,0.8326701515305307,0.8942652701695186,0.8430082040152265,0.7569489575825735,0.8939798896260763,0.7974546055649822,0.8072682319500796,0.9255585203663755,0.8828106122010086,0.7857339054028384,0.7683314792246048,0.7905476297476834,0.7549243932143143,0.7347236767229175,0.8678629105760768,0.907626406172814,0.7810406140361063,0.844212523402328,0.7151848983765133,0.8267181657515388,0.7718211304690482,0.8339308942616034,0.8607878864624829,0.8179670803475024,0.7831671090932285,0.8549352822495139,0.8319598159186581,0.7572931391142491,0.910341354602461,0.8603786568120918,0.8353161104906216,0.8336500778179008,0.7711049945695387,0.7765814863045555,0.9105423103178474,0.6988336675694184,0.8546861132008728,0.896985104352971,0.88758433989205,0.8295268102083211,0.863334387421486,0.6093699619255157,0.8839447511101196,0.7639602783244512,0.8189416828332711,0.786218535229117,0.8606558345846692,0.9149423377687754,0.9172398476657952,0.9042322587133885,0.7736957258275037,0.7971662706811055,0.8039490891233784,0.8709652570472817,0.9041703669670936,0.9247659076109827
0.8919567766855632,0.0,0.8687856451958945,0.7563216204910934,0.7405096250016063,0.9161083605519839,0.8792209750664999,0.851432152024224,0.8620283142160635,0.9517110691152976,0.8155782947143974,0.9207268826459514,0.8916111809279564,0.7802702648377988,0.8802277850203385,0.8366027416517751,0.8536252895248014,0.8488456538295195,0.8609537307792344,0.8784806301537851,0.8296742267867766,0.8972044353109174,0.888923799735099,0.8792580250636396,0.9397804607765885,0.7480945582234515,0.8497126048230687,0.8808766087786559,0.8652046574265025,0.8480475339944044,0.9188391351218994,0.8800221614333539,0.8394554042640152,0.9047574111278032,0.8784110318665727,0.7712881010812621,0.8775629111896941,0.811581185680878,0.8057816151928804,0.8776612723621984,0.8158638573721828,0.892045141944356,0.7384603934595514,0.7954112637161623,0.9042151446326955,0.8484400224198507,0.8544365103161272,0.7747988411555425,0.9206558916812234,0.75373156427728,0.7671737679269991,0.8080358295269894,0.7243329072671557,0.8248951446914006,0.7647482718890889,0.9235677935612094,0.8070838952502167,0.8365806184073067,0.7914631821081185,0.811734513866522,0.7829608202570524,0.6599563605478307,0.7062720337776113,0.6927891342246912,0.6984844711162117,0.6880258742010771,0.8238219500396012,0.8353819887641942,0.7687919070711227,0.8149235352908231,0.8172611834174879,0.7391692810945288,0.6982427394787047,0.8407413759238387,0.8588956051078087,0.8485869799723891,0.7289664099306981,0.8353125972097235,0.7776431916617194,0.6977560348101388,0.7969545609303234,0.8386840740063207,0.9073916870176967,0.7963373152123696,0.7295717767607307,0.9473491877173289,0.7602901800597398,0.7389689954813446,0.8964414430740717,0.8838180833458064,0.7768384105406738,0.8777936454044762,0.7864721076917943,0.761284915443773,0.7663291739029172,0.9470894017162099,0.6730026647948558,0.9219072600144772,0.6593761129719373,0.8908484064282134,0.7620053932460472,0.6650401182659496,0.6660832597300367,0.8481355465888158,0.7228484298731527,0.8448280181060898,0.7294700619180339,0.9648767111459883,0.8742895232156274,0.9061499305384969,0.8296508688793599,0.7077625082857358,0.7913372477225784,0.7897476310534761,0.7581678164126654,0.9081976242351625,0.8911365240788753,0.8181775153852318,0.7722593494790929,0.8018327725697001,0.7214153187419604,0.6926112318237253,0.8147654683836936,0.8755595044050142,0.721066951411859,0.9023560682522261,0.7092416436415707,0.8533215171643564,0.8604331317764887,0.8226458236940406,0.9124089392650385,0.7611302718502752,0.6930216324308335,0.8097275241350261,0.8062055519206487,0.7036581060940055,0.9276728515453767,0.8798918537221367,0.890419681765632,0.8387748342417553,0.7585180328104324,0.8020895898530699,0.9338890158601333,0.7232578860406381,0.8520668825295106,0.8808090425814306,0.8930587046161009,0.8670930057783774,0.9630621445836629,0.6727162241246987,0.7802536355700469,0.8042965695802969,0.8185998410999977,0.8710816940916627,0.8973101114070509,0.8391303582354102,0.8394519363559149,0.8993457087917529,0.7574170107350024,0.712710606261768,0.8319368072197441,0.8316297889211636,0.9628143971419103,0.8190081750264956
0.8338392373460051,0.8687856451958945,0.0,0.7276939541844811,0.8721540359345775,0.8958144228228245,0.8435657608340212,0.8218847675992897,0.7557015775458219,0.8888205298784464,0.9067187445492478,0.9051235643725505,0.8895301340751955,0.6745887378100429,0.8904339283811331,0.9453914797085272,0.9186316558677929,0.84171438571126,0.8492420609693476,0.8041134657376107,0.954999889692776,0.9743677838146773,0.8036524775562616,0.9075350098490719,0.873704854152149,0.82642128331414,0.7622113419162623,0.7943203291166738,0.8470015843593861,0.8680984017984683,0.8178519949406219,0.8921634456784496,0.7892592331378923,0.7766881954741709,0.7348179712035803,0.7427412773044544,0.8873059604161573,0.8124302001705181,0.8906438066930074,0.8674405675851444,0.8102359505792518,0.858276148889888,0.8864126819885558,0.827611754710946,0.8319011500400106,0.8489525481861792,0.8577583734105254,0.8748389711128841,0.8921295706602902,0.8167659499374599,0.8561901606812299,0.826309919704697,0.681306044983389,0.8643399244003093,0.809414617628903,0.7876144708059969,0.8564233338424405,0.9110605594547914,0.7523019630018452,0.756608000436933,0.790820921915658,0.6564108673832278,0.8074147970266445,0.6333206398475697,0.7432175730643944,0.7277071558715846,0.7620089134027763,0.9078041951424248,0.8376485228961859,0.8345830926262433,0.8758923451852985,0.6483228165171082,0.6518584424755571,0.927673867746121,0.8588008550003244,0.720709714098519,0.8609297961104103,0.9055308556814701,0.7800663024412711,0.7289946933405017,0.844258700910093,0.8116211092825426,0.9091783328178041,0.7639010840844839,0.7287938231185471,0.8569160597935337,0.7620771633830618,0.7224155222120252,0.7722260407400782,0.7698072097149659,0.8441548300427512,0.7232743172144821,0.8556864018734444,0.7209218043265397,0.7417383575062679,0.8838766942659785,0.6806508718276716,0.7654407997448155,0.5759222061659113,0.7574883371523675,0.6803460931627112,0.7768334390151302,0.6416170209344505,0.7831062072834184,0.6856004595494477,0.887139773397804,0.8299087615995586,0.8592379021502202,0.8730597576490158,0.8942364173254546,0.8559448605645067,0.724829638124443,0.7451239822056022,0.7500535823771602,0.7261221983102717,0.8544921998668945,0.7506633000106427,0.9254097175507027,0.8029556107481753,0.6690692828671783,0.8041872936244052,0.7013364971912792,0.7277066386208177,0.9038839396189159,0.6250116899622091,0.9102014295859523,0.6684544194868189,0.8696286564059665,0.8089060473504516,0.8436381876283149,0.7823236273987401,0.9105697338249497,0.6636379289079655,0.7138902207444567,0.8436728215689138,0.7541337734104433,0.882560549266189,0.8263088577260306,0.8604437971240704,0.8863139750501111,0.7055975859824454,0.7897697399770236,0.8019400179986724,0.7348417421591281,0.8839284808485031,0.7967779194938038,0.9060918078272815,0.9269886329782954,0.8997509881138032,0.631834974153405,0.7382223936909547,0.734074069168704,0.8958557617744652,0.8756131069557642,0.8845431469325179,0.8289346623400753,0.8360169333905221,0.9142825552657012,0.6613139938805234,0.7405721735264177,0.8011852029845002,0.694967575381246,0.861901444073132,0.8505630670618604
0.7673606699309523,0.7563216204910934,0.7276939541844811,0.0,0.7013996744277918,0.807839314012101,0.8384204811138306,0.7616630320717955,0.6747896629273122,0.7432243646841282,0.8077370356523886,0.8008398832415166,0.7357139778392159,0.6898107677858089,0.831909933747823,0.705141136432025,0.7461295866466812,0.7572274286097673,0.8619320461446897,0.6561510030913467,0.775428817553595,0.7449089811476385,0.7768951864490612,0.7319358473918782,0.8020571694310162,0.7944570691702524,0.7282266111928665,0.8174578517583384,0.7644726332372654,0.6701722995967637,0.7938377039594493,0.7311486339746106,0.9580123363992177,0.8060112589162071,0.8240901027501384,0.7921617344564876,0.7687885552457435,0.7574440180647255,0.7535205048698579,0.7865792645646094,0.8778150146220863,0.70280572639378,0.749120315926165,0.861742529570206,0.7599249459501983,0.7103725223406361,0.6688366549242091,0.7587829602294414,0.8045892379853105,0.7025997911741556,0.837166548464447,0.8429580066327592,0.6696034527325094,0.9031580077302014,0.8264929202008177,0.6815939482275075,0.7372221526237085,0.8242524789405008,0.7170319887507083,0.6904880734953751,0.7663831470687124,0.6231636105088959,0.805564484165128,0.5964163220943014,0.6746020456716254,0.6598106940144508,0.7353306086279672,0.7159147684558661,0.7342028752459127,0.8087164974767312,0.7407216540567638,0.6672018433994213,0.7422136356960095,0.802249737857512,0.764067665377385,0.7042198920601699,0.7096625963649524,0.7408123711170032,0.8014196226722766,0.6422121994277731,0.7399722014454171,0.8359838997635782,0.7035992922712503,0.7656403394729654,0.8001784379097956,0.7549179433303344,0.7609993707870915,0.7640714723481992,0.7470571081067984,0.6597150166796953,0.8413013611721191,0.818514021365737,0.7690395480199547,0.6859515051363976,0.8295598121498717,0.8386839589912247,0.6491930893937596,0.8161915509871317,0.6286228688744342,0.8047066251970064,0.6971699787420398,0.679835250710312,0.9290987085309108,0.8650334998233823,0.7742751939798262,0.6860802096073116,0.6906835870886282,0.7611780348503626,0.7433366156641923,0.6955249134727954,0.8787571134156293,0.7914735486848284,0.7944521255625797,0.715088180938339,0.8055621079792374,0.7518233481691307,0.7839085698983801,0.6768855716772528,0.8593651102822089,0.7812864892159677,0.6404538715809531,0.8579627698554414,0.6961971424059602,0.7844474159928453,0.6606955078341645,0.8408598386477851,0.667626821325199,0.6974356916482778,0.8192999243269664,0.7253256091378898,0.6555377778185455,0.66949453688481,0.6574813817890975,0.8196162730154382,0.7070121198232011,0.6192732139570698,0.6706941089857139,0.8460954800781133,0.7604729047823658,0.7546946739025329,0.926215247293766,0.6583245144271609,0.7947427895003509,0.7696043016114562,0.7619226055484764,0.8105322145994625,0.7296283291570099,0.7125671697151554,0.7310194559964792,0.5691795769969574,0.8512616569413383,0.8267756639962027,0.7106274779921539,0.6380971885287885,0.871624810606642,0.7139937842990283,0.6891781103934455,0.7826636191888141,0.9045958741418575,0.7672480976499412,0.7651807795235405,0.7771373589832575,0.7685941381601388,0.7822226419166973
0.7479851576988719,0.7405096250016063,0.8721540359345775,0.7013996744277918,0.0,0.7975496583051203,0.8467521954684658,0.6763954982856333,0.6646647731301786,0.7199326865334104,0.8188933389517679,0.8229043364341382,0.7552488684516175,0.6014480205422202,0.8112175667166606,0.8620971402923299,0.8756084874569747,0.745288357855529,0.7581449377349867,0.6577003832156033,0.9218457542002862,0.841522602774213,0.7721412696249383,0.8605954551149007,0.7337154856586313,0.8490616805035665,0.6693283667389031,0.6857030151709549,0.7441310862272551,0.853475162862459,0.695677134973792,0.7688111229569663,0.7466905920730108,0.7056360514500077,0.6562984021848989,0.6832581663120422,0.7752776604058996,0.7185577583232181,0.7952800973197192,0.8362207089902424,0.8049165644302604,0.8045902757309117,0.822056046915328,0.8205693768697223,0.6895582405493758,0.7713556996577128,0.877888118870533,0.8001687977231492,0.8125445480517745,0.7726043306769683,0.8583977189691394,0.8605286196839009,0.6508812056716613,0.7870410126326847,0.7252717122724446,0.7174375579147036,0.8088086523922774,0.8740905286556044,0.6289842994612033,0.6993849910309083,0.6374456124230111,0.6458722277680963,0.7873749155441062,0.5701274047080159,0.6917973432430311,0.6376164939272069,0.6437678969253618,0.8340814189625178,0.7000411965572078,0.6975556047499123,0.8128879431450114,0.587139127808964,0.5928616662887184,0.8389371261251227,0.7205988065503002,0.6353184854893873,0.8007766955738624,0.9508722856513184,0.7061303570628619,0.7639005844829758,0.7901978802803129,0.7496029861196568,0.8506187503573794,0.6486095871401328,0.7237726189918354,0.7446137644532209,0.6385840550771594,0.6424174610693794,0.6612948486666405,0.6818570105316883,0.9065456435306961,0.6772749707370666,0.83280843623252,0.6638651548835116,0.7137394968049702,0.7704329960643941,0.5669820906458851,0.689820973218771,0.5783934978199106,0.67399884019126,0.5960169980607618,0.6607355704063055,0.6365896755534365,0.6936025965743091,0.6240172565330835,0.8391644096800621,0.7375466240695826,0.7476425603710197,0.8350224655652844,0.7919332909046223,0.8324131390908951,0.7428692674192794,0.6594621693142081,0.6364293151852285,0.6959685403543875,0.8316826452258996,0.6780096708441343,0.7748710302731887,0.7658208090014731,0.6327479464785829,0.8694702833507512,0.6541263940829106,0.6764028903164891,0.8817185962858034,0.572383762778845,0.7908994230025909,0.6623245766463925,0.7903269906936455,0.7105472162668717,0.7312816349891026,0.6852233782988338,0.8481826630965748,0.5751281300561252,0.6802081226521217,0.6708187206770831,0.7060539347460058,0.7892246418864992,0.7966323186003673,0.6924219938556845,0.7888317504207444,0.6224134675292926,0.7145687549597488,0.7392380750802036,0.6507826115732488,0.7914736148481918,0.7524418495801483,0.8556159798001082,0.8434148214360224,0.725552430427511,0.6016490666636749,0.6521912266308096,0.6717690676540498,0.8010540927106085,0.8011043056368901,0.8060076570867243,0.6850305332110054,0.7252869961900346,0.871410587683327,0.6216248929767375,0.7546865217994184,0.7004783294411827,0.6431582514096807,0.7426417294894453,0.8528084466398211
0.9260692957569153,0.9161083605519839,0.8958144228228245,0.807839314012101,0.7975496583051203,0.0,0.8642213768862343,0.852999442284569,0.8125994650984389,0.8691348971892825,0.9038781442749024,0.9249890959898991,0.9204245463438587,0.7493001522721344,0.878668699206151,0.9013836877242054,0.9032438008609718,0.8362536685384884,0.9105839877070855,0.8529147287810014,0.9220197200379616,0.9003712544129083,0.8027985988351878,0.8780403466144672,0.930155570263732,0.8510219405702696,0.7540712284356311,0.867843932780839,0.8524418376370266,0.840565829656793,0.9074677062758886,0.9295806300832267,0.8705087601363453,0.8980198115989574,0.8733250360650704,0.793143091458925,0.9405528192291637,0.8582269479541453,0.862070899200295,0.8520308228886463,0.8459168385127087,0.8745829208647935,0.8404468000653857,0.9112940634274834,0.876439067163771,0.8453985636766346,0.8463385270440911,0.8922769796215041,0.9034579820976704,0.8001617285857694,0.8729909745944849,0.9150824938483807,0.7210001721102615,0.901347218542126,0.8317005552125106,0.8715169310771099,0.8838629609188869,0.9201915930503023,0.7397124734097273,0.786480003487146,0.8489537185187639,0.7069356303375756,0.8454117398630827,0.6548957060252528,0.7580031160040546,0.7687054755433245,0.8279726582341752,0.8963734208452954,0.7797071477271306,0.8658761858991436,0.9083168252054625,0.7215687683698846,0.7651047664024189,0.9045237587265373,0.9005787210134899,0.850009672608721,0.8099548926552238,0.8746114096960934,0.8499718191532319,0.8016835652265739,0.9088794670649314,0.8848664680400475,0.8983638644832515,0.8613849316048561,0.8380600297518296,0.9159164070881769,0.8539694081829385,0.7670928152665966,0.8617295714720673,0.8251469130266412,0.8595871817055749,0.8447618816025005,0.8349934691930654,0.8201665769524015,0.8231979934714014,0.957724610245845,0.7296737815550474,0.8938229809977177,0.6663411691194193,0.8664039433966293,0.7746743005963042,0.7364818665076543,0.7302973627504694,0.8302868551944533,0.7819631904266667,0.8718000248699636,0.7984267611338882,0.9060644084239705,0.8486670756759237,0.9064642338082864,0.9229702418066333,0.7903921215710143,0.8857486480464324,0.788847812466683,0.8238492606382918,0.8988458798451857,0.8918053915218734,0.818862187701478,0.8660480331428568,0.8003462927804083,0.7747249577989004,0.7733102087794735,0.8642710281444327,0.9380537968703277,0.7558177553481155,0.9434278543147503,0.7332735338529517,0.8605166788365342,0.8806170334904045,0.8188293283429771,0.8268398814901743,0.866128914829813,0.7428827737414716,0.870332424586371,0.8492934752067819,0.7635816554190883,0.9040354976996783,0.873004482956965,0.8129372204329732,0.8594655600730362,0.8044344464222277,0.8370958760004765,0.8809794860752704,0.7644352129455299,0.9268844204987544,0.8819884759110779,0.9084158060196265,0.8736057545969853,0.9069747896667371,0.6681207042944394,0.8648904032238065,0.8245957569534531,0.8092391273742872,0.7846322082078722,0.9334154289566231,0.8592002574175985,0.846613399359593,0.9409563302485697,0.7761023287886653,0.8211033164485565,0.8232139815750575,0.8672198114856078,0.925917176834378,0.8994826519725652
0.8454253737326132,0.8792209750664999,0.8435657608340212,0.8384204811138306,0.8467521954684658,0.8642213768862343,0.0,0.7697920216835661,0.7693182725947236,0.8584818037101352,0.81557760656551,0.9179631615010572,0.8086139554563465,0.6662768200024345,0.9257332692952708,0.794660596357373,0.832579796425478,0.8273350861318411,0.8672101908910155,0.7255806468340644,0.8747225284141779,0.8669126953297542,0.9396972270416711,0.9137126558992428,0.8892617276906362,0.8117088454776199,0.7818559501197395,0.8121082094437366,0.793409746141476,0.843064670801127,0.836787532435665,0.7974438535116108,0.8816500477038257,0.8604354157410071,0.7934647773477492,0.7213093613982654,0.842518746894413,0.7193712707318111,0.7806931991785293,0.9129397134992793,0.8520393624777832,0.8805143398350331,0.7704771745049642,0.849375797890876,0.8041036221915023,0.8177460612917108,0.865017592573255,0.7749735271297903,0.9383159959537565,0.7188515667340443,0.8418287533942013,0.8708715464494878,0.6671656705290829,0.8482184317202893,0.7501293077761364,0.8391064248037022,0.787267569388642,0.8636256311761638,0.7417209705024842,0.7286680724321032,0.6994407078944044,0.6075719828674712,0.7366621670511391,0.5860568333970112,0.696216473262828,0.6446373580813151,0.7537962052747235,0.8467373925813283,0.7158739319260663,0.7798677542816506,0.8105112292672374,0.6379793651358017,0.6531996441922912,0.857661261162024,0.7493089926864143,0.7512677051586821,0.7455007260125793,0.8953141586272928,0.7488685130198686,0.6996715642061344,0.7786291137815816,0.8643380323920107,0.8907253620820232,0.6891683565168465,0.7304607831657687,0.8427564129399878,0.7024122277435564,0.7129192223435461,0.7890594082021893,0.7901070017666292,0.8719013417317898,0.8544258806509196,0.7883358966775917,0.6984647879979622,0.7665871145778556,0.9109561575944672,0.5783676904372159,0.8690803219706373,0.5989781882757275,0.8272408502268032,0.6545189636391064,0.6488143491714223,0.7525101842933908,0.862417505413496,0.6648888297472476,0.8155065498959837,0.6936008709957788,0.8908466555381416,0.8753083137412072,0.862287102600713,0.9120117250724238,0.7257539632060621,0.745540121423425,0.6803048832486795,0.7313669461765037,0.8914359343187117,0.81772970579146,0.7775887150357698,0.8087309855864842,0.7292807674573937,0.7285697322620988,0.7028665490501835,0.7381046452573453,0.9158729804218837,0.6338992521496373,0.8678039904894712,0.6646133851032971,0.7974202501817743,0.7863766458712215,0.7563254605814734,0.7839226903710841,0.730059798036405,0.6059645386783182,0.7576016899354595,0.7179643120145528,0.6588833066118577,0.8392133912127588,0.8914759072937544,0.8065554545946281,0.8214611244973721,0.758290133355924,0.6941263994242252,0.8956078588274057,0.6700243447389981,0.8038239801232087,0.9085144262858954,0.8791709078483116,0.8427017453889442,0.8364234453858242,0.5706962757382817,0.7621916261474442,0.7698701987889991,0.7791619473071759,0.8409474822239835,0.9335264311643541,0.7733331405149961,0.7873416739958723,0.9314861406457682,0.7709956847711852,0.7398102102534652,0.7972837333246322,0.7602504038714205,0.8732139722891871,0.8641355544514787
0.8573203932976697,0.851432152024224,0.8218847675992897,0.7616630320717955,0.6763954982856333,0.852999442284569,0.7697920216835661,0.0,0.8930138079255338,0.840023679889553,0.7904348778774303,0.8714137679290661,0.8787970356848059,0.71028410199741,0.8761867748999217,0.8153577024120975,0.7688876314770291,0.8414487813623474,0.8359524224868291,0.8470804740663833,0.7791222117163272,0.8504981528012561,0.8006827214962957,0.775063879546887,0.8773052424955348,0.7532099870807445,0.8767877846642727,0.8453516634468394,0.7126986446477742,0.8214092956036093,0.9530636326365987,0.8544124002331281,0.8142171440158489,0.854899939582227,0.7891386966921546,0.759002036792009,0.878651331338256,0.8331125132957093,0.8415023280311972,0.7695489097615287,0.7401724590814825,0.7991335954675531,0.8129914877557833,0.7224360045331566,0.958438898362111,0.8727429450123771,0.7464534414669908,0.7363451268021054,0.8206796238708572,0.7729864409541831,0.7821139826110405,0.7405785432217509,0.6531691222003237,0.7939442011782359,0.7608675039968157,0.8135967362667431,0.8033242384599915,0.8590307555740024,0.7112246914586747,0.8007969253461201,0.872471914960055,0.6813706568679403,0.7479040354163267,0.6301411038369316,0.7037532238121619,0.7443656264977035,0.8479570001249457,0.8258604663131697,0.828603535330946,0.9534530386004941,0.8443765908819131,0.6825424158758215,0.6905520509741863,0.858008850192467,0.8806029000760647,0.7704866012288827,0.7943498136889815,0.7378592105883852,0.8744839305587261,0.6069784345989065,0.703969717571848,0.9140315948996158,0.8358162933182893,0.8119451308295943,0.7266697683166039,0.9249543577177913,0.8883731613403096,0.8352816075534887,0.9192411911283676,0.8625856437082581,0.7686263888124137,0.8200674104542989,0.7348513902521371,0.7145765801411671,0.717359196290625,0.8774954995955491,0.7802159998114726,0.8222488067577859,0.6007713564811848,0.867812326467621,0.7192092701715712,0.8419389347745924,0.7056491797377925,0.795717671366691,0.7859692241063272,0.8418372758365092,0.7878072788771573,0.8420877277026574,0.7893400178904916,0.7773900578218508,0.7642418388684468,0.7233782026516077,0.7715467804041769,0.8708746427299658,0.7565401358240473,0.8269494443186104,0.7616859431647609,0.7922624471450717,0.6801917171248006,0.7620874768723139,0.6625693842169083,0.8451790033104934,0.6927694347919325,0.8104579988059197,0.6331797419788738,0.8461058303721362,0.7022076733733322,0.886959737366645,0.7590614717374424,0.8207776469807447,0.850169676670681,0.7770378571491287,0.7611904171246573,0.7767494828604733,0.8200671009346038,0.6273068294666763,0.8300840807383897,0.7949391034313187,0.8765573795179851,0.9264293911750782,0.7515685117364723,0.7281074332021296,0.8622162888131786,0.7555294199800322,0.785651076381871,0.8551263947277253,0.8746160163475754,0.807649969751542,0.8616754186872023,0.6064319213732843,0.8657193571038623,0.69790276744211,0.824791081129875,0.7956770239531779,0.8532028986704835,0.909593453190366,0.7977161357798964,0.8377368172299765,0.6871046696099595,0.6945710153973206,0.7086950272426172,0.7187825458462226,0.919955348261151,0.7645110834679074
0.8884131891047233,0.8620283142160635,0.7557015775458219,0.6747896629273122,0.6646647731301786,0.8125994650984389,0.7693182725947236,0.8930138079255338,0.0,0.8129510385739595,0.7112401345066769,0.8254244961919848,0.838085227937763,0.6967743041401409,0.8109840849027158,0.7501746498336541,0.7336420747200497,0.8418863853034406,0.7618842125581389,0.86335193861554,0.7182282869569923,0.8157584221706746,0.8348750396447177,0.7756845602573408,0.8608445839142124,0.6769893258323241,0.8696124277620946,0.8233412025190641,0.6513402631570705,0.8701714132318991,0.8984627757305448,0.7859672961327936,0.7241806982007986,0.827454352356453,0.7862774419032051,0.6535060627741679,0.8335117117618723,0.7444586469728351,0.7055368757390438,0.7503070207513411,0.6596736736344473,0.8939935889621632,0.6911422751143008,0.6583212173201778,0.8778023599144138,0.822306062698678,0.7806044041826212,0.6560579602421935,0.8041112391254213,0.6873407406551745,0.6847320708994167,0.7061164130612174,0.6290397695733708,0.6763168657863488,0.6276213472061601,0.9226482548543887,0.7507429154645859,0.7774531793963548,0.6750852798540989,0.7467525962663182,0.7366531106594024,0.6214998484469528,0.6454485827644132,0.6036992454070872,0.6642022762552685,0.6641023218059666,0.8055979086059579,0.808772329571664,0.7391122786126126,0.8507531443194636,0.7958429383390107,0.6514218586539292,0.671834800645378,0.7655513170686264,0.8000498965441193,0.7806631254851489,0.6820793947761873,0.7106884182569158,0.745335095727748,0.6023454134027229,0.6660330069644188,0.8838036022328113,0.8667052366949151,0.7164131682292496,0.6673454467099319,0.928328088587242,0.7885554070812476,0.7350111312551356,0.8894159963928222,0.9398547656100721,0.7248782462050369,0.8286225735465114,0.6468067360497788,0.6877157086230385,0.6838819089583803,0.8348629179806153,0.6489379252822741,0.838811165210452,0.6046166508213743,0.8379514578150864,0.657541714698697,0.6735813633238967,0.6247590554399315,0.7408969567222603,0.6934276521468938,0.8117718415743659,0.6521593423738157,0.8932698619239413,0.7459204389703682,0.7979805499028096,0.7025138917270952,0.6560122005735818,0.7338229247740072,0.8061553906049634,0.6780478327714629,0.8699854786995367,0.7768054490606945,0.7183510033390397,0.6188509356073234,0.7690388858778382,0.6448062472647584,0.6980360955420308,0.7274433262459574,0.7794538374669769,0.6625655934798402,0.7370675363270383,0.6744968809882502,0.8172884459741054,0.6750112321094444,0.7292159335860163,0.9623825187830323,0.711173879060594,0.7001371503171547,0.7677005835893598,0.7271056404296969,0.5986964931985795,0.8661352784988327,0.7469635292502951,0.7989786840245497,0.816011712451077,0.6601785567434495,0.6917744389783628,0.8900463287431907,0.6472204527289298,0.7148872213386044,0.877748203369097,0.8791020876086081,0.7445468300109042,0.8391424793548173,0.5902069966656357,0.7805977095139089,0.6506167757457725,0.7705474933789153,0.8181866556379346,0.794883985759827,0.8661890092584758,0.801177594398486,0.8233038275359255,0.6507038422564146,0.6369731679452488,0.6655892174124122,0.7471427365629709,0.9136089705162475,0.7769971718538133
0.8309362568830168,0.9517110691152976,0.8888205298784464,0.7432243646841282,0.7199326865334104,0.8691348971892825,0.8584818037101352,0.840023679889553,0.8129510385739595,0.0,0.8076125210771845,0.9143590279806091,0.8419584487251631,0.7005097388325933,0.8736501865907859,0.8062644474784204,0.8116003891774285,0.8318731118010438,0.880663947017154,0.8280434030686223,0.8206145634871499,0.9056822886746018,0.8736088835738729,0.8506433990740555,0.9516217998332085,0.69457388321101,0.8182261175412888,0.8483510861467268,0.8569661506602931,0.8161457001028367,0.880437771747134,0.8484973092700028,0.8012739759293523,0.8349774096709125,0.8011185909370347,0.7312497049862298,0.8365036396706499,0.7513281439843611,0.7947089590774691,0.8229941175963519,0.7734635379771476,0.8674320011493728,0.7463499047025085,0.7599539318550362,0.8599083013096784,0.798560156510702,0.7971842179637613,0.7608290177098728,0.9032355784934234,0.7127142996360262,0.7425866773358067,0.7451111458318529,0.6734966645453276,0.8175467400230532,0.7611267556017386,0.8465550198904888,0.7543901629282985,0.8199010378411172,0.8183319994056414,0.734293889700668,0.7693870274587661,0.5963144329131796,0.6848065899212118,0.6508523872642294,0.6825109534680275,0.6613496329466546,0.7720011251193726,0.8090953344005294,0.7914487829484412,0.8222041619065122,0.7650973214892939,0.6637182065914171,0.6534907306472354,0.8234486748267207,0.8258680190909938,0.7742655909983145,0.7169342000600742,0.7890913879633004,0.7248942882866454,0.6347343755359084,0.7634198954915385,0.8047506575485245,0.8659848628724063,0.7371126039801139,0.6692854122139443,0.871463150872337,0.741601400749081,0.7189812340753428,0.834074428112167,0.8105920590325357,0.7382037938844204,0.8179736346049047,0.7634982395667383,0.6914236215698939,0.7076474012165233,0.9247446191170114,0.6497407679465869,0.870525318602747,0.5830965489546682,0.80975864545471,0.6911916397264579,0.6895544849841245,0.6619589034526853,0.8877473566530545,0.6713048728142483,0.7828583128857232,0.7188011280763998,0.9386809615866187,0.8204378015341439,0.8799910658688015,0.8159597017563726,0.6497900859931374,0.7382818708687517,0.7565716360713586,0.6830133655581285,0.820515753401139,0.8324913320027646,0.8769246904044546,0.7662587425862188,0.7096673605568322,0.6558119218102378,0.6681522295532307,0.7291822945080508,0.8246211672589414,0.6515105064698969,0.8886977267803764,0.6354523456161202,0.7965933450794516,0.8291899781273369,0.7772473615580482,0.85944087155346,0.7369544681772083,0.6379526050074894,0.7155756753722623,0.8152585575709831,0.6664131754173602,0.8660375575436737,0.801223886745293,0.9030774796154719,0.834436794562943,0.7557086013892893,0.7386093215900011,0.8617453955853197,0.7166220496322082,0.8052933953533268,0.8339571724644405,0.8443516278564684,0.8468430313243854,0.98282412208032,0.6158919816244827,0.7447964541454342,0.7882929742002721,0.8190216608887341,0.8603643684616266,0.8992103785916477,0.8205137798931652,0.8065349562477139,0.8588084165442814,0.7136300465575779,0.6590887586675159,0.8252125844353089,0.749964379895582,0.9199937702817655,0.7649483263755278
0.8584568703010769,0.8155782947143974,0.9067187445492478,0.8077370356523886,0.8188933389517679,0.9038781442749024,0.81557760656551,0.7904348778774303,0.7112401345066769,0.8076125210771845,0.0,0.8467396296500334,0.8984681789930736,0.730276749217926,0.8433521741469255,0.9227291971215428,0.9197096968709444,0.8302992738239463,0.8647157837550995,0.8061811803524573,0.933578548169491,0.9152608019503228,0.7561459846312124,0.8620193795183819,0.857377780431122,0.8808009889088695,0.7349065340435383,0.8592482825844535,0.8622153521655503,0.772641919327416,0.7979340179917792,0.8851988318532964,0.8209352531594342,0.7983636185062591,0.8076884318143875,0.7722579563729501,0.9155105559058861,0.867614595972722,0.891283433039285,0.8599343083824673,0.8166765175196785,0.7957935913044385,0.8771422049770164,0.9078339101987838,0.8106269443436434,0.7824922302293594,0.7431641693828638,0.9567225571809957,0.8969594889422013,0.8099344442032418,0.8900578819420313,0.8581171622545342,0.6833167487715388,0.9224730069542928,0.885077746383011,0.7311597585501649,0.8904213389462073,0.8946311516719806,0.766758704460952,0.7411038041726616,0.870402010413443,0.6641668161361023,0.8729531887021654,0.651047892363912,0.756300641182165,0.7728710056908255,0.8169077210669741,0.8643984662208356,0.8401886037779651,0.858010861957511,0.8771998908119448,0.7043480207558158,0.7768538325019918,0.9361422108472931,0.8825647994235719,0.7472627334383402,0.8925603380136208,0.8600909535555611,0.8066999960592688,0.7955081198020776,0.8710929352291181,0.8087095409420255,0.815447760936198,0.8473570258240778,0.8300378972388673,0.8166542746415825,0.8441639598848714,0.7536853260240486,0.7516668264613315,0.718663698855413,0.8631641259252454,0.708526815225955,0.8657615129304018,0.792376543424784,0.850976489159068,0.8628127243113681,0.7146764909729147,0.7496198457662813,0.619044205678854,0.7683624479877315,0.7676676021019022,0.7863251489453581,0.7024949705997408,0.7530667364353648,0.750437309920245,0.8109607867686602,0.8154115226027522,0.8206945711819582,0.7995852525521119,0.8560658560880303,0.9173191396060484,0.8104821065806458,0.8564349598148256,0.7938954801068715,0.7925466552811388,0.8207302204081175,0.769363255433194,0.871588094049851,0.8869392357750306,0.7181526271041133,0.8130197724907594,0.7524280495608354,0.8034371561471823,0.8848183187850408,0.7261519363763734,0.9120754983953532,0.6799818911869395,0.8078299259639588,0.844137038317836,0.8331210936927615,0.7076435138919642,0.8910739018731524,0.7680462612283502,0.8122305108160811,0.8934969482520927,0.7869571308550107,0.8071380060304679,0.8485739408607347,0.839808894762068,0.8279229337703305,0.7865414327302428,0.8167569710280072,0.7767424196205959,0.7851286527540063,0.9430962858767461,0.7771461162287155,0.8215641090562235,0.828174123713841,0.8295331084196738,0.6444060729086818,0.8422654401499245,0.7748596834496191,0.8764667555508836,0.7272304051292218,0.8602382348551598,0.8298822757428416,0.868544880226763,0.8661486912563502,0.7723074499626994,0.853539683492567,0.7844849890030088,0.7776311833960646,0.7951755171856368,0.9169115379939436
0.8468307097098469,0.9207268826459514,0.9051235643725505,0.8008398832415166,0.8229043364341382,0.9249890959898991,0.9179631615010572,0.8714137679290661,0.8254244961919848,0.9143590279806091,0.8467396296500334,0.0,0.8444424581994935,0.6712569436873009,0.9186236668322673,0.8624728082467333,0.847576219827469,0.8020364058774708,0.921963093224531,0.7815530144372377,0.895960381210981,0.9052520940232311,0.8941688841581074,0.8837163520695065,0.93506265412532,0.7957349039744301,0.809497646807988,0.8216639515998355,0.8274520252262374,0.8961794751964846,0.9232395021573322,0.8716925479132589,0.865909693613059,0.8943979088645057,0.7971066239496417,0.7776864917585865,0.8788929675549667,0.7852877071082742,0.8799494433417335,0.8391382933901308,0.840560955894773,0.890579469952108,0.8145829937219836,0.8391982618060072,0.8738087253177389,0.8345619003308401,0.8610708440683424,0.8052738022055977,0.9088133152641168,0.7572238951769495,0.8343418762206969,0.838042089739723,0.6528528186195652,0.8687728314986183,0.8015301031266071,0.8619435012481235,0.8029402014585559,0.9411828383531895,0.7036272217872847,0.7649121191018823,0.7641596092239554,0.6482315848266285,0.754915058170998,0.6228242879613141,0.6733700868004132,0.6593914380746545,0.7627502237951814,0.8512913328298498,0.7521911169608277,0.8493403482299889,0.8296534519684152,0.6440574098146731,0.6497842907256093,0.8686600081343038,0.8268348896386528,0.749824548702916,0.7825958123850275,0.8889138174456963,0.7910734748382017,0.6849764807297306,0.7825257876985496,0.8788699603608306,0.9190658231726433,0.7426099951458439,0.737029118545142,0.8998613807134919,0.7769987940136464,0.7327478065002919,0.8384527270182833,0.8362863033403466,0.8513595601490802,0.8712917325211549,0.8172143951041694,0.6953275096388127,0.7218233578417695,0.9645554821303175,0.6554227139213503,0.8969418791255932,0.6118299456661808,0.8245039644505616,0.6885862227740038,0.7329427555239658,0.7278139662187436,0.891169114803538,0.7057421671178664,0.8525134173909575,0.7565023149390299,0.9150644200617576,0.8500056535843444,0.8760031885430993,0.8993738949307418,0.7343904046899106,0.748338616899995,0.7673809192687484,0.7292522504446778,0.8799835653264179,0.8129663310083937,0.8486697977411846,0.7917032613931284,0.7477699317393623,0.724683854558142,0.7562773201736751,0.7346523605695028,0.9075787267098692,0.6319438640126668,0.9286173113775111,0.6825962888640325,0.8823006341291063,0.8358254977349483,0.7680289944746967,0.8481231405803311,0.7980823972406919,0.6470265656250695,0.7803825421667371,0.7874797130189987,0.6520341342876412,0.8860523726354328,0.8487380713432013,0.836669062481013,0.9130882465927325,0.7471989432084346,0.7584980063424454,0.8865341952831683,0.7372436304991633,0.8501856184593022,0.8977622185115297,0.9391526967861541,0.8722791093705905,0.9224389828499496,0.6296884343592867,0.7949694149140419,0.7669706190761231,0.8306543086265096,0.861831263279127,0.9685379326244512,0.8231313214333732,0.7885358006263021,0.943650890634113,0.7117219828223909,0.7238075979547405,0.7529750188747534,0.7524558130855289,0.9451472821515771,0.8348094684131632
