0,1,2,3,4,5,6,7,8,9,10,11,12,13,14,15,16,17,18,19,20,21,22,23,24,25,26,27,28,29,30,31,32,33,34,35,36,37,38,39,40,41,42,43,44,45,46,47,48,49,50,51,52,53,54,55,56,57,58,59,60,61,62,63,64,65,66,67,68,69,70,71,72,73,74,75,76,77,78,79,80,81,82,83,84,85,86,87,88,89,90,91,92,93,94,95,96,97,98,99,100,101,102,103,104,105,106,107,108,109,110,111,112,113,114,115,116,117,118,119,120,121,122,123,124,125,126,127,128,129,130,131,132,133,134,135,136,137,138,139,140,141,142,143,144,145,146,147,148,149,150,151,152,153,154,155,156,157,158,159,160,161,162,163
0.0,0.8449860752501809,0.7584966124502994,0.8366301103230922,0.8919146007815769,0.7619397976697223,0.862704113634321,0.7759161005797709,0.9165264728537937,0.7337007788222857,0.9173711656920774,0.8446841168415011,0.8547741009883996,0.8304676965903531,0.8545178905226228,0.8435245294565074,0.8469780084787297,0.9501207140418338,0.8482960797637591,0.9603372852697234,0.8680058212001553,0.8917921094081894,0.865464579252572,0.8254001419684959,0.8859519500318075,0.7763756949490598,0.8349364286776261,0.8143086629428952,0.7733745544774838,0.8706787606748337,0.8602452691561449,0.8492872622353139,0.8216997888376882,0.7818983467321922,0.9238119962428515,0.8325224533948925,0.9036255678575139,0.8846130472511058,0.8251738014682163,0.8404734872182571,0.8033858534195031,0.8436865854287695,0.8853324863453116,0.8675434397445693,0.8437142393152014,0.8543494895299232,0.7919487038708408,0.8635565051005484,0.9141757153728324,0.9393460838814993,0.9145342329751432,0.8348542216690137,0.9008215273005549,0.8527222818183631,0.8679212870955256,0.761062213970937,0.9571395249350784,0.8557285731258141,0.8623217915951298,0.8700610227036725,0.7688471688109997,0.7236349105622188,0.867237808726421,0.8145321396720352,0.8753329610329932,0.8383904397148567,0.8150440228710087,0.8304135225926562,0.8533461258618609,0.8386744201831432,0.8880432930848777,0.8691935419260277,0.8451055430048299,0.8657381954708965,0.8107289018428716,0.8246658045195632,0.8123377423178892,0.820069622545474,0.7909605787417994,0.6598289223744999,0.711537193572005,0.9076967323381735,0.8619366167540461,0.7396674211636923,0.897702564197949,0.8585387265305905,0.8141896604653583,0.9122304486895685,0.7944593463895024,0.7754565077094685,0.9516725378649045,0.8396621658636265,0.9316930698403336,0.8731422612011025,0.9288503594767686,0.8146538813286004,0.7428541041993605,0.7463705175910933,0.773841531139944,0.7702920810738698,0.8120560064590555,0.750231002046473,0.8120460399362667,0.7486797269956635,0.8936008464960418,0.8041943704233853,0.7543375586530445,0.7970629566332965,0.8305984696756628,0.816397750179983,0.8626652065472725,0.9266930821744352,0.8176388527853923,0.7988049434534092,0.8586344820414739,0.8258789117891046,0.8428366365965425,0.8882869141100159,0.7520824519744304,0.7389031972929186,0.9078950257134839,0.7300317493452322,0.8552269479613603,0.8555228464992766,0.8525769433810375,0.779979467782562,0.7329316703353191,0.8018280212446488,0.752307867938294,0.8536103072721741,0.761345106795208,0.7715778113693137,0.8043000490383782,0.8645309529660006,0.8393672563538094,0.8201796748227502,0.8527963075565249,0.8702245506954671,0.8630914632279877,0.8839264448844079,0.8165496740215237,0.8256159527184745,0.9243824819924145,0.8677781138885109,0.8717086458608119,0.8633826947355252,0.8615945746555459,0.7026335977811328,0.8413754381866997,0.6440567649331885,0.9018166025624149,0.8629831013658358,0.9371157139135196,0.7715542178240938,0.8115094200777297,0.8611714351331875,0.8483549797596279,0.7482564298564721,0.8710837711682954,0.8189330354887908,0.654784225070936,0.8954220892578498,0.8732994145051414,0.952372163218946
0.8449860752501809,0.0,0.8149773325048122,0.8432418169826948,0.7938804533907058,0.8409577377410752,0.8140954745676907,0.7972119327605462,0.8005323036158275,0.8371426466112064,0.8655904327617525,0.901659790746487,0.8562955855578517,0.856646100693491,0.8013524206016999,0.8530389660677283,0.8539213214068333,0.8045948525800775,0.8156033916677629,0.8957778611229791,0.8502328065879132,0.8624455466041621,0.8149389210598988,0.8332613441774834,0.8608715764045763,0.7600878078037728,0.8287688060706199,0.7935399579874407,0.9314778103138284,0.7853445340046993,0.8335263263355481,0.8350167721758803,0.9019481930633619,0.8090865270800175,0.8700688509823181,0.892054268227251,0.8359928900288787,0.8674393842052652,0.838538780213248,0.8620710856572132,0.9072521578542587,0.7768420284261685,0.7562383934134301,0.8414649487965054,0.8787731189702173,0.8426539576885074,0.8006925885663433,0.8348717814228737,0.8315093695687251,0.8656222825068495,0.8249340442286359,0.841890031458161,0.9057899950604522,0.9072881927379348,0.8912671529816018,0.8376012902004285,0.8583232922700483,0.831913280521767,0.7993139775735527,0.904946814629895,0.8065981274334771,0.7463350454858878,0.78442387782792,0.837727744363475,0.739949815655625,0.7610914701912215,0.809425691133771,0.7362873013746228,0.7584993451700982,0.7469664776795325,0.7910026784824943,0.84675587084763,0.7591843852411861,0.8274157366873476,0.8305001027854101,0.7881994533982789,0.7687855330835818,0.8611088106999115,0.7891899896596054,0.6918247987233027,0.7965618247807947,0.7796697079018293,0.8742603704017449,0.8162345023391939,0.8218617213751264,0.9152773151478868,0.7303830870070049,0.7740586855494407,0.8140140911027836,0.8565717235072474,0.8194338358233041,0.843102694084098,0.9096618746842629,0.8323948198615497,0.8431541117390223,0.8836777990986611,0.7721174323272159,0.8485255706398478,0.7670502565459141,0.8111574368697261,0.8498513851506462,0.6910307023630085,0.7073295437604584,0.8100155650309371,0.8314052846459,0.8285110257055393,0.791995452457716,0.849431068510534,0.8845181749578603,0.8808176792625817,0.8284872958545605,0.8201696508080075,0.7863567947638925,0.7826198074110916,0.8654994106282716,0.857896934625964,0.8623270106922848,0.8052522891765255,0.8125687960900145,0.7682632205549966,0.8430938995059416,0.7034236637856679,0.8613127696349643,0.842822417271057,0.7803994958790746,0.8863739820952345,0.7467532520830672,0.8620344420295506,0.9137281924150166,0.8361799697617612,0.7961919752876956,0.7675979268236434,0.7781024168447269,0.8431162146819423,0.8245589158560525,0.7620862535975679,0.876969978552074,0.8572074869431503,0.8798724247938812,0.8166796845960702,0.8276533515408986,0.8646945485394046,0.8976919591525347,0.8416750240844891,0.8949955964714574,0.758506660063345,0.8383140820153727,0.8115950047995572,0.9115303935889408,0.7447823568077553,0.7824023641578998,0.8936277752513647,0.8651908013272271,0.8464288446546545,0.8663444307324176,0.789349572488119,0.8123427147424074,0.8043690303242713,0.8565528494604894,0.7531678368409939,0.7575703276967158,0.845827341261953,0.9134174698340646,0.8166800516061794
0.7584966124502994,0.8149773325048122,0.0,0.8020095257414177,0.7965845720662376,0.8493066861373628,0.7193432531914251,0.8063094301816541,0.7134702590577504,0.8600926057177043,0.8601755437584159,0.7927604783758527,0.8568832465674854,0.725960257931367,0.7123377836358276,0.8800754442944305,0.8618142665863255,0.785021600678869,0.7200367688789701,0.7511790588912344,0.884457467485683,0.8951711794729861,0.7129448543301272,0.7455305191419013,0.8162339561097045,0.7714464923171761,0.7596063695252907,0.740281407607722,0.8017335515802542,0.7511991376340419,0.6713949494667069,0.7846046970371836,0.7721258644123826,0.6591952843980139,0.6926500043051669,0.7521367534680057,0.7915671691485064,0.7764187779505335,0.7037933818393441,0.7834492547871841,0.7577296619967945,0.8475884431010438,0.7640575030552468,0.7345181209348353,0.7716440455657512,0.7533740052050621,0.7670733203333339,0.8079209605666214,0.728215708497324,0.7762126107482821,0.7831076284613118,0.8200383507146742,0.7323470075574577,0.8320949482913498,0.7753540110154546,0.7424769820602091,0.7514206470321471,0.8709781463080565,0.7493805871033599,0.7286835163874459,0.7999342804220607,0.6662454397104163,0.8590137025920944,0.709951781431363,0.668730420126165,0.7301245923536784,0.7402876127234678,0.8115224074526258,0.8450867199427089,0.8124970951770243,0.768913532023263,0.6589531988367819,0.7506124973027578,0.860947849286355,0.8390980143170726,0.61200847819001,0.7833803256446654,0.8051451028041271,0.6935920077024188,0.61328257918174,0.8864263114186864,0.7269827396819962,0.8242564571123882,0.768380584665658,0.7454887008423743,0.8046237397481238,0.7463120521768833,0.7048920455767709,0.6954370095073489,0.6925233341769026,0.8244277493691707,0.6640449095999005,0.7804892931446881,0.659787730445868,0.7750630973293396,0.7926623473329125,0.6927506978564649,0.733892527561116,0.6204096844181005,0.7079430378855671,0.6385220417099033,0.7426949627481063,0.6770123483747503,0.774250578517183,0.7285142409970566,0.8235257407538232,0.7998055875347938,0.8532183528205853,0.772724854529656,0.8182331857592927,0.7522080097616758,0.7210812719306972,0.7828118745939401,0.7509952081953538,0.7200239928362697,0.803918905462118,0.6968596936381031,0.7537490844206379,0.9032099816950238,0.6793879467299933,0.7252245011551972,0.7119085006135821,0.7201104363232268,0.7449264102738046,0.619569557395309,0.7752598204891151,0.7029905236355994,0.7588333333730428,0.805043077899965,0.746309582466056,0.7575830625218147,0.900316155493943,0.6683458581604956,0.6809699575409136,0.7463344891726683,0.6554897016896803,0.7166731236523134,0.7012594633930063,0.814192633119097,0.7057886143482275,0.7394108400732562,0.7602577136898367,0.7496417783442048,0.794081199002287,0.772410208063685,0.7160968456900485,0.7740771849155826,0.7910442456234875,0.861710700894813,0.6576328129106014,0.6619022092596608,0.7081618989380332,0.8011387047032921,0.8632240058776338,0.8504272045737015,0.7417854602592364,0.7389557085113015,0.8327196833644646,0.6761861471362521,0.6891838202841601,0.801938318532868,0.6472313619236633,0.7883377374421433,0.7514930737561216
0.8366301103230922,0.8432418169826948,0.8020095257414177,0.0,0.746026939953753,0.7946889632780019,0.8425284747701282,0.8460562698371866,0.7298179330733507,0.798356938327778,0.8830440061387675,0.8259640803289575,0.9109551140274812,0.7871540529560247,0.800785226983777,0.8389983627935237,0.8516229020818775,0.847885701495163,0.8053854801249108,0.8123662582808626,0.8522322129845255,0.834604468162909,0.8489777895379483,0.8261578899297454,0.8501318810059453,0.827920005506171,0.8617083108494464,0.8519798318944138,0.7823845462550457,0.7422171270044607,0.7581522829101256,0.8253124763022673,0.9058028199350554,0.8120287793943282,0.7707435339159242,0.7891756716542485,0.8708723718778751,0.7858477892765074,0.7778454117084233,0.9144045872196942,0.8079801272120865,0.7531165645828334,0.7900288988770849,0.7787113459914299,0.8838336191180387,0.902001512277971,0.7054651540246409,0.8027936319150445,0.8472757443786633,0.8150776795350654,0.892105699721184,0.8333275904562323,0.8226163127711373,0.9115201222555972,0.8668282986467104,0.713735196535116,0.86226470509018,0.8212127328942985,0.8277629302496935,0.855647772733243,0.9025261656991964,0.6919844160405176,0.840534017649803,0.7077688513853307,0.7340941905296897,0.8575190112365664,0.9033314236805751,0.7823017851009224,0.7894013081476762,0.8346472553152268,0.7984039618607028,0.7523755495265902,0.7894494267396619,0.9397772752866816,0.8163644556106407,0.7595183497033565,0.8908988052816617,0.8133407325546008,0.8114622897995255,0.6530956152763677,0.7395101071255759,0.7987029884810158,0.803579389319174,0.780174966876241,0.8291824225542116,0.8228884249834255,0.8004549216555917,0.8120902497258007,0.8349997812375523,0.7699088133363611,0.8371968267671879,0.751856788673507,0.839172741611192,0.8239889170151748,0.8512847217834537,0.7811552678505371,0.733710396653183,0.7394556471031714,0.6503000786832339,0.8632116689179963,0.7517316770121895,0.8041437948656276,0.7823870435014876,0.7370284677507968,0.7989453233546997,0.838515609106708,0.8536306253407249,0.8087039392019832,0.8719985864332686,0.8237355235682008,0.861620469926718,0.7814159763218512,0.8540683307068265,0.7771865956334535,0.8524609809767233,0.8525758880539861,0.7964298273342572,0.7798535724514942,0.824144620484759,0.7044347790867755,0.7552168727541443,0.7768449009551638,0.7572620525419173,0.8528724137786896,0.6635201991576795,0.8285568494775666,0.7338902497073495,0.8162515028089982,0.8017270844456281,0.8028830656457708,0.6911226063404237,0.7645327504173659,0.8107269574450089,0.7457411312405235,0.7823454811517018,0.672742032586823,0.7434198873465085,0.8026692688377821,0.8823989127778522,0.7929582105217169,0.8618173924760527,0.7429824266924167,0.8777487460982573,0.7753573122941337,0.8031749209045568,0.7646574556029215,0.7430965110969887,0.8161264843046027,0.7785838100267325,0.6140342310896895,0.8079854406540965,0.779759040683922,0.8493186651935271,0.8065794725039465,0.8588633307851189,0.8385402554165441,0.8823397308657883,0.8396362447329786,0.8561747585778319,0.8181462707933138,0.7754554097327319,0.7304629343703325,0.7881311036978017,0.8090503782559239
0.8919146007815769,0.7938804533907058,0.7965845720662376,0.746026939953753,0.0,0.7184999472720275,0.8275082876494432,0.6750637509871464,0.8147942632712469,0.700875160094104,0.8742563434185223,0.8003768219403669,0.7655785973557683,0.7357102405139417,0.8507805286508042,0.8042361119286356,0.794176550387653,0.8736646580586149,0.7645124792747598,0.8435463824966423,0.8826391412334361,0.9089686563194391,0.772626126053448,0.8500080973168218,0.8039226434416726,0.7726400344188252,0.7224028576424357,0.6922540103927015,0.7710970577092456,0.8247072136040832,0.7751175604305657,0.7471177435247045,0.7784995381908386,0.663242771578729,0.8306058774625968,0.7660594919478128,0.8335963215769339,0.8154357885846691,0.7950259527567469,0.8029300296612726,0.8187466388854993,0.8199265505740442,0.8670846875878644,0.8871704489440151,0.7348857601822889,0.7680289733253194,0.8364032978962559,0.889930717334347,0.832447975611915,0.8727043418601234,0.848758010483413,0.8321500141546571,0.8143973788250654,0.8126089039558377,0.7939961700312893,0.7115457150554431,0.858986935268105,0.8158889272233855,0.7865395210416943,0.7535339147837634,0.6657710576584693,0.6573496208764578,0.8379759442219207,0.7542190149878025,0.8394936590565338,0.7362342345569898,0.7083072833219058,0.8621242525915437,0.7964140675793211,0.7485952350384507,0.8728724361420207,0.7800221972403375,0.7278496272298979,0.7938033828511949,0.7238821273893958,0.7049751013835823,0.7362154173043935,0.8534651004965408,0.7204130153387356,0.6666515278535806,0.7726888947911976,0.8364259099287458,0.8905815176396097,0.6698269470541045,0.7790230643145061,0.7965128137050196,0.6966639617876648,0.7818007717191713,0.6563652908546798,0.7055447731398489,0.9156397392339544,0.7432972477189939,0.8822091503252429,0.7549966580530232,0.8443670360150002,0.8109865821055271,0.6680427738982289,0.679160501966493,0.7107845901684217,0.6558539533662346,0.7278166797421592,0.671762745443317,0.7253131837611538,0.7544835519247495,0.7671634751628259,0.7663610966190554,0.6821705737542216,0.7394409693612516,0.804451785452006,0.8270717463472697,0.80640907364483,0.850827979489314,0.709342189924511,0.6836128386029309,0.764197986335529,0.7695712340154778,0.7226758677916686,0.8457547223987115,0.750144028694559,0.6541055404068156,0.9248341571902933,0.6477221737915009,0.7782652526077302,0.8328884693593819,0.7990665412761891,0.7562689484001417,0.6512269543811122,0.7473587538953215,0.704808132743329,0.8334442421248864,0.6900459889995043,0.7679177728436396,0.6709222311654046,0.785169827882911,0.8085553813301531,0.8628947425510494,0.8417235009503669,0.8444267695506719,0.8078790612795544,0.8202965236126667,0.7593247328113181,0.7605153032125607,0.8002665141963958,0.7962334297670018,0.8557159547482069,0.7860589719911387,0.8869739320791351,0.705083489824061,0.8064178428591652,0.6064620396602272,0.7798540331879843,0.8021323972557834,0.8580578801209946,0.7919451763735931,0.7984492978523033,0.7882829323486308,0.7702512531986785,0.7500643594853567,0.7886553418436145,0.7140696927793946,0.6746734072135284,0.7918692094341475,0.8161368303927538,0.9330544711723404
0.7619397976697223,0.8409577377410752,0.8493066861373628,0.7946889632780019,0.7184999472720275,0.0,0.6955581672319074,0.8624433228672939,0.7292261606223704,0.7993133166252085,0.8228258471649939,0.8642812909926506,0.8785829774592309,0.7590532705405448,0.653929163266837,0.924028351564992,0.8825928350235804,0.703413164151083,0.7745300314854903,0.7720096486954546,0.8422977588056872,0.7630572347581732,0.7107972870729647,0.6914603826580803,0.8086082740447166,0.7639808367474863,0.7567387922460694,0.7881479405535998,0.8014564953389932,0.8026076246011091,0.7251360942242616,0.8876293847210908,0.7792696671689155,0.7944835719799211,0.7136447672170797,0.8072570719719216,0.8056392851700633,0.8035649977933557,0.7381777059655846,0.7341022300662694,0.748982176717239,0.7980687585158547,0.7230447779263995,0.7413638560530429,0.8163139018354992,0.7916329835933805,0.7697981132365678,0.7778597567116836,0.7174853695978618,0.7789409786135904,0.7983969325803675,0.8628754611711238,0.7726015097625278,0.8268271170985166,0.819088772033214,0.8521713751140255,0.7918841801522613,0.9264418082299045,0.6749812591976709,0.8263572608385893,0.8615943667781099,0.8007621962346173,0.85758815526249,0.7242837483320791,0.6325915787182752,0.7645954850883943,0.7485173106155842,0.7199497539577321,0.732773010889522,0.7794625740919935,0.7439237662526808,0.6932408219285973,0.7721933553827937,0.8330131665452893,0.8933761634270275,0.71130418209045,0.8144980443116615,0.8204759229326206,0.7569577264154205,0.7560543786384877,0.9102378871503978,0.7072369823786522,0.8185314374975647,0.8561220072628644,0.8410506575418553,0.8330013715478818,0.8191909051274607,0.7169682613585733,0.8323903876297305,0.7805822840292626,0.7977530945385805,0.7459508180745892,0.8049295189863542,0.7570421421728778,0.7492801059217167,0.7935840352974798,0.7680867400317579,0.8344809161947553,0.6954333290467898,0.7966339574176056,0.7138083211560428,0.7636379885258723,0.6826894572536708,0.7031022815016943,0.8021088813408486,0.8809739660268411,0.882795142078984,0.8398383180457839,0.7614025999899561,0.7945750049717833,0.7879128947370007,0.7416382146850797,0.8520998263999972,0.8254347274762835,0.8047461261767986,0.8530959707456568,0.8253445381044916,0.7148514726573097,0.8598479886595342,0.7771589119694697,0.7197931159445706,0.7898383201638536,0.8133507356848072,0.7900014133885104,0.6444096836223379,0.8183905267063862,0.802858450948098,0.8514310836843264,0.88349693662574,0.6870698087738556,0.8291600632279811,0.9173889432663274,0.7823351526714629,0.7541538110661622,0.7058520479499973,0.6188009511201669,0.7645009880400808,0.6801043147728674,0.7136417289814851,0.7311464315125705,0.6981586910588108,0.8637201908192462,0.7950766343939901,0.7904682057631846,0.793186513319149,0.7136489420393853,0.7620361604100312,0.8174127081575423,0.8273879132987028,0.784501399394075,0.7061702661657787,0.7542843231363254,0.7704863889565317,0.7576606081843522,0.84876313581979,0.7164630364167082,0.7366381784550954,0.8735124409910825,0.6702402875867476,0.7938335203742599,0.6842201895142651,0.7347425808037111,0.8255507715469106,0.723202517913224
0.862704113634321,0.8140954745676907,0.7193432531914251,0.8425284747701282,0.8275082876494432,0.6955581672319074,0.0,0.6803330620990305,0.7057928460406607,0.7838651454866185,0.831043870894439,0.8301934212688445,0.8157519082826161,0.7464921251540245,0.8687275997372017,0.7712252157141358,0.7763863526273227,0.8494746599893332,0.8034432949794135,0.8170151769802966,0.8357698781283568,0.8049867819140913,0.924285691894429,0.9073781777248118,0.8799096744746614,0.7904398564168724,0.7713299919849835,0.7589785181449337,0.7823311860215717,0.7538779962703437,0.7967218263992257,0.8213015207405451,0.8200434223301678,0.8281804114302244,0.8069686498588206,0.7550875108303066,0.8862993845357923,0.713847561460933,0.7968835115529965,0.9164427873978133,0.7729561461341731,0.7373944202126108,0.8419808779496077,0.8567776761378852,0.8216544329961197,0.8900279974158217,0.7945099221663144,0.8491311360088418,0.9668231916675841,0.8187915223827503,0.9123956743840227,0.7727455598430458,0.8028219973054546,0.8542014155842627,0.8669884473479116,0.7105029468772693,0.8627673700887712,0.7280233406220813,0.9043420031660734,0.8177084892632261,0.7244982232338893,0.6525666430097453,0.7358646769877839,0.7161337117885767,0.8198599553716491,0.8232906737910306,0.8496682525323535,0.8369966153684223,0.732968314809733,0.710290108700085,0.8086559530480317,0.7989369305135953,0.7231762680157082,0.8671771257296356,0.6690536740975502,0.864551989847656,0.8485293486608999,0.8735442431469354,0.7286533612996816,0.6921156808610431,0.6855467419160953,0.7936919936442544,0.8341350355302878,0.632668628381927,0.7859322144494026,0.7250996589286626,0.695547619244726,0.8625802004514377,0.7770648027873044,0.7303402928149286,0.820558728439168,0.8055316344496841,0.8781476004841264,0.8546981824852538,0.8247885492672464,0.7992219363609613,0.6462604962383333,0.7160311189839512,0.6717712567390118,0.7995584702872375,0.7822746163389395,0.736463342558182,0.8171725213684596,0.7566561833886114,0.7369372340182616,0.779315502853417,0.7577906509561322,0.7361720708024476,0.9121672046206764,0.9031946721419769,0.9296332555180583,0.7949653225048788,0.766803345101974,0.6596288499144204,0.7806377947905743,0.7512492236504296,0.8122881299030775,0.8878356134598505,0.7574833348291172,0.6247908044827132,0.8099731906189377,0.6302707122316721,0.7659796925625274,0.9139311084944428,0.718164853161738,0.8178742063955154,0.6732777658109268,0.7783039606569768,0.7351542152210891,0.8234293062101533,0.6249428436307067,0.654597377295315,0.7076555211234011,0.6958476906203833,0.7887591096628026,0.7712535300106957,0.8193954499842131,0.8640113803928038,0.8471649201397607,0.8258884584699135,0.8036373124111312,0.7301012130094064,0.8804448979593028,0.7237114188667537,0.8428187412022675,0.844188695962149,0.7428236723227355,0.7823709156407499,0.7889181400880124,0.5554141743358991,0.8137886607331501,0.8125828803193013,0.8099718244667589,0.8445426518234894,0.822731799127386,0.8267713098422661,0.8673857532261009,0.7946309185807332,0.8763266948872542,0.8263713662821479,0.7572547803725214,0.7753772145734343,0.7877387260990364,0.8257129782467147
0.7759161005797709,0.7972119327605462,0.8063094301816541,0.8460562698371866,0.6750637509871464,0.8624433228672939,0.6803330620990305,0.0,0.7743179141621408,0.7647284088500226,0.828845584141737,0.8263497482628244,0.8815159897882758,0.7403770888228338,0.7194793483508657,0.8575984429007895,0.788579240450119,0.7490811792868551,0.7616584116901998,0.7915389960566753,0.7850988040169301,0.7837119227547019,0.7074007510619557,0.6967903161374502,0.811975659249378,0.7735439159072609,0.8096167515280243,0.7775808702570299,0.7384886833019294,0.7531206201728516,0.7819534913184052,0.8152639419322619,0.8268158588370871,0.755333642710514,0.7210131433249812,0.7905033925868223,0.8484976636888618,0.8260500554557675,0.7756660760977439,0.7331464799733567,0.7457134022314396,0.7155633953838225,0.7730411650099144,0.7182366449688076,0.8848504651300036,0.8243440879906108,0.6684039968691754,0.7754567456605139,0.7169999353317308,0.7759771511775462,0.7909417923054924,0.7675182293014559,0.7287179574044588,0.8262107275281096,0.8239650269776769,0.7342870763010457,0.7862155710647438,0.8827141282972856,0.6841579233763391,0.8056219364404573,0.9512718023418796,0.737458649038137,0.856496891563691,0.6932712727141545,0.6548153459408708,0.8022015179908278,0.8126242772195854,0.7443841898414818,0.7709387492627268,0.9123790527046158,0.7781081269271083,0.7021268365621579,0.7428716333762712,0.8369872745026282,0.8685416021294496,0.6960644690959509,0.8254568653367466,0.7364032031391711,0.8568315107075498,0.622623781285917,0.7471630299625914,0.758423862833038,0.7884132617300584,0.880325972728601,0.7824382048540863,0.864567434268988,0.9356924484886864,0.7543300466933822,0.8384656469458991,0.8174521444128182,0.7734604538350643,0.7201879521780726,0.7738445554398797,0.7344858931170857,0.7389470192434024,0.8064251454781322,0.8181578168470626,0.7499747475674621,0.6456285586763303,0.7851460337196507,0.7312031473408489,0.8686695570369805,0.7147114395843054,0.7351381704663993,0.8180066828147071,0.8419169295586396,0.8504104822501272,0.7790989671924209,0.7476416464842204,0.7330208525211227,0.7438242705285241,0.7397605872948595,0.8168575960852215,0.8395038927123053,0.8158718730515152,0.7940329594695901,0.7316016331252505,0.725800284794123,0.7421926385212143,0.7334516159699183,0.6978619409477145,0.9158178489746776,0.7108495046345493,0.7640616596296728,0.6370314847323744,0.822301065849279,0.7189970078949686,0.8622973749290502,0.7968489476960452,0.7483282284093775,0.764229834227343,0.8343636434124037,0.8590089893477717,0.7487183933543227,0.7683232778587463,0.6249491829268714,0.7444590760295481,0.7082882311247998,0.7977271521232011,0.7952727337557352,0.803637021757636,0.7644730844848371,0.7681832201144455,0.7844857474764654,0.7830290802729751,0.7071763135427983,0.7680054811011301,0.7821471212986058,0.7979954208170714,0.673216453330428,0.7859550450657831,0.7194568621271855,0.7792711849402637,0.7319698375641908,0.8447806885455938,0.8395897617337673,0.7697920638273928,0.8102661650250106,0.7116348710012914,0.736481846663069,0.6659835835883083,0.6951817419938938,0.8278224618850947,0.7279137905418696
0.9165264728537937,0.8005323036158275,0.7134702590577504,0.7298179330733507,0.8147942632712469,0.7292261606223704,0.7057928460406607,0.7743179141621408,0.0,0.6618201002834857,0.8294886985893362,0.7743908583350013,0.7566113787966158,0.7910604004056137,0.7759433425806019,0.7677037767577191,0.7596909680950275,0.8605193688613669,0.7721965056597396,0.9173151351100679,0.7651696419655417,0.8462576879330259,0.7274095995370318,0.7109354426106641,0.7848583815211435,0.6779771438213762,0.7790560263924119,0.7336855271229497,0.7169290710566285,0.8347064609157154,0.8335489469894419,0.742630891171256,0.7563141883878867,0.6719079862694683,0.8917173880715715,0.7995193728537213,0.7900658641685712,0.9036333166305424,0.7729802293259213,0.7047078754507686,0.7653997005822449,0.806561868877231,0.78495549207872,0.7785592756818382,0.7666973004954297,0.7266630407714513,0.7172303102200799,0.7680956761126138,0.760158274858371,0.871779024407141,0.7679074859691806,0.7577932443080327,0.8393781660417587,0.7551245353892709,0.7617938971638627,0.7477462985840431,0.8473380407821647,0.8275546935106627,0.7302843101537373,0.7871425382486918,0.7115469935187182,0.700714349838399,0.8121170970263363,0.8032559513659502,0.7969781417271389,0.7183076846231541,0.7047968535855167,0.7326878745786792,0.8132365817658507,0.8250813567629907,0.8216610703985171,0.8164993173642617,0.7892445070599143,0.7333171067354085,0.8110676995865009,0.7115309269718262,0.6785677987789789,0.7054198488450327,0.7512104898120213,0.5849989479818368,0.6630516063674198,0.8676699930638456,0.8006051377006619,0.7516289879450992,0.8073512070787758,0.8781960825742012,0.792639238497179,0.798704361160373,0.714871223809107,0.7736832584266476,0.8686663189203413,0.7895589217545389,0.829096740661042,0.7570087225476299,0.8435900367293454,0.7810675678370929,0.7551412257359419,0.718680961600747,0.7792595118658641,0.6717476388462779,0.7625745847224545,0.6725042582145386,0.7087207606611667,0.7245047623740841,0.8737146903098013,0.719130522784415,0.6587986626359787,0.7534490156001868,0.7045791952428174,0.7000295631837813,0.7149595364430068,0.8687834574209373,0.7283266056859221,0.8047522118136252,0.7915961303515148,0.7704459472401547,0.7511832399618695,0.7766169381071574,0.662283191494961,0.7615909590430644,0.8501900626837812,0.7353811061933088,0.7936398068777883,0.7261677081489947,0.8718341434538838,0.7041583652355901,0.6869004164679037,0.7436470278491328,0.7008396369044261,0.7885600957035199,0.8175264566532426,0.7542071082832954,0.7689419941801262,0.9066016808892087,0.795607756343783,0.7829929834014412,0.801323634725868,0.788390016345376,0.7848067717875896,0.8232150667171397,0.7630451580583711,0.7904838471618678,0.8203852840983498,0.8649123813591417,0.7935946617530365,0.7627139906215403,0.8772989172490224,0.6170409403044002,0.8026593418970659,0.677820671685465,0.8377957217540292,0.8076116165046185,0.8751305964455117,0.6810804502183805,0.7356713085180503,0.7937927716174725,0.7315467008980585,0.6581945731906039,0.778766161344172,0.6871964620260145,0.5732095413961424,0.8687113029373836,0.8604293984048671,0.8871826405922604
0.7337007788222857,0.8371426466112064,0.8600926057177043,0.798356938327778,0.700875160094104,0.7993133166252085,0.7838651454866185,0.7647284088500226,0.6618201002834857,0.0,0.8247434990371839,0.8171560086496563,0.8529813379311404,0.7351736123846564,0.6898989093217048,0.8424087746032731,0.8323133603252728,0.7619525761076742,0.7519133279915174,0.7373588022203299,0.781389939156652,0.7921072864775383,0.8210183965365703,0.7301440422794722,0.8969503016482172,0.6949121603655489,0.8165370908924372,0.8068667102712027,0.8706924168861753,0.7494402300471592,0.6841242909284206,0.8378903199078223,0.7468338549886575,0.7510437587813837,0.6918062224260505,0.7274108205818658,0.7914739239132806,0.7150754636712041,0.6891833679465859,0.8000955638450133,0.6981389432945221,0.7804515042106805,0.7130003332309709,0.6972249750699091,0.7837806469257831,0.7605882499643747,0.7164606737249404,0.7554045178237396,0.8047293131253651,0.7135371834432821,0.7554727784169897,0.7025478503917633,0.7129138287310656,0.7936399751012782,0.8144145483944518,0.7364447967087506,0.7258995487778961,0.7888544749951077,0.7956309452524921,0.7474244359186301,0.7840199316475256,0.6378427970601086,0.711468817148214,0.6988640942814376,0.6244252733177313,0.6970585508313628,0.7559499320110536,0.7277795238140632,0.7892824072277483,0.7607428060507093,0.6680018386565455,0.6786176445265525,0.7107988986367142,0.8311357274244655,0.7812214450374338,0.7082905972329467,0.7961370886739256,0.8029625829835708,0.6496023029585402,0.6305857488126935,0.75605199267127,0.6489071738516439,0.7845047031164375,0.7212870917416704,0.7124850191194406,0.728131472508209,0.709074543788257,0.7302635138203959,0.7858155786626022,0.674116158072676,0.7422257343230189,0.6882622745388541,0.788398352090626,0.69061354160707,0.7222728822124785,0.7906425719000328,0.6239426989658501,0.7491919400195468,0.6085722673768663,0.7580703700454741,0.6790751317926383,0.7317473920150995,0.680161932456443,0.8057759221830265,0.6882637184752269,0.7581102602121886,0.7808979280131005,0.8864871553384226,0.7853680598941887,0.828533837530615,0.7801366986380011,0.666631356957437,0.7582653965979028,0.760655799972738,0.6967966824159725,0.7602535034962153,0.786054590046567,0.80901376738659,0.8491722969998343,0.6670681292060199,0.6593413573579756,0.6515909491064604,0.6985454801747354,0.753282963852069,0.6000101884182104,0.8206442925394192,0.6748986923326974,0.7396609116171075,0.8286329690131029,0.7088659836884532,0.7473603566418675,0.7334132379463058,0.6895547040223117,0.6230543040520178,0.7002253593691067,0.6079773104614816,0.7278921632005023,0.6909807092166199,0.8233956481958983,0.7084015613303166,0.7520663903587005,0.7559556717450733,0.7615218689729981,0.7219476571765917,0.7534792524453351,0.7157137415914957,0.6626228737183218,0.829542766411933,0.8962379437380971,0.6455365208734687,0.6566029357777828,0.7734038624461782,0.7611179986847427,0.8465247883133892,0.8388572605757909,0.7148318731821015,0.7820201398702734,0.8107989355521303,0.7161293557693937,0.7467179761716682,0.8381309820794858,0.6737200920620112,0.7632663356827981,0.6858873469914364
0.9173711656920774,0.8655904327617525,0.8601755437584159,0.8830440061387675,0.8742563434185223,0.8228258471649939,0.831043870894439,0.828845584141737,0.8294886985893362,0.8247434990371839,0.0,0.8907159876838056,0.9028712890666807,0.7839309324534102,0.821600279741241,0.9308024177452824,0.9128418660628947,0.9246175104890444,0.8815178947950513,0.8948771563893212,0.905113262277717,0.93097660503817,0.8687199696720087,0.8346551463211775,0.9205859183464475,0.7690420732679674,0.8752639286648025,0.8733094036354959,0.8511881661059116,0.9009976171464071,0.7959092975470772,0.8611428824977392,0.834423213805939,0.7575935366233805,0.8207077204933184,0.7928323576064144,0.9012861439334742,0.8744061838521746,0.8293796371471708,0.8563744618329879,0.806845388640695,0.8462533698499952,0.8599291687873195,0.8256221448042251,0.8250508908332307,0.841051196179352,0.7351973243814547,0.8802905047876481,0.8900841948599785,0.8657163312621188,0.8906010922375981,0.8168565785719476,0.8532198083514088,0.8847197773201215,0.892062759613231,0.7137728178208113,0.924761725688512,0.9314100163716602,0.8158039236907983,0.8365250527495008,0.8394879691715523,0.6778352456923409,0.8880166656404199,0.7451210564714155,0.7682660525977354,0.8002055217116046,0.7856091657920548,0.8065030989223909,0.8643937206024018,0.901715040102524,0.8179667101688627,0.7775040326664096,0.7825341413277194,0.9053111309905809,0.8817360600502354,0.7611427379523527,0.8609739643243365,0.855681704230814,0.7784904319608718,0.6853142814130554,0.7847741624068916,0.8087171436260462,0.900195663573749,0.7853630364643623,0.8369207301610126,0.8501109085028901,0.8208973669123285,0.8201159294017771,0.7955862315245211,0.7333899203762119,0.9193561773268052,0.7319367227445278,0.9319771780491896,0.825944728694059,0.8566303678192844,0.8239996416533981,0.7150257880307489,0.701446057324274,0.6757028581119479,0.7436722910044605,0.7624037956422696,0.7917866325126783,0.7251108406469076,0.7767925928097487,0.8185360117157854,0.8135647495030699,0.7974196045669637,0.8665602055103088,0.8213432782684942,0.8429238009364518,0.8583802511187495,0.8197263808836279,0.7896845709922894,0.848399701547981,0.8245932417965549,0.8589916724359544,0.8226975147724687,0.9010365964589638,0.8074280227617084,0.7058992787178499,0.8409897685892375,0.7430848123011704,0.7760916846015257,0.8691338456022254,0.7354053090212553,0.8483554309322151,0.6874141328042462,0.8046958260144762,0.7883259663210355,0.8090860037725712,0.7708242160343537,0.8411780434806495,0.8183350487758068,0.790655673103841,0.8244420033598179,0.741918076416878,0.8381424912447822,0.8037011131099723,0.8899131284562826,0.8759319041042205,0.8329308215488334,0.8054410694799399,0.8516531186322945,0.8223253376291402,0.8571211129242724,0.7517002650980997,0.8183475305448238,0.8076528894409098,0.8744075112555839,0.6554498995627192,0.8307846872889377,0.8792987163096849,0.949955792107355,0.7845364939987572,0.8822535427425158,0.8430103677918747,0.9087164873742759,0.824871640335849,0.8271455655718515,0.8171203695936998,0.7071171150083349,0.8040158117563004,0.8270500386891348,0.919354333998907
0.8446841168415011,0.901659790746487,0.7927604783758527,0.8259640803289575,0.8003768219403669,0.8642812909926506,0.8301934212688445,0.8263497482628244,0.7743908583350013,0.8171560086496563,0.8907159876838056,0.0,0.8365456362683295,0.7231097518530138,0.827011927107006,0.8738459167780003,0.8192909333366842,0.7778869789531723,0.9262368715129707,0.8727392877406253,0.8964142329712212,0.8358636080374022,0.8178655537686139,0.8575076357275234,0.9256734545855805,0.747432832687903,0.7611571507543952,0.7836545100179284,0.8571467726113768,0.8401235899232332,0.8801931321511763,0.8714262552687401,0.850523783331377,0.8425547925469685,0.8005362031829679,0.8158997562938107,0.8922657406311797,0.8030358108815534,0.915169281560078,0.7952580709681706,0.8323714500157607,0.751700172671737,0.8429470479151563,0.8723315161407397,0.858008234128615,0.8656705923429917,0.7571408571485485,0.8979004722317561,0.856333308361533,0.8295100842991784,0.8756853927345313,0.8085784582288189,0.8183242582374398,0.91305032513092,0.9223548818718493,0.7588167805203367,0.8919865622248963,0.8829485204058993,0.7519315742388721,0.8454349888715245,0.8370231624813479,0.6989200655835381,0.8167288237003538,0.720649291496939,0.7533066778799056,0.8102500711722019,0.7737328186726459,0.766022205948384,0.709191174811497,0.7965524473960341,0.8026908681707899,0.7651126579608047,0.695989475704034,0.8387326555298565,0.7940629096810174,0.82245521244232,0.8347900472369413,0.8592567966983211,0.8197132249991782,0.7406678971293698,0.8068565900757689,0.7911995208255733,0.9109750067205962,0.7513943833060336,0.8062560064650087,0.8338723796476399,0.8076482747485566,0.7775488815632159,0.82084724348525,0.8152398227302712,0.8000276901993234,0.8057929300435355,0.9110648068478302,0.8655261679336178,0.7598125623632943,0.8955736190601388,0.7742593207617134,0.780293738154803,0.6787199608636153,0.7597104656421577,0.8099836159544512,0.8031069034592208,0.726481298095873,0.8322913179046763,0.7876102464172452,0.8190531503368027,0.8315181054982459,0.7932277388506362,0.8312077943346549,0.9145819671131974,0.9106360075954391,0.7816069545593218,0.7573957376483429,0.751805134372497,0.8114168919425664,0.7876021321595815,0.8587854895773177,0.8793253977369335,0.7712368555904603,0.6630487401734626,0.8018558910324315,0.7236498638541361,0.7872692365360731,0.920776922781939,0.7234197009061213,0.936274797225244,0.673264503291462,0.8721475416705501,0.8338855678683579,0.7709296360377653,0.7245401886910247,0.7817519158163044,0.7848916367884087,0.7798075677596132,0.8593293519066362,0.7466804528278927,0.9144878693665841,0.7925790975646565,0.8159207411806996,0.9155882617183627,0.8124201399805719,0.8028421907739565,0.8431201219849925,0.7790961123094712,0.895911501158114,0.7410769342807001,0.838572379205654,0.8527170729800511,0.8921434271557478,0.6581435497617125,0.8529109992180204,0.8865189940119367,0.8520829499229426,0.7772092002177006,0.9565274573699863,0.8527468036692217,0.853932208102282,0.8600428131736938,0.7866342610872771,0.7867281637701256,0.6735183250939476,0.8095798798150641,0.8855414026435687,0.8252677920485564
