0,1,2,3,4,5,6,7,8,9,10,11,12,13,14,15,16,17,18,19,20,21,22,23,24,25,26,27,28,29,30,31,32,33,34,35,36,37,38,39,40,41,42,43,44,45,46,47,48,49,50,51,52,53,54,55,56,57,58,59,60,61,62,63,64,65,66,67,68,69,70,71,72,73,74,75,76,77,78,79,80,81,82,83,84,85,86,87,88,89,90,91,92,93,94,95,96,97,98,99,100,101,102,103,104,105,106,107,108,109,110,111,112,113,114,115,116,117,118,119,120,121,122,123,124,125,126,127,128,129,130,131,132,133,134,135,136,137,138,139,140,141,142,143,144,145,146,147,148,149,150,151,152,153,154,155,156,157,158,159,160,161,162,163
0.0,0.8980306032797155,0.8847539112925066,0.8048187437122134,0.753944861431142,0.9172539110930271,0.7925017449528956,0.8224360209603436,0.8872777429546579,0.9081496699846691,0.9172652710379497,0.8302415583251896,0.9538099554167125,0.8334770647419736,0.8250499456927358,0.911227007966267,0.8972585629847227,0.9233645832564091,0.8457186232248014,0.9635892786258184,0.8811726718165104,0.9115374776593254,0.7671928511036233,0.8451303940330543,0.9570706441805038,0.8011030584854804,0.7663465929331411,0.9019030363072297,0.8409102018215666,0.7918855297078755,0.8623240020458699,0.9205859066726945,0.7952549532463138,0.8145737890836259,0.9248647547627742,0.7488055619490335,0.9203823556077638,0.8675738018760366,0.7659203332739277,0.8393057661776638,0.7431988850579709,0.8730173568379381,0.8272982229273523,0.8744804618610994,0.8682701462706278,0.8350176175353017,0.7599428134868411,0.883177054412097,0.8991550584025991,0.8220352076705341,0.8464221804892897,0.8760273707254461,0.7607743437783356,0.8428275369167838,0.8318215292136857,0.8505274584198308,0.9158857659421686,0.822547496421989,0.83887074467374,0.7965962626043844,0.8675093627861195,0.6972841843746871,0.8572866088229739,0.7317308124669916,0.8263509322639419,0.8556272449044328,0.8633220622015232,0.8859236712993533,0.8291485354911783,0.8696116157965634,0.9129945329403493,0.8266634170964908,0.8760217631322985,0.8955830129952476,0.8929360898462854,0.8627850154047119,0.8159714880231598,0.7858828973020008,0.789749931218114,0.7729591036920207,0.8537745009199902,0.861321534541455,0.8752019087850019,0.8647791443702947,0.8650098089848393,0.9042345102401674,0.8497688283559326,0.8112125220793343,0.8679670214735511,0.8164414885122541,0.8285968938503574,0.7766232838729346,0.8232166314752511,0.8830839385832208,0.8851246593409124,0.8730160767523925,0.7508302115517345,0.8265550826701225,0.6915742841955412,0.8575212852023557,0.8062530282096473,0.7323763312006324,0.7098137980470708,0.7786850861081113,0.8379447821994938,0.8523785239775487,0.7796291995721816,0.9003288755659377,0.7888528615281267,0.8771219935580843,0.8553243582761761,0.8079660810813116,0.9047426326286626,0.807458004169315,0.847025323613431,0.8963655889193958,0.8842949034502758,0.8882404206817619,0.8590803251978937,0.7824518863607831,0.838134209852431,0.698205264972337,0.8690128078384821,0.8930061911552756,0.8428730696295756,0.8624743921480792,0.7279424257518885,0.7782591994065574,0.8455396555516174,0.8348625927778732,0.8348963055651255,0.864106235343202,0.8445138138352954,0.8513312816830376,0.8736319088652568,0.8352722591375283,0.8873613315920319,0.8281486542112013,0.8530563049922466,0.7913337213213252,0.8359172505700138,0.8473627492504227,0.8603162048143816,0.7677805080703011,0.8882972193603595,0.8275813193284351,0.8418470001073375,0.7821950987625198,0.9585248395261095,0.6507647172333072,0.8930758396117322,0.8229686256440072,0.8168567567738765,0.7397726998610842,0.8645808851256324,0.8877366656780072,0.9083116784873423,0.8714980485139224,0.8424944813403655,0.8569389281417171,0.7757341283865477,0.8968814657390775,0.897981588054483,0.9333994237251168
0.8980306032797155,0.0,0.8514085471123582,0.8139581566295248,0.7375619359792744,0.8894148711805007,0.8192187670818951,0.7841686783510636,0.8511648344023963,0.9058267598088056,0.8266544005229007,0.8530214573224739,0.885859724922243,0.84371590733892,0.8274381283618399,0.8386049615575506,0.8644640954011916,0.8335547023820497,0.8061596954776716,0.8909438962889547,0.842913506220556,0.8783926870294033,0.7773679735548259,0.877252799312127,0.8705367593769916,0.7653537578307108,0.7758295820698442,0.8518768440996105,0.8899126063775864,0.7597929210632312,0.8405851250593624,0.8382580405287526,0.8578864240700834,0.8194918431877536,0.8965428291871864,0.7732487171685706,0.8281284170234334,0.8154651239418248,0.767333747759669,0.8849265614938834,0.8304517211211884,0.8414508726190307,0.707089671372429,0.8317045603068689,0.8554867643333051,0.8307379423586064,0.7914099712943984,0.7854651187389676,0.8429376698804388,0.7868985131151844,0.7934796432358433,0.8783897928208287,0.7964133869541506,0.8530467341586058,0.7894811342337705,0.8992126789954769,0.8560166082079628,0.77383380903195,0.790455620647347,0.8394192728617851,0.8065529792462184,0.6987078744182017,0.7614895524686899,0.7361541239516584,0.7604551441394051,0.7707134928829318,0.8354928492789354,0.796229379841196,0.7198924598689285,0.7558373042927398,0.8386981982538598,0.8152233349485885,0.785374316890936,0.8415763156406484,0.8430678780102063,0.8185004010028254,0.7491016116867514,0.8187385222285316,0.7546187225310838,0.7484757115203203,0.8100074647440104,0.8239622204803319,0.8927871926065911,0.8162843757096889,0.8007727187009119,0.9299796179891036,0.7299853899892892,0.7211636544201898,0.8491415951898016,0.8823088685086615,0.7742295905165595,0.8339717068428498,0.8053340387400604,0.8523666435055163,0.8532558977627238,0.8676726809966856,0.7295584820211363,0.8669658183781699,0.7114270639208236,0.8866730426912836,0.8052774261032812,0.6419163954001369,0.6504955172618344,0.774343346269139,0.781210721561264,0.8423306998088075,0.7479246862448383,0.8855273906186143,0.8426487096428965,0.8750542981368177,0.8213363991527382,0.7570072806527312,0.8237935370111786,0.7515537821697368,0.8345225428651079,0.9464321989189782,0.8659612546911906,0.7636453629091173,0.8166777791332268,0.8020445552836398,0.8335929467660487,0.6542808758530213,0.8364070914428448,0.8887076455839352,0.7940797848685722,0.8639732598685258,0.7481159412307103,0.8023567094117258,0.8772361040368043,0.8127643869551642,0.8509595600226944,0.7930146424705875,0.7704008392439775,0.8675505428407252,0.8071563021178798,0.7849843553757778,0.8785830050322869,0.8637233252012895,0.8325014916633584,0.7507469778669459,0.7905902820253127,0.8194133506900272,0.9126830404297327,0.7365411550305181,0.8412035940152187,0.771474020126222,0.8648212391646516,0.816773972965618,0.9046548750769022,0.6888486199672373,0.797456911966202,0.8178279023064032,0.7946095145768951,0.8064415402101924,0.8514030413928237,0.8100528234101283,0.8611506401186692,0.8793860398191722,0.8499452677388534,0.7779527721846395,0.7781239215261937,0.855061373715376,0.9112268225409836,0.86783347070561
0.8847539112925066,0.8514085471123582,0.0,0.8388294570494589,0.8440820099098845,0.8693649197632283,0.7833011575680022,0.8432755250060908,0.8337926657443795,0.8669559153329944,0.8913049902269675,0.8326435260555283,0.9045401812988314,0.7679639631820134,0.8386594937340074,0.9186517830916123,0.9055067699285695,0.8860545173660387,0.7894216773471673,0.840294503645823,0.9267003516605102,0.9593283001037526,0.7502052330613825,0.8416682609619032,0.8500823312762711,0.8444148624610704,0.784033578690063,0.8327346945816768,0.7814894210048842,0.7960967549741164,0.7781862716759593,0.843703517657709,0.8230598242568474,0.7381614004154453,0.7927480685023621,0.756140845762389,0.8455169860513927,0.8379938025852718,0.7682701482204516,0.8598304868267385,0.7881741115775953,0.8716966299865205,0.8273442296547059,0.8105310483290499,0.8443910915444768,0.8362625108750339,0.7842574173814056,0.820731265858434,0.8174883468965477,0.8354189489924341,0.8645762456691299,0.8934359406797112,0.7319298187005783,0.8644589324148622,0.7980002523092866,0.7858750517803184,0.867164013140199,0.8805631767268098,0.7840477645013743,0.7859374762877742,0.8303366685580273,0.6928935994458191,0.8782802055696936,0.6924793305377931,0.7755490213227672,0.7963087379469107,0.8150254410548596,0.8763578710025798,0.845514526443902,0.8589824382764063,0.9006342660232597,0.7193650813035933,0.8015696222641676,0.9322442016557835,0.880968244018486,0.700789786291851,0.8441627971614091,0.8281781366921831,0.773158779745117,0.6800523501071527,0.7973053481855868,0.8739455033657003,0.8755658245286263,0.8041577557248468,0.819563369630772,0.893117784324362,0.7824708562727092,0.76151647793203,0.7880554385451765,0.7834993083919981,0.8878180722360145,0.7257801828953039,0.8123429199468252,0.7632566541292414,0.8587898655434856,0.8192897925625697,0.73398868731604,0.7672985984995758,0.6339969006258677,0.8170529907829808,0.6897613325414093,0.7529663041270752,0.6999071937644893,0.7588563221621585,0.7938590741709346,0.8918999933321242,0.8109907247564764,0.8513188294064086,0.8125235316172567,0.8145506913058408,0.8163106831698896,0.79731486579127,0.8133666362815961,0.7836523028098307,0.8025539040688453,0.9163205492799226,0.7479497350965973,0.8161214035569982,0.8461367764294916,0.7416254357639177,0.8421057502655708,0.7310644612678214,0.7518407112684019,0.8589215034471555,0.6885426452770053,0.8204997292493511,0.7472388608822985,0.8106281186321342,0.8055680554015154,0.8245638697589633,0.7972114735594787,0.9234404891620596,0.7463965425255615,0.7886566734641086,0.8097184615670665,0.7396778680677075,0.7934589760733586,0.8055576394221968,0.8521966403294347,0.7833945149946534,0.7610092510922252,0.7778237325629926,0.8401534457998281,0.7873180972140055,0.8150909987932977,0.7925503031406226,0.8925664510737252,0.8050958122144714,0.8686845254905752,0.6316464941547272,0.7894735304863664,0.712145607402092,0.8469225216030837,0.8277071142532366,0.8670982297471281,0.8280498991455447,0.8285206053413172,0.8911160666034849,0.7444107027885806,0.7799941847405725,0.7432532292470048,0.7229770806980965,0.8555510355200538,0.8877915678488825
0.8048187437122134,0.8139581566295248,0.8388294570494589,0.0,0.7383905227351704,0.7964664042920943,0.8237539628895907,0.8283625819192993,0.7363281923720504,0.8054639010957593,0.8572539154712315,0.8367795221343642,0.8281117718576552,0.7588329538790668,0.8591560821283326,0.8100137931801531,0.8195369535736325,0.8091145781914714,0.824105912419976,0.7683878006359245,0.8516497148521939,0.8466829410508695,0.7755850236162156,0.8075518250711738,0.8090211728797522,0.8335953584440129,0.794888139283956,0.8354017479380234,0.7841979351834137,0.6898947720988129,0.7989838097339692,0.7956647203466014,0.9304126724411179,0.7959442423736599,0.7992736782560379,0.8130006135774793,0.7975253250627379,0.7939570236669209,0.8238049267208217,0.8639210954180443,0.8437106379659582,0.731007897019802,0.7840033495841903,0.824146662430059,0.8537924333742096,0.8100942713811307,0.666410852713056,0.7813752592769939,0.8238623258816168,0.8015467806379365,0.8847142882810507,0.8428876014752072,0.720409272914369,0.9397734803126111,0.8908192243880505,0.6865960788875238,0.8323019862926594,0.8279440136872769,0.7854616616257538,0.8056917670426594,0.8472416344759658,0.6776514974794686,0.8259098595268736,0.678488791150982,0.7429173574632583,0.7690191099510577,0.8319611307660527,0.75598519167375,0.76445014642645,0.8203337857428444,0.8137025357017366,0.7328006971535519,0.7772985262954942,0.9060425178873088,0.813050559565754,0.6947184937857002,0.8539994134613716,0.7784829044828,0.7866334557933081,0.6333352294140016,0.7036413100708997,0.8615733909925131,0.751360365244136,0.7742124618853368,0.8200128791117185,0.8181525108568708,0.7656245527336579,0.7812385026221537,0.7882436571049193,0.73190956616493,0.8385080962904298,0.7736643336611242,0.8230903260030792,0.7659457422996918,0.852990083346346,0.7954593229791088,0.7446377081469658,0.7576788560656454,0.6363992573372605,0.8540026425245945,0.7356005439567036,0.7697998015998391,0.806199937459492,0.7965558787333494,0.8046723675411962,0.7904189869881448,0.8086097350495921,0.7639699775764066,0.7998634953389578,0.7412445320400033,0.8684409082174489,0.8095200973880712,0.7895631286181825,0.7637437328786679,0.8217832621935335,0.82824084355012,0.7286098772442022,0.7739613841255585,0.8329368168953895,0.7359720340884933,0.7661615739846154,0.7847320435712032,0.7010242146768647,0.8290588145121013,0.6608347698042379,0.8515950719958761,0.7369432961503514,0.7917308262712849,0.8325089288291293,0.7974384124526722,0.678216230138478,0.776294022767784,0.7526702707510026,0.7988719143004065,0.7957945823823208,0.6763644254098291,0.6982764356113937,0.8395302368931509,0.8539308596277039,0.7940993493071434,0.8386637961125264,0.7203035661818604,0.8513025802052528,0.7999393537297987,0.7910154176234562,0.7652130880189381,0.7864633238637501,0.7544113036548415,0.7722885123901857,0.6010032896187079,0.8401551983291139,0.7330036789998938,0.8205749602964705,0.7316667535448192,0.8666430538944477,0.7912903134877003,0.7934658863235665,0.8175701440177354,0.8446372950147043,0.801934034999805,0.7039241652277473,0.7066738894226706,0.793556935456747,0.8196992518180086
0.753944861431142,0.7375619359792744,0.8440820099098845,0.7383905227351704,0.0,0.7096182047264736,0.8118984542526186,0.6784891688037111,0.7333324430297612,0.7488247315261803,0.7897604487591913,0.7918595837775133,0.7270485356988897,0.6885224007007753,0.7733247140721479,0.812349175044133,0.8189199673750774,0.7839427535244364,0.7229863746071066,0.7011297890223197,0.8196937610464742,0.832744855593642,0.7872771851307413,0.7602927959014836,0.7286954072690126,0.7510066491324587,0.7487266560407548,0.7231784997730902,0.7462931449925191,0.8313640265522491,0.6902238571401372,0.7404355209817176,0.7318868375830303,0.6723435479854017,0.720184604149699,0.7232560535096404,0.7113178126051899,0.7473375621812989,0.7240862496367825,0.7866100295813939,0.7553737225401247,0.7996739511040248,0.7555611013496518,0.7526405804097897,0.6980491809474165,0.719934182987324,0.7936069752514239,0.7145890129490724,0.793706293052907,0.7854978681469501,0.7970956427319396,0.7789538579922702,0.6774068838628861,0.7493819195491286,0.7424389887642366,0.6807578526787457,0.7671872358031508,0.831082244808853,0.7089868061746935,0.728074354652999,0.6381999608825709,0.6480588373619307,0.7402003494347957,0.6841213049316555,0.6936899773969173,0.6354979412545574,0.6561977836956879,0.7415837375396458,0.763109480405753,0.7045216433886913,0.7469786503866084,0.6739848868454346,0.6761357277703834,0.7880734873275274,0.7270610458638724,0.6165765672124813,0.7462462411307046,0.8736618672243777,0.6505900876365377,0.62195656588779,0.6565079583022452,0.7544711157710756,0.7960655435989946,0.6429113550036668,0.7348058817422072,0.7391784099354071,0.6293698509677509,0.7114403358886164,0.6703077416227531,0.6575474535845971,0.9071149188102621,0.6987782305194287,0.8357133166613043,0.6546828750831848,0.7642292016752587,0.7185187926961281,0.5951981453101198,0.6723930619664857,0.6481675230722281,0.683312355544605,0.622234973875004,0.6447882477269333,0.6743255812125639,0.7091207895594701,0.6968067408213193,0.7665176944051144,0.6871111664060844,0.7419822017604569,0.7590378267317205,0.6967201218973422,0.7569604902467,0.7818154738797283,0.6493802518423021,0.7055748145811035,0.6955285786539973,0.8056301874545653,0.6600963284932291,0.8100248492711072,0.732875984899949,0.6827737905285326,0.865489803935793,0.6436606843046425,0.6480969503406891,0.7728221516782424,0.6196991249587007,0.7203196338666946,0.6913119222110797,0.7339990178054226,0.7057653754379495,0.726924259242928,0.7135557416055899,0.7683850741291341,0.6161393476286229,0.7015439916412213,0.6605249210283658,0.6695368826554496,0.7114585301469376,0.774825878022823,0.7412988045351856,0.750003828301307,0.6344850286862062,0.7211486426965016,0.7658124519895688,0.7341340008250546,0.7243021396485763,0.7497707034705814,0.8166047740790648,0.7136942897682551,0.7476911924130057,0.6236377357969533,0.6681501349929195,0.6730100452034022,0.8076933292246686,0.7965480727916968,0.7608623972275431,0.6625128808929869,0.6934633762219464,0.7704474117805196,0.6698237910574332,0.7289732147039263,0.6303613603400133,0.6500505016082757,0.7408320038306867,0.8103658728218865
0.9172539110930271,0.8894148711805007,0.8693649197632283,0.7964664042920943,0.7096182047264736,0.0,0.7308592398727305,0.8369722667932068,0.8473891061784632,0.8434010081441545,0.8679161288779293,0.8512269419313586,0.9186622124809256,0.782637184213988,0.7691266434880614,0.8924603412414477,0.8510097836280218,0.7908675593573009,0.8245392144233258,0.8854167012022707,0.8758899893780732,0.8527740358552017,0.673915720293771,0.8063721847099379,0.8948179599511789,0.8022666556778538,0.6929716557671961,0.8250607667641192,0.8123699075367147,0.754901199087624,0.8558371796853744,0.8960610345787843,0.8080079385234227,0.8062622860556611,0.8515770282776501,0.7493940030588324,0.8945599445819834,0.8297108702045778,0.7816503763210652,0.7703777443331338,0.7477142516783521,0.8360697815845832,0.7714193018920722,0.8814151253370905,0.8465312720928725,0.7997437259954254,0.745340205527498,0.8765100358072676,0.7832200073788984,0.7718807914367946,0.8196350777168643,0.9060781484232128,0.7297944490493574,0.8553762947693169,0.8119918633608275,0.88202060908295,0.8616644348653961,0.8387646833622936,0.7205955445002401,0.772437949843941,0.8900798648711374,0.7298215449207462,0.8621396018948615,0.6794581894720265,0.7557887460862981,0.8341144327614246,0.8405814339261962,0.8546798931963884,0.7236164868813271,0.8341540832142074,0.9029864670676271,0.7525787840490735,0.8356474981814477,0.8538030185219425,0.881026812282927,0.8199826073104236,0.7986920773237948,0.7806051486929652,0.7893317039303339,0.82357047777365,0.9007354769348718,0.8416856390482942,0.87291294194619,0.880869276489129,0.8456441204147204,0.8979873379685916,0.8657911247534279,0.729618271514556,0.8435215273177691,0.8550330546975443,0.7771729200173735,0.7854197776207719,0.7709687520608544,0.8590540166271367,0.822589689980214,0.8931257985385349,0.7971974733561755,0.8531216031958182,0.6855143416329518,0.8450391923790537,0.7933154606240667,0.7293900744914902,0.6820320933969696,0.7503118413887566,0.8165926135188101,0.8501387392001828,0.7905333742784101,0.8446615715576067,0.7467221108746352,0.8706168139248314,0.8484611379640475,0.7619057473615496,0.9150699170574427,0.7757078617421197,0.8316245706915347,0.8803435032554078,0.851121489532779,0.7614927973914452,0.8621411000398699,0.7897221725575843,0.7879451023142068,0.7276766055008793,0.8628597154280749,0.8939581973919385,0.8084099060192798,0.8790387498510663,0.7419507696470701,0.8079988344825515,0.8611670637305496,0.7617836595476374,0.8211768107075099,0.9011353656218735,0.8399995664642579,0.8806022420324364,0.8512883870700682,0.7822086906828192,0.8602594294473584,0.7613183950672295,0.7488842535188196,0.7563601167357393,0.8102726364367572,0.8488457647473392,0.824979462895927,0.7510581320354162,0.8807471677315283,0.7675890339412992,0.8650125299814735,0.7904814097324113,0.8901162563478257,0.6795363001784841,0.8669893319710182,0.7837581017060825,0.7468313537956471,0.7003809847985524,0.8779317470560332,0.8629748340467358,0.8531073816123349,0.908322794697948,0.7865315812477377,0.8272098911258243,0.7348412329150618,0.8684434954295144,0.8988525907234673,0.8762673594069319
0.7925017449528956,0.8192187670818951,0.7833011575680022,0.8237539628895907,0.8118984542526186,0.7308592398727305,0.0,0.6913815545361548,0.7087898360619576,0.87133036283091,0.7713345015088608,0.824361837477062,0.7830378017903817,0.7312335103083815,0.8556529684775264,0.7615839635062166,0.7776563793849242,0.7934985016790539,0.7501409824958833,0.7320706683589399,0.7987399983093647,0.8019038380398148,0.8886446218252952,0.8579472320553551,0.8245431400292295,0.7803533165913495,0.7656579693174224,0.7643654286835766,0.7939561662311467,0.7327511137754836,0.7657366308538178,0.7887947534196917,0.8106065018349238,0.8056810420379519,0.7765060477837851,0.7219281849242777,0.7829751748315059,0.6840218952525184,0.735214304927125,0.898458215252217,0.7558082458961035,0.7722113520110173,0.7388845329820473,0.8026533652183803,0.7879409118229939,0.7968230027437032,0.78991522316682,0.742827068024053,0.9236134233590794,0.7413876246614922,0.8314727754567084,0.7761993195767438,0.6838543197063621,0.8083355746362944,0.7983977325988348,0.7509631753355558,0.7708143696740767,0.7279220083971897,0.8306988970186919,0.7640684242218311,0.6931570695365502,0.632463343691757,0.6881644741450998,0.6688070137163353,0.7264918470144974,0.6954545528494641,0.7861934508184977,0.7885191977178018,0.7060797854745897,0.6944162443435056,0.7664256695754434,0.7306561262305924,0.7018165846784392,0.8355014577692004,0.6818108139389687,0.7418305260559437,0.7931320713002,0.8808356850874313,0.6718846464501599,0.6583853334014325,0.6701924513784365,0.77632815572606,0.8111722019130795,0.6472321835503908,0.7339179474379122,0.7426138735234897,0.6548125192084152,0.7697942987757805,0.7633370130582477,0.7378028502363001,0.8003660633159435,0.8108077984627807,0.8046200143907678,0.7341585914607465,0.7875935146029637,0.7964151569193959,0.6047235050703683,0.7617684033558412,0.6380678890835056,0.824745333248725,0.706387958766538,0.6611871271251027,0.7532025661955286,0.7836135763766178,0.6862537663841495,0.7741213099057489,0.7089222515862014,0.7709068391405057,0.850232550665183,0.7963471418505257,0.8649688194002922,0.7407463891567462,0.7245791936424079,0.6586574882433076,0.7246255068210773,0.8049700508303557,0.7389746996537088,0.8377727758269443,0.7696548926944852,0.6770978111839376,0.7761806010863666,0.6255789419584474,0.6958652877089199,0.8600621281591184,0.6502136681924446,0.8040325133625911,0.6951629695082173,0.7588755141503231,0.7573796247161598,0.7714704678367401,0.6866605072538289,0.6740841809638723,0.653436752831284,0.6888971280396085,0.7091715539424366,0.6881512888918482,0.752506838336787,0.8581628579098516,0.8045509223054157,0.7465465542459268,0.7257105768151022,0.7061665788781716,0.8572425078376477,0.6807338017140316,0.7700158323982609,0.83712895667371,0.7608059460839346,0.7671665056596516,0.7897099683876699,0.5585788845222395,0.7324187146304311,0.7150350075367983,0.7435151828021823,0.8561251661221074,0.8174475936749275,0.7383151300073127,0.7783843198974824,0.8314393350669544,0.8010271501928476,0.7922536522873579,0.7233833595967128,0.7050961966535373,0.7892752673021072,0.7860813785057553
0.8224360209603436,0.7841686783510636,0.8432755250060908,0.8283625819192993,0.6784891688037111,0.8369722667932068,0.6913815545361548,0.0,0.8575780894416385,0.7853109363779527,0.8116939901673179,0.8526782770082331,0.8614119101363361,0.7160174457193529,0.8270309839874381,0.858619863529174,0.7743823771918722,0.7946340851750076,0.7958735563235526,0.8109570431996825,0.802556226339372,0.8217931048154015,0.6971737277832639,0.7342796640104383,0.8195084636018943,0.8058877639665984,0.7927869572980925,0.7921989525547585,0.6909093387418478,0.7675934492263866,0.8989329556413059,0.8292491424322437,0.8384982762223698,0.7743633219475731,0.7548496868852824,0.7798929295666978,0.8416152747592505,0.8476793389438831,0.8445855775812169,0.7380591410293191,0.7479333820091997,0.7253712578993924,0.8450768301204181,0.7463846327520002,0.9174907779385357,0.8533496626796174,0.6816829770042168,0.76447520508535,0.7407442599930175,0.7981965596752941,0.8259589348130845,0.7856594587589407,0.6744625482368205,0.8240287132942318,0.8246217171677884,0.7321753252110611,0.8226263920630105,0.8866713091306582,0.6787325896090777,0.8005394242650548,0.893407963444393,0.7337543725601097,0.8522540778578279,0.6480327946744805,0.7140583111662466,0.7993989938712354,0.8102770194172164,0.8005513070472682,0.7789687810693797,0.9380815906079403,0.8650683108252254,0.7064286810252413,0.7310056581560737,0.8606188537039507,0.8631651871632271,0.710419897813362,0.8450506643620834,0.7218807716618633,0.8814770308263711,0.6206141931511111,0.703811225320843,0.8741196179669999,0.8098939825840235,0.8408863454533356,0.7834172651954942,0.8965355875763726,0.880579821435267,0.7901262831058748,0.8698374576160114,0.8233636725132409,0.7923537358922432,0.753151076771138,0.7637677662263688,0.743629790414218,0.7430497660764934,0.8261994567506277,0.826430646678103,0.7541213478286294,0.6163431457655898,0.8251044151007364,0.7260078544442621,0.8835287005450454,0.7348400281175343,0.7742353328028357,0.8419159259347005,0.8694881955402902,0.8364047853141924,0.7584007323857057,0.7489420276556275,0.7131598373253376,0.7535245248187689,0.7683151932509094,0.7717265605267611,0.8315030391448929,0.8207511968085975,0.81827457928833,0.7100370779335562,0.7683221586287137,0.70552185513817,0.7420643271150844,0.727594962733456,0.8994299940560033,0.6751946721406298,0.8108872688835027,0.6400169743193302,0.8504830569063856,0.7180244656407547,0.8902997983938735,0.7698518522843678,0.7985382076303313,0.772596882070336,0.8474213336937981,0.8217878112491421,0.7812136873360999,0.8038611525191794,0.6577479862888667,0.7708802165695874,0.7556797402407806,0.8146342591419055,0.8910559465896962,0.7867617784968528,0.7335137006550655,0.7852719115934218,0.7711301110023777,0.7798426388405381,0.7571721337108481,0.8656329400947559,0.7817621612509438,0.8139377975196458,0.6183941577132048,0.8714698052917376,0.6800018783094177,0.7751186891266705,0.7271937297046598,0.8610010275130219,0.8739070435213798,0.7728888291769244,0.8348437684396931,0.7042326107416992,0.7491234059757039,0.6540876500833154,0.6891450500038584,0.8802399370885041,0.7725420320460955
0.8872777429546579,0.8511648344023963,0.8337926657443795,0.7363281923720504,0.7333324430297612,0.8473891061784632,0.7087898360619576,0.8575780894416385,0.0,0.8349165186910961,0.8178101125854746,0.8328352410612133,0.8374673010635402,0.7620151021938567,0.7714852230271354,0.8372061147045834,0.8002218727767771,0.8328972144364246,0.7855069836622449,0.861507991808874,0.7771569851696535,0.8703003750202789,0.7231676950042104,0.7320377507376592,0.8564108377577538,0.6974637287849245,0.7957123583402255,0.8121425693458173,0.736841850445311,0.8595633596288492,0.8582821965653702,0.8178682446552367,0.7453944351617781,0.7259385283343843,0.8300603675147066,0.7256303201146185,0.8115412259047823,0.842705218259049,0.7430501986201024,0.7211228524934926,0.6928798344373124,0.8732864085836368,0.7386833137020902,0.7327405523655542,0.8118206199364756,0.750665978458679,0.7202878044085506,0.7359126491751488,0.766857447639706,0.7683676949391915,0.7440896394709033,0.7613399203290432,0.6993388088144663,0.7460836837028847,0.7337839933992872,0.8398998912876912,0.803912083283305,0.8506079581594357,0.7003154985294568,0.7555342256044852,0.7813908214391629,0.6802031544423676,0.7653002353650359,0.6970779844117915,0.7144341261331372,0.713031319506588,0.7544355527425403,0.7855516669660331,0.7879906791657745,0.8651331345982134,0.8183536992878592,0.7267051818806677,0.7687587435906218,0.7875266885829009,0.8664368446864215,0.7229146924359309,0.7293895815693345,0.722473436724486,0.7217439992538934,0.6409538304994646,0.7131453916550962,0.8493446999194018,0.8622263805590732,0.7841136577816104,0.7603674528400296,0.8968567790759754,0.8026311054428374,0.7444228227321228,0.8119224981384101,0.8394254062802362,0.8033279126864117,0.7784752949670577,0.7528719629973745,0.7330099489491823,0.7787800486580903,0.8326689952587741,0.7216319325565622,0.7822245520574966,0.6773473505036979,0.7621731383628569,0.7127642695880797,0.7020168153872436,0.6475509317461953,0.7571614911876237,0.7951134616107474,0.7859245974201265,0.6981388177633637,0.8438893018915895,0.6975372522229821,0.7513900613067994,0.7269545235686632,0.7503436918894112,0.7664275763668146,0.849455896231963,0.7426145462690187,0.8557880722357926,0.7579583807981005,0.7899022438645493,0.7049674591352358,0.797995399291118,0.7626646746216287,0.7229606843279801,0.7345205651595211,0.7780223600825326,0.7439357980848518,0.7664528967611838,0.7038339446803062,0.7824549792303382,0.7397390394012628,0.7410594072382515,0.9276174007727346,0.8229497224213702,0.77166574002826,0.8395294090668184,0.7686915320154512,0.6924413219293329,0.8120619199379164,0.7334825667754374,0.7721668930391927,0.7964573394538902,0.7257646324875443,0.7873695602288847,0.8199259626407387,0.7719786752769293,0.7651847744333222,0.7664253914749716,0.8920864436464353,0.7132024261155039,0.8812886494898075,0.6672748152550192,0.8041816727118482,0.7281485260151626,0.8034773639950881,0.7313613778894201,0.804942589220038,0.8142583730271737,0.7839658462387673,0.8012970718065158,0.7140578252455931,0.7222190938010927,0.6413029640985449,0.7838601599130707,0.9011263706318507,0.842710055184176
0.9081496699846691,0.9058267598088056,0.8669559153329944,0.8054639010957593,0.7488247315261803,0.8434010081441545,0.87133036283091,0.7853109363779527,0.8349165186910961,0.0,0.8288846467614815,0.8168083981090318,0.9079835772554244,0.8063581726584036,0.8272472178481223,0.8467473611310233,0.8514117228224717,0.8972990215677665,0.7666958828036085,0.8424891816636991,0.8066388258887192,0.8685066573733953,0.8484414192162788,0.8416043739781429,0.929514328719372,0.775750182426981,0.8228718623710138,0.8647738569981209,0.8424051930579873,0.7966904199145428,0.8051576231715938,0.8545454061582233,0.8084697316847881,0.7970407554657081,0.8395081799177759,0.7055166767904768,0.8623359238376109,0.7754424294005211,0.6915449027705975,0.8866345880088714,0.7344509877171872,0.8671251712988658,0.7504076566750991,0.7870253562229617,0.8434953536004443,0.8331036840896598,0.8059666067919081,0.7760344504631583,0.903347461202167,0.7460047567017081,0.7940110218026349,0.8169608484314659,0.7201320286633368,0.7850079234005536,0.7679333620359765,0.8735073516265448,0.8103760626316991,0.7735313198728623,0.8326056023147563,0.7745600210620364,0.7768467647144227,0.6556524702271789,0.7505685904867713,0.6871140892406026,0.730267354274161,0.7551266566043907,0.8312361715328076,0.8628502490740821,0.7979294331370327,0.8064836431238056,0.8232920763009156,0.7694327132182269,0.7751561465341297,0.8614790567786211,0.8062926401262903,0.821474089297553,0.7746275856248823,0.8301851908449549,0.7288589900450807,0.7099059564675283,0.7769086855871509,0.789725537833776,0.9000726050793633,0.7772180510920632,0.7612670203844498,0.8648586966628197,0.7439595207233843,0.773853055969776,0.8679989870520644,0.820228913911383,0.802600260753673,0.7854146394490897,0.7788757451474752,0.7811896961498925,0.8161869806255148,0.8688333748921754,0.6458200358401712,0.8285127564443167,0.6437841718695617,0.8701967423347458,0.7365072675145728,0.6727523687708542,0.6939271229376004,0.8217525919897893,0.7423039336552927,0.8404088123048258,0.7232675370133792,0.9159188696853214,0.835800875494729,0.8482741399112032,0.8022608164011269,0.7210066822281788,0.8157538263978334,0.7558479823438377,0.78687728162296,0.9096416074190357,0.8410754394645288,0.8324558237469072,0.8057823123588262,0.7662751168781864,0.7618299254827605,0.6631084065927596,0.7751387652442997,0.8747736591563895,0.7219651804804301,0.8408971111056768,0.7033594652937308,0.7676191882997176,0.8047400187695234,0.8138472190070837,0.8486786367902136,0.7590829841370275,0.748212388337933,0.7413918057549908,0.7495901487517599,0.7260141626598114,0.8560955881771115,0.8309549779124487,0.8582996591892904,0.7465062538199548,0.8008384151855993,0.7675775733046829,0.857458665830532,0.6879943744094431,0.8022094466567976,0.8360728732843249,0.7987053063804502,0.8229680448582896,0.9267617151594247,0.6085446148227477,0.7711385697467465,0.7833784438825515,0.7545419739024278,0.8446205416158012,0.8571890089256347,0.8194070460449889,0.8604840930695061,0.895969566375393,0.8241847696551455,0.8014073776117431,0.8184279324901768,0.8036287222264723,0.8826513151284475,0.8393438312422482
0.9172652710379497,0.8266544005229007,0.8913049902269675,0.8572539154712315,0.7897604487591913,0.8679161288779293,0.7713345015088608,0.8116939901673179,0.8178101125854746,0.8288846467614815,0.0,0.8250367628195832,0.9208571249947921,0.7986527496623358,0.7975753543288797,0.931725549642735,0.8949770172458907,0.8683332386886229,0.8214531983052443,0.879224797810647,0.8799900970274396,0.9225551538118846,0.7561719232527191,0.8345579700126639,0.8901049483950785,0.8381012180245627,0.7938977063507173,0.900647018732404,0.8419016324124851,0.7740924904785793,0.7951525062011662,0.8580744808674222,0.793532533225877,0.7759465403648727,0.8593773460536864,0.7421756776414609,0.903499530283914,0.8737008392697415,0.8074196227268023,0.8384433148763883,0.736473699758482,0.8335598995349222,0.8037836260843488,0.8657206809508571,0.8277622776809538,0.7655839771377495,0.6643775150446795,0.904120865278733,0.8703329261903044,0.787480726941818,0.8381848332028496,0.833832314390387,0.690554557529364,0.8630727669050328,0.8673530074029828,0.7467272308082563,0.8814476373327644,0.8627085966034908,0.7730087562578645,0.7599509588875422,0.8769153387805114,0.6558104441860302,0.8469852082558678,0.7004402931077083,0.7386577561742544,0.7838019689367469,0.8530484277611641,0.8318455515868179,0.8204543993982234,0.8866401001088773,0.8629099752010042,0.7638013826454383,0.8581723087531893,0.9018150129297874,0.8796591307996529,0.7404911263859453,0.8715387239257647,0.807728987082757,0.755475358565243,0.7527656953329606,0.7806057749474029,0.8199508566493267,0.8217304280677509,0.8464433056778613,0.8431474853564145,0.8525437755933055,0.8577332581653362,0.7576501255012403,0.7781417690025426,0.7671824057940484,0.8543861796132167,0.6930783201105541,0.8222349863241393,0.8104076051913757,0.8725225312926858,0.8265364053698375,0.7173933978746371,0.7323223157409586,0.6546098426986376,0.7881363582133399,0.7870763279597867,0.7588428270901962,0.6920159099512451,0.7144012901328654,0.7952385919549431,0.7997932072134178,0.7577925752438114,0.8530543942131426,0.7315784006617779,0.8294099353914096,0.8636338909343719,0.8155074704527768,0.8650364955120949,0.8521227851901508,0.8025288943825329,0.8724437815196797,0.761282430966624,0.8722928078891364,0.8593273733459402,0.7636933753793507,0.8531828495717265,0.7234379676868202,0.8081183925756839,0.8553342725528037,0.7845452579524382,0.8489384484659793,0.6937743586832477,0.7773857669522503,0.8155603901136542,0.7929641448619927,0.7556238334282579,0.8758245176869355,0.8714431733526932,0.8596175562486789,0.8711010056225005,0.7536573765195936,0.7932457775329994,0.8050175559941101,0.8587527534976793,0.7802683938746973,0.8023803639116114,0.8179957518709586,0.7971093045918782,0.7769845394263081,0.8934897694067165,0.756062053824004,0.8119802707661332,0.7343571043875915,0.852318656117841,0.6498822926144912,0.8822115061815385,0.7450156033624874,0.8522041581635427,0.6931494402559231,0.8422294716454428,0.8603602155716731,0.9170884130130115,0.8506852977659501,0.8412210771967895,0.8613804913252554,0.6891649280032823,0.810844273245745,0.7937758711245634,0.9690980909694694
0.8302415583251896,0.8530214573224739,0.8326435260555283,0.8367795221343642,0.7918595837775133,0.8512269419313586,0.824361837477062,0.8526782770082331,0.8328352410612133,0.8168083981090318,0.8250367628195832,0.0,0.8155116155143913,0.6925693375373545,0.8443001730308761,0.8554656667580699,0.8154464509363818,0.763666811261778,0.8820128240555493,0.8086667876449954,0.8762852183940049,0.8313759006205863,0.8079556382656562,0.8443978275658645,0.865812130066437,0.7959640486093017,0.7657828044065849,0.8074388247314949,0.7511973637269109,0.8366761472651872,0.8932502026060509,0.8320754031814908,0.8355839161370592,0.8705116084503745,0.7874452207313597,0.773597495233139,0.8236956338040149,0.778327412099954,0.8763324070190746,0.7942032838547569,0.7928019087970564,0.8076259723638355,0.7887477034828638,0.822820069914092,0.8630939714944375,0.8281483664889218,0.754879149199074,0.7779119210274701,0.8282440653735287,0.7788197554094779,0.8426763686192265,0.8409532982333725,0.6768784843765141,0.8529604263614742,0.8250786710495878,0.7962756111377284,0.8445719120015377,0.8966521029958558,0.6872828089846299,0.8029046764694429,0.7855597419319477,0.6794895207074891,0.7774698904189381,0.6543227340459076,0.7080974578183254,0.7315708189161965,0.773047175207499,0.7701991549286658,0.6901377301602384,0.8049880942781472,0.8191998140821223,0.6961187829399469,0.7104992735157342,0.8452909450986649,0.7946683241282536,0.7218897594679923,0.8189723902680662,0.8377039092971835,0.7880145279252933,0.6768035999518988,0.7040576124062818,0.8629806878757519,0.8726672648619745,0.7363438770306675,0.8016596746378329,0.8723990355673481,0.771089755605586,0.7295906327063052,0.8224880176230752,0.8462060332892695,0.8208750816245839,0.834054894416828,0.8064267372997675,0.7675584842336348,0.7475576087223696,0.8539672883362744,0.7186575350104127,0.8315241824446857,0.643706408263376,0.81777997014108,0.7185859849272428,0.7543683901655469,0.7308233206482292,0.8189885175500916,0.7628873485067996,0.8534089239215548,0.7833737063827582,0.8192715986953466,0.778302382027511,0.8042408537916304,0.8796185158468351,0.7852929848089529,0.742707426722302,0.7592383651542256,0.7725103457121121,0.8721544166462737,0.7624764806346257,0.8125322843792747,0.7543801736738884,0.7237564277009811,0.7912059454714965,0.7403512797949254,0.7290652393189986,0.8887723035421147,0.6611232223738224,0.8647305391559832,0.7107391232567115,0.8738164249404999,0.8055529274291866,0.7283660619174668,0.782623802086529,0.802377698418883,0.7336886179542926,0.8092582580592708,0.7873023973933145,0.6609532878374447,0.8297074724221954,0.7936241055902188,0.7882297538697218,0.8766943812209333,0.7172053389508601,0.7476237315392604,0.8526466250561852,0.7349763684959851,0.8105807179984527,0.801925622536423,0.9134133095453877,0.774331302312829,0.8464157066740948,0.6359121605223002,0.8445200774341135,0.7070566932384551,0.8087813733885606,0.7781252308811417,0.9405222676219602,0.8087340959828389,0.7946127087750455,0.9041200938246051,0.7267095066806584,0.7733472297186953,0.6289253845128882,0.7330673816599471,0.8874433624839461,0.8413374594698146
