0,1,2,3,4,5,6,7,8,9,10,11,12,13,14,15,16,17,18,19,20,21,22,23,24,25,26,27,28,29,30,31,32,33,34,35,36,37,38,39,40,41,42,43,44,45,46,47,48,49,50,51,52,53,54,55,56,57,58,59,60,61,62,63,64,65,66,67,68,69,70,71,72,73,74,75,76,77,78,79,80,81,82,83,84,85,86,87,88,89,90,91,92,93,94,95,96,97,98,99,100,101,102,103,104,105,106,107,108,109,110,111,112,113,114,115,116,117,118,119,120,121,122,123,124,125,126,127,128,129,130,131,132,133,134,135,136,137,138,139,140,141,142,143,144,145,146,147,148,149,150,151,152,153,154,155,156,157,158,159,160,161,162,163
0.0,0.9476314040703929,0.9217213483311872,0.7775201738759985,0.765581303986897,0.9531376009255692,0.8657497971737927,0.9271733255298638,0.8954858393033165,0.9325837894382648,0.7799700488081549,0.8352158309272941,0.9756814379637622,0.8071974003527124,0.9630449493636339,0.8984820208727136,0.9023921475363929,0.9596882906962365,0.8908183517943405,0.9678600967576427,0.8605022439161396,0.9184413131580349,0.8478680879030533,0.8824166407662182,0.9311314341556141,0.7298334934906834,0.8043150187265914,0.9302527606714426,0.8182801537950226,0.8808068074885891,0.9359711042542869,0.9526445296522178,0.9173431689645558,0.8387449839462171,0.9218733132499793,0.7539337208533071,0.9068756084283733,0.8749859694756741,0.7677396724402376,0.9039598285720805,0.8480875291950796,0.8474782898318278,0.8787772127014641,0.8072356204214104,0.9338563517680514,0.9645186237324295,0.9459761772957284,0.7665873200716263,0.9284153422148836,0.8476443032241681,0.8603968569155973,0.8934439353169691,0.7685793347302133,0.7942606169228901,0.713671582749308,0.882077253309653,0.88962221197652,0.8601480218166788,0.8225311715875333,0.9130069581375203,0.8547588102982735,0.7658333482381287,0.7883758364056691,0.6479014330409806,0.8034383226669758,0.8027599225349293,0.8406898338577835,0.938068205698178,0.861891723032642,0.93050979001624,0.9631824825073091,0.7651823706119087,0.6840554710655791,0.9097295062702756,0.9100896826301813,0.8791962375697577,0.7653941586907306,0.7774541821029792,0.8787564634139136,0.7209213417200004,0.8349685616639136,0.9252707426976914,0.9149896783772955,0.8273697848629026,0.7555679097974628,0.955848823664467,0.8429582174589111,0.8389110353505063,0.9531447112986727,0.8194016134285876,0.8662060297991101,0.9043557834146588,0.8307584233757765,0.8213181108452511,0.7786659720789703,0.8822741396845535,0.7414269008059937,0.894405832514507,0.6174066171149808,0.947612651825865,0.7306216300213398,0.8038863199697951,0.6942950972812295,0.9142603100989537,0.805325618185092,0.9644816753643001,0.812001289543108,0.8918869854525715,0.9415414763146128,0.8886094327144263,0.7738508974228017,0.6771650050086536,0.8868827075726442,0.7747172596201691,0.8111695800756161,0.9447577201609266,0.9081516733663539,0.9160965572412546,0.7262840593411911,0.7924359818534074,0.783153769700764,0.8007335959364521,0.873670492115001,0.9532143876364434,0.7975351791292193,0.9234096364730127,0.7825491569419347,0.8592662310367922,0.8382318131280558,0.8795074226364218,0.8889115983998491,0.8631867834526344,0.7714225213313882,0.7531690725760878,0.8180871321104499,0.7613250741402516,0.9377077523208598,0.9022610585987736,0.8808988066976974,0.9585093769397711,0.7946366382007942,0.8117449192240487,0.9351453604074524,0.6699514477025357,0.8005819591259188,0.8398158552712287,0.8958117714530681,0.9106130280026581,0.9547283214121735,0.5843172453181572,0.8899109774635334,0.7818622282583386,0.8086265081131742,0.8941368760410682,0.9109810071768195,0.9367248429624042,0.9337576874097406,0.9001161971881869,0.7734143996837601,0.744875111799095,0.8107416896559343,0.9218719123062704,0.9612527978830766,0.8491913056660958
0.9476314040703929,0.0,0.9251140053878365,0.7961327546385336,0.7676221542744854,0.9502750425927659,0.895142824115074,0.9443435736794246,0.9322072298266875,0.9489903855761336,0.7872406806550325,0.9070886917343856,0.9379179990996358,0.7659137239675531,0.9494654233726431,0.8742397231982864,0.8670986935300926,0.87564941572775,0.88625179590167,0.9404057480084227,0.8535480114394979,0.9457762489029875,0.891445402760832,0.9303765706942385,0.9466805757216253,0.7121638516669193,0.8524609655702943,0.9190409590513257,0.8203515099974069,0.898512782397224,0.9515257993577468,0.885858238829122,0.9108214677520644,0.8855929088545799,0.8988989847781309,0.7410145869998492,0.8961915458424622,0.8151726199088342,0.8075578672654973,0.908576641787345,0.8294570086999539,0.900851524934655,0.7698931784519584,0.7729539044389753,0.9484669876548124,0.9039479354963682,0.9063487048031373,0.7303780792925895,0.9125089934766152,0.7753057957566004,0.7925945517930559,0.8482323960724648,0.7086169854553762,0.7938344383668553,0.6806618925677771,0.9316367275268219,0.8291113263943972,0.876235343104951,0.7551339718828808,0.8788591461375813,0.8282260608382703,0.6887264796413326,0.7029273023805888,0.6313172368535289,0.7238545433034721,0.7191982079284688,0.8679733367171211,0.8854783687892834,0.7580525023963496,0.9001750825509408,0.8990979162672516,0.6927308475074275,0.6518762565276047,0.8756111025456822,0.8660625195805757,0.7944887401069136,0.7488558885523697,0.7977048133297666,0.8010988086585857,0.6719824539825655,0.7599488757870505,0.9251059151785422,0.9362848222977133,0.7586301979907089,0.7036846677050212,0.9833635931990907,0.8216438493883249,0.7338434140155681,0.9025095020660817,0.8981669150902616,0.8247445583643915,0.938113204325187,0.7645637310134398,0.7574140024401584,0.7357925856744111,0.9155097212014192,0.7013587164276018,0.9410548548105618,0.6006272897508034,0.9258140732918461,0.7049946226806751,0.7481449860315259,0.6409987720930725,0.9199536028482181,0.7256038637611694,0.9276322633600891,0.7515387124667752,0.9409240418069656,0.8875907120426421,0.9424103047365695,0.7964177415659343,0.6487145257233833,0.8307621428198259,0.8019206027098252,0.7315102260305497,0.974267956996674,0.8422987337918149,0.8648825635121584,0.699934529513628,0.81092087999209,0.7569273162457001,0.7419230988315446,0.8711901243315346,0.9307572616002635,0.7480938688621914,0.9063005581840421,0.751655570301966,0.8999520536096022,0.8314003972125791,0.7968978261351104,0.9289372429955098,0.8265356839586447,0.7370994688735885,0.8063211293389467,0.8378886342101022,0.6804879260509399,0.930993763793164,0.8761371787086892,0.8995676759361788,0.9330848281584093,0.7221163271767753,0.7845625324967861,0.9554361958390091,0.6586483588893333,0.8050348007283168,0.8366839793664169,0.9426281528107061,0.8598824509072549,0.9580315718599337,0.6066443125662327,0.8654061824235444,0.7134652138722746,0.8326644599062927,0.9323914422293562,0.9456421968261794,0.9437078053163457,0.9605521347903908,0.9288636255241337,0.7492999469080025,0.6665134610693978,0.7325304620253817,0.8625800636680488,0.9709263756463399,0.8732240172282418
0.9217213483311872,0.9251140053878365,0.0,0.8269466412417104,0.8825550034773817,0.9532159573198785,0.9137021061570268,0.8949429775420673,0.8460093447587578,0.9008612117544913,0.9017346136984247,0.9018786908938679,0.9479683365204125,0.7381005107896983,0.9378797773860705,0.966118627506868,0.9333859204468421,0.8612763883548239,0.8770269320569042,0.889834349057699,0.9416569093642263,0.9782547633090459,0.8640738676513336,0.9554887372702129,0.9104683014605425,0.8250264229703024,0.8027510676333821,0.8873945331464179,0.8449884281713936,0.8885972429437896,0.8776118127868905,0.9140778015831766,0.8966388614421117,0.858690544799559,0.8392801332590235,0.766443268067888,0.9247637541507662,0.8313704037279052,0.8629325259988877,0.9397238354421726,0.8444829881811164,0.8902835033985775,0.8473830691586072,0.867732812453525,0.909073440458607,0.8902760286323455,0.9106690851447218,0.8623548291471655,0.9352158927256452,0.8147120607412855,0.8720236251242927,0.8986630097352067,0.6922477776277666,0.849086451360024,0.7583718984982695,0.8613618797048346,0.8569083334727539,0.9442979484282396,0.7579692532122482,0.859330368274407,0.8380323652128694,0.7063458436182302,0.7608280218753408,0.6326024487554912,0.7314315018801255,0.7327324086223713,0.8637251637770965,0.9263249548800467,0.7945700834741963,0.8923501438957517,0.9407801357592248,0.6707572375254176,0.680815887286703,0.9473959308066996,0.8585592304259675,0.7476256569935276,0.8751973710663974,0.8775169213620413,0.7957178098669933,0.7378756466088447,0.7863338968101812,0.9102330610278986,0.9173496055169229,0.7510536605345532,0.7533685804162573,0.9211043217413044,0.8402180633545123,0.7421353406156216,0.8351461001931703,0.8288533138276635,0.927557092289124,0.8567422067818995,0.8266698923652678,0.7506967188970065,0.7697069987719057,0.8843673811332492,0.6955947839367449,0.8673653978520544,0.5922978302684411,0.8784732678932445,0.6833695100805904,0.8373954534807897,0.6789961200953412,0.859797293877901,0.7235909597299707,0.9504481480546859,0.7991827023547231,0.8915807383397572,0.8912280095195461,0.950017700366149,0.8759490112545616,0.7126360895487279,0.8587914795846687,0.782324806124294,0.7333901779819653,0.9530513447838181,0.7911024152615139,0.9341136134841901,0.7912929204362904,0.752483877121047,0.8517927659443836,0.763950876247612,0.8727538905576379,0.9594328423435105,0.7030551529938273,0.9222472657850396,0.772093416324785,0.9128885114282944,0.8488545390719232,0.8047888759836311,0.8415287682442636,0.9199679733469993,0.7315303785479628,0.7823528428691258,0.8656162937518386,0.6980627709024081,0.8899568475884712,0.8832757957818338,0.8820519321127687,0.9270558503980569,0.6995758317262758,0.8295613608171565,0.9074560854225525,0.6928542224481951,0.8868631436324274,0.8327920084425797,0.9344458581147099,0.8607367853062954,0.910693225194803,0.6084215593319163,0.8547249543212723,0.6874483782306287,0.8660910105905253,0.920628801262645,0.945314412017746,0.917415097897385,0.9603118640544186,0.9466785938499876,0.7214997265306782,0.7464627123051489,0.7215081760060987,0.7940610513185213,0.9049977565219596,0.9339118558621415
0.7775201738759985,0.7961327546385336,0.8269466412417104,0.0,0.7292392427579532,0.8001599103198705,0.7946191609433579,0.7841640032622252,0.704900187979963,0.730561557070589,0.8707177774636344,0.7745204620176872,0.7960074991952697,0.7510261922307407,0.8114446521616919,0.7819424526569084,0.8374621370987364,0.7470080295981645,0.8382512266337913,0.788902908036293,0.8663545557347381,0.8456837694412294,0.745210331822445,0.8246128579992427,0.7515018931151276,0.7839446407675265,0.7222353315811689,0.8574633744027796,0.7550626623118732,0.6746503090189163,0.7497612211371978,0.7766505751082518,0.8836361267124638,0.815105534424773,0.8235870306303333,0.8598656414872047,0.7546371415565855,0.7763578981015772,0.8509042748115212,0.8683242079300724,0.8400721660988189,0.7381695253084384,0.7338476346763012,0.8290511868285363,0.8187509172637117,0.7624134809459361,0.7013464100020569,0.7856661021931598,0.8063866286329562,0.7988911203219705,0.8455371379517781,0.8350534514003658,0.6802404818252018,0.9314204982715488,0.8345622604380879,0.693038928634703,0.807376305612213,0.8047382822365302,0.7688412988577072,0.8193807192972492,0.8697455221403356,0.6712606942982869,0.7380057060804575,0.6932540017205774,0.7164179754431819,0.7133463783831516,0.8669477523257904,0.723511779756477,0.7243002193429587,0.7685810165065976,0.8045612730515761,0.6658919974525421,0.8076990775839258,0.8931131697026876,0.800218604678099,0.6466872584520922,0.8542051442168399,0.7132437078010406,0.732925903466903,0.6179763803077596,0.6848965498394062,0.8679467803374927,0.7055249430306262,0.7117503876607144,0.8207168195915161,0.7821224377431917,0.7798698043102434,0.7127830969924451,0.7124581155486578,0.7005062850735556,0.8331082095024297,0.7816201048733776,0.7739361463474752,0.7303715326465472,0.8617392792036149,0.7228420864303167,0.7424768568346775,0.7677390636895016,0.6376052911320205,0.8286688766310228,0.7069073802141251,0.8085464492878834,0.7818962098213587,0.7335096294749291,0.7514039570362938,0.7674949318089278,0.7895287146689474,0.7392819493936671,0.7688052881310834,0.7852819482833034,0.8935582206369023,0.8088010243070438,0.867046047976796,0.7464902562774818,0.7140522742557914,0.7966008651731658,0.7026057016028348,0.7550136789849177,0.8572845808590553,0.725109667222788,0.7707500057180688,0.7647098942183617,0.826999544659768,0.7816208551308763,0.7157066881515008,0.7815149566537046,0.8118197654189703,0.7648917980144849,0.8637502542907703,0.7250206783382472,0.6737357574758869,0.8051411671508272,0.7315472493698613,0.859970255341171,0.8918960660874877,0.6460349217643113,0.6831883431685494,0.8202481791671167,0.8277255573488056,0.7694343537430546,0.6989778135903721,0.747181718181335,0.8561826385573625,0.8303219697125629,0.7955146544545559,0.7307978431002311,0.769285479986321,0.6990983513303259,0.7353001917701605,0.6182491673985009,0.8809771026549741,0.6410441284005415,0.8909268786259185,0.7376362495536358,0.802694137014201,0.7794584298446737,0.824452593755599,0.7541018190773346,0.8287476632984556,0.7352476351351039,0.6458268911233929,0.7112244558551527,0.7426822632167481,0.8389878614910732
0.765581303986897,0.7676221542744854,0.8825550034773817,0.7292392427579532,0.0,0.8030910935915655,0.8784470462856773,0.7292324020326365,0.7325725986798715,0.7559422704446236,0.9002384558489673,0.8454168760659602,0.7883609546686224,0.6355131411886041,0.7951841734943806,0.895074610955404,0.8086968225796101,0.701296878748483,0.7149054199164973,0.7130053194843621,0.8487910586959994,0.8610932968191377,0.8070127440687546,0.8759522800488717,0.7869105954450946,0.8875522981600635,0.7304810952758687,0.7053111816212324,0.7799155620331634,0.8342571578524691,0.7457838469478748,0.7656489738856418,0.7486987229101627,0.7721820948635039,0.7170555296739864,0.6955588035728132,0.8551209717018831,0.7214547996575157,0.8218991043857974,0.8293084986332105,0.7275749605573743,0.8329947731282227,0.7469263903432599,0.8679359069420041,0.7581054221743069,0.7191995495288434,0.816981494875361,0.8937065613658445,0.8489018778005709,0.695031048506614,0.764681772756673,0.7822612797104376,0.570696327790092,0.7407606633250238,0.7162363477960834,0.7715055519889603,0.7122067121762174,0.8997269706933229,0.6257067112681157,0.7015275903951983,0.6610627701138018,0.6197448177531306,0.6567739262142414,0.6025919111721058,0.6073359921794388,0.5973881749349907,0.7539288054890023,0.835168042427214,0.6769735743361114,0.7441275176080641,0.8068411991884064,0.5837049534774493,0.6158065688055965,0.8056495260392532,0.680665449566453,0.6134406261336638,0.8467385588731619,0.9556691986121814,0.6517068238922766,0.7408587937184777,0.6684991536823742,0.7615139562122821,0.8293495320020335,0.6189425088821486,0.6724838984492026,0.7699990499303254,0.736658835923197,0.6288982404981153,0.6671296848908654,0.7577944357633369,0.9196812603402843,0.7436877686442586,0.7446412259060962,0.6151323938024736,0.6742146681346328,0.8128478142300595,0.565778986369264,0.7530394236817401,0.5974291778183228,0.7050142357686866,0.6232961261292589,0.7237707542939436,0.6450888569006398,0.7326745423338761,0.6006798658827261,0.8155075133270197,0.659983748309312,0.7861878135626142,0.7463145320877763,0.8655130238140025,0.8529994145312582,0.7215086673160759,0.7181155516995298,0.7044566497316715,0.6167045552478999,0.827707700711698,0.635013026047573,0.849224774424313,0.7453955488364923,0.6955865683064253,0.8854773183487159,0.6668643675469491,0.7789806422688603,0.8443751063338976,0.6245969080241262,0.7980741586495219,0.6738643103115463,0.8561134488934518,0.7288765370497703,0.6843996961828139,0.7300334299166572,0.809796310720859,0.6343920840488873,0.7273947342312236,0.7444131973338968,0.6125606720727013,0.7790634766807466,0.8028264252157649,0.7558618205348527,0.7868989330084554,0.5774041978335619,0.7875657986307059,0.7490099202909705,0.6338543956877561,0.9123371955995501,0.7907895166981197,0.8578294573591043,0.7180904081591317,0.7671996797564693,0.6092700156139998,0.7183651530368055,0.5749645322789377,0.7584671429777798,0.8342172773328742,0.8387494047910616,0.7752740817954916,0.8163920905549616,0.8719233795143804,0.6351395962083364,0.7066730265143398,0.5995972684293585,0.6683707346845271,0.7630544566607412,0.9185835323447317
0.9531376009255692,0.9502750425927659,0.9532159573198785,0.8001599103198705,0.8030910935915655,0.0,0.8594483763326644,0.9241885718064955,0.8755815714768796,0.903584332688951,0.8233636754533172,0.8844251696883408,0.9515894780200358,0.7538106021465351,0.934195281255562,0.9331887651817852,0.9211913368437236,0.8799558453532801,0.9191886027487023,0.9280380030966423,0.9096925271150357,0.9329616271202843,0.8212628790958658,0.9057474252074098,0.9126191569451654,0.751713302285982,0.7726317348836663,0.906025203934426,0.8316209122497293,0.8908698269342971,0.9182868868774747,0.9414527249951562,0.9190938182117112,0.8535060983967412,0.8691414010640751,0.766877605030147,0.8987609750424578,0.855768298331969,0.8324428995462955,0.8867142445975449,0.8637780251048606,0.865186150703346,0.8470432041640332,0.844251833619991,0.9113845865607697,0.924998675609913,0.9254526646712302,0.8036515778061772,0.8873802781525517,0.8287387813565318,0.8659264036849895,0.9198407227500519,0.7431721042362419,0.8341393856506251,0.7330570727094645,0.8817943875802583,0.8842261661177003,0.9225042135786736,0.7533965698058135,0.8948608911983439,0.8661587787697275,0.755446886085654,0.7894400416253397,0.6223039908885838,0.7655084619576688,0.7729160456611865,0.8251537307730117,0.9103151648281925,0.7803462103953059,0.9045638027677463,0.9499633724766053,0.7015799469085964,0.6728680643033699,0.9137040768682931,0.9109727438264483,0.8156918794467383,0.7993663266609302,0.8135375496081957,0.8483117753508786,0.7603729902659867,0.8364891924257212,0.923608130894202,0.921820604243243,0.8064286606785805,0.7650298998954099,0.9493893509354064,0.8507002894025786,0.761734501665085,0.8999236375163062,0.8308419389722849,0.8767377099487398,0.8926740326807802,0.8296572598987116,0.803836523321273,0.7620198853605145,0.8871744666946438,0.7468828593644061,0.8953028906398899,0.6094639536587032,0.9112262948303618,0.7074369879114922,0.8133372876327685,0.6664475220009025,0.8857207241392907,0.7737950747656144,0.9587804828320806,0.8202679093690455,0.885435219757775,0.9039804010683463,0.9172993100355902,0.8252506685962401,0.6817987187238056,0.878093501758151,0.7799124113739687,0.7803588733312755,0.9568922653956407,0.8675265276388165,0.881401623301156,0.7595853717438711,0.7813628670105823,0.8045989152275663,0.799077257601567,0.8872217856199575,0.9678287422271219,0.7573165125326964,0.9381814643802252,0.7882732671401952,0.8903668857990256,0.8619633481158122,0.8120401994091477,0.8756846045938412,0.9195388728125367,0.7589829087987234,0.800891581778777,0.8403327344076658,0.7287348633953603,0.9205405737016142,0.8593466255824482,0.8313336204762245,0.950129062939478,0.7451396478796961,0.8336319549383358,0.9258634308191575,0.68403429570994,0.832557361339713,0.8071802964282135,0.9285215812248252,0.8979360894747448,0.9271469108626147,0.627479648185398,0.8813591314803083,0.7491219955244406,0.8313930177669273,0.8828480539208667,0.9404638414115086,0.9159193545499644,0.9340235544220061,0.9316720801284462,0.7274083932877217,0.7442458464392134,0.757415344974401,0.8778691096411664,0.9429495431544059,0.88271654648397
0.8657497971737927,0.895142824115074,0.9137021061570268,0.7946191609433579,0.8784470462856773,0.8594483763326644,0.0,0.851704988809444,0.8661079953044908,0.9075044547138166,0.8354968932568586,0.9152885746394008,0.8803364620812383,0.7171765151765669,0.8952427053306279,0.8690266433886062,0.8085717137450271,0.7879987068376991,0.7607037284223338,0.8079953741857928,0.8297748457762537,0.9256015001133042,0.9537950672260297,0.9326609152052404,0.9275561832271731,0.8277354169198364,0.8747299809861887,0.8031205738062469,0.7879101070829915,0.8870994505579213,0.8777099888463438,0.8275664281428966,0.8311646561931837,0.8961615029800672,0.8324632449313589,0.7190421646219145,0.9382106469326962,0.732006233614871,0.7880022831460831,0.9118581415915641,0.7377712238636533,0.9320269092900523,0.7429563752650494,0.8048378530279641,0.9031867902735039,0.7995975036625774,0.8852867646388689,0.7898044166123128,0.9638787355976152,0.7067550450558248,0.7646508025906834,0.783882835045805,0.5960295612377806,0.7504657090624077,0.6889102793357033,0.9092306087243557,0.7267179184998049,0.8859641026691178,0.7126073343460206,0.768130611868873,0.7179622971222172,0.626243602687148,0.6346769573947921,0.6355795220335951,0.635549663208689,0.6251843081512904,0.9009960129165048,0.9046977056734631,0.7385423254001803,0.8426216085869295,0.851946815055953,0.6289736380405597,0.6543457221497325,0.8541190088320234,0.7231464325704305,0.6865375746970855,0.815687170742507,0.9113717785970213,0.6885330036356236,0.6465327840360597,0.6660479302130708,0.8633376086362035,0.9067426570586324,0.646475106879029,0.6664145375661417,0.8811816830154403,0.8125388628783009,0.70513909319706,0.7826742887717687,0.8868338857336444,0.8930893872304974,0.9095150593995699,0.7177871588306071,0.6406502605030018,0.7044009603276405,0.926971486985524,0.5886436425257489,0.9099644564145414,0.6093774763497958,0.8439499239482903,0.659744465036967,0.7436761059453068,0.7117796629909764,0.8733948869969642,0.6366489540269913,0.8742339001425397,0.6701409342482278,0.9163962608144545,0.816282000435157,0.9497044342960846,0.8550422975419666,0.6900494280407711,0.7955687688482993,0.7735825763354175,0.638148824677717,0.9120580879650707,0.7073365937217269,0.8932656774893896,0.7176768346471738,0.8035079495083015,0.7791301386990219,0.7057825271689032,0.8292488663424386,0.8843396839608835,0.6623127142544746,0.8448356127656763,0.7185097858595021,0.9210109307404328,0.7698358516548084,0.7399663906822802,0.8589846280026434,0.7644373266075128,0.6659492454124258,0.751804142285145,0.784388422060596,0.6056846637179627,0.8550358304954959,0.8779389119011692,0.8904093304276308,0.8477254543320004,0.6360190919763812,0.7785734021950452,0.8786088126153427,0.6442524615660769,0.8771610900472091,0.936041527783236,0.9221282914281417,0.7596138299786116,0.8940373341901029,0.5668764637487511,0.795554099631977,0.6037919565928588,0.7775213908246786,0.9643685986454773,0.9271168240644342,0.9004445319162534,0.9009417155916742,0.9373858247519211,0.7176718474750436,0.6743776619073263,0.6502108989181913,0.7425071690402223,0.8952005119139153,0.9000279351541713
0.9271733255298638,0.9443435736794246,0.8949429775420673,0.7841640032622252,0.7292324020326365,0.9241885718064955,0.851704988809444,0.0,0.9485446736134767,0.9271911646192103,0.7793869998850192,0.9007238134977918,0.9303840924956247,0.7303051243066847,0.9250850088105574,0.8640142398210767,0.8151905116262289,0.8533911873098031,0.8558413500117109,0.9157911569593911,0.8104622968675498,0.9124893699196978,0.8738865192396323,0.8776721717587602,0.9499677896985098,0.7141077350721519,0.8772347710039745,0.8980316314307774,0.7520840456971681,0.8974946196810819,0.9722559499061374,0.8692822792449548,0.8781395887456847,0.8816992544752211,0.8603664385648997,0.7198681699020296,0.9182606517000833,0.8158452031850537,0.803059690849978,0.8471342959759751,0.7701614748736381,0.878947939682207,0.7768786819292312,0.7329396461749242,0.9673557846632217,0.8816349925760864,0.8590381076906718,0.718285383470158,0.879185464829609,0.7436373471750326,0.765066647379394,0.7962112802586222,0.6648303336779594,0.7563463894988774,0.6722271412320509,0.9128640380464217,0.7927109503725787,0.8887339977847535,0.7135869930610852,0.8389841774659816,0.8444682103820207,0.6742404877272234,0.6904876614140297,0.6038038408856932,0.6895126375784569,0.7032835753633474,0.8772331106433413,0.8808276635605379,0.7685800911127871,0.9721879002247341,0.8839784898722088,0.6647967211332179,0.6422044101459802,0.8535958710451188,0.8495622839102095,0.7699909709681922,0.7587071152420133,0.766229946654249,0.8086430087990766,0.6297923398898365,0.7189777408242395,0.9152407200820925,0.9159150011054323,0.7620724350388411,0.6815882671160478,0.9725986833935205,0.9238210791229304,0.7405428327009548,0.9043214422157647,0.906285470268974,0.8061589836263819,0.9153182720419908,0.7220673773881513,0.7177542020235442,0.6925949394077345,0.9187176467503947,0.6951154572025667,0.9221254980086191,0.5733962393731664,0.9012956438726143,0.6913635945972503,0.8225259186990641,0.6599392229204099,0.9183074933996268,0.7212031381012526,0.9102096464380047,0.7341291828454513,0.9246552523893677,0.8357705213965622,0.8967331056637138,0.7640362349765641,0.6386691524639836,0.818440768178401,0.8629912304486296,0.7102280575561476,0.9338706128851363,0.7986578811962821,0.8568183470166596,0.6568167538624362,0.8139368934765385,0.706411107866804,0.8246593399062794,0.8111106800195151,0.8914766391195007,0.6957753196403398,0.8880622463177837,0.7195593855653223,0.913993890355477,0.784872304114553,0.7769598018991899,0.9268546121870007,0.8067765760589398,0.7979767106234422,0.7827148706598476,0.8304522644169879,0.639873667797001,0.9082325047186689,0.8306941621332689,0.8988225246373654,0.9495745079248276,0.7162614788721078,0.7520514777467235,0.9050480682147081,0.64838779134204,0.7898236706187973,0.844300272635545,0.9278949377531551,0.8258121603880134,0.9420201611430749,0.5800064652250296,0.901492378139886,0.6764482322760919,0.7992161184683311,0.9023840476952854,0.93923743613986,0.9781058887361502,0.935927173991716,0.9135980729705765,0.71045351285771,0.6495098981892465,0.6971445476783796,0.8168439818562891,0.9618618257567082,0.8410710689164465
0.8954858393033165,0.9322072298266875,0.8460093447587578,0.704900187979963,0.7325725986798715,0.8755815714768796,0.8661079953044908,0.9485446736134767,0.0,0.9273283454715149,0.7252690994475787,0.912451511098942,0.8692919114275874,0.6835459874413183,0.8803367551969209,0.8090299475432299,0.7487615503612326,0.8029276944937801,0.7910371495633972,0.8678689912210457,0.7505501893861155,0.8846322298465475,0.9083156705304488,0.8599151743576231,0.9575843339261013,0.6644383342337813,0.8972149780544041,0.8285275571233144,0.7054620668445527,0.9404608385617853,0.9647413576059936,0.8071237040725401,0.794649120667698,0.8643811029424466,0.8294701115052364,0.6497103983832083,0.8994872317745152,0.7368165851466913,0.7424214548188477,0.7962729716920913,0.6924532262380663,0.9320663674841928,0.7003209288306484,0.6777099808447152,0.9182018906000318,0.8122840593393447,0.8555626937844131,0.6593281123141524,0.8638640498884846,0.6700513091080672,0.6856735756228955,0.7270396336124804,0.6096248484478675,0.6747117158222246,0.5927993213661384,0.970135629391046,0.7169048393249084,0.8551194826952461,0.6605053802123643,0.7630498362614162,0.7318258792810954,0.6118884943706782,0.6110139275152616,0.5785468999109712,0.6313783019412705,0.6272451746074419,0.8329145584974507,0.8597408598901145,0.7083430286967882,0.9163560866217091,0.8201393390690842,0.6161711474921152,0.5971057273276142,0.7727045450742165,0.7654177404824113,0.7285152385678103,0.6873520489726866,0.769218393409828,0.7158153930284619,0.5938994978341884,0.6585958125204097,0.8735558074031203,0.9347353371934203,0.6735424792844266,0.6140449124361431,0.9484571998709375,0.860064444239747,0.6823635076498414,0.8559611517009391,0.9584863630037197,0.7679084420248256,0.931474614598412,0.6537716189088698,0.6496609670245219,0.6332493310925342,0.9362199378064721,0.6151059049032619,0.9380058046685155,0.5657938696537372,0.8378601233288925,0.635514862779855,0.7153115949845493,0.6117008152138044,0.9112948404781648,0.6442439924790656,0.857021286418332,0.6429356972667077,0.9523257450173277,0.774553453944958,0.902203475274766,0.7247117825812889,0.5941098026614633,0.7422677131273917,0.8401016565323789,0.6337910705461723,0.9165299185856799,0.7513194205590138,0.8257825738537018,0.5956587964565674,0.819034774381857,0.6689119486631978,0.7225507600880329,0.7805156422399971,0.8472949481222172,0.6752664510285503,0.8170150604221227,0.6643520684394726,0.8963365010519319,0.7050943349852233,0.7091824458682886,0.9818119159409651,0.7337871290450966,0.7088851089404743,0.7572584108770998,0.760020523344167,0.5907345032546926,0.9112670390484813,0.7820405951108257,0.8518410384129087,0.8950304555064572,0.6449725881379323,0.7146589367324871,0.8760304009177952,0.595964303513888,0.7506883181878127,0.8702802209968431,0.939255051584045,0.7685365888443212,0.9378520645840309,0.5609717393817037,0.8210610330691809,0.6278333725575113,0.7490898426050318,0.9224580053633838,0.9165831621145015,0.9474433466923815,0.8967654605412271,0.90802725276906,0.6539605863467087,0.5875978180134452,0.6449302108327855,0.7913768217315167,0.9606279066362035,0.8286748214603177
0.9325837894382648,0.9489903855761336,0.9008612117544913,0.730561557070589,0.7559422704446236,0.903584332688951,0.9075044547138166,0.9271911646192103,0.9273283454715149,0.0,0.7447737138490121,0.8716934641104389,0.9364697269750089,0.7501142333149143,0.9262486190814422,0.8591675072804015,0.8105553395852201,0.8814469054364482,0.7975415848011046,0.8830573075854666,0.780028983662736,0.8989402860555683,0.9205797194069872,0.8746795371549457,0.9763141839494891,0.7087902899437699,0.8861225750736649,0.8635770133923498,0.810506792913724,0.9203176673946738,0.9419368237017031,0.8782591872684248,0.855346958098418,0.8485629851663167,0.856019283689862,0.6822153448506377,0.9287799003774625,0.7798157946084907,0.7206282806019128,0.8718707013414619,0.7517480692961735,0.8922555579215354,0.776438923926209,0.7313502361668831,0.9319581111758435,0.8824236443911474,0.9296797318141587,0.7125278858968472,0.9306970015121819,0.7206956528793571,0.7465023915461363,0.7816040487912685,0.661175657135342,0.7089909586257669,0.6472268205727871,0.9446535715570172,0.7576067789905704,0.8447857498298945,0.744261392938292,0.8113038346630528,0.7603798241099795,0.6666052386234782,0.6666779592076301,0.6079862166800132,0.6798842537689432,0.6830603339960256,0.8419295991365346,0.9294961504716412,0.8016940817272701,0.9218259123712147,0.8686751802604002,0.6825675487180652,0.6123205075218284,0.8303218529279702,0.8024841289539063,0.8057038390284641,0.720231597550599,0.8110663634941774,0.7722087551755001,0.6534647157404321,0.7354656129381253,0.8530305288424356,0.9481265452148055,0.7365055311723707,0.6430427657397557,0.9433280740042396,0.8247318531679042,0.7555208401570292,0.9147304344917261,0.8871427390247743,0.8101661866980058,0.9157245881325228,0.7277690293828355,0.6966086415861399,0.6754652102036958,0.9490518261092846,0.6307775260772822,0.9287270331058699,0.5735552441130596,0.8947606897331303,0.6782798507820864,0.739049130689306,0.6534764052748886,0.9634061562596117,0.6851554300405882,0.9151918111802219,0.6982436085153085,0.951464504372975,0.8723525247691383,0.9092248152486828,0.7350609193993528,0.6037342126001151,0.794604595413164,0.7927946620257206,0.7003768280865988,0.9310781288783176,0.8188721088712754,0.8990791052062468,0.6584155664306286,0.8120424457806648,0.702135937899138,0.7455119916542076,0.7971525580838728,0.904376993324992,0.6877328072041341,0.8980418339056815,0.6953980231250717,0.8841397688971744,0.7743386467128467,0.8041300042923251,0.9477062966223151,0.762560312566568,0.7120949858160156,0.6951107823741227,0.7498461884343983,0.6539594841929471,0.9427430783796379,0.857789222928358,0.8997450043155737,0.909319709943923,0.7250413666216314,0.7570266308532864,0.8837560329884953,0.6000697197594184,0.7850604669383321,0.8807383464373314,0.9001145614599412,0.8584330448461952,0.9827651287764826,0.5562092563722745,0.7979390064594865,0.697837201311236,0.7353738956485105,0.9553919586073434,0.9284216378698342,0.9389468726380961,0.9135093025029415,0.9298646141768232,0.7220038263210694,0.6550296441342387,0.7487605109791798,0.8364349558816113,0.9725328231101033,0.8092042476787226
0.7799700488081549,0.7872406806550325,0.9017346136984247,0.8707177774636344,0.9002384558489673,0.8233636754533172,0.8354968932568586,0.7793869998850192,0.7252690994475787,0.7447737138490121,0.0,0.8419903207520327,0.8158849634253167,0.6951615592353115,0.8112176479082713,0.903701786273795,0.8651908997302411,0.7257161114480085,0.7919211616799364,0.7665802801221611,0.9042821281919131,0.8956176249863282,0.7833527412754041,0.8760749647672783,0.7805996645716666,0.8961934462969757,0.748111773422687,0.7978826742611346,0.8038400916939114,0.7678725426261791,0.7571918162987918,0.7916060207662108,0.8186278259903094,0.811539463097815,0.7768824478860665,0.8096453330755842,0.8355786991603695,0.8014988954913423,0.9180522590322564,0.8655230204712614,0.7968937004719165,0.7988041853770733,0.7683785324973704,0.8942083665160897,0.8068092374726337,0.7413010929039011,0.7513743317434787,0.9220467797067463,0.845644883861416,0.7661255797840865,0.8270288866515415,0.8240181985577031,0.6129568597585097,0.8628577248369228,0.8326422770989446,0.7268402090508375,0.7788256419304409,0.9189166427404024,0.6807684529195503,0.768737209078782,0.7851457442288413,0.6514536386565977,0.7158904197347286,0.668859474578516,0.6519427596165353,0.6510133303516433,0.8279574491939511,0.7863639264470723,0.7226980675900035,0.7901668229151595,0.8264419677117547,0.6229179998920332,0.7210178691400357,0.8821893476403898,0.7626379547076293,0.6157566662897139,0.9287562721428461,0.8577110235464386,0.7023689445589766,0.6935747284632754,0.6792527200639107,0.822141569132981,0.7734907403149501,0.6841255653972685,0.7684237327395868,0.793561423068311,0.8124971754267473,0.6665701501668074,0.6838988379515638,0.7364132463125507,0.9283582723263489,0.7503755496055582,0.7921294320966276,0.6682977447550514,0.7710599089069008,0.7783572341053492,0.6541107213017878,0.7569670190979743,0.6262560605657986,0.7550161184400577,0.6867857948331137,0.8269656603418493,0.7058781433497198,0.729206867543683,0.6787640760699972,0.8103757153611034,0.73968964928381,0.7764403775433341,0.7556872653484382,0.8449276813146128,0.9167013249413961,0.8167506252954128,0.8007794534545872,0.7907356917372173,0.6664675798423579,0.8302354161680409,0.6556071037186894,0.8466520218691941,0.8326706644654668,0.7238998255393626,0.8898790922423208,0.7484667216525314,0.8270417551777254,0.8267537139706138,0.6750881654545637,0.8177554817385481,0.745259084899755,0.8491541841572373,0.8241247399863332,0.7119912345165276,0.7039846474786023,0.866138017912402,0.7361743997049344,0.8335659706454261,0.870248078946553,0.6298875184031631,0.7367256826813225,0.8269856281093813,0.8235084179765173,0.8080174492341656,0.625349082817527,0.8176801864316835,0.7971801818683466,0.7603485684170427,0.9288064289251092,0.7614388361249024,0.8385201883679916,0.7101935778390813,0.7637472470062429,0.6608521160282015,0.826986063901953,0.597951581289299,0.8773845240933814,0.7894037376658457,0.843447595699425,0.7992740471623012,0.8544244604830904,0.8287515199278362,0.7150609610576575,0.7465722993661346,0.6078328302847757,0.6849172290598218,0.7555530951972819,0.9399751843678676
0.8352158309272941,0.9070886917343856,0.9018786908938679,0.7745204620176872,0.8454168760659602,0.8844251696883408,0.9152885746394008,0.9007238134977918,0.912451511098942,0.8716934641104389,0.8419903207520327,0.0,0.8392233049742699,0.6403314434283879,0.8595783578704522,0.8642670179663229,0.7845909620510565,0.727723460188503,0.8066832151800127,0.8149991681447971,0.8369068359215098,0.9264000017929154,0.9186276387439214,0.9371635922722172,0.9287869741023027,0.7669726827931552,0.8597536586987963,0.802342446415876,0.7355363882137177,0.9210872780175777,0.9062088008162282,0.786925122868695,0.7990489516449422,0.9235760256039663,0.7915214822648537,0.6952412498882217,0.9088684474644919,0.7202362238620439,0.8593550338170033,0.8305920344249758,0.7192116869334131,0.9627481913362979,0.6934631596378263,0.7639058343205556,0.8981997133888162,0.7632562042506209,0.8265164930606246,0.7565867824699516,0.8759388813938952,0.6689135873355281,0.7148300064794402,0.7612242944162839,0.5697424846167386,0.7434734096040474,0.6511753717266213,0.9265928888734888,0.7145668787301211,0.946883918483087,0.6254297987025945,0.7406880022898672,0.7280896652273312,0.5872967516700198,0.611143565822801,0.588609027964863,0.598982373608923,0.5956799877425856,0.8553015267489309,0.8346362655004529,0.6554319995472504,0.8591537949435348,0.8119846869112962,0.5680440683519752,0.6169116441428649,0.8086461154320203,0.733740683761845,0.6409931028822697,0.7806040163545566,0.8670564958270459,0.6780560348637773,0.6217088078389109,0.6385136701759685,0.873501900746023,0.9136224179634809,0.6326928949548611,0.6470182370271749,0.9126715823939383,0.8589682979110926,0.6236867690345507,0.7570167102864515,0.947610445528782,0.8325358047736935,0.8995214230184713,0.6695548435721603,0.6215332225399947,0.6463715806661471,0.9302384797742987,0.5990120975762401,0.9303556751120206,0.572821473676936,0.7946596984962614,0.6207184924909368,0.74475420543464,0.6361180545218497,0.8646849387818972,0.610370861877892,0.8493957215993546,0.6519219073130615,0.9409467796328548,0.7469146476992344,0.9662825708595782,0.8555588223940412,0.6602417470309817,0.7428831371785436,0.8275734060158594,0.6023933187028419,0.9203124695059096,0.6831459184091829,0.8357201473462698,0.6727787689701075,0.7852905794335856,0.7415644239985979,0.7037357110529784,0.8258502156235842,0.8588468362314865,0.6348567698973836,0.8268281503711691,0.6774435501649851,0.9487472503862666,0.7511288459736374,0.6626860561099437,0.8944731979049817,0.782597503510153,0.6766201624474104,0.8249844494534765,0.8256873373273687,0.5632780254017129,0.8603038281096138,0.7887956262102872,0.850336482274533,0.8696044739521172,0.5902418040239278,0.7466827706168575,0.8612407592124706,0.6370384187189055,0.8553379933020896,0.8725361489774651,0.9765881560849323,0.7258530552376103,0.8912826572975573,0.6064632075673857,0.8264389069204933,0.5744612716688906,0.8105271850235753,0.9240594136225323,0.9654246299192771,0.9121016514357161,0.905938682336465,0.9468742565274882,0.6385778245147592,0.606537359678777,0.5884035217023099,0.7180088401190473,0.8996779444092344,0.9244102066420973
