0,1,2,3,4,5,6,7,8,9,10,11,12,13,14,15,16,17,18,19,20,21,22,23,24,25,26,27,28,29,30,31,32,33,34,35,36,37,38,39,40,41,42,43,44,45,46,47,48,49,50,51,52,53,54,55,56,57,58,59,60,61,62,63,64,65,66,67,68,69,70,71,72,73,74,75,76,77,78,79,80,81,82,83,84,85,86,87,88,89,90,91,92,93,94,95,96,97,98,99,100,101,102,103,104,105,106,107,108,109,110,111,112,113,114,115,116,117,118,119,120,121,122,123,124,125,126,127,128,129,130,131,132,133,134,135,136,137,138,139,140,141,142,143,144,145,146,147,148,149,150,151,152,153,154,155,156,157,158,159,160,161,162,163
0.0,0.26395394617955786,0.25176667571789224,0.24069575588473505,0.2761108578233774,0.2325532735901405,0.2379909891402128,0.24684693735205104,0.33641387187535426,0.25323330123936777,0.3046631191569601,0.24745399403766213,0.3050693228385804,0.23553395191422757,0.23719159188480848,0.27728045836012405,0.2887933137800027,0.3797296166857628,0.2590429362237906,0.42296925151589193,0.29261078737473717,0.3054429556346532,0.2682405980587397,0.2498121820560732,0.31623999266838987,0.22445487325429814,0.20918863514222097,0.256267275354832,0.2193800630736184,0.24288180411663549,0.2658819350780786,0.26665102044886285,0.22604277490300206,0.22616944137928094,0.3271329509527151,0.25226678789084406,0.3464296884704639,0.3001546165990247,0.21593593658288984,0.2795190828502097,0.23290934243241543,0.27764154536366914,0.3117802109872196,0.2997578791591104,0.255404689687013,0.29128347839153523,0.23840408300205712,0.31148184858558486,0.3283212268457741,0.34282444590384686,0.3341136568550351,0.2896722350051025,0.27993941742310446,0.27365936891100356,0.2693960321103002,0.256024677372662,0.4065977237894301,0.2541718746231938,0.2640004602712592,0.2681675066067246,0.2454993621360615,0.19374815980915752,0.3235402826566243,0.23217654095808765,0.28139467575253524,0.2903162417816696,0.25352495474870024,0.27497757960504615,0.24074714593695523,0.28292040779992517,0.4023840924768572,0.2843328984108314,0.2826407268609723,0.281975649151082,0.25812901011180517,0.27720016273304576,0.22699639565885252,0.24214376548070787,0.24997134323249415,0.19332594830235864,0.23883568424255786,0.3484659922536537,0.2880981438633827,0.23110304488084693,0.2946685350326949,0.2876853753888187,0.2764816765260264,0.3136493102954423,0.25621503791302136,0.23284461323664862,0.3593323719974868,0.2545636470703759,0.343607511143136,0.30505893634679426,0.3516930006013393,0.25924172514574284,0.2121737611612989,0.22832075235104682,0.21945268517788,0.23404360707932645,0.23439032078362612,0.22528841133224162,0.23513689800025644,0.22003825875348187,0.3350570531598419,0.2610849887160103,0.24705566141557736,0.2789021037799012,0.25967521324458376,0.2658405890744883,0.2770945970008592,0.34497961033301705,0.2739101748945449,0.23500178501037838,0.2706312537227464,0.2590679327643199,0.27017629184356595,0.29112771313328956,0.2391239686160144,0.21928181802927146,0.27886424523119374,0.21719285925362555,0.28566420364351686,0.30494591625786654,0.26947123188475974,0.22612620050893203,0.1957080148096843,0.20515395557505622,0.22307523560455536,0.3058557692270552,0.2178522406637199,0.25715763433703476,0.22351833411013575,0.28771796559955454,0.26280567357372503,0.26202787064151306,0.2858961770704133,0.26286801024933615,0.2863825524991453,0.29397633588379674,0.24019586828428224,0.2521559030311901,0.32678424714563625,0.2974880283835357,0.29290715659289707,0.2654640394668582,0.2903301098988143,0.2084234980968609,0.3248410535450289,0.14195342738724456,0.3466628196106416,0.2737703939748369,0.3126677347345362,0.20720086807024687,0.24359231882346533,0.29122970613672017,0.24702210271958877,0.24166647158193788,0.2743042948242233,0.2686973111811927,0.21113935281515098,0.31004810081920503,0.20109090810868585,0.38816858626562584
0.26395394617955786,0.0,0.2514343144869902,0.26514427705510135,0.20358701376188112,0.3144663707131644,0.23000251129704338,0.3266708599146268,0.2421191112667704,0.2986143824588795,0.28226450195353503,0.30827916463259725,0.282146050568912,0.2682980537368775,0.22786884845199035,0.2775712496418207,0.27172556827678596,0.24814608163007584,0.27972242418179044,0.2971646120888459,0.2882737864063718,0.27672953439644277,0.26401645691868475,0.2502199880986748,0.3051728323442599,0.2390686463694884,0.21901703675160558,0.25597420898690376,0.3784165858364504,0.21619507151946957,0.28173852853757975,0.2763932494668699,0.32449656090071394,0.24030829971509798,0.2757076186319284,0.27694336846307355,0.28158442659490657,0.31907154224573214,0.24211365310918442,0.2804980868775814,0.33061393842123193,0.23039762803084776,0.21098969770456596,0.25342806438527554,0.3448323826745073,0.26379510911003967,0.25751181988849275,0.24586264669934618,0.276737412857363,0.26749060623103127,0.27389498488170877,0.2988392303224295,0.3299355912022103,0.34470259370261547,0.319763710632918,0.3018946894847601,0.31049054630122097,0.259333071352927,0.26258311894026787,0.3193362502838574,0.3040588064382104,0.18904404184533782,0.26324580408474174,0.20975532974404548,0.20513835205567615,0.2319196525857038,0.25081512799645483,0.22813509245162625,0.20795628768527774,0.26447630532053457,0.2543067150725064,0.28206403638059235,0.22452875181286117,0.275714367678034,0.2813918399862213,0.2698090574968934,0.22036581641389516,0.3230841119777745,0.27065738599168326,0.2169145987646822,0.24354816249716751,0.24530965251912196,0.3472902813997425,0.28057081196644207,0.27578824843757455,0.4124201673281143,0.2515117261104778,0.22725708140713113,0.26887628055555163,0.309233749677114,0.239578886403453,0.2554047939342069,0.318010545754849,0.30680206645985914,0.3002582029723363,0.3220028861701885,0.26326503606048396,0.27472017779392666,0.19466102838986574,0.26951483152808264,0.2625424838597985,0.2005665727081198,0.19628912441703228,0.2524344394209637,0.28205876430094107,0.2670890587406577,0.23545538692828383,0.2975495590778288,0.28935872618366154,0.29521438780568576,0.2525087531261669,0.26280097801533525,0.25273085947911794,0.23167963631812208,0.35303587096483424,0.3447658259383008,0.30422586408594293,0.20427892584999768,0.2508254539753615,0.22212653043657976,0.27269866112563557,0.24893315031138302,0.2997032024333503,0.32196162972892656,0.26175994329028507,0.3664947316062482,0.20644282356652385,0.27011800030099475,0.3313358213030741,0.2617134658852843,0.2557229527397418,0.245475488368776,0.25594163534231396,0.2927730921813963,0.24789184964128622,0.21721554507514387,0.28112019714207753,0.2696170211790234,0.2777921625106025,0.2444135356044533,0.27420582210471456,0.2641850718408767,0.3405834393780876,0.27245248974044384,0.31582066634920625,0.21964403493371126,0.28005533839326197,0.2457406568075004,0.35876318752003544,0.16347776123700564,0.2526397030366069,0.319826301643304,0.2370779846201795,0.2430958607223715,0.26438389603617485,0.2682934270418544,0.26084821716658213,0.27747994364375084,0.2658012032948661,0.2485001366846196,0.23963224105257327,0.34822908771341093,0.20874372393985352,0.25578797302786094
0.25176667571789224,0.2514343144869902,0.0,0.2654694490221966,0.24357954737975085,0.2442580818690955,0.2116040921138762,0.275931233330993,0.21236999350102276,0.362125155841084,0.29217170616440413,0.22349297191515863,0.312945002416948,0.2129031568334682,0.20193611274965603,0.34327787941676785,0.33328183199550854,0.2863839598294598,0.21858412064316374,0.2165239997744293,0.3106292560632224,0.3365891751857465,0.255252447539103,0.21654124340074876,0.27466186424277733,0.24243700206236188,0.21948452328225626,0.2682129556879609,0.21867503979768532,0.21092564280436987,0.18083985490682383,0.25622298687261275,0.20025519018511426,0.20239980423883375,0.19469943243647425,0.20857536853820718,0.2550874173926308,0.23738046897120987,0.18318684265415547,0.2629641482446248,0.20285873681600583,0.3160032040942792,0.22989282693473037,0.20210645529815024,0.24648272480389893,0.2498951419861495,0.20885599168632543,0.23456335983642138,0.2553840402870687,0.2223483629771146,0.25901693793837904,0.26290752870096806,0.20290786898701718,0.27070781323187065,0.236400255852572,0.22880523898505345,0.23814767937121886,0.2663485077756719,0.24115107847405867,0.21995963612688083,0.26089087735547356,0.1783363918785549,0.2831978484109671,0.18333138629126863,0.19792415209218595,0.24274859085640116,0.2355227937051276,0.259069301638986,0.26805109172923325,0.2910330531784666,0.2542967844569869,0.19001189889200973,0.24081886014384576,0.37576880349998365,0.27432106453900956,0.18090661306773922,0.2765393651403101,0.2536202503836959,0.20373712251043716,0.1729306992146777,0.24021470482645776,0.24298939966314118,0.2664773696804919,0.23568178306893828,0.24197406885042183,0.2618524547224889,0.2200571767365577,0.19636577016070844,0.22555308648775033,0.19760827042282078,0.26452508510326933,0.17911192032262116,0.236045009308769,0.19047645901777505,0.27492503112562133,0.21826888958148818,0.18114253628984994,0.22368188209471446,0.15908986314930879,0.23048498907493425,0.16655170900972113,0.24549757015612447,0.19119865391626273,0.22195749091081057,0.22368709524604952,0.28332425218094226,0.25088280201790375,0.2922793534864889,0.23505376915236667,0.2742621214548681,0.23361084905995727,0.21412889683296388,0.2396892070317002,0.22888734307255082,0.2148167840479795,0.29116361572698,0.21444045546589138,0.24297551090407807,0.2825330279780312,0.21740328571458667,0.20714377099357245,0.21001712438264006,0.2094360049122412,0.24775517889638177,0.16681153100841675,0.23079134235456314,0.19677624436346472,0.20527142305082757,0.26077909242938585,0.2224912520352606,0.22597056490484252,0.325023006656914,0.19063969304346645,0.18459747569631113,0.2174153697064872,0.17715990696188794,0.18485567977853942,0.19124591052477583,0.26212905711678647,0.20664980817432393,0.20536609902018785,0.22238234200210177,0.24892507362313945,0.24783990475368098,0.21961082121689357,0.1825403568426584,0.22880297714269843,0.2406801222334652,0.28916332887561136,0.1545081416060277,0.19059868685506404,0.196977829513916,0.23779542286302746,0.25552722749813045,0.2556628824124394,0.2296802626143247,0.2482177958535585,0.27869401263101723,0.1754774821452033,0.23844654414720334,0.2666511386367343,0.18218125972579707,0.21308617386757522,0.24918238532534737
0.24069575588473505,0.26514427705510135,0.2654694490221966,0.0,0.2066038498210134,0.2339716297458868,0.2711837018828617,0.2807583611420116,0.1999895884745746,0.288550129136135,0.2604240722740159,0.2579788764957851,0.271156345600655,0.206625987775219,0.24990524121052549,0.24777474278591188,0.26708806610266234,0.2521055509352717,0.24725896586534793,0.22191877391593934,0.3080632642909682,0.24059441565936643,0.3043227244099828,0.23578263792898022,0.30396820904115573,0.27090210589637953,0.2528802008474966,0.2533212763335244,0.22387940039021634,0.18814450878054811,0.21078664175168574,0.23383609147927503,0.31897643206894827,0.2461888592406594,0.2102923541115732,0.22790735371521897,0.2784359394118139,0.22806968776212272,0.2031781196199361,0.3324116306210024,0.2509175563123742,0.2517391962021276,0.22400312360672817,0.24022380332471266,0.2678836099946593,0.3002867961803693,0.1909821722391592,0.23284806836545455,0.27356949137330366,0.22132654347808142,0.30883499480861987,0.30363297742929,0.2345108522986326,0.3349379153598229,0.25780356422948436,0.2413632994858021,0.2784211449610181,0.2567981477318986,0.2495572371332882,0.25995366913421125,0.2917688149947289,0.18770303559097506,0.28637431151358017,0.1702927780531886,0.21352380854826225,0.27273312581302084,0.30478919397972004,0.22402614544548136,0.2174726854991068,0.25954133672643237,0.24723948604739318,0.21625077327941233,0.22671767059365688,0.3777106293377701,0.2340629709488305,0.2105288324868072,0.29464284292139453,0.29787664663493413,0.23754058447498166,0.1761089345136387,0.231091791588107,0.28374048842788563,0.2647736797015016,0.22230876042090522,0.31009204813291247,0.2600758759925291,0.2777164043413793,0.2327000895871403,0.2627233614779185,0.2269480598311857,0.2555347010834494,0.22535815870232737,0.2316599272484026,0.2262109398160496,0.2968420216971474,0.242847685897647,0.19402842501886036,0.2637993116839802,0.16835634282913442,0.2597320302322049,0.19606324806930372,0.256643952724656,0.2621256826006584,0.2435931336863357,0.23626775905651407,0.27220606670081426,0.26218401218212956,0.26316866048531884,0.2793212636149745,0.264510796644063,0.28704003822585406,0.24835573186458829,0.26846625705298066,0.2361992954473795,0.261785194682346,0.2600759561051378,0.2662079200470446,0.197407186129171,0.2730169264753038,0.21794250256366315,0.21356227544920034,0.26759023898415635,0.23668757248949937,0.28125190687721713,0.18218636012091002,0.24556140951596261,0.2019224519293385,0.22642770174963334,0.27443491491699945,0.2650680462584142,0.19291867743691077,0.24743956832399497,0.22905345339364602,0.20989124146085128,0.2238023340994613,0.18463759463528262,0.18470998878171432,0.2399658332926524,0.29509260751377064,0.2413706641057629,0.3006853343313364,0.20262587049678776,0.3128429647166951,0.24423751994552356,0.24051598938348429,0.21863350959494726,0.235315757917447,0.2454271361188148,0.25625443441814927,0.13769606832193731,0.24893261429223415,0.24935424474974824,0.2397682732010104,0.24965772859588428,0.29866909239878553,0.25385672051808694,0.2582734087370017,0.2934144597864615,0.2842846749009815,0.24277898616952268,0.2615606928338165,0.21748517648575347,0.23602962317013884,0.23363943958099936
0.2761108578233774,0.20358701376188112,0.24357954737975085,0.2066038498210134,0.0,0.16909594848984225,0.24900539445441677,0.18978238269187211,0.23852716480563332,0.21963744370617314,0.26554768963620584,0.20317031361942206,0.19797462325918644,0.19501149972536885,0.2537012122653652,0.2228342553128092,0.2373033181547915,0.2901515018491493,0.20201490050315524,0.2292390113061582,0.2541566121254671,0.28989404277092157,0.26828108108461013,0.22934582484228638,0.2315518255730552,0.19786720459722437,0.1946047637115265,0.1942890079579059,0.1829647287732539,0.21690738657515865,0.2215975014956441,0.18226272735993876,0.1860057683501725,0.17647164176854063,0.29113567043051,0.22434170624139546,0.23698027711276912,0.22736693384808093,0.2195207569953746,0.21610285578830482,0.207526684899912,0.26678153119879977,0.2586257303106763,0.2599133095626883,0.19219437685677704,0.2013245740878002,0.2084520721932462,0.26632165823913334,0.27554521901889684,0.25548035177172235,0.24522126234100725,0.2084869718254841,0.21067177515274232,0.2199658426259854,0.22064768539334767,0.18374794340508382,0.22533475760197386,0.23564694372816053,0.2249875869561647,0.19853533419475414,0.17099365588392768,0.15397615421192054,0.22361310480532348,0.2128213312786591,0.24508093821393842,0.18575079377593495,0.18550837910738066,0.22456358393913664,0.22025015739312034,0.23570266337385554,0.24320547913985247,0.2261152758473503,0.1957797035307265,0.2266575110971692,0.1881165130774913,0.17498021894644764,0.1982909008310937,0.254779700252706,0.1832223969626358,0.1500019390125085,0.184525578794359,0.2660122402098576,0.2400547887366444,0.16529359243722427,0.20965045504732588,0.20506425993088748,0.19366000641394762,0.21112803153121956,0.1764943201644617,0.1763851632090226,0.3291579262521418,0.21312870467962258,0.28065742272051064,0.179084395457278,0.2547356578038374,0.20547939371282545,0.15763923909326888,0.18364758535300404,0.19187371563915767,0.1680359775084861,0.1855949005919637,0.19050765234341688,0.20315685956450147,0.20110372145651748,0.21483835129702777,0.20227155006455538,0.18294260007985827,0.23409365863235962,0.21739292890171188,0.22487545510106438,0.22682392039885696,0.25533700259350806,0.18197890519864482,0.20362101784951447,0.19050039248002182,0.2049885298904589,0.18400705518143373,0.2642839730553334,0.19513311499317157,0.1914905348223957,0.3009265760241823,0.18003673921417518,0.18992101051486437,0.23103230965136584,0.21773141697535042,0.17895440549960673,0.16109450759646787,0.18589471380436218,0.18573718889587437,0.2284592160222712,0.1813774168878969,0.19948665879624364,0.16130311048025775,0.20981091006929065,0.23446301989995538,0.22955183458918024,0.19700340352288317,0.26264332385939615,0.24129653891310954,0.23460708871004682,0.18875127022110919,0.2003786950961041,0.2393273277107634,0.24281597413369643,0.22937144380216215,0.20509202786841918,0.2603778720942884,0.18382231430807028,0.22259667635877525,0.13367139576230602,0.22159781375787507,0.20209038465657456,0.2791796667908098,0.20367197812810234,0.21529212081824411,0.22511435807689065,0.19151638974808174,0.21097027814540684,0.20686236406955952,0.1862366493713365,0.18728511070115827,0.19771767910686866,0.18733312743944538,0.32197342391779865
0.2325532735901405,0.3144663707131644,0.2442580818690955,0.2339716297458868,0.16909594848984225,0.0,0.17440681215474002,0.3042933372448213,0.2207705771729109,0.25875035370808713,0.23227284750669477,0.2740349402606617,0.29471569778511836,0.1863803268890475,0.18044538928331796,0.3036305576494552,0.2774737059419029,0.18381703330126606,0.25235612800075496,0.25140174255110576,0.265163613036964,0.2070359791541521,0.18574671097453566,0.18424344933452605,0.27118375904937686,0.20677570547815785,0.18822268705558137,0.24801613162301564,0.23992179518946607,0.20936721231853006,0.23364774472864747,0.33487222038565245,0.24495282031912138,0.23138185660444735,0.21542843091033917,0.21474109314285855,0.2390047879583791,0.24766180494601625,0.1943940823694925,0.20175274482057298,0.2287254853584506,0.2423302073067916,0.19872608840881045,0.23550558281267012,0.23520159882345126,0.2189891815716235,0.21505958804780267,0.21936884456805741,0.19141008631359926,0.23045257428417526,0.23167673766844912,0.30656598003862257,0.2334439779669594,0.25344221844294024,0.23474717232368483,0.3301235611528898,0.2557610864080437,0.30876915257814525,0.180633304997746,0.22276140760898896,0.3190098976276976,0.20942296406787697,0.2858036769622873,0.1691112917657235,0.18029755113168888,0.22443482713013677,0.2134939413304386,0.2062418083558443,0.17373520959754785,0.23673167701498815,0.22464594148717495,0.19614104400987517,0.2391737896390055,0.24876595527103185,0.3185917378321457,0.22467890461921516,0.2192504284867483,0.23460043852348708,0.2185886454981173,0.27992937094152376,0.3054938134317114,0.21616107198062032,0.25247823040334194,0.29814750652412564,0.2748855984247401,0.2762917197259612,0.28389548578243623,0.196760532425824,0.29477835981804074,0.23948130795625946,0.21620321575195958,0.2325019352453135,0.24420878351667707,0.24208673858293375,0.22520036886868108,0.2634712766863969,0.24573887954970208,0.29828178001643874,0.17395394606022088,0.24778543965668218,0.19546977379597955,0.2060540434418647,0.19117058971711823,0.20346082029072635,0.2624579953441069,0.2850474834566015,0.2816123880356093,0.28817916656726134,0.2069255726317386,0.23968264899348507,0.22928242128870152,0.21874500000384936,0.307785491832559,0.258312953233091,0.24947049488524492,0.2988593862112028,0.3091259897803769,0.17734627681715373,0.3079913387771419,0.22675713610084292,0.21099584798358625,0.26518302227986684,0.2833151374764638,0.25236293547797567,0.23337918471936606,0.2599589287866763,0.23771497167706804,0.20553040448665452,0.2851852668221791,0.18929284495122908,0.28725909048927556,0.3506055715911177,0.2460005103349325,0.24325157838298633,0.2106729065089918,0.18351690738725426,0.22924341638870235,0.1857965500856613,0.1958966195088285,0.2051013840854826,0.2152955420298141,0.251293542784104,0.23993563762826317,0.24216486599289574,0.24829036794874573,0.19406762709631237,0.24387463488365418,0.24540035658819978,0.27244922406862865,0.1808066278174042,0.22110992162303197,0.24165726351761907,0.18512285846733625,0.19074457796225022,0.26695864075721115,0.21683827102212835,0.2142081957282072,0.31209885407265436,0.19775798829730568,0.2767393529599358,0.21496030654685694,0.28387294765519483,0.20953285312970055,0.21117008168597906
0.2379909891402128,0.23000251129704338,0.2116040921138762,0.2711837018828617,0.24900539445441677,0.17440681215474002,0.0,0.19088330336539716,0.18732337361082835,0.23584983808427096,0.23995304182928473,0.25232274232986807,0.21832874593446036,0.2092612478894155,0.276616425716054,0.18974646255741837,0.20171678929335218,0.2538061049720166,0.2355844895483033,0.2023022122821141,0.25690752494216906,0.24432175965707806,0.33030915200358046,0.28418825478349435,0.2586123880192885,0.2591475493691991,0.1891695547681902,0.19043640056917194,0.20819672786084778,0.187493736706195,0.21833088353099944,0.21383111836044827,0.2574680415221376,0.22964106468691578,0.21001451036884697,0.2258865370751774,0.28129531882446446,0.19802887475116812,0.21308815146257,0.2919682331967422,0.26955616157811757,0.22012346181149778,0.27575899451777763,0.26518704345789784,0.25636592269820624,0.2474853526426562,0.2542906114694991,0.2521865660167152,0.39593331475534016,0.2237680240465953,0.3173106648354421,0.2248094986053904,0.2041881743128143,0.29559587202236703,0.2886383844294723,0.2031387620954768,0.23581678924998228,0.19705518882822137,0.31570169783073,0.21563064842985577,0.19058889036451632,0.17031145731627992,0.2089895365361279,0.20182853277206914,0.23554257080858046,0.21289934539184005,0.26759791647433645,0.28836023886072665,0.22338392559622114,0.2027755968245911,0.2734477098410451,0.21828442184274197,0.19609816501462704,0.2818362703505822,0.16152109555429503,0.21627108477382828,0.28372716242477386,0.2811709170954507,0.20456531264970929,0.16569688975092783,0.20375211650295785,0.27054631550081504,0.2460532096168514,0.16167570673678244,0.21427710454611007,0.20931045016184435,0.19910221020435723,0.2653857339280831,0.20158463756394795,0.2017152176130719,0.26306699951497275,0.27847055153987144,0.24640527187602257,0.21934752699273163,0.2525765022951307,0.25992335350033985,0.17456673316545096,0.22689513321384217,0.18363285136239224,0.2375816049768351,0.2082624557689983,0.23447031429608325,0.28942543964928535,0.24220993479760258,0.2027387866492975,0.22137128000441614,0.20334221880306022,0.2076443911507593,0.2898746632158539,0.2702675350695052,0.34043101517895696,0.24488076920813226,0.21249932450815553,0.17191258679846574,0.21276256316571557,0.19693421197015262,0.2054058075780754,0.24658364142283612,0.231376123229505,0.16719707286206653,0.21599373438555175,0.19193101830464596,0.19840837818225776,0.2822331201087169,0.18134230736192167,0.24135804056847238,0.1758530218010497,0.2284299427611767,0.20407072182728103,0.26929174029261516,0.1581219540136431,0.17531936391614458,0.16966600108745766,0.1873709857236416,0.22215089999342041,0.2103765123329472,0.21376068723852196,0.2636019261818672,0.2668834347149521,0.2621534119242191,0.2609461999342785,0.1870840899818988,0.26367872804852893,0.21943368905219446,0.25770086120981384,0.2789959903185649,0.2246945801174138,0.2194762402511363,0.22147134834133467,0.11959950931237301,0.24034167368909318,0.22689663105972083,0.22553565150312832,0.2944367061437414,0.265298832396861,0.26277976552577537,0.2266401385468721,0.24855622742364628,0.2546341012007152,0.22485364325101193,0.2343980719596858,0.20757854044075436,0.20956316578180847,0.24272372034293682
0.24684693735205104,0.3266708599146268,0.275931233330993,0.2807583611420116,0.18978238269187211,0.3042933372448213,0.19088330336539716,0.0,0.26211887868814643,0.2977342190973127,0.24225318536568377,0.2912120323959801,0.30933786208212966,0.20310099036894688,0.20401786088048277,0.33182111800286046,0.3207876967001215,0.22685749388545376,0.261661640632401,0.2709800681993725,0.29919897942944623,0.22044202103251245,0.2333850097528973,0.20075840532838912,0.2928001697468481,0.2410358952053982,0.23411322889918335,0.28470865709217724,0.22649879824815,0.22861078831931922,0.2761100978913341,0.28290845593671876,0.2585942703691854,0.24362713439478137,0.2233782124857624,0.2449357374598348,0.28106415508256843,0.3109967032029822,0.2426191175804596,0.2527012085895822,0.2571552739086934,0.243923120706316,0.2286185287115251,0.23121874256824565,0.2990914402449936,0.2815895970903895,0.21691486232722387,0.22928851047947482,0.24319735146986002,0.2439370835706381,0.26674593849666367,0.28934080081763214,0.26562750641376115,0.27218437971276693,0.25315712610431423,0.29170765212463917,0.2918945920537444,0.3431253106297802,0.2320837833965305,0.24994336192134645,0.41589439005500145,0.19831613931834466,0.2972838801284714,0.1898353655644431,0.1948816229666676,0.24670609051680986,0.260064558800225,0.22247958057159037,0.22135932195618258,0.36284427544949516,0.25074571398933315,0.22847130291918513,0.24063587222203378,0.3174352693139489,0.36070506957736787,0.2296342858111237,0.2825056865088527,0.26930479860698575,0.3256695389332905,0.21275045034186513,0.278734733885558,0.24721097050186033,0.3211070225103653,0.32999344426677846,0.3261222172720817,0.37853574816686825,0.3536876301588143,0.2391994415891288,0.32554700544959436,0.2740764567118594,0.2387783832905791,0.21980711145668472,0.2602673211275623,0.24720872259881221,0.2971249739253081,0.27656594056926914,0.2547941378341561,0.2781141528559657,0.17480125936031707,0.2687961697085617,0.2101848649398693,0.27559018733511237,0.20860688280432205,0.2448801482030365,0.27528444137722496,0.3285724924330253,0.3030647514928174,0.33391470967455017,0.253201381130627,0.24959169339929263,0.2243362012749256,0.2570043362135549,0.2957978857913878,0.3105619029418363,0.2804526508127528,0.3085742854444923,0.32792336637171016,0.1975047631979231,0.25843623838877966,0.23909288462885003,0.23025467904270147,0.3900828167666967,0.24777304632045247,0.29003968622564125,0.21897154958832737,0.2724904053667098,0.21800321398736716,0.24363142680952643,0.3004101837426615,0.2383930145364918,0.2919162181525339,0.3173105491771019,0.2921884861369739,0.2386556311006901,0.23619549273505253,0.19306779013817926,0.24500181135529633,0.21234700965947773,0.2516421646618479,0.26504278312902285,0.24201344443147801,0.22620604535484623,0.3158846934049666,0.2695245046147295,0.28801521979808087,0.2192210278693248,0.2952815508767892,0.2826295855771526,0.327986604895082,0.1697385482360352,0.26344798209833525,0.29506958117963833,0.22687056643335599,0.22724518706879396,0.324190312606226,0.2744186459408883,0.23710022638519695,0.31812135152492244,0.21134380084015728,0.26756890554277435,0.24637866195584643,0.27348491086211085,0.25817451782053835,0.2399454134111388
0.33641387187535426,0.2421191112667704,0.21236999350102276,0.1999895884745746,0.23852716480563332,0.2207705771729109,0.18732337361082835,0.26211887868814643,0.0,0.19668175253716041,0.2504455075126986,0.25135452459863467,0.2143778995448393,0.22270316813046948,0.20165188494103367,0.24924056040390244,0.2496769047217392,0.2768568674282759,0.2472930060758451,0.33043802822668417,0.23928664673053404,0.285001723746068,0.20286766169213458,0.20228217383173952,0.23680107965143363,0.19404869181812234,0.2153092471495928,0.23530420975958188,0.19980063408171242,0.3062842108772486,0.2937249286641424,0.22686574484438826,0.21259503999854643,0.1853384284434435,0.264088615545353,0.21930270099418864,0.2321506804649116,0.35372391059544145,0.2338008866580983,0.2050821640975549,0.22892874757265244,0.2665882958249407,0.23986699876580908,0.24794331967922353,0.2214095597907535,0.22014072453187816,0.19994738234874543,0.22689647363949536,0.23110633602017022,0.27633182528346567,0.2316219229264215,0.22968506876971717,0.2599134294853001,0.22719164639955652,0.21716785257086912,0.24435626902798066,0.29902711157502987,0.29165850103306473,0.20774162800142174,0.20660385982070714,0.2124089273450443,0.18626706095665266,0.25641590536037484,0.2241048709337285,0.24386389307739342,0.21816617002707564,0.2148836055557794,0.21043759977471663,0.21908466387851988,0.27331252519333343,0.28652809640443966,0.2526914103457669,0.2636150164986405,0.21336518494449114,0.2903983025266983,0.2257129070640043,0.18614550021629564,0.20179442963893887,0.2534726576541197,0.19143593946346044,0.22454040958623034,0.3139570339981889,0.27450454475921593,0.22057985427567423,0.28272821365470957,0.30637558204703913,0.25924915938918697,0.2648216568886424,0.22029990403635707,0.25756460284591776,0.29901137428869734,0.24713639118588732,0.26451125677999676,0.24338676418905192,0.295845844071992,0.2536719874314387,0.2479950301180455,0.22099463139385497,0.23848313588539605,0.18686192926504633,0.23081542104100017,0.19041051913738463,0.2143913766964588,0.2133824003695182,0.29642766054841824,0.21853815649669972,0.19962817002246264,0.2515280973091487,0.20410568098561377,0.19766029418002581,0.20147249896665936,0.3104703684244506,0.22385400574800837,0.3068784591298737,0.2320553375584228,0.24937148620131866,0.25254946355088387,0.22959759405313915,0.1841290959249468,0.22786445461909788,0.27476611195724215,0.23723974311449994,0.24133264868673213,0.24253551037335816,0.3382198556272248,0.2119264831190675,0.19090223369343812,0.189191024892379,0.19531632811303726,0.25645928603734686,0.3111547214663846,0.2791658636253623,0.2274503072140106,0.3319807095433783,0.2403540471124434,0.22673237252592313,0.25283237496434485,0.21977301855832124,0.24216758381658493,0.2897956788965058,0.21880451532505976,0.2325117788186256,0.2665309226375039,0.30489945529129714,0.2645420335689709,0.23356647345633028,0.35875938814316044,0.19637542359489957,0.27490439604618394,0.16920385132998217,0.3172841762090242,0.2615772787244562,0.2823510269451938,0.18385623089850509,0.2321062754046512,0.25549930227084544,0.21181167373939747,0.2143333084149665,0.23840456175300972,0.21685419446097814,0.17743933590971753,0.32105261157724096,0.24129833639290876,0.33029673379288754
0.25323330123936777,0.2986143824588795,0.362125155841084,0.288550129136135,0.21963744370617314,0.25875035370808713,0.23584983808427096,0.2977342190973127,0.19668175253716041,0.0,0.2449252622592734,0.22895939404811833,0.2997390088081562,0.21077018149795634,0.2081630550770831,0.2746433618944576,0.3029189533287211,0.2771575350434399,0.23773879752215574,0.22331790386892109,0.2852221382291349,0.24178239974738594,0.31356104083537656,0.2115280501649838,0.35244817421883795,0.22737011310283045,0.21501676972693765,0.2833439174544678,0.2554698187366512,0.1936812374912656,0.2083423229743206,0.2688982815774909,0.20507793236153846,0.22880141131455978,0.21864362086123215,0.21642263448258942,0.281606818475054,0.2211238049339572,0.1804268256527356,0.28181747374473054,0.20492664873618302,0.2795352892519112,0.23146479191896283,0.2115461836984562,0.25477489535834824,0.2639256983962624,0.21113538834504678,0.23673217755604883,0.31634760523964867,0.20971642403462012,0.26351584716487525,0.25273789473046077,0.22122338949515283,0.2726431144203956,0.259361924356983,0.2699975508292551,0.24936587959634934,0.2280046155951903,0.27802422110802794,0.23388926665016155,0.2986037913381502,0.17920125960708944,0.2487031983674685,0.18017789917503035,0.2055236947860457,0.24700135570041765,0.2433385016977342,0.24264664742233824,0.24180733822862235,0.2837269370507444,0.23716457950898992,0.2311165626284343,0.2134334525215323,0.34799054697536935,0.24724404435048797,0.222031999562753,0.2683393760843543,0.2860721876299243,0.21409847414022806,0.20235678658073591,0.2737666195685767,0.2419652249564174,0.29403649514991764,0.24760706791916628,0.2668035099821875,0.26144388105648986,0.24865799911339034,0.22397088423476505,0.28544471378224373,0.2068564984695228,0.23477321595466646,0.20554851945211736,0.24528598087025963,0.2082585501728069,0.29372334036283365,0.2431117220949005,0.17602729407002735,0.254910388607172,0.17085962580169686,0.27229635237200284,0.1911868123769215,0.2508617812170775,0.2131445455360639,0.2552582710862951,0.22375027654017093,0.27276827038165236,0.2722125019623284,0.36282244577844364,0.2543280636930117,0.2877343266106647,0.24458858204494682,0.22733150217920006,0.27144086519982913,0.24282650270977085,0.23313037682306798,0.26993953971606544,0.2745355377994755,0.24838052671185037,0.3099128442787823,0.221203158220977,0.20332280557255789,0.2322335469715676,0.22460136051009508,0.27437717033640996,0.18627575669001423,0.253752555003872,0.21219500879519898,0.2013219784470418,0.29959305150237653,0.2356932006239685,0.24124568997114126,0.2556534454738896,0.21565178770824162,0.18727064250674505,0.2124081623444545,0.1876746596140714,0.20639770353848186,0.21688886002354987,0.28301783541686004,0.22690337974741015,0.2338124366676488,0.22585467080478314,0.2892127362436868,0.22850470371843581,0.23846565674811726,0.2096140357729179,0.20470149171458032,0.2972566905353501,0.36318618335598357,0.15430005304632985,0.20985081093338873,0.2591607009930208,0.21528900611431043,0.25473470315975155,0.2761016106061996,0.2440590358906521,0.2246608731124586,0.3302330101864825,0.21336641781364948,0.27577983872318856,0.3394712583212824,0.2322891655407221,0.23966502700777828,0.22435125157285138
0.3046631191569601,0.28226450195353503,0.29217170616440413,0.2604240722740159,0.26554768963620584,0.23227284750669477,0.23995304182928473,0.24225318536568377,0.2504455075126986,0.2449252622592734,0.0,0.28527138293300763,0.2711440151780282,0.2123920414701128,0.2268317662306935,0.3058338927876758,0.2894896638489251,0.3015459056123239,0.26213619975239916,0.26577515922676825,0.2847262315422032,0.35411800898630297,0.2743373577678878,0.26314609479160384,0.2995674456041697,0.22950079861479583,0.24264413267708626,0.2913910633109463,0.25273764979987895,0.25736486992269003,0.21991945566229193,0.22471657404615775,0.23451533599817345,0.1985367481605106,0.22642244894524696,0.22311113007989355,0.3172772752593884,0.27249294239859945,0.23292563505406708,0.24948341275541075,0.22765007038865445,0.27864544394906116,0.23220043788271488,0.25118908316905925,0.24086823567974136,0.23334463320826274,0.18344132036861743,0.30045281141765784,0.29451033333795906,0.21878150479065234,0.27860171128245004,0.22850225641690958,0.22746173251686097,0.3107699189716229,0.28329054230595224,0.20273284657542412,0.2950086112109289,0.3052151665751356,0.23964229784884578,0.22356451844089695,0.26014116080230265,0.15218331715701205,0.2760899997872698,0.1868092778803964,0.1863772798188908,0.2155812738726902,0.235937321793018,0.2413965461669109,0.2577136610437027,0.2919791138586291,0.2574322533737905,0.19961627335287574,0.22649451977947188,0.28428344548569845,0.25912823804728913,0.20655310946854924,0.25411433142400036,0.2616035913508307,0.21426770607905737,0.1727058410762834,0.2188016670842514,0.23771503244060874,0.2845556208820624,0.22036838220501617,0.221517258386059,0.2580146971942711,0.25521070043521615,0.21042856001581728,0.20537083674112705,0.22163450684618005,0.3261225973340113,0.1888899294498611,0.2866971135778406,0.2370045686706381,0.25797986736646417,0.2668078608680784,0.19171164662335335,0.1911036495238834,0.162561932139204,0.19289903040963088,0.21329555069202,0.2168283694947985,0.19957205902786154,0.21670673625905976,0.23069231753680425,0.2142166427522867,0.20106906245949122,0.28542302685469056,0.21950408128554208,0.29439792183065716,0.28539596008734797,0.23059604788491203,0.21369157646740092,0.23431719776963178,0.24038669737048732,0.26388707175239906,0.21908295402829656,0.2388092828518513,0.23413481935910876,0.20117768012843212,0.23821132898690842,0.19756957138360218,0.2176051099088893,0.29574421979980187,0.19892891256577375,0.26536206101336857,0.15681553784228608,0.22909029325696953,0.22096451490942648,0.2207763872982427,0.20643913088472757,0.2527736231417675,0.22261232639615594,0.22768172191934063,0.2706030874781754,0.20239114258280105,0.22864629701397252,0.2064809642595234,0.2906589155399142,0.2506472029463819,0.25954055554749583,0.21752847431006223,0.23549873244694033,0.24964928729815283,0.2942271357759319,0.19826093012354828,0.24548686806699055,0.21657482914068188,0.270755010391924,0.15268008196157584,0.2728457608682474,0.23478744829096704,0.35814166927733027,0.21136720126449482,0.24489496050141127,0.28576578076819315,0.2809481315284005,0.25875152488931386,0.23149749254117993,0.2091197941780773,0.20181733131629054,0.23658078441362124,0.18549927578772693,0.35309185680076277
0.24745399403766213,0.30827916463259725,0.22349297191515863,0.2579788764957851,0.20317031361942206,0.2740349402606617,0.25232274232986807,0.2912120323959801,0.25135452459863467,0.22895939404811833,0.28527138293300763,0.0,0.21671307787159833,0.17226713131256044,0.2224825744266957,0.25624325582158797,0.2433264401823698,0.2074220815281184,0.34826433748232416,0.26166733779995005,0.3178662816490919,0.2290448228001397,0.23363812436309644,0.23726133624102994,0.3130696183104141,0.23029271894259035,0.19862387435589005,0.21404719437293715,0.25019683318957564,0.2609963583090491,0.29568579452536714,0.24638098645933826,0.2844138053160543,0.2503277815188646,0.20973581536429112,0.247018764936664,0.2983209519126005,0.2760200304850615,0.31767761969626296,0.2364383786619328,0.303891937046535,0.21926238149872274,0.2513183987316843,0.2973416644035507,0.25505922505233813,0.2575445842590596,0.2381472722564196,0.275747357035671,0.2533169716552121,0.2390442086616471,0.32423421525376994,0.2947010613704485,0.24584231697343525,0.3535338322504912,0.32748223456322806,0.2397926232561659,0.3236405023612206,0.3408893315827533,0.20890966025200405,0.2365004137451219,0.24915656691510013,0.17981215496282693,0.2727995860319309,0.18341404673840717,0.20621866957158821,0.23078716596622564,0.22182608590690156,0.22011749253809185,0.1837169414458721,0.23777973050631834,0.258118272444488,0.20540096534452296,0.20279781137879874,0.24322321435324348,0.24641091873740653,0.2398210393536424,0.24159992563691912,0.2918401518664725,0.2747933097947875,0.20419822497466408,0.24665028500496286,0.27029195939213624,0.31067274468301626,0.2083172602574837,0.2733845478645835,0.2974926561784024,0.25341549441943334,0.23921164680666474,0.2528773972587187,0.26639255709582493,0.2670992708428863,0.25826844243861036,0.27691586771534676,0.29158857350377837,0.2497094093263121,0.3616135750427857,0.2388336389852432,0.26216069285853383,0.17528882946100102,0.20788280041119664,0.21316591348896735,0.2363919764820091,0.24418456325871268,0.304825080661607,0.2461390280591217,0.25205091875376173,0.2577301463093602,0.23989981489408546,0.24444964600450464,0.2818337669843654,0.3605119014873981,0.2778915501761132,0.22899916304009083,0.2497470934113256,0.2543053337103264,0.23352825213634515,0.2704715154098072,0.23683574890589554,0.24205260022986955,0.1904069297006485,0.22677224426632323,0.26658725706899455,0.23589729144374036,0.316409852431421,0.2070074198325,0.36130259395885567,0.17754093450878405,0.2523740683422532,0.2667667316078601,0.2291604869353075,0.21179777204989436,0.24491224508604392,0.21629181166757455,0.26394406926187325,0.25381285475428816,0.20050148235631368,0.28415619400935604,0.21968449961830538,0.23522508826575217,0.3150699166915539,0.24324072281745576,0.21601003687428222,0.2910814958077637,0.2742922891190436,0.32591543592233757,0.2638643857843702,0.34978614607122444,0.2403210161715183,0.3165685389382057,0.15612177287565956,0.29995121842404926,0.3163939944589883,0.2429941424612209,0.22120416190974293,0.35425677913272935,0.25313317734922225,0.22845216457284065,0.283080984175426,0.22382703544479887,0.22905104830613723,0.18784971659890667,0.270596024361454,0.22545715963176563,0.2627966988241579
