0,1,2,3,4,5,6,7,8,9,10,11,12,13,14,15,16,17,18,19,20,21,22,23,24,25,26,27,28,29,30,31,32,33,34,35,36,37,38,39,40,41,42,43,44,45,46,47,48,49,50,51,52,53,54,55,56,57,58,59,60,61,62,63,64,65,66,67,68,69,70,71,72,73,74,75,76,77,78,79,80,81,82,83,84,85,86,87,88,89,90,91,92,93,94,95,96,97,98,99,100,101,102,103,104,105,106,107,108,109,110,111,112,113,114,115,116,117,118,119,120,121,122,123,124,125,126,127,128,129,130,131,132,133,134,135,136,137,138,139,140,141,142,143,144,145,146,147,148,149,150,151,152,153,154,155,156,157,158,159,160,161,162,163
0.0,0.266858078054338,0.23221105662776106,0.23560242408420334,0.23771751717008988,0.25562552179398507,0.2430128402284856,0.281302382268775,0.3024765398297689,0.24103578347079382,0.2759280678073251,0.26067747308891437,0.3456942012356848,0.23883664883162115,0.24890433116903996,0.28388773571561926,0.2860087997273206,0.39362092825725886,0.2876843028635839,0.41375465689672286,0.296511954408427,0.2581325881366932,0.2472160911541234,0.24579020605766458,0.33940953270767976,0.2206032335358792,0.208457567868811,0.2557255283732363,0.20657557800246903,0.24504577559770538,0.29778592883086863,0.2983731845999492,0.23365636547791138,0.23785265038258266,0.34364238474378983,0.2515151846529811,0.3391068252007643,0.33229108890579495,0.22592613981367235,0.27756629787058545,0.2535356470281772,0.26519190325729325,0.30267255193561604,0.2911725248054554,0.2693419227741552,0.32028208539294395,0.26217867700005143,0.2671468813446411,0.33269790096193386,0.35927818966697816,0.3206336819801209,0.3047704768817116,0.25627621603714285,0.2422566253252737,0.2381336194463168,0.26380896563365525,0.4343818459535875,0.27797119226199546,0.28423484526551335,0.2991402167656914,0.25110035931578734,0.21954640384732493,0.3036830962419232,0.2391608068571261,0.2788747535140989,0.3184125523020167,0.26051941408775703,0.2839846893797001,0.2636098913571425,0.3337844159433085,0.3737396374416373,0.28648542562080526,0.2957876914420272,0.2970826610239664,0.31146298087424695,0.3039149816524202,0.22717398837431824,0.22328082266722313,0.27716790111321177,0.21950389817452984,0.25438960192449217,0.31589087324617565,0.26576216831670274,0.27519011820897193,0.28996718587163495,0.34211994614248054,0.28205474156736937,0.33053470719491573,0.31611693223751186,0.24630985848950676,0.3377171918090886,0.26507055842659905,0.28741841105907684,0.3442302747511415,0.2914491861533326,0.2529785999485795,0.21184680066992118,0.2449589795847041,0.2216082566656251,0.29839203167299927,0.23889638615285713,0.24590610951386685,0.25873752467798133,0.25041614993346684,0.32326517540509714,0.28030294135459594,0.2724277851489093,0.28070778657428097,0.2725753323578448,0.27104557453550193,0.2847459409089319,0.3158866393485134,0.2997857041571032,0.2506118445148565,0.2867194533117183,0.2890519815277279,0.2990046478579289,0.29054126764082405,0.2440466455218507,0.23910929889962465,0.27911525232765033,0.24107268308041946,0.2827239328239695,0.3183942469012862,0.26012171748138896,0.2441139804387467,0.23023235969817124,0.21389996169868317,0.22731166433451033,0.2808575201200009,0.24162684891027453,0.2559927267439499,0.2563984592771482,0.2938473934928517,0.2802673183780784,0.26005841671712215,0.29597397776624595,0.268268062326702,0.23170221402138605,0.3406598239158685,0.2284039886112177,0.2528402336141105,0.3147898659517392,0.23434337950024703,0.292006575085508,0.3194195674119389,0.2753907666368226,0.22521321254162355,0.3046437530928356,0.17508340974018952,0.38208770969779704,0.27512112724280735,0.3146182741156226,0.20174066996919993,0.3022432770789809,0.3290842928809896,0.26367921334781247,0.2605572103848335,0.2432053024526793,0.27499500306445934,0.21710918175295038,0.3457185885391718,0.21817247174553767,0.393444381047763
0.266858078054338,0.0,0.2856053527674539,0.2810057837977704,0.210322075653926,0.3136957877537171,0.2851927881964703,0.33883376575228896,0.23857816923088412,0.36616929615264704,0.2710085396916579,0.2795432334791877,0.31644225630104394,0.29836159396225104,0.27951283546947997,0.25730086909141187,0.2518824759920172,0.2652373595453523,0.260339234935488,0.25976491516623684,0.2593019095646196,0.34613996892184384,0.24806468289734593,0.24652636642087494,0.3062532011638399,0.21273205473003481,0.2199996761905353,0.23389226021975545,0.3174782871416389,0.2082149695392228,0.2960225953193411,0.29035645293676077,0.3212199895146528,0.21240725308437058,0.2640944476625027,0.27736517840681063,0.2913022794772222,0.2732669144301034,0.26658582478293813,0.2651984541815416,0.2957619735044869,0.2549909215098255,0.20992484948383275,0.24658946030088943,0.3452572979894755,0.25761074111211085,0.24452297067695736,0.23458329013627782,0.2858007225052372,0.2601354045317601,0.27558991675151606,0.24265160056994542,0.2629520668165256,0.36763510463938187,0.3066122425246696,0.28720371975042946,0.25899401542841755,0.24195179588471696,0.3120970149308396,0.3138531295370899,0.32517858732867794,0.20259955846099909,0.22090187345814857,0.21287381727313542,0.21977241431584849,0.22523212406892767,0.28841760479971507,0.2723683953179687,0.24181839404350297,0.28512157441068303,0.2749726240821837,0.2647366409890496,0.21745305910777663,0.30935138229664644,0.27889789951537913,0.2377357537276031,0.25322815732650206,0.3017314204147764,0.22560001173320424,0.19992063970651597,0.230259070591494,0.25373238729677855,0.333448326533774,0.2567798074955544,0.2263966806536348,0.3624922202231034,0.23754650330129407,0.24867249918095086,0.2526149172224829,0.2954842624345958,0.23493445364962492,0.2664561774474031,0.29712087645185536,0.2500807178496804,0.275792792647739,0.3534582793799194,0.2302656156210194,0.2480461024547736,0.19765496468060628,0.29879482808222346,0.26177602320080506,0.22980471806332303,0.19493035863428995,0.2549294046079231,0.24419970254873652,0.2457421439893817,0.2345030489259274,0.27162787884011164,0.2826804770275062,0.30636487153425374,0.25011839569890904,0.22133645662089038,0.2664773670101816,0.22781446933326366,0.2656914748825767,0.30203655097417875,0.23784723935897625,0.22415415255921278,0.25103417994990407,0.22466439218734902,0.24156356484146757,0.23329224533685897,0.22899147635432562,0.30882949508542273,0.22068102084784613,0.3614550254848863,0.23348224286911987,0.3084412531644079,0.28926653675335273,0.27528843780799395,0.25608186900176966,0.23565843451066945,0.24506201275677938,0.2585837703587794,0.2614227437625316,0.21961408365813234,0.24881573650354322,0.2562985394244825,0.24765613794404534,0.2585880614068802,0.27301018586455755,0.2790136846828167,0.3301994628461709,0.2427723931869332,0.279571095248242,0.23588949961235312,0.27872472983836855,0.2697161732757009,0.3096742042143348,0.17547068768038154,0.22447994582232564,0.28591103628916187,0.2438898573686958,0.28790300991028084,0.265281262546049,0.30344719196602954,0.26597468584307804,0.28623812471601495,0.24677182152491123,0.23645427223576734,0.2580041201699493,0.271655093868837,0.20622147349199563,0.24263238184062944
0.23221105662776106,0.2856053527674539,0.0,0.23711936869035405,0.23686143133227136,0.267825971025826,0.2286901525057863,0.2912198766151183,0.19824026809210205,0.34375583687168487,0.3003290955313251,0.25387984591986357,0.30298871553477796,0.2113154902721745,0.22435828172772915,0.3359488237530252,0.28834177932810334,0.2521514998483218,0.21936288223437517,0.2067041510063613,0.28795676479393306,0.3427133933761151,0.21262093795962986,0.23429741508636326,0.2583279449131094,0.22932134192695294,0.2033564556145987,0.2302909466140522,0.2459684855729874,0.2253049325203494,0.2085508130927985,0.25897628679503465,0.21684526215146174,0.18268177558171414,0.2001447126332789,0.22214400171036258,0.2639751555919763,0.24391549675039662,0.21761689691015404,0.23970275430161075,0.23758832658056742,0.25786545216843715,0.21229425803050714,0.22853746943427208,0.24761889389717917,0.2348186520991018,0.22573811386030235,0.24840268232689322,0.2448719860487284,0.22028453828045855,0.24535430611818956,0.24932624070662143,0.1834123262550772,0.27577897380731153,0.24365044294112428,0.21226421652845912,0.22257741578883827,0.28854795037269687,0.24639914116434483,0.2272530214771291,0.248444695056145,0.1766040296924684,0.243770063151012,0.18971933562051121,0.18150619215091365,0.20303021600852866,0.21989766254646967,0.26451366068419224,0.25461898673388994,0.2940049968249544,0.2429303663585494,0.19368296619698191,0.2109102111264225,0.3490747813402327,0.2754490815598239,0.1781182353635682,0.26597285860972497,0.26616677669343813,0.19490339704971593,0.18407226069228227,0.23588430267772648,0.2158506630904968,0.274687209965809,0.2383180241454821,0.20119475060262074,0.2865084306296013,0.20733701504863136,0.19318439576037405,0.21769695667081537,0.2010956597582289,0.25426201000976717,0.18478342145796153,0.2424604179251085,0.18613646918352186,0.21980403845356522,0.25017529466529254,0.17867512646150327,0.21475543666473434,0.15915625010042095,0.24129631847629932,0.18055279306213212,0.2327073956206223,0.17967349383170794,0.25491291852682446,0.20237058608573597,0.266073606017129,0.22590579153822488,0.2536063829087365,0.23320624763163264,0.2801471422899244,0.23155978295956303,0.18864879281196775,0.2197826508991468,0.21309501244353482,0.20474071212209105,0.28885520101306383,0.19570028387693228,0.25036655286880427,0.2703499386060499,0.20815843075584897,0.23386983731674363,0.2047684143218873,0.18342930666484109,0.2689307027348964,0.1636362196911369,0.2993796708281519,0.19842605637418467,0.24821643450973183,0.25807154729349535,0.22268044714238683,0.22783419282771739,0.31163188767411965,0.19439806282337965,0.1891202893221003,0.23230511742270993,0.18297773313507876,0.2013759416553715,0.19885232902640826,0.2178346876938796,0.22593652341491235,0.20193500833195996,0.22069366754555894,0.22402337816042783,0.20315408326223924,0.23464171656099575,0.19269667627670756,0.25200129777327673,0.2575905470770249,0.2795072923396825,0.17727475300525303,0.18956492204727005,0.19585500739424286,0.23777893656003085,0.27771358821328684,0.27067725974699514,0.24170286296504864,0.25677364190932556,0.3180711656110077,0.17026126222685173,0.21273416234992007,0.24539687270276803,0.18895672336604333,0.1964939505446852,0.2559843630454556
0.23560242408420334,0.2810057837977704,0.23711936869035405,0.0,0.21639965053669694,0.22083861661122595,0.31027049240785415,0.27793212745296436,0.2076338319788664,0.26652658293591275,0.2705673464002316,0.22814035033194377,0.277798432401813,0.2862607189590219,0.2832550444529945,0.23257560005813668,0.25812635509228943,0.27529489038256866,0.23960439151421337,0.22095657614368822,0.27823643305903645,0.24695868092610748,0.27418891375544574,0.23348126550885198,0.25729430865070363,0.2717119437230038,0.2600710016152693,0.24693842447478254,0.25459941577071327,0.18769886652400758,0.23842650269477447,0.24365318642543354,0.33964229944958574,0.22791456021050036,0.24208349465090792,0.26981726588931554,0.2724831518707137,0.2782982574257824,0.25499172868724296,0.3317885260814425,0.2979524007397555,0.24442181091157877,0.22413233508428265,0.24948097765285912,0.2738400818314291,0.27644821607183007,0.1868018210456935,0.224711695606628,0.2887635658415518,0.25448276651868257,0.33690881377935167,0.25278367474217656,0.25537892305337573,0.3447722310180348,0.28127781122020695,0.22938214510021124,0.2840568412012984,0.24753844000213718,0.32365823098946006,0.31038738016748924,0.3257677862161407,0.2174658243828759,0.2478326358459045,0.2059282205675488,0.24730375399652227,0.2634190962836738,0.3752739310112386,0.23085876402488387,0.2562029229945839,0.2839330699026588,0.257190996471435,0.2539521132414862,0.2564168088426779,0.400493686457162,0.26728604502238074,0.21861494019310534,0.3508004363799059,0.2939537503170764,0.24489546382531696,0.19813956315870798,0.2410031577169501,0.2851350260368178,0.2427023713678441,0.25534976453287683,0.28605557134526477,0.27516384492703627,0.2811817012078822,0.2922959520628768,0.25690974784251724,0.24572477200703527,0.2742145181799931,0.24752533218255798,0.251160532745157,0.24164333272342625,0.3186761758073314,0.23321799328266116,0.21403200399049885,0.22952952592770304,0.20979924753374954,0.30315151443327976,0.2559629532395526,0.2851872158210621,0.26758597950283936,0.21948602253579663,0.2522243124464009,0.23898301359635474,0.2626645586804564,0.23528159259166873,0.3005254579804358,0.2332490359496997,0.2797167789792415,0.2563670275269256,0.3146621653509692,0.2989226218848394,0.2652609026698305,0.25643017758291164,0.24836035499608286,0.20656756281526104,0.2515331611483322,0.2555867800767997,0.25334225013277634,0.3063011580493462,0.22418139040206,0.29061886286033334,0.20978196362340898,0.25937826161948035,0.2653079724041274,0.24901380168410442,0.25603776580471355,0.32489675222754866,0.20685215001978308,0.2575794382087275,0.29729141805348236,0.2615963349600404,0.2529266930226599,0.20815969160583103,0.17790480327753322,0.2794162573202568,0.2587492836817458,0.2823804667298782,0.3051814979388354,0.24447207842681393,0.3326215097576885,0.25610206131077445,0.26978840311783486,0.2339253755060577,0.24022112973354276,0.2628803584025872,0.2178741908166128,0.1704544303799721,0.2676513921468844,0.27439544757345946,0.27478666461315004,0.25053846847861383,0.2781958700492069,0.2947940091946622,0.27772868996772965,0.26802159269629716,0.30897584814684254,0.26691493636706043,0.28537018206007575,0.2469989465717867,0.2757033624838829,0.2627152020204169
0.23771751717008988,0.210322075653926,0.23686143133227136,0.21639965053669694,0.0,0.1920085057150131,0.26709636344692994,0.2077816797489543,0.21561453163452257,0.2055798766626876,0.25962682498597955,0.21377386111673524,0.20997375715094926,0.20324644846115736,0.24620738313818513,0.24228802024465243,0.23435534379750558,0.24699589184229825,0.1955952403886914,0.21106718527066298,0.25235345496548395,0.26122123646669243,0.22382822844318342,0.22038126148282572,0.21210479911575877,0.20565500830123268,0.19494967437472221,0.1847973642781849,0.18813513464630446,0.2344519257866727,0.23418629089130308,0.19840021533709856,0.20476349418910955,0.17613014770176288,0.2566118852234268,0.23023491823280132,0.24872979390418853,0.24196993767612343,0.2561133339076405,0.20960465364767053,0.22376028217200855,0.25379632046792233,0.2312516570890632,0.26993667505456626,0.19315838187717413,0.20427115865089726,0.22674358130804453,0.2526782058065539,0.25931262863622867,0.2474462279799981,0.255490449686013,0.20918091259014648,0.20114943283160733,0.22230546176572377,0.218303171385093,0.1890180453543132,0.21644706158795515,0.2694534095571802,0.23063770370291903,0.21079852181478817,0.1851251914040182,0.17268078667427453,0.20825393171934575,0.21147273836743424,0.21581548441811876,0.17599301287978758,0.20398094545513484,0.24409599720898545,0.21597299835381475,0.2537299025922919,0.24687692942525843,0.2146241390742562,0.19477863721363858,0.24556791960098603,0.2072034969969004,0.1767007287121473,0.23613051368553928,0.3080164727658553,0.18622391851399156,0.18119322921520142,0.20334859646000614,0.24001634076577144,0.25680399582501817,0.1812368638755387,0.1951288990452489,0.22014194165653225,0.20757225947627042,0.22288607661952575,0.1876556372079655,0.19552191130733787,0.3248669555925687,0.2224315949727513,0.2747719042216581,0.1787503439849579,0.22996188481020574,0.21931223440435949,0.16343191568036797,0.1820965153499385,0.1975731044273485,0.18802982731907625,0.20138617848642784,0.20260387311697053,0.20294340408710293,0.19835033092415,0.2004676294972685,0.21158283905244757,0.18854461220007057,0.21654411804265372,0.2233342728878063,0.22455084396835714,0.2349681847878904,0.22700189823565314,0.19601802680327654,0.23244287677298842,0.18529956156891048,0.20913187934205604,0.17976801280515947,0.23244792071931575,0.19799456867716095,0.21042659761797222,0.3127813994149436,0.20295637510644765,0.17744316534669713,0.270045505776468,0.20216905147587372,0.20453832511730435,0.18802609295168402,0.22320449783754354,0.18350081959168796,0.2193418356027683,0.19416623552034232,0.2271679459814839,0.18787214230098484,0.2223369842553123,0.22806552755743006,0.2221692986544183,0.19722271234642766,0.23403998683352933,0.1957112276626563,0.2671752457905633,0.1848156247810985,0.21788694093110392,0.24046035400249266,0.218378052027742,0.252127545145908,0.2147507902443495,0.27707210937937937,0.2161576734331833,0.19762669245270173,0.15815692845713725,0.21151782654694834,0.20504730676047495,0.2701906561679145,0.21444691337805324,0.23516496953828986,0.2501428968015148,0.19991258356268082,0.24918615945701347,0.19013718362938103,0.19860720160470113,0.18893146741964242,0.20165922928041397,0.20229531346638482,0.32249528343808986
0.25562552179398507,0.3136957877537171,0.267825971025826,0.22083861661122595,0.1920085057150131,0.0,0.21352023180407603,0.288122372289989,0.2332588726042549,0.265636863258434,0.2406406161539281,0.2660314770032357,0.30862073471743906,0.20379775940272343,0.21724925075305948,0.2875738009271006,0.2617089920644118,0.197428216782201,0.2607201344621321,0.24221412393434139,0.2791389436405928,0.25715074097239754,0.17699158673700952,0.19394242755403188,0.2807054309691609,0.19157032391209108,0.17549392528723473,0.20685072682577932,0.2235980402066628,0.22967492671987597,0.2609710755358852,0.38230471140844424,0.23890581763395857,0.20416300049007827,0.21585310273749103,0.2224561277220787,0.2690712893291412,0.22950240072009387,0.22940876126951898,0.20156849136611266,0.2216315704043807,0.287378191152515,0.2256299520989125,0.25502693360104267,0.23128480860064496,0.21575708410429553,0.2359528237301423,0.2308856841098535,0.20611936636129968,0.2452889137329974,0.26107566606619576,0.267417093313179,0.21320941049552,0.26642340028611194,0.23007177909272963,0.3126950716229977,0.24359171584777467,0.3157278637628303,0.21334359780157475,0.2245557113126965,0.3074327062068916,0.24139448649315967,0.2674478694887407,0.18071522663639206,0.21257195790608455,0.2260992262780386,0.2289540476773057,0.27151144307985275,0.197356222853548,0.2560081313195762,0.273202624223027,0.19556746105617367,0.24117134932022485,0.2692182076462827,0.30478165004444785,0.22332901839366545,0.2518463566930398,0.2394157336190857,0.19517410745264707,0.28101471767096675,0.32433307574980424,0.24190676771440722,0.2719220941680483,0.25260501656519196,0.24093068858903213,0.2575267013659689,0.2824916832813027,0.227681979817738,0.25819825023571014,0.22776591144206695,0.23456840781501176,0.261520747911349,0.2578661981160544,0.22472836795275924,0.22419519465154636,0.2782536029069891,0.24270104640479637,0.26732498722917436,0.19377825424370013,0.2455851194678077,0.19955411466508208,0.24313931656960583,0.19721989899444756,0.21182701892532646,0.24766578626763258,0.26836601622526024,0.2726033874300751,0.24379887385081797,0.21573446410804475,0.2717163300933706,0.25129091891020827,0.20548068479657453,0.3182395383601158,0.24628298555370434,0.2045638405587459,0.2538203849042526,0.2573809620610288,0.20609789655048397,0.2938362958888064,0.22076037124074935,0.21247093817821364,0.2396419406565247,0.24369696605352287,0.27671887048434207,0.23028714693709468,0.26302846759794263,0.26725750013895105,0.23249432998915898,0.2379828329127461,0.1997024456804444,0.28086163152543897,0.3591808116340769,0.2292429657498176,0.23960009571403362,0.2283984151083064,0.20968172967317728,0.23390035653249253,0.18611736636997445,0.18038727119210377,0.23415627130722727,0.21207140684805373,0.30046090322787583,0.25369995364275716,0.240180535090014,0.24962615702845886,0.21878989696181408,0.2760659743031706,0.26871525335262325,0.26088058361294797,0.1965162922672877,0.21444267924988325,0.24798163167740012,0.19589646019033186,0.22137531808862634,0.2731922353041184,0.2482378407322432,0.2251652115421195,0.2949037308685943,0.18604632301401539,0.2674154642795489,0.21373156065225546,0.2696437526501387,0.22094300889253146,0.22795321243225808
0.2430128402284856,0.2851927881964703,0.2286901525057863,0.31027049240785415,0.26709636344692994,0.21352023180407603,0.0,0.22947027491497404,0.21799467681792875,0.24808517103763128,0.27107134760679175,0.27216395490071965,0.2602578371992546,0.2413580071546999,0.36410471044273884,0.21679028973946496,0.22233986398690767,0.2588281585685729,0.23505504957834697,0.2073984771878422,0.2569524613515778,0.3131720058449825,0.3176517292371109,0.3008534346705376,0.25617371046159343,0.24211358711907346,0.23139790418603806,0.20747548513693986,0.2438056632123158,0.22677387394249687,0.26377495937670153,0.22489859102974408,0.3186506199067503,0.22098162008278566,0.22333439902486615,0.2317830473142288,0.3246626521707419,0.2316576997314369,0.2909927449360257,0.29079037337274494,0.30107799598951407,0.2481972973970073,0.2453923009937866,0.2699552479767762,0.26938045471797395,0.2596059014796777,0.22799926768941148,0.23585391935749805,0.35856443315587894,0.22582511440330857,0.3051881204938219,0.21571352452188183,0.21838175623064177,0.3106563231930865,0.2896157528404128,0.23151070321487016,0.24136559345927203,0.2362747123172013,0.281083234750899,0.2484494017730649,0.22500977967725708,0.19074238535933621,0.20322277205847397,0.19630434744503547,0.22163233517257883,0.19774927630436273,0.29655787768424086,0.3004849336625511,0.21144343488016282,0.24640005100784426,0.2895276050872436,0.22607409690496122,0.18626231724583242,0.30169143350437005,0.19381588724843474,0.22116265238576138,0.32657967337434873,0.337716692076058,0.2081638154172893,0.19469354040548909,0.22564168450545055,0.2772481111355059,0.29979523008427383,0.18909383041850406,0.2064230944771928,0.2550144257983128,0.2218199932189513,0.24684087372873198,0.22792485506354934,0.2552061289912758,0.27040804567182625,0.29462725494070274,0.2736980341261388,0.2220803882836023,0.2557212076236528,0.30557816673668087,0.19094381120671997,0.2227262486979993,0.19630647285439248,0.24604697611811555,0.2610352834211129,0.24464063953628745,0.22425140966030765,0.23632478573619278,0.20197066995895127,0.23801857732808335,0.20853136193239935,0.22153627802741285,0.30756047575608497,0.2762241447849842,0.3077715098168707,0.2256362480604072,0.21487349390280586,0.21692873234435664,0.21663121573963223,0.24499521462602233,0.20494223891945412,0.24266829314353539,0.20785498792255871,0.20315051269441986,0.25309528670987597,0.2241180524717212,0.18944146056195754,0.344811070676405,0.20078615744464567,0.291424447444859,0.19437917167463806,0.3060422592318259,0.20233604321211504,0.2835534177906068,0.19183342637495573,0.20698551969257378,0.21562034129782814,0.2265868047697379,0.23179699389956693,0.23417340582294832,0.22610859752639478,0.27611349986999073,0.23567275437916876,0.30785775344528354,0.2719840312392487,0.21901039935076852,0.2909616743749669,0.22331703055243282,0.28290966858102734,0.25303457798662643,0.2895967788067197,0.2934838462250434,0.21483529484043362,0.14812858051783334,0.24050942826214272,0.2510265717311117,0.25815731704018247,0.27943956184198737,0.2864217213290534,0.31761741028175283,0.2947566670756067,0.2962070710273388,0.2683060158075791,0.23749375022805067,0.2435988600447586,0.21932685926080173,0.24074569652487238,0.2841812072423779
0.281302382268775,0.33883376575228896,0.2912198766151183,0.27793212745296436,0.2077816797489543,0.288122372289989,0.22947027491497404,0.0,0.2574100090235556,0.338985148205313,0.24616831245150123,0.28531184831503503,0.341088013904477,0.23778327357041767,0.23525018352196453,0.31530715843447854,0.3122622429984094,0.269172559420347,0.26726361089981776,0.283962042913402,0.3040499636211394,0.24361326040163936,0.24575666057368575,0.21654586558809485,0.33412516572497175,0.2228763583481665,0.25427935319770545,0.27366655141348756,0.20707903494062696,0.23029187132058065,0.3264377300316024,0.318610203483976,0.25704608814589663,0.24886650546356842,0.27784053823396127,0.3025499578494256,0.312733685799318,0.32087919981409624,0.24532286063815953,0.2594807681575739,0.264045426958636,0.2687998337303293,0.24548027286308047,0.2516743345821837,0.3568267324787101,0.286658572203007,0.25125109756689434,0.23621296122404484,0.2857952759229931,0.28176603960681934,0.281774399520239,0.26681486563826984,0.23791827185043565,0.2730492821453418,0.2579490439786949,0.27983755715182873,0.2792572425773986,0.3187444406893964,0.3065047126328964,0.2921810884080167,0.3611082740795121,0.21079259596506772,0.2634657018871372,0.2393061577048597,0.21667911290337874,0.25497428842611175,0.2771153542020665,0.2574088708403214,0.2887244214667012,0.39661414880173085,0.2643240161021125,0.26886293661803023,0.2633523459298409,0.35284781331687287,0.36177971410765863,0.24225722577838465,0.2819205608537892,0.25591722691594404,0.2750112226337162,0.19137190700010082,0.24341054641360388,0.2628586407994604,0.29173127327526577,0.30874516720465034,0.2890928894330642,0.3927932445828731,0.3195759913340754,0.27745355501881946,0.3524122072950218,0.26291659637303,0.26199407649947853,0.2624274176556243,0.26669350128924524,0.24212125826483236,0.2876119925563934,0.2904847906493823,0.23644002773363657,0.3117881615983955,0.19718942273920712,0.33854154621453464,0.22492713142924475,0.30721426996730283,0.24097813613996227,0.2878589823372297,0.29506787784105915,0.31489858116398584,0.3054180985657355,0.33718358659677317,0.26977574714894126,0.2892260264333288,0.2567842344261588,0.25348922153764275,0.30441403737331746,0.2842197169491237,0.25453165974001785,0.2957630198324855,0.28965664391892654,0.23367049514123006,0.2716229583848235,0.2549706739060097,0.23938321208809885,0.31334699387219495,0.2326928331684244,0.28257816492888865,0.20818476208566725,0.2639378664342273,0.2500292181994228,0.28411355756323387,0.2967290880415285,0.25708742753805636,0.3124711528921593,0.28218048279762326,0.2707348783439099,0.23274471358432966,0.2715436416130546,0.19859604694866945,0.24721449325003342,0.23575422574182836,0.2492787025953638,0.289442094098156,0.23901834706069397,0.25264042003451476,0.3293379370208821,0.2570801113740515,0.29338858731451184,0.2763815692498519,0.2815838909899015,0.2655497513913916,0.3262474447430996,0.19191150631896964,0.2697872319328871,0.27717363473295725,0.262586021075794,0.2640789515034795,0.34771978256844543,0.31333623566635427,0.24029332174384255,0.32933538368036364,0.20659625737732387,0.2527667436350459,0.2556088800047569,0.26669697400531783,0.24200725342085175,0.24458939976277608
0.3024765398297689,0.23857816923088412,0.19824026809210205,0.2076338319788664,0.21561453163452257,0.2332588726042549,0.21799467681792875,0.2574100090235556,0.0,0.21059340751880898,0.20099536927031275,0.21834286069775877,0.21007207208214226,0.2517693044977893,0.21059771294459528,0.2105397867929032,0.20947687137306462,0.2530774348411552,0.2179307611484799,0.25933573678556976,0.22056035057872084,0.26352190210790793,0.1909311714933064,0.1810627832752625,0.23705750745996795,0.18042833326905208,0.20409837176446313,0.20216631155006534,0.17474375305476425,0.27401350330355434,0.30334459684734477,0.23930599124557145,0.2096132619252821,0.1859824771800544,0.26440903975043933,0.2168840665990638,0.22864525109505213,0.27164120611244685,0.21154067809944543,0.1946561391996668,0.194152072655614,0.31365384964085274,0.21318728314411414,0.22473403715100262,0.22231291008858192,0.20592533376072136,0.21314282657879466,0.1902299345152678,0.22242328459675614,0.2480372614790321,0.23291425712398123,0.211433967497442,0.23867500406892908,0.21433830012612243,0.2000293663103173,0.30981556229067336,0.2461700378647497,0.24424330782631717,0.23013713801301275,0.2081431602701158,0.20961157956855753,0.2306533647425743,0.21954977042652518,0.2204670415089228,0.2606468694181412,0.2175926679756932,0.24276126541594764,0.24645433234345607,0.2173219685514161,0.26953479524624324,0.29003958112666406,0.24369583794764427,0.2860487516659203,0.21826285775923474,0.2467004822516538,0.2285790205545303,0.19744097743541464,0.1939416642916269,0.20610730722635776,0.19192030918783207,0.2117966100325686,0.36186988992771635,0.27296256049071355,0.19663706037075102,0.26198512157028875,0.2657347997611888,0.26426686561004015,0.29573285385974285,0.22861800618393724,0.2848910536201284,0.2740996790106434,0.332527642377643,0.2207299567428402,0.21865651248861767,0.3060544023020899,0.2577764347674235,0.2531903858139563,0.2424480155209162,0.27603526191253686,0.21870138770592334,0.2283817495109508,0.20863130224272125,0.24349218042101126,0.20891140147260615,0.2880781329474417,0.20578692241465738,0.1930905792644976,0.2228973667065743,0.1927015336047346,0.19493934547148853,0.2032359796331836,0.26895590782079243,0.2638652125126718,0.28303060704519356,0.20028264832115797,0.22623096406127768,0.23346137133788758,0.21239357263400063,0.1802109225356817,0.26383405320607306,0.2368253890626515,0.2497891707061938,0.22546541981683102,0.2337920964897758,0.33088287930076105,0.187918707036729,0.24966237347642764,0.2014755562690228,0.18329198313637649,0.22767805024806204,0.33800665659807955,0.25459122454971295,0.22886644570075917,0.32506348088944187,0.2141370628541666,0.21528281538252478,0.21018034480931266,0.20581994832031428,0.19386833214224314,0.264781989574072,0.21043696616209565,0.2511944227369364,0.30668447164323953,0.2999172601464636,0.22803566141090997,0.27268202730643015,0.3252478629257715,0.19441892998708996,0.23715212608978406,0.1731725121768725,0.2833675523542909,0.24531385236840342,0.23093092415381944,0.20174808978223827,0.22101971833169096,0.26944868123315285,0.19338824629352036,0.21896995876436492,0.22957805375047996,0.23066094686907726,0.18102362515890666,0.30022955619060915,0.26761816470271355,0.2641811498235666
0.24103578347079382,0.36616929615264704,0.34375583687168487,0.26652658293591275,0.2055798766626876,0.265636863258434,0.24808517103763128,0.338985148205313,0.21059340751880898,0.0,0.23987446157303172,0.2495737944753537,0.2909626392347568,0.22804633167050609,0.23435153342854503,0.25799672437767224,0.25614081174437936,0.26574321919561333,0.23744392493415986,0.22171727748804823,0.2432653408086671,0.25973540567092224,0.2507880706494588,0.2098162785648113,0.3282943849730654,0.19352169176311848,0.21693206249257457,0.24646594742118885,0.2844980380339058,0.20303582821877666,0.2642418586239704,0.27182957385182144,0.2239119871707464,0.2034425952702346,0.22399792675731042,0.23014943863244142,0.2743012545375203,0.2391930570526218,0.21518871364959324,0.23906468352044394,0.21950392234376315,0.253133860861411,0.20877727505430133,0.21376803652996323,0.2663581242429836,0.24362774204753831,0.2088678831196556,0.21930253067868313,0.2894029669484157,0.2103682162465914,0.24770699679284022,0.2122471437649243,0.2088330951296009,0.27243480973905426,0.27150860132228005,0.2525181605341426,0.22809645679583535,0.23264185619303465,0.29915953389633904,0.2433912915388696,0.3045533398178419,0.1830480713636268,0.20411289053007237,0.1914194379402829,0.20024683828083054,0.21319860363827833,0.24403527849390733,0.24777457184910337,0.2544856790256534,0.3150131602526854,0.22909285098653726,0.234107156874159,0.20130302728555738,0.3151936232408619,0.2660032456030832,0.21642184099512757,0.2558456006019879,0.2607564753520381,0.20606787856167166,0.1955074275533503,0.2434340706347713,0.2269708812252236,0.2920868754853025,0.2557014470962359,0.21709719828372637,0.2934036536765766,0.23900721868774044,0.23881432216514903,0.27205959928787016,0.22892772795053606,0.21986515150019542,0.21761460029424445,0.25118613650304134,0.20245584194298485,0.24591819134443144,0.2902878542544195,0.1829370125494872,0.2353645949531035,0.17662926697355763,0.2813225911119094,0.21887370785358687,0.2478537993078268,0.1981705259088164,0.2909707441066421,0.20914383612163887,0.23746671917769716,0.2355775200133492,0.3109115057485377,0.23728699874219944,0.27449186546824844,0.22494830104767174,0.19833889815795036,0.2551362373607387,0.24674839229396295,0.21565606032597479,0.26232182643639756,0.23709016992134632,0.25875582657545115,0.25479695078315895,0.2235472950275527,0.20680958970954288,0.23235135072861282,0.19000855310021295,0.2775815214835127,0.1862599407925493,0.3126892285447184,0.21930246689699556,0.23767245891448516,0.2778390162391166,0.23554506372195347,0.2681785561053244,0.24140626930155287,0.23570205033434746,0.1989239340448406,0.23297940450221902,0.19037041547849737,0.21629757962034565,0.21097913381897576,0.23404331996111633,0.2563655859798935,0.23646618716741372,0.23439383076916956,0.2708998305964559,0.20412893453218872,0.2422527259278342,0.22211352762034428,0.2211908471390889,0.2967969659756711,0.340110098263615,0.17541856989991636,0.20845871483615,0.26080902193257854,0.2256542884912498,0.261537803657303,0.2775515723575634,0.28232673775523737,0.23320146302978956,0.3207699352879891,0.20576480536254219,0.24098192036664226,0.2945028707268489,0.23722926227905378,0.22531767728813376,0.225737370061002
0.2759280678073251,0.2710085396916579,0.3003290955313251,0.2705673464002316,0.25962682498597955,0.2406406161539281,0.27107134760679175,0.24616831245150123,0.20099536927031275,0.23987446157303172,0.0,0.28762154655241595,0.30840624739449346,0.235693135113575,0.2282865283510837,0.3223142055629759,0.30511432605305466,0.28728658094964343,0.257424091459305,0.23814473591423962,0.29871065658310597,0.32808620419910894,0.24597993735092066,0.25932290429573335,0.2814209972493572,0.2558955617768075,0.2320898403364305,0.2568149794902816,0.2651824295963976,0.2358439352710661,0.22203954585954053,0.2714541452378772,0.23324711211426064,0.2020243072090447,0.2500952288179189,0.26900972346358865,0.3366105910561096,0.2807702415371162,0.2914552836239069,0.2634616167760311,0.2618324901225438,0.25480281035927627,0.24651277383580714,0.2988293620551739,0.25254751775472795,0.23523204240474693,0.19302441898506348,0.334562628146864,0.31960730662533715,0.2441315109987667,0.2960905585765497,0.23415084312332848,0.20082143335779631,0.3376297386869991,0.3189960502021776,0.19093626800093758,0.2735094623829524,0.31686374947467355,0.2855577757201143,0.2624808010138271,0.273046324902898,0.16993463282149596,0.25404271308180704,0.2197470177966198,0.19018161655125573,0.21548944093203115,0.26294278771592755,0.24669042377248104,0.2834494564279252,0.2804240579232312,0.2564226140097373,0.22208193039014057,0.2463805538050627,0.3427249550427092,0.2771205131190086,0.21014710573911682,0.329643418426849,0.2808805546261766,0.20875241265942662,0.19272033093041607,0.22891551937733468,0.21463366093463393,0.2509204645433876,0.243591083026663,0.21625242103934061,0.25387823973074763,0.24816437022258944,0.22802927365689968,0.20921582200237554,0.21478644955215284,0.3412359786381269,0.19322104702700324,0.31466135868676864,0.23476215515061385,0.23937379879761597,0.25779056849633747,0.18372189681937992,0.19283407386658882,0.17882736534538138,0.2287783650595395,0.23782196750125775,0.2602043459296398,0.21264728660215587,0.21208917133267807,0.2271877275736528,0.22082027553985184,0.22350332773407694,0.24518691495849246,0.2435727382918028,0.31430171096164566,0.3451063547981992,0.23074317726992988,0.2350609626646569,0.24207200153828223,0.22948321639249342,0.2529766266506924,0.20800891154822043,0.26855713584903257,0.2831438822722461,0.20946142293931239,0.2720130099367683,0.20192130316422868,0.21546097677709564,0.28862756545330065,0.19299836576694637,0.303921756293799,0.1846022829783832,0.26908226741209923,0.24242467817976232,0.23896704860348125,0.19640128565477155,0.2614602275625758,0.24799100431680052,0.23192870662820542,0.30635401903316706,0.20555575674762064,0.227622314387728,0.22952908532710048,0.24876717620210978,0.26376806417607634,0.24250605168715858,0.25503732320691336,0.22859828336973603,0.23021269923033788,0.33149810882601516,0.2131418927320731,0.23384308703807477,0.23719195467440649,0.23360265512317147,0.18808721237532094,0.2661597543705812,0.22726142813229372,0.35222545462091015,0.23939330393596328,0.26065347005316036,0.2716389591133418,0.27647989594967404,0.26860893008224407,0.22375764161566683,0.2300602307620714,0.216625534061271,0.2372425530077866,0.19060217184991138,0.35983359673576754
0.26067747308891437,0.2795432334791877,0.25387984591986357,0.22814035033194377,0.21377386111673524,0.2660314770032357,0.27216395490071965,0.28531184831503503,0.21834286069775877,0.2495737944753537,0.28762154655241595,0.0,0.23919932717663833,0.17396524103390387,0.22102058125976198,0.2814846747451268,0.25797839473076517,0.21721294584075454,0.30761617479213765,0.24682072383312406,0.33506650154200734,0.24480382728457636,0.23759343251810874,0.2481042038803305,0.34498385876069065,0.22214432224852249,0.2063349503187425,0.20236342567219814,0.21774764497539928,0.26280720043099204,0.28297817634895567,0.2845839862799243,0.22596584008857665,0.25221377071315115,0.2218396053164588,0.2577953644632495,0.3034849930424784,0.2483398938893058,0.3068526663915292,0.2378266522340239,0.2494841481666991,0.25924367441825136,0.2704750258651101,0.2782558641682929,0.26440553172884357,0.24900055362914378,0.2806129553266925,0.278953612105725,0.28034327982112756,0.2537850100706554,0.3023953781883664,0.25972427627777633,0.19502862461049733,0.28845654352468797,0.306613649171302,0.2338718052653903,0.2936097746889241,0.33768134866194477,0.22306147732757842,0.24045620592299863,0.21907795805206476,0.18421600381763448,0.25326415842466166,0.21338318436082648,0.19981750762211167,0.22766679795465777,0.21297865138307814,0.2298187368731915,0.2106127520413586,0.2385526018457526,0.24695826312012725,0.20013940012032552,0.21119383879077133,0.2642496249251619,0.23952795421240092,0.2196275718714327,0.26005197129227303,0.2702733435683401,0.2162490717787285,0.1861563584553422,0.21725519679155442,0.2440459892266613,0.2630200080983973,0.1974026872233803,0.24915766999765643,0.2734414016476879,0.2355274033191616,0.23849197896470425,0.2555030713179721,0.23113982540995062,0.2715834481074399,0.24769067518639337,0.2679571742363108,0.24519964929858115,0.21623925821022966,0.32065838001587643,0.1959096897448625,0.26470319684963617,0.18250152630914387,0.22507706133531027,0.19463520717911706,0.2703330609174665,0.24696100991228442,0.3025252419179153,0.22877078108807183,0.25457227328204224,0.2695238329576644,0.24307331712894303,0.2412810688840202,0.33621101640197415,0.39139144025222616,0.2647503656863999,0.22371834054547451,0.22927817338503015,0.2131306400496484,0.2424132440754031,0.235327480614581,0.305161620333308,0.26929313731301124,0.19193741942061907,0.2247403409669364,0.21701642381413586,0.2203268863408568,0.27525324182139826,0.17881292432484855,0.3042473716874158,0.19670352009072653,0.2937005015914021,0.26353880936920937,0.20856203231522116,0.21607663314297762,0.23690374696047167,0.1948932681259172,0.22506338946205925,0.26154903490599996,0.18741038009476438,0.2729324914703405,0.21963446237740394,0.21448091513108739,0.2910085218913542,0.18910936157637584,0.23663142940313306,0.25857065205646923,0.23457641526989578,0.2975361629324667,0.3052138166451202,0.3141817325025,0.22168654056090403,0.3181772263647137,0.18733492953469374,0.2671293465005013,0.23937963983997193,0.2611451062224158,0.25660989303774684,0.3445846021981359,0.2416880626593616,0.21951721255108878,0.284228073325111,0.17973964725906647,0.2295632301069172,0.18039856247049496,0.22128724722028786,0.2000624855844362,0.2554732828501542
