0,1,2,3,4,5,6,7,8,9,10,11,12,13,14,15,16,17,18,19,20,21,22,23,24,25,26,27,28,29,30,31,32,33,34,35,36,37,38,39,40,41,42,43,44,45,46,47,48,49,50,51,52,53,54,55,56,57,58,59,60,61,62,63,64,65,66,67,68,69,70,71,72,73,74,75,76,77,78,79,80,81,82,83,84,85,86,87,88,89,90,91,92,93,94,95,96,97,98,99,100,101,102,103,104,105,106,107,108,109,110,111,112,113,114,115,116,117,118,119,120,121,122,123,124,125,126,127,128,129,130,131,132,133,134,135,136,137,138,139,140,141,142,143,144,145,146,147,148,149,150,151,152,153,154,155,156,157,158,159,160,161,162,163
0.0,0.6502449461307536,0.6003192299720539,0.552496724249645,0.5756563032044303,0.5725225214454215,0.5772706678691597,0.6051492418661156,0.6870767946739962,0.5787502035779682,0.6982402339752631,0.5807877494611812,0.6484393262281746,0.6022062076647178,0.5612726336278506,0.6273219668691473,0.6075935761019932,0.7066492520695176,0.5827046356042407,0.7299891672652111,0.611634411232244,0.6635468442664251,0.5873547258551663,0.5737579996515682,0.6682529807916232,0.5620958925060228,0.5275921435756546,0.5796200136319887,0.6042003736270266,0.555480269848912,0.5897128810126219,0.6307569023642184,0.5478902268210598,0.5310185585498748,0.693103126309208,0.5614155364122881,0.6547322669179407,0.6518618043874543,0.5329674934632489,0.6271844364407811,0.5549070522209971,0.629919758231958,0.617145141756137,0.6083062284797217,0.6077367031104933,0.5656089551714651,0.5614173468016469,0.631873902913183,0.6875332807736555,0.6220190580786802,0.618921428043011,0.6054288571578629,0.587496470620373,0.5724052340664648,0.6228913654676943,0.5965486416577825,0.6772581403108173,0.5944544198726956,0.6372460652891513,0.5677879319719272,0.578290120387014,0.4914653779230509,0.6704814846096777,0.5695343204265132,0.5919847250922275,0.5768171450750036,0.5799830304543613,0.6087735947546095,0.5691445389135101,0.6610062725182917,0.6718865683535848,0.6133966918011438,0.6424070396106117,0.6199519681872936,0.5860524465160246,0.5814765126872523,0.5719615604439299,0.5661078235077751,0.5525660115564471,0.5048595121652797,0.5693777508423367,0.6166586115057624,0.6370939429940189,0.5867045015658742,0.6191655824644096,0.66079331059607,0.6484569090298028,0.6013856367990793,0.5636645872864748,0.5601154986807627,0.6300412020454088,0.5537583693956531,0.637172507671538,0.6210978971681934,0.6752344207328198,0.5802256435647907,0.5203988925734588,0.5599209108625163,0.5395323872011027,0.5477997554637598,0.5537787729170709,0.5532684551702908,0.5235561097158885,0.5262620668239311,0.6524887190353446,0.5690225821086372,0.5194040775930504,0.6045821241967503,0.5631951773428188,0.5891731612858849,0.5841655680261155,0.6308954605630823,0.6016090278946055,0.5519832153119368,0.6185471159708407,0.605576899997832,0.6267083777528597,0.6379727809159663,0.571257196450055,0.535824726820466,0.6351947677373921,0.5298383308108627,0.6422010893461888,0.6058176989221469,0.6619965274156081,0.5676115919254602,0.5058604666486567,0.5366321582697139,0.5725945230733543,0.6045107727244629,0.5652469867246575,0.5873690243755676,0.5841331801139138,0.6307396584819859,0.5876747424159053,0.5855303546843789,0.6107728544339124,0.5978321670704162,0.6489342300185235,0.5696648442803105,0.5738641933992259,0.6021374236741975,0.6158659918386209,0.6103311027577576,0.6214777087113078,0.578502345700765,0.6245940069221457,0.5084344401531175,0.6739998363709317,0.4340297434295816,0.6606741135967377,0.6158749923712442,0.5628823346736024,0.5390378300932026,0.5642309295609127,0.6220112455310596,0.6200267134455052,0.5561921062761833,0.6214737012594737,0.6000713286397131,0.5271403217635567,0.6868146358937209,0.5103280071924913,0.7364045379834108
0.6502449461307536,0.0,0.6297412523184641,0.6329307516047287,0.5241455521162778,0.6610170238548835,0.5809253278228744,0.7207384702244227,0.6146753781979324,0.6053943892521776,0.6244707154580225,0.6870729714853336,0.641319220855231,0.5935650868965902,0.5643486597008488,0.6279470956873546,0.6218192243987672,0.5877278853887018,0.6380516737109102,0.6549097727755301,0.6712328994933175,0.6245269224538185,0.570164002872927,0.6045692188593682,0.6396814121187863,0.5836909627588024,0.5186211752878971,0.5764539732215502,0.6552067741043526,0.5185152148618932,0.615878625403625,0.6466997248190917,0.6564440649164571,0.5932668646238287,0.6169028544734784,0.6345872531709663,0.6078473689614023,0.6376596002110868,0.599624877749691,0.6749600782939322,0.6613254801960476,0.5922698768497592,0.5688218178062209,0.6140773113133383,0.6855758733824077,0.6196937449684202,0.5663643738532282,0.5885695683178777,0.6178867503477963,0.6226676528550803,0.6586402538667908,0.6905620018734228,0.6563305947578184,0.6965975356481556,0.6898959471229367,0.6494144717584367,0.6970262482345757,0.6240288971375708,0.5985262003190202,0.6534449567015482,0.686621596828398,0.5366224692270448,0.6841712612729325,0.5567707255454079,0.5740431508155374,0.6090463131655934,0.6215693162465245,0.5577061199774023,0.4958228295165208,0.610597236782161,0.6593888108424779,0.591782561082854,0.6014873429020804,0.6621113754314426,0.620314791824597,0.5796521308525315,0.6119190667514354,0.5962949991207821,0.6020629876280177,0.5279876859176885,0.614920328284685,0.642702271772807,0.6596111970393155,0.6280308994929152,0.6604395050124967,0.7558917208389392,0.6284240632422313,0.5597214594361207,0.6120017927102098,0.6531831287469454,0.584117260980861,0.6132373729692062,0.645639010877654,0.6828724745026841,0.6868940412624551,0.6042347554104099,0.6172427548355857,0.6314169010222784,0.5438733769047659,0.6289340197752726,0.5763901485008707,0.5851284693892802,0.5303627599799671,0.544474998302139,0.6745523497719449,0.6191410346351621,0.5960566287261331,0.601677817526806,0.6207365920843049,0.6226795595842122,0.6363772689315979,0.6259007886736753,0.6150654545263816,0.5612694494317046,0.6806855926129896,0.6617754885394486,0.6694096131094451,0.551218592497446,0.6078697728607197,0.5547878432532619,0.6028741910598868,0.5773527036777831,0.6388195964677,0.665943498023102,0.5884306058050728,0.6486958930378595,0.5602549071817983,0.6252456993964313,0.6883430784597983,0.5911947898329394,0.5658868728657366,0.6321641439774471,0.5897028297367759,0.6960114368226178,0.6007683952074654,0.545627230636158,0.5934923031361782,0.5934297957768025,0.6232335664561082,0.592635010576813,0.5842541661133331,0.6152230796596263,0.705949539248355,0.6500137627317212,0.6381128619651799,0.5377690227833407,0.6714812848404014,0.5681918095869132,0.6602770315419498,0.4663101063432248,0.6516568848791853,0.6457073369017287,0.5594636768946846,0.5755928196369802,0.6227832023844296,0.6200079217728922,0.5983078751475841,0.6199127735934447,0.611554075088404,0.603325403503215,0.5509451920513767,0.6489174088710365,0.5422708509326531,0.6329306444280433
0.6003192299720539,0.6297412523184641,0.0,0.5947329913816586,0.5403139957584541,0.6083139845486477,0.543881888078947,0.6559325586875517,0.5642784121551035,0.6443463516828903,0.6466929114310298,0.5825761303523475,0.6504774560672552,0.5419448670649888,0.49531783531814755,0.6839122822021543,0.7249817452358568,0.6243887710932449,0.5789298193429563,0.5741813210948128,0.6716157299366605,0.6557682280425011,0.5837406564662959,0.5396074875363844,0.6160912501766832,0.5514933703702534,0.5438578502857322,0.6274742686513419,0.5713930363297914,0.5483130469196542,0.49184199162102016,0.628722133349621,0.532759743488081,0.5166185103716514,0.5128536116948845,0.5316733097751317,0.5552868733326272,0.5839353108228947,0.4911678278840222,0.650222986724161,0.5428990879557916,0.7133539980568764,0.5490078358827828,0.5131487931387565,0.572870572290313,0.5683135141314256,0.5453096459438892,0.5255234713625828,0.5906442968491167,0.5721409887249189,0.6141510215847085,0.6257417675587827,0.5790724222937582,0.5874842970782924,0.5695427861048812,0.5803207140048403,0.627271672708484,0.6563842231270548,0.6057258665086548,0.5586022217374372,0.6115853751638375,0.4851337443299698,0.6870841418872524,0.5112444919584672,0.5248727058616873,0.5645260089123266,0.5593254742309245,0.5540994530997754,0.5673767189974122,0.6442675264957374,0.5797164740193238,0.5037193818691691,0.6190272781272046,0.7175314447621031,0.6608829105459786,0.49767614593369164,0.6334846266358087,0.5695306622633638,0.5232792707848605,0.48207575578845363,0.5882684362181958,0.5731324061280725,0.605958465853602,0.565717128698162,0.6233493498579917,0.6234867002068497,0.5770498488297723,0.5354105570766611,0.5579538810253435,0.525007948083087,0.6176593582358406,0.5076154640050361,0.5791778012846454,0.5523730542258906,0.6543584480004947,0.5162868943661383,0.5106269672891691,0.5531244472928368,0.4720361203603373,0.5624835055502015,0.4643841153622888,0.5831235584767179,0.5036492145115974,0.5077558775563711,0.5830338094914779,0.6012455880052067,0.585196736692842,0.6560014475704972,0.5647965762871133,0.5673517506744813,0.5730540441943484,0.5698086420699434,0.5820176741240939,0.579060929117672,0.5614515078027567,0.6736369476916277,0.5956098452205516,0.5499775052155994,0.6460387421299608,0.5209353493513772,0.5372230095575077,0.5365722984099451,0.5600718976784017,0.5755537723535655,0.49262599774790977,0.5364814443564131,0.5479736959933618,0.521852621724294,0.5893622281107329,0.530284844057468,0.5823345480984002,0.7169184018583096,0.5211717628607928,0.5451031613927855,0.5169067607372257,0.47349297238463556,0.5088787460300221,0.502260840342985,0.6028566795343928,0.5313338788895804,0.5066952476451742,0.5615380722032346,0.6194430200682192,0.6101018752116514,0.5475745240741606,0.5195786650384514,0.5658336408166049,0.5468266227445715,0.6294323877234103,0.4459721788943138,0.5309048738687637,0.5605855611643098,0.5774610094890461,0.5971050772861568,0.5811064199941081,0.548704086436079,0.5733137773673956,0.6000403618099596,0.505332952586304,0.5889712172356845,0.5469224376794107,0.53879134119734,0.5206122819372633,0.5977454981160161
0.552496724249645,0.6329307516047287,0.5947329913816586,0.0,0.5035993000650317,0.5924076056060789,0.6201807355320044,0.6424591373005066,0.5208265738364255,0.5949451226595216,0.5610985820371588,0.6538795208098667,0.554574693012297,0.5042045844387651,0.5366254549403995,0.546393891470619,0.574253913090853,0.5456658210321529,0.6210926852342485,0.5169657748775287,0.6418556393375677,0.5553932529632537,0.5921313010419267,0.5584133562504545,0.6101262514007327,0.5720128170320627,0.5001516072024519,0.5553277118263936,0.5535596231542147,0.4813806238303842,0.5330980122768826,0.5649663534332073,0.6853005819513711,0.5724161545185266,0.5207153865353196,0.5610103654725992,0.539489047753074,0.535448704747262,0.5216824048503886,0.6469991701703146,0.6212917263660953,0.574753688191993,0.5338175053053229,0.5649263546603732,0.5899536277752127,0.5716009712577385,0.5246584137469623,0.5152490476460861,0.5819939753865284,0.537758704083187,0.6466801884772317,0.672271751093757,0.5593809969141756,0.6772601412050427,0.6083798614117707,0.569433005264186,0.5881603503219014,0.6102525992281755,0.5708647081902009,0.5516232985015197,0.5951802917928799,0.4770876733104549,0.6338705232403502,0.47870489146010564,0.520999619464361,0.5493308384055605,0.569190627913671,0.5206718443058871,0.47538691007511,0.5825736136098795,0.5656583041062602,0.49832301295180503,0.5584199276839427,0.6492405358444436,0.5496048119410516,0.5080680974947491,0.5886942778261901,0.5682781598517062,0.5521444913300707,0.47468069244925465,0.5660008547252019,0.6114446805198888,0.5726370728652427,0.5304209624551588,0.6169105542523298,0.5989033495882512,0.5595447068616156,0.5282607922554061,0.5608363633230897,0.5434071061289156,0.5808562779409245,0.5891910910484348,0.562355757738798,0.5534855804160624,0.6284973996534292,0.5599524703463408,0.5185779073244319,0.6259392710727913,0.4733854764330914,0.6060001841233728,0.47889032894555916,0.5675496350916261,0.586800039049447,0.5846752733425618,0.5754093809829472,0.5603698664250163,0.5689197954341051,0.5814212083300435,0.5804460814450074,0.5531106965685932,0.661947473720667,0.5720234841459788,0.5708513224881937,0.5221389045877175,0.5810939784626158,0.5996595054895802,0.6057659821979916,0.5001204505259055,0.6540759379513262,0.5146882588452161,0.5036879402840622,0.5871242595501459,0.537475067099781,0.6103966501792226,0.484594519409243,0.5833466244015816,0.5313705426319847,0.5283260156875108,0.6162900873205466,0.5177804931486661,0.5046216203548785,0.561453810043286,0.4940325048198244,0.566845343145801,0.5122447913688715,0.46107924398081457,0.48901065997771814,0.5325380652938225,0.5675127041685493,0.5447858524942851,0.5811464233081999,0.5070030559235461,0.6504048950831505,0.5895388570972143,0.5482499140918882,0.5385501018372293,0.5650109010085965,0.5422708875299707,0.5760748962680987,0.412135297062968,0.5770152641109975,0.5853121192885459,0.5128216228460185,0.5517190213258808,0.656329284134114,0.5460911760858342,0.5201761560826658,0.6232578244851344,0.5788509055680061,0.5723458694385953,0.5446219770657313,0.5479982657131361,0.5295597838463882,0.5616861683517993
0.5756563032044303,0.5241455521162778,0.5403139957584541,0.5035993000650317,0.0,0.4581251208298082,0.5671384672730783,0.5080005378954491,0.5910928838377463,0.49693857053675206,0.5743901048463301,0.5443585769211555,0.48802604152894113,0.5011647480223049,0.5628621987371228,0.5338722012628516,0.5217117980308299,0.6006824605261863,0.5183608025513227,0.5292263859982784,0.5424160250714591,0.6052362095117031,0.5706974930497358,0.5079713748238563,0.5287296061780107,0.5037192969800276,0.5124182006507794,0.47616287769823035,0.5262524087632334,0.5768908550472831,0.5282562687991668,0.5104826568379719,0.5100228583864943,0.45223568333019704,0.5603506267210028,0.5376847781022583,0.5108202391697954,0.5711867297192451,0.5222546908643102,0.5435954781784311,0.5383407103993264,0.5439438174622011,0.5877058868644344,0.5386635237946448,0.5021666696638302,0.49621254772738965,0.5401668752095231,0.5155050790125527,0.5927051682609024,0.5955452601138741,0.5674285627059097,0.5136483165888854,0.5195881940109732,0.5120683325318284,0.5613762230591495,0.47778781619205,0.560979085269025,0.5790460577125432,0.5430941757562919,0.5116680586879713,0.45025099732780227,0.4535097221901487,0.5564026796243497,0.531233482236712,0.5353108741123449,0.4661919391024885,0.46673831052249554,0.5191708166989171,0.5434737314345066,0.5480746394268725,0.5547436257850571,0.5312855845825728,0.49490340028138885,0.5291652229616709,0.4922889725046781,0.46253496971668323,0.5065990462725576,0.5554099238615179,0.4838874481715119,0.41916162763126263,0.4645543464129471,0.5649238581739959,0.5602938223598803,0.46249314502383715,0.5276210944971559,0.5381656404275915,0.4874845463029859,0.5565684355096705,0.47063125604622735,0.466914589775612,0.6717257407174027,0.5131808265338021,0.6430072594043603,0.48119854630396275,0.5696399638398164,0.5093287375584179,0.4495630283973971,0.47449799431561296,0.5049076778193452,0.4569092638321503,0.4714641872232482,0.4980131809137798,0.5020315226954759,0.5052686144354135,0.5534248166206206,0.49694922501198535,0.4616507673316694,0.49753035716865346,0.5180448475635511,0.46864109411116056,0.5122749775382982,0.5946091904977223,0.45428501929005377,0.49896056824764545,0.5127297726889715,0.5114010851222364,0.49039536246997556,0.6220437572261054,0.47649112360605156,0.47561387125487486,0.6358983717259119,0.4980188112610959,0.4709618577353271,0.5232497428247991,0.5133213685771448,0.49676324838524066,0.46030988049711263,0.4994358337796598,0.48295839715681793,0.5496920184189811,0.48979828240480944,0.507873399438805,0.45600753348273637,0.5341842200057572,0.4892515802763324,0.5159988620202886,0.5037251038625935,0.5698999354577048,0.5651578379793167,0.5584632266275453,0.48567727740797734,0.5106197099029148,0.5413695043814721,0.5784533084499219,0.5265105613514711,0.5301593221444726,0.6099701360049251,0.46322067061990324,0.5442233929693808,0.4029679639496261,0.5307471430801011,0.5332932101335337,0.5563087199713049,0.5293499612023319,0.5076676616247981,0.5004903138150888,0.4712008444208486,0.48244631676201244,0.5133650849721356,0.5028880434480945,0.45460003886453315,0.5171041775187604,0.4743924035678969,0.6080258588944965
0.5725225214454215,0.6610170238548835,0.6083139845486477,0.5924076056060789,0.4581251208298082,0.0,0.5096342864335011,0.6479728355443228,0.5273555894447312,0.5954032750440998,0.5762457218227821,0.5921636053003325,0.6457117357884101,0.5340441289713875,0.464315881129938,0.6131047141881143,0.6093819064847538,0.516484466434594,0.5672412465562734,0.5490638427728748,0.6019809817152069,0.5328883486352443,0.5075935738336433,0.5165001718813215,0.6073260512343113,0.548322830649254,0.4746190052265589,0.5789032957821485,0.5850551997061463,0.48787367083367084,0.5097582398022761,0.6284403698706692,0.5586655436161905,0.5653159744185993,0.515393496343772,0.5252910615827235,0.572773092820889,0.5490212890403232,0.48685370609210893,0.571962316635412,0.5362914292065472,0.5936772185150956,0.4959416718439177,0.540478539403965,0.5765827462998979,0.5441109953357328,0.5176963503702371,0.542144839950512,0.5326083494343888,0.5087944213937038,0.5674826104082675,0.664192912499101,0.5472404590268255,0.5884101842722739,0.5667164310718503,0.6723062253671539,0.5767510550700162,0.5960470477615908,0.5188644974294085,0.5415699341003769,0.6929449385861335,0.5046262659240692,0.6396343877306162,0.4782783685165662,0.48432652941202176,0.56414167076099,0.5741414743386358,0.526855578763675,0.4639221700602214,0.5789031311131583,0.5618721328921809,0.49664535757981515,0.6004076477537148,0.6076478321595307,0.6128514368103805,0.5420688825271411,0.5738675650850367,0.5477935131618689,0.5348050840322878,0.5730621100633138,0.6576060479543268,0.5354379052426264,0.5901111961621799,0.6340240206307202,0.6050141931859844,0.6186853440621732,0.6364051444311443,0.49117234716209784,0.5871354082434032,0.5813419795635327,0.5258128181190476,0.53198773124626,0.5269010306842455,0.5925069511676927,0.587330219014764,0.5561879917623296,0.5356421926029054,0.6204806876359467,0.48172708266985326,0.600981134626373,0.4990082730120433,0.5385152442462143,0.4932507989376401,0.5027362325659528,0.5703220818957798,0.5781074629291229,0.5643103476777018,0.6147444301731296,0.5320583949101225,0.5992817997634444,0.5855680388950281,0.5279639283903743,0.6782700339261295,0.5396990113076386,0.587514588170881,0.6436060406178493,0.6552063574990116,0.4754595034117761,0.6754904004181645,0.5475769863621771,0.49280687709424953,0.5461803076863415,0.6372800211129639,0.5951033767290991,0.5157474542783245,0.5814121057883791,0.5406392724667637,0.5347722564238152,0.6508165483728704,0.49293206007597223,0.5650778796571755,0.634773369499336,0.5699096241220747,0.580328067447027,0.5100791478871893,0.46337906662355793,0.5268701992915649,0.48347447544802524,0.5150227075707167,0.5001118195781559,0.5383035752469862,0.5742947399677764,0.5853704406107935,0.5481715517114935,0.5606145524687045,0.4955794573461986,0.5389895665778893,0.5432770677194138,0.5930034767082865,0.4641498000273048,0.5490596617825314,0.5729622988437895,0.4810404005615381,0.5053577048042096,0.5883630304701596,0.5474682940245963,0.5652040035936785,0.644744688279933,0.5314353101516656,0.6038341825615509,0.5408302034799495,0.5948677741898414,0.5084172553713314,0.5514595839829746
0.5772706678691597,0.5809253278228744,0.543881888078947,0.6201807355320044,0.5671384672730783,0.5096342864335011,0.0,0.5683749008303537,0.5256312672868629,0.5869106220972571,0.538908065589282,0.6154979876056212,0.540761903700607,0.5141830958986918,0.6407281664602511,0.5297469170123477,0.5146845081954804,0.5706172357973663,0.5487776803809027,0.5256760477764397,0.599261458907205,0.5476866017326466,0.6315468978317607,0.5865410958532282,0.6270339348960265,0.6321732155325349,0.49013461246328877,0.4810107504420397,0.5565162172835175,0.48355048112183074,0.6098097051655259,0.5776511384778014,0.6309179558438684,0.5648487887271192,0.559377108842887,0.5791870738039462,0.6072096563762074,0.5381588032559624,0.5620543004807035,0.6595728101154484,0.5967764277330649,0.5290777503783369,0.651222465375112,0.6436993516887369,0.620038715856978,0.6009957881300451,0.6065497803528805,0.5796694925091149,0.7048098251102992,0.5733861969748458,0.7000837140132699,0.5822796902409239,0.529764301699945,0.6086683984626677,0.6824248581116847,0.5577443808368445,0.5813745865041802,0.5466467120722963,0.64601090168387,0.5492740183329962,0.5239276167585771,0.49228633722079435,0.580841147699378,0.5121058274062199,0.5777853667282236,0.5568695425621224,0.5966134436224126,0.6221331120418822,0.4907443490207194,0.5594420587297442,0.6412430021246314,0.5650051557498987,0.5258270119973295,0.6171851631144446,0.4770185019993619,0.5630513759222934,0.6126364727850591,0.6424666608053943,0.5620311674749968,0.4776807451842324,0.5354634464373371,0.6273018522757288,0.6054562495909525,0.49389926618165436,0.592370803099653,0.5631878253525353,0.558929177492652,0.6385515416113926,0.5556212150743463,0.5490637928959191,0.5954399512678391,0.645361137563442,0.6146946646091836,0.5482184542418479,0.6240404498193316,0.6175015180279476,0.4965746428154119,0.5854198283815862,0.5073277059723,0.5787678613273226,0.5326405442776954,0.6140653619594959,0.6716446918539694,0.6067241201212459,0.5763723879982446,0.5668708911775677,0.5392548076397239,0.5227184252530397,0.6430755366281558,0.5595421956027399,0.6600450278749691,0.6230811790739826,0.5422505521593419,0.49436984158326314,0.5761234730787924,0.5180674161409647,0.5666037092275141,0.6010989646237122,0.5546229067663737,0.48827110063124946,0.5623728657420585,0.5728175177213773,0.5206886684526767,0.656423231312002,0.5195019076438625,0.6138160709649394,0.5048833352601916,0.5723000298752461,0.5610430448525658,0.6145692190719118,0.4700897980666932,0.5090446516987074,0.4916212591341937,0.5306263044027905,0.5348569448234928,0.5307695964244208,0.533269921065887,0.6410157880477285,0.605210254031165,0.6032797714004283,0.5974512136327239,0.5199362787889171,0.626380197813542,0.5839596778484155,0.6133638272493168,0.652131638528972,0.5887700190978357,0.5445881667265863,0.5948390985151433,0.38492237139018054,0.6152835394921894,0.584047718552031,0.48424252590550004,0.6247562605806528,0.6195124378286982,0.5991519625733389,0.5065147263988697,0.5890167925289986,0.6119383219842522,0.5882237564152971,0.5560201906732669,0.5612973254105289,0.5448927434195118,0.5613146523988898
0.6051492418661156,0.7207384702244227,0.6559325586875517,0.6424591373005066,0.5080005378954491,0.6479728355443228,0.5683749008303537,0.0,0.5965812885000682,0.6855976404999352,0.5886986097520607,0.6681713824974341,0.6507943438413781,0.5711583120119766,0.5243380639720867,0.6757476463209753,0.6691931352331978,0.6056026362171484,0.6266036639817987,0.603082825578109,0.6821251778294327,0.5731735903085486,0.6278017583564797,0.5522427075772934,0.678507080657927,0.6045048924230251,0.5577722839649021,0.6142629890083734,0.6170426013425333,0.5508666023243607,0.5732739358293542,0.6766061092995456,0.6083736354523692,0.611313994138563,0.547596802686861,0.6013733815548734,0.5949312880574213,0.6578622987846406,0.548949784395243,0.6789970459920005,0.6323091086857264,0.6247510020360015,0.5812580492262407,0.554996097313627,0.6761100820646935,0.6705429202212897,0.5854709391719666,0.5354514464501958,0.6210589268212106,0.5942485935568212,0.6568158371013593,0.6764852086509342,0.6322705074762702,0.6189370617717666,0.6382040767249546,0.6866704236529358,0.6848521384814588,0.6771165596448685,0.6017736614214088,0.6438272202183422,0.6688375419520741,0.5527285450435349,0.6976025880235777,0.5426416837965259,0.5475465082782732,0.6262478843717781,0.6151238207199479,0.5594855515040885,0.5221269583808201,0.6719810603433485,0.6209141301105638,0.5720258159441536,0.5997688811392669,0.6979989835357742,0.6595174507658867,0.5857312239358488,0.6473169839601274,0.6236643838706419,0.6513745588421842,0.5419896033834085,0.6669140624842445,0.6122897427541119,0.6742538976888786,0.6638851191226267,0.7505488805249871,0.7720642083296676,0.6479690445579781,0.5752439231864491,0.7042337208869315,0.6348895221065272,0.602529270789709,0.5965653150838961,0.6186799074393533,0.6295217923512991,0.7029689031113895,0.5814780869353402,0.5775229564773947,0.6740337205759145,0.5257761528033233,0.657073027778591,0.5363625587345007,0.6494521285457926,0.5638863882388198,0.5734805539581403,0.6720708408999506,0.6964365998574269,0.6639529914689182,0.6914702317221468,0.6480092221126507,0.5845289598884896,0.6049995062952768,0.6408118586092538,0.6078860002868784,0.6469604123229317,0.6835017062188978,0.6971675237286572,0.7503735527895291,0.5468236611724961,0.6150573335577526,0.5849729583644204,0.5618179840051658,0.664500087735345,0.607407702093608,0.667575225040572,0.5342251752356091,0.6327683270676971,0.5889593038806886,0.6040800824430467,0.7005357569495372,0.5852059505793634,0.6229506015822263,0.6946402321485289,0.5996429093001716,0.6126441753940322,0.5388847390566122,0.49956240838274424,0.5752723426986011,0.5512045335326639,0.6326494585417471,0.6248724751146227,0.5667938650231608,0.607872105881682,0.7005551998151103,0.656468480581924,0.6266396413791644,0.5467762758500568,0.6076839638085821,0.6443862147679325,0.7086689781694969,0.4800609564930278,0.6045945723001057,0.6741068130324036,0.5406672999927931,0.6098659558807407,0.6921452661902322,0.6103690317957914,0.563251712439094,0.6833361272258521,0.5513680960264425,0.6478672751401172,0.6156641668713818,0.6299659147896692,0.6268484177035193,0.5891253762346897
0.6870767946739962,0.6146753781979324,0.5642784121551035,0.5208265738364255,0.5910928838377463,0.5273555894447312,0.5256312672868629,0.5965812885000682,0.0,0.542273761728998,0.6353657630289113,0.5631512624546391,0.5600137310352816,0.588398356866462,0.5326873267760696,0.5952581067122773,0.5791858371786937,0.6622529069917928,0.5618568242720227,0.6469525361295311,0.5645920227234918,0.6404962143830684,0.5639525599559756,0.5079067749373382,0.588623806062867,0.5036978769651066,0.5572863136863934,0.5507483012653175,0.5797006851468625,0.6183595784451971,0.5737059365108351,0.5710735093464674,0.5216346385391619,0.48258381844613746,0.6408991355061334,0.5615007372379828,0.5590590234470059,0.70329006324894,0.5340531080484054,0.5577015585803908,0.5479348022868951,0.6190263884565553,0.5637717363919323,0.5409555755645096,0.5479688783413711,0.5241977577517303,0.5260224322183715,0.5327890621531339,0.6009325814340275,0.6146769134254509,0.5664959569129288,0.5434413889604134,0.5945401235332531,0.529195023630282,0.5771985812668559,0.5612094442568484,0.6328749957910869,0.619004192715722,0.5656963914650608,0.561723988684318,0.5249230193782485,0.493089852306197,0.6042714969970622,0.5815022787116951,0.5567434198508063,0.5144603412907062,0.5166744567102903,0.5326099302667727,0.5670317056424335,0.6487637934563372,0.5959781646461513,0.5968444882479829,0.5785325824290922,0.5578484950936744,0.5987230327122266,0.5230175886098366,0.5245237056978305,0.5432273871129419,0.524126400493538,0.46770934487893334,0.5244169320728364,0.60031392195836,0.616637945220463,0.5586962180368178,0.5935328958666399,0.6496916826110956,0.5830762981314356,0.572442784818614,0.5360946138527634,0.5417907203374878,0.6398047854500101,0.5413195190258581,0.6422950394159798,0.5540511873016747,0.6524690588903294,0.5422865370335284,0.5111095831439756,0.5205862265330109,0.5615213851877536,0.498845248605271,0.5324357885029639,0.5209494088401428,0.49376359358478134,0.507561436043377,0.6490405212566664,0.5291261243415034,0.49265998086482654,0.5715313234605474,0.5249635613653719,0.5065529342714187,0.5180363564450668,0.629666608683555,0.520441423538622,0.6009806181749231,0.5733258168704757,0.5834417651262239,0.5721150365577813,0.6008662478321867,0.501051155917462,0.5578305594930981,0.6451991321070226,0.5412156577364647,0.5507073023307769,0.5519842218519675,0.6361767964270328,0.525938602048491,0.500004895303024,0.5215678795422963,0.5305847452431673,0.5729561344247592,0.6134331467020567,0.5816619152785513,0.5630309266640946,0.6670092868682738,0.5345523226605031,0.5467403175356846,0.5590194558335674,0.5587116172968474,0.593803256102047,0.5862971006027996,0.524620064369545,0.5976990654520791,0.5992345353088517,0.6500314238369864,0.5752840065286263,0.5196933913616171,0.6448576001505135,0.4951469557578665,0.6187517184487996,0.46085753797057644,0.5962363886983754,0.6174147167629536,0.590599061821128,0.5138734780742716,0.5342793317031183,0.5616104259772879,0.5389528961584209,0.5125138764601381,0.5567993882129663,0.549397353851475,0.48889828014657244,0.6414598566091841,0.5212982949980846,0.6889801119047957
0.5787502035779682,0.6053943892521776,0.6443463516828903,0.5949451226595216,0.49693857053675206,0.5954032750440998,0.5869106220972571,0.6855976404999352,0.542273761728998,0.0,0.5747421036780518,0.5778689076726787,0.6646851659419917,0.5549962346295625,0.5004269213261071,0.6524496070492088,0.6088735639232596,0.606482369327333,0.5356696932616394,0.5359066720418673,0.5929774413724895,0.5416328530586262,0.6381769750552782,0.5109486973088062,0.720630527894854,0.6071875001284305,0.5638242635237034,0.5754992047882269,0.625598970527272,0.5379300605159744,0.5288991679564914,0.6672064507553082,0.5536652447183303,0.5562776179006171,0.5123898303196271,0.5325317942485028,0.6286856139477197,0.5937646151223079,0.4849341234973866,0.6445035014089739,0.5398972589399479,0.6093616332570482,0.5783145376869447,0.5326329727150327,0.609736203330103,0.6049154887447844,0.5822893799005698,0.5389833350282643,0.6390886413086667,0.5272981035863135,0.6032858826463646,0.5795657748865047,0.533597568838605,0.5435831403640563,0.6040183216524423,0.6572653941654739,0.5759884927075803,0.61067371875358,0.6107207116104151,0.5457478332880042,0.5954510005166522,0.5119992345442612,0.6152220268199279,0.5083758734769356,0.5027475256682524,0.5706414701920861,0.6034550991723444,0.6149666903786966,0.555511299183987,0.690849446187344,0.5813819211763431,0.5432920367695133,0.5758499591212357,0.6546745426729709,0.5759346489551672,0.5855277656848913,0.6392274616214887,0.6442332081336217,0.5741588727745423,0.5409172093266532,0.6460018879072986,0.5402243954489337,0.6558550492127194,0.6159338141985432,0.633759743338532,0.6166783625740421,0.6469102538605386,0.5866476488289329,0.6709233543094433,0.5617868793297702,0.5859970702494619,0.5476953242226295,0.5715047617953152,0.541792876009692,0.63294484277609,0.5968554546801871,0.48569216983826946,0.6152255113773504,0.48844114126848215,0.6077423294166173,0.5111668824427643,0.6377599368229496,0.5718050271833315,0.5864168135052411,0.5823725969886135,0.6313453106075207,0.5816701466884839,0.6857326428768419,0.6105444637706778,0.5621785935785947,0.5638702237916379,0.5751599797915238,0.6081495595333732,0.6186867919381961,0.5944694269047502,0.6016210753477078,0.6637797259250202,0.5643692941954317,0.6132653253737876,0.5628922084996921,0.5116795844115913,0.6342685376943575,0.5541680377266395,0.627089026974811,0.5032752960549044,0.6181767425495733,0.5326331542184143,0.5459039929209556,0.6197939940439254,0.576519349824218,0.5917728465376902,0.6040398971020701,0.5746701135052644,0.5166609882691823,0.492312895670895,0.47592870086496464,0.5465555123780576,0.5257184701952993,0.6146626613365681,0.5706698156352891,0.5841557619178307,0.5759124964758752,0.5947253424328788,0.5773281369279162,0.6051950040490413,0.5653381649479065,0.5282157824875884,0.6378371187567456,0.705114967384365,0.4372723602026303,0.546118819320135,0.6341074255132151,0.4793439737424735,0.617493779339566,0.6495660164425318,0.5920497298729628,0.5454508494782393,0.6834920096882134,0.54599892960728,0.6668280781297918,0.681339562409864,0.5924773088654776,0.6047963615699892,0.5445295807874981
0.6982402339752631,0.6244707154580225,0.6466929114310298,0.5610985820371588,0.5743901048463301,0.5762457218227821,0.538908065589282,0.5886986097520607,0.6353657630289113,0.5747421036780518,0.0,0.5753050957351943,0.6289206163421143,0.5642125742165395,0.5091254879547457,0.6504008997763051,0.6400690815048462,0.6457843050415509,0.5728467409782093,0.6274505466307025,0.5946672007328639,0.7043528590997911,0.5750820051328326,0.5474495914565595,0.6280736112031259,0.5264840004777003,0.5517742042829387,0.6279649858152875,0.6148895171965912,0.574802898034963,0.5176035517101701,0.5834967434592498,0.5227764636082449,0.49749188440936476,0.5952460660804685,0.5205479217014136,0.5931706113803568,0.6161820330669383,0.5031170230916844,0.6013804496482636,0.523956660332077,0.6798096405117164,0.5388624419855553,0.5486923348406408,0.547298551035061,0.5100967993530631,0.49958234110957966,0.5829829133167989,0.6176260793406391,0.5547509783368216,0.5643362796200104,0.5718452098478282,0.5381270735365902,0.5559574322510941,0.5796631443716422,0.5556377507723429,0.6123843780145943,0.6328102925042393,0.5664669818287363,0.5253403594340742,0.5694048926696604,0.45165516806473377,0.6222563500904846,0.5229960771318226,0.5121502280287057,0.512285117012874,0.5373399560144817,0.5433335409944537,0.5643509938954817,0.6686131036552835,0.5726616698087569,0.5288886510039434,0.6191634847284349,0.6028268067148181,0.615743159199827,0.5011282335748088,0.5598282139292119,0.5505776563357506,0.4996862747383971,0.48394202011852366,0.5377222462762014,0.5573619918009038,0.6038674494041819,0.5661562609849548,0.5738145537109596,0.6176768776717128,0.6058154145914327,0.5229409291332532,0.5186240881608173,0.5225815531213935,0.6216020804353999,0.4972083700576331,0.5909694401263502,0.5480687209229796,0.622671535748847,0.5408728314115279,0.47833953367035176,0.5207288796593524,0.4897424570590684,0.5071904080067178,0.49801177771691035,0.5188436936287116,0.479561657262304,0.49880694695546474,0.5743875091355545,0.5276881457519822,0.492866442149791,0.6318589288869692,0.5113223297773215,0.5631219571093089,0.5589504469396929,0.5675781311551121,0.5661750290985799,0.5664018615994247,0.5496783046006245,0.6332255930360648,0.5672905289542024,0.5872932450038347,0.5829737010034761,0.5277183155362907,0.5768204795281131,0.5053855689726616,0.586682835985304,0.5572528661246553,0.5704389494205144,0.5359924659748444,0.4823192736969687,0.5026596963111594,0.5524095707195057,0.5283247555365523,0.5752579706909812,0.5988889620079353,0.5617647389444653,0.6045698843327549,0.5436585023567737,0.5010493644546333,0.5417524913280418,0.5291143863541233,0.6152386945146437,0.5243408393773492,0.5279888327487838,0.5694841605974595,0.5701337406082347,0.5788089269107934,0.5668515414876718,0.5129048205224386,0.5798264335464722,0.4863271221539721,0.6201172251049145,0.44168863590795077,0.5766390634531539,0.5658863005683026,0.5872800802231819,0.5107524148881959,0.5455761246369888,0.558898502887377,0.6399660678389896,0.5482114729687433,0.5746362655139243,0.5683390087417735,0.4908967346637891,0.5988706097718418,0.48275808218842703,0.745640084413585
0.5807877494611812,0.6870729714853336,0.5825761303523475,0.6538795208098667,0.5443585769211555,0.5921636053003325,0.6154979876056212,0.6681713824974341,0.5631512624546391,0.5778689076726787,0.5753050957351943,0.0,0.5477992402697336,0.5063062965928973,0.5842164501923366,0.5772703093204167,0.5704441241408342,0.5464559715041256,0.7005994328887769,0.5775513467472014,0.6936335220271554,0.5697521533659847,0.5987476584972666,0.6129024148074619,0.6377112011703746,0.5861390669414968,0.48918726488977354,0.5302800732943932,0.5892315592459088,0.5160565255811862,0.6315015505154864,0.5908120602157391,0.6627446602978397,0.6187003404905014,0.5661366594396806,0.6207374567097913,0.5706458008462889,0.5841078024859312,0.6415280770802216,0.6251492749695724,0.6987687363050524,0.5607388510862767,0.5933876614554402,0.63685481035656,0.6391242341446437,0.6086462034389277,0.56413085945187,0.5690151982402875,0.6160050279855508,0.5912376662870761,0.6731445283505809,0.6746851667652084,0.5810202412711469,0.694149331586043,0.6853224697968886,0.589971258247719,0.6558560437597785,0.6435584237306443,0.5604670782125445,0.5963766130985534,0.5848319867408504,0.5028360818838773,0.6427163215416297,0.5169973094181413,0.5616178495582307,0.5709650940580101,0.5634310817362737,0.5315221794377901,0.46578110322001787,0.5799887318866127,0.6148373751368446,0.5456373616110983,0.5339764541379255,0.6202824670717539,0.5475224266469234,0.5438050642761784,0.5908941983144197,0.6090820076220681,0.615928906093967,0.5029118782989933,0.5781224208593948,0.6494865604283095,0.6320543022984975,0.5458368275302118,0.6505194924190919,0.6645906524527226,0.5838412279596783,0.5438712268438639,0.5754781900564324,0.6031807991293502,0.5827770701066204,0.6383584578930296,0.6307913989076379,0.6075506709853697,0.623241679200794,0.6064619871299156,0.5696584734834832,0.651003616252486,0.5137426730161506,0.5806935509517749,0.5329407665546024,0.6023491513866922,0.5783668840973771,0.6073778667289788,0.6146056476014661,0.5970235721990219,0.5881711752599389,0.575352792455549,0.6082777070121691,0.5923443058320251,0.6979481344226796,0.6340842716256304,0.5436458624525592,0.531493979252939,0.6180498406228432,0.5879236566690783,0.6327972035814324,0.5557114194870727,0.5867359393118032,0.5106681099036579,0.5754582007544279,0.5912431616449482,0.5730412470331662,0.6730913525066226,0.5323012960076677,0.6530955681460369,0.5227545944905385,0.6066638357428754,0.6506945743046144,0.5553405412497153,0.5163351193846,0.581365919169056,0.5192923296025165,0.6282529262734529,0.5767274332444574,0.5144775564027917,0.5715107091214918,0.5825401782674773,0.5949927460669571,0.6360724181050808,0.5643342741233173,0.5473952335240445,0.6630622479743936,0.6230558880112109,0.6222013823908209,0.5498335143339768,0.6760512469331241,0.5600188730314428,0.6373481414009587,0.4363953743303623,0.658441913313937,0.6248776899860243,0.5376939382886857,0.5648552141668125,0.7024615150941137,0.5902620053180659,0.5299827812045874,0.6275355283037458,0.5682017957803915,0.5691059842979292,0.5263886948868417,0.5966869799230569,0.5580578652519416,0.6015081752183264
