0,1,2,3,4,5,6,7,8,9,10,11,12,13,14,15,16,17,18,19,20,21,22,23,24,25,26,27,28,29,30,31,32,33,34,35,36,37,38,39,40,41,42,43,44,45,46,47,48,49,50,51,52,53,54,55,56,57,58,59,60,61,62,63,64,65,66,67,68,69,70,71,72,73,74,75,76,77,78,79,80,81,82,83,84,85,86,87,88,89,90,91,92,93,94,95,96,97,98,99,100,101,102,103,104,105,106,107,108,109,110,111,112,113,114,115,116,117,118,119,120,121,122,123,124,125,126,127,128,129,130,131,132,133,134,135,136,137,138,139,140,141,142,143,144,145,146,147,148,149,150,151,152,153,154,155,156,157,158,159,160,161,162,163
0.0,0.6782610415794846,0.5374373780330178,0.5776015758423194,0.4228773527905561,0.6284479432928828,0.5773225388016505,0.6074603299828779,0.5750041654895294,0.6501071904965031,0.6135882406106986,0.5781193886158505,0.7521482995943504,0.5600320203854959,0.6246767608990288,0.5892045300482186,0.6172700769341148,0.6970633230084498,0.6210267974534522,0.7243095984987216,0.5959481597847925,0.6271849395054384,0.54418900341104,0.592584567110138,0.7479531716306418,0.5336647120675021,0.5405665158558515,0.6015325791109082,0.5934214720068022,0.49234021440821146,0.6577684731309584,0.6768834596484065,0.5907471580812969,0.5773489250559619,0.6530749196826313,0.5161261472614996,0.7174572146533181,0.5883970937899679,0.5681056736646881,0.6560856618671165,0.5343385207055976,0.6226099666502205,0.5790212782823556,0.5793518740680548,0.6672227948907888,0.6374201242359435,0.4861605698433984,0.5320992193639953,0.6554026690397632,0.5571108986774874,0.5759990461992555,0.5702863896887036,0.5239481486598646,0.5999283949941275,0.5500941325476625,0.5734009716338924,0.6450956231939385,0.5634787267089274,0.5745555637900994,0.5775702159040902,0.6283155588013312,0.48443333609865585,0.5411081493431126,0.4877463365696882,0.5683323849336905,0.6054176397821652,0.6452933393627538,0.5857100638487679,0.5759532162872345,0.6853035919476358,0.6369007207060507,0.5543837988945828,0.556267286509324,0.656017583270655,0.6523480282094418,0.6478265899062784,0.5516600723882105,0.5019632884420925,0.5778385410464648,0.49035986002120757,0.5661579987511427,0.6119545756271938,0.5453874608237549,0.5888991213693058,0.5585411613286745,0.654742695198422,0.6448066575210224,0.5552137185460834,0.630103850168719,0.5466515197782956,0.5573342923698786,0.5651413159831913,0.5380042207894875,0.6215881560703154,0.5531506299382363,0.6283662626503719,0.5104197209320156,0.589975528355244,0.48545503101697995,0.6516820285685382,0.5633758331980165,0.5624902309389946,0.5077851633769044,0.5597811065031904,0.54497668018479,0.5853296204286194,0.5527247374628214,0.6605142983092817,0.5949758256231987,0.6166519239447052,0.6171661261109795,0.5313606346729417,0.6233142704971072,0.5530381174917676,0.5852919439793574,0.6393300498646275,0.6570234517526139,0.6024787337811321,0.550285809139298,0.5399416273460752,0.5369775068230939,0.5108598548839839,0.620596639194576,0.626134370771046,0.5502314513400108,0.6456305421476929,0.5124156251411245,0.5381917383652148,0.5849954344790105,0.5948960737860474,0.5532594351600878,0.5541712983884113,0.5793594808681964,0.5905009185450345,0.652025814345324,0.5491782698380661,0.6011734609954306,0.6346621868349925,0.6170145165395989,0.590735913954213,0.5598817807581601,0.5944751199019366,0.6163133197760359,0.49090966685359655,0.6314161180299865,0.6288345771843942,0.5411257241103595,0.5739972356707943,0.6799322565350472,0.46002100247237904,0.6596493648607675,0.56469286837131,0.5995389781265065,0.4956136688952924,0.6444917042222968,0.7144998175898456,0.5925631186346103,0.5770409127509852,0.5693545630750096,0.5441063126170584,0.5660738021556527,0.6530644422990272,0.5142872022491489,0.6813274178303075
0.6782610415794846,0.0,0.551108306483631,0.5652243142863578,0.4215501429378431,0.6298630548613785,0.5896624106404095,0.6498798456135545,0.6467371665892483,0.7568601115427593,0.5379214365362254,0.6067211340056063,0.6520308343040028,0.5573081436842698,0.6463810266530923,0.5470461863749536,0.5622740409718093,0.6221480825011505,0.5647514263071239,0.6129542917742759,0.5604611968900078,0.6463057638744194,0.5327374167128214,0.5618735370492733,0.6897737219296778,0.5004908142273755,0.5682344100736976,0.5319639208234622,0.5957239949631226,0.5058864959027318,0.7038320779922589,0.6138997302380949,0.6307158865828161,0.5354430229346524,0.6042356503633749,0.5231944641983984,0.6268522616724963,0.5644318566709459,0.5585847023692617,0.6223620210577697,0.5432690088450832,0.6688191078947574,0.5214969268432784,0.5338162050928466,0.6644496673926523,0.6107105056698681,0.511444540775683,0.4777076070051488,0.5859793080059662,0.5336209133681187,0.539124605856677,0.5387699978774293,0.5181513576109128,0.5790860932575952,0.5168875852644985,0.6719568439772505,0.5668057711064086,0.5620120218024363,0.5426549409164233,0.5743714882535726,0.572885105523091,0.49072487407926757,0.49460784247577766,0.4842622377898112,0.5301432419758058,0.5321771862925593,0.6171624592762148,0.5758449287826968,0.5418399796369061,0.639904781245944,0.6071503451255528,0.527988472932437,0.5092596935482283,0.60262947663852,0.6174565569890078,0.5786769921348024,0.5113284955856116,0.5093081302740545,0.5359314022172376,0.4518520605435001,0.537961640837139,0.6275973195698993,0.5901210312512817,0.546490240654006,0.5208179447807298,0.6988520778481584,0.5730804435230485,0.5303474953290597,0.6240673596601198,0.6351110640462964,0.5413692434014648,0.6349974530320756,0.5170790351404405,0.5368202178489396,0.5369255023301454,0.7214378935256729,0.5040352637848264,0.6278123833823299,0.4900297836754129,0.6501544525747879,0.5358633995839162,0.5221615600195009,0.4920067236579806,0.5983542592606724,0.522867730645976,0.573730057205592,0.5236380444196778,0.649187483217009,0.6011660621428006,0.5882211844562234,0.5576847509521018,0.5078331481534887,0.5616362961908854,0.5514347361345189,0.5377740650759745,0.6513681250688328,0.5976255347214111,0.5450008799427957,0.507431957694506,0.5684572848368912,0.5120555428083502,0.5166271014623603,0.5431293194374545,0.6015572753369037,0.515790289171769,0.634741027343127,0.5236333978262645,0.5767673038477709,0.5668515062168086,0.5829408527903726,0.6482135789353788,0.5351535030051211,0.5194482888305342,0.5871458641153497,0.578936550429306,0.5089789745119125,0.580928814202378,0.6151215319006553,0.5843736602550342,0.586036909408637,0.5382901116921347,0.5799333519279,0.6541266769914876,0.49622817140145925,0.5884453770562519,0.6179259748665068,0.5957053962444665,0.5968149237517176,0.6854985308512627,0.465540667412995,0.5697167844528918,0.55023076068216,0.5646258293373729,0.5608444943368722,0.6488259523442744,0.6682151454644375,0.5233053602614042,0.5915677416558743,0.5338764279327459,0.49111635964757194,0.5608184753328047,0.5941277741843938,0.530189505085788,0.5946280611817448
0.5374373780330178,0.551108306483631,0.0,0.4911273470555743,0.5516739733607169,0.6226896483172499,0.5232792405875497,0.5106132199018318,0.4734601444915921,0.5383287746889798,0.5561993495306632,0.561928850192482,0.5734062364156592,0.45008928803810677,0.5724949488663941,0.6425386428029055,0.5912081007193171,0.5231039150116719,0.48232122581438897,0.4856327027994172,0.6584360878335548,0.6954043498841681,0.449693843491969,0.592133054607871,0.5221272390886369,0.6092352962271883,0.4420904252580506,0.4351857168348556,0.5484857342047412,0.5104081019800719,0.49418748681716657,0.5369622855970883,0.5492580389006169,0.4413330438777768,0.46459860734852493,0.4812757246631882,0.5690875413278728,0.516905391640513,0.5371332978012431,0.5764554759576312,0.5520283474455786,0.6058463256656325,0.5719052848331442,0.5755913494121316,0.5100928574675326,0.5481475586063462,0.6203722789912656,0.5453666284108772,0.49469697916004646,0.5246571525414647,0.5499312667660644,0.6353748501953609,0.4569284692233908,0.5610611988787697,0.4844929529439968,0.522818308027398,0.5255859469991051,0.6496967909895862,0.4531069355376719,0.4862525219292451,0.47991217151622406,0.47731885739536567,0.5679598543482225,0.4314787407349743,0.48339205673084035,0.48759937053698377,0.4833662527928289,0.6765459107215268,0.5093981260171087,0.5290485615726677,0.640043308089054,0.4416853727694393,0.44448612774572394,0.5922960841848888,0.5365472187952212,0.4446328127990144,0.5244751971694538,0.6213976143345542,0.5034772969779836,0.48602346866034213,0.5815015360166378,0.5287397772860444,0.6155471671184578,0.4929441611064129,0.48297535125269203,0.5667177298720586,0.48368957012978553,0.44863275334958647,0.4646193100749358,0.48619273356877524,0.6016488504441191,0.47185967100850346,0.5149631900330447,0.45846778277487193,0.4803554183931866,0.5907990511297411,0.4488236180848021,0.4980758360850064,0.4308614723562281,0.4849316741757397,0.43592504180750735,0.5012056936070743,0.44544785582344254,0.5027436933515252,0.45807698859794893,0.6487977370909045,0.5197502706996312,0.530154436605869,0.5803775856597476,0.5719039729966219,0.535271452534615,0.48298360429240433,0.4854902197195116,0.4593802886234779,0.49611755953529496,0.6228547638992363,0.47338357385184765,0.5015835778409757,0.5508290978713523,0.4611160382255375,0.5809437142409226,0.4775919287651478,0.4873352369954841,0.605713264783969,0.43193026381515937,0.5896936119766821,0.47970348664964546,0.5891439181305111,0.5185480423145915,0.5365801224234371,0.48822204351220355,0.6693129399597766,0.43049123405738315,0.48835538923801936,0.510127048529447,0.5083278424493206,0.5483389541685096,0.550188955889481,0.4929609862046236,0.5171080807867028,0.44779043699074295,0.5345164161137762,0.4981385646811488,0.4546474930395298,0.5678557624954746,0.5257575809885123,0.6578745659613623,0.599254726480122,0.5483515268154419,0.44481607982169596,0.462702544202645,0.4624216018132576,0.5135272822892347,0.5877350782424805,0.5981405539455737,0.5254948912240262,0.4571674742890596,0.6674477414299537,0.42804292786458475,0.4613557848745696,0.5139797336614228,0.4654790144392223,0.46832918944368446,0.5923530391166925
0.5776015758423194,0.5652243142863578,0.4911273470555743,0.0,0.41466556433393637,0.5175917060113303,0.5705875925441622,0.5679395282035401,0.4994208532645479,0.5824436177936393,0.5636110322304753,0.5247955104917218,0.5503419914129042,0.5950907351836435,0.5964870985878371,0.522295343699312,0.5853293422399717,0.6405809033062545,0.628960916532245,0.5548215226453118,0.5841541537613641,0.5440784403557463,0.5374478981735564,0.48783200511853636,0.5904912905452693,0.5306340755269336,0.5568907358489782,0.5665441306904894,0.599298980817305,0.4362683673470105,0.5940170721643673,0.6056167292231838,0.7015138418755265,0.5389209166699924,0.6153386150277158,0.6261679406001452,0.5409542287969197,0.6411191186649943,0.6139673053179471,0.6345880715024476,0.6203818776096157,0.5183702079432638,0.5798635727761473,0.5703417355374008,0.5877316759280962,0.595906864524379,0.43841372173691356,0.4786350597781553,0.6146678130404541,0.6125598874014667,0.6441836403168854,0.5477845843237192,0.5918231801704709,0.706043571945716,0.6545769511083862,0.4708621683845637,0.6386859986120293,0.5624557179897232,0.6449831077286282,0.6231237590298847,0.6117805832487582,0.5404757828567037,0.5608935133655785,0.5398804100052519,0.6142296955348157,0.603224317673786,0.6167054601205754,0.49017160387692815,0.6151592040667058,0.6349918241122671,0.5713787533266959,0.608584521505164,0.5878603869213523,0.6618929514699327,0.6490596957902833,0.5676526552376573,0.5724106191961386,0.4888252383380151,0.5977012636245592,0.450959795525202,0.5417094719942633,0.6528882125958306,0.45976135948607705,0.5743096708826093,0.6549919249689575,0.5648090026222709,0.5801927926238936,0.6552466652738155,0.5943122639974967,0.45850059825379985,0.6060264234502708,0.6102590106233986,0.6005340051222704,0.5838725811763342,0.666239926316122,0.5404895649755042,0.5660938187986706,0.5562804599906015,0.5501285831566151,0.6447769687663308,0.5928443249520863,0.6282302389714888,0.6612857538016121,0.5889634110684329,0.6327602565784872,0.5196004697127327,0.6217023854991374,0.5441351896470464,0.6030302929806978,0.47315808838756357,0.6214247097026016,0.6320464443490236,0.5785620734989896,0.650965010083292,0.6237473079460333,0.5261832136515707,0.6148194569339238,0.5678085848279545,0.5690285295357936,0.5956358532123109,0.5365162852348684,0.6498973980277567,0.5226225951343711,0.5611270792455945,0.5377545449223762,0.6080427312452128,0.597878271119955,0.48973084332351574,0.6237310668971288,0.6296026186354995,0.47307953932900587,0.5397384496016002,0.5608304417799977,0.6358050403546014,0.5839940209953235,0.5293942585570578,0.451203681607425,0.6541307193087731,0.5971315460738502,0.6495118951400826,0.6343915685100543,0.5937831314464026,0.6716401128416885,0.6049046240506987,0.6198259061727303,0.5712616785633857,0.4849695974880459,0.5761920592333347,0.5701379342851834,0.4882950735872145,0.6534570448252225,0.6605552450815131,0.6405259385560457,0.45351709066193835,0.6354800055182722,0.5778232321189881,0.47000276334927044,0.4970439961440055,0.6336289787591758,0.5850233290050306,0.600073057208512,0.616278501390051,0.6041963395077398,0.5834390124924094
0.4228773527905561,0.4215501429378431,0.5516739733607169,0.41466556433393637,0.0,0.46103980903002717,0.48283664147120536,0.39181690550880116,0.3777989934819052,0.411425747179144,0.47672967503941044,0.4843189973539855,0.434051901327495,0.37062472203676006,0.4747402752843317,0.5348206779956362,0.49295968543022717,0.42056821553965157,0.4195714270526443,0.3855517757361414,0.5315329871249277,0.5012024459126211,0.40608520136979975,0.5070743434135224,0.4088812583929703,0.518399019057886,0.3771612384257875,0.370714994946609,0.4567771426305466,0.4966327214868479,0.400241293048521,0.44543939263814325,0.447422590053991,0.3827868418681434,0.3803431461955395,0.41180797925320545,0.4453039130271989,0.41946709139448574,0.484002887295078,0.4771009192933392,0.47008207498302884,0.4595573826027507,0.49215721630391795,0.49904081345107276,0.39829589300810186,0.44753121509501753,0.5489167199597083,0.4742654903869296,0.4325668705137538,0.4520436551095935,0.49400089787038476,0.5124305800445336,0.39666625801424943,0.46612783490356957,0.4346790241800314,0.4008688433979264,0.44936018333302136,0.5509919065237998,0.3793123158857405,0.420363530386243,0.3792634372925076,0.4185558513223956,0.47610566987771685,0.36701245418766026,0.41012539310381685,0.3983282113229917,0.383194777407656,0.49933858364806927,0.40703823028387087,0.4065092897634283,0.4815879602113943,0.37539970114872495,0.3644873074174326,0.47780964894882666,0.4175814876750685,0.374502859938771,0.48173756564540215,0.6509292991565412,0.41086418166411376,0.45605685253501294,0.4519938329141664,0.42426827682430124,0.5064347875438043,0.3843610108190611,0.41098625724282184,0.42165925824199235,0.37915825608452564,0.38674878717289857,0.38131054248851654,0.3834827991166823,0.5416993256115741,0.39245137932622676,0.4873050315626371,0.3959347667271182,0.4031495706837553,0.4420483649549066,0.3681519314173696,0.3874978299666922,0.37539003665256426,0.390527350651002,0.371523801608846,0.4240907183663244,0.38457845820522024,0.3987967423209353,0.38394471418098747,0.5032599304801563,0.43919601159363836,0.40698288003054783,0.48332451833126566,0.4493669625633835,0.47540031081681766,0.4186513507273137,0.38314905564140084,0.38275874134102017,0.4157870379992708,0.48593901813773455,0.38895639618115485,0.44936428670726086,0.44743890604813036,0.3760075397519072,0.5482564659039387,0.39847244675777266,0.3906068531705404,0.5204474301697107,0.3593657649581439,0.47610846978386123,0.4078895276300308,0.5027280802576338,0.4159635958919911,0.4293749253427592,0.3820226514589647,0.5152830479963197,0.35960245940986496,0.4008260853952915,0.4007789249789066,0.4305785444861017,0.4475945086876513,0.45884508402688434,0.39327514287320053,0.4451566000958813,0.36433143370980203,0.44046284069686054,0.41302368400546596,0.38698847850990997,0.45648512750608866,0.42189982081095173,0.5142007554484014,0.49283303582583116,0.4126958917374151,0.38548317404009663,0.3849228913348709,0.39506252043153306,0.4471899054397297,0.48220213496116304,0.46139194522770116,0.4031560753772317,0.3926861910221159,0.5234382609879832,0.3641815789462345,0.42840794722378295,0.40357139197789754,0.3820487919801214,0.38981231559903967,0.49201057326522846
0.6284479432928828,0.6298630548613785,0.6226896483172499,0.5175917060113303,0.46103980903002717,0.0,0.540986577296906,0.5416531741264204,0.5122386302975717,0.5803073128595289,0.598024867881555,0.5747772582133099,0.688708668608871,0.49224496737449536,0.5695348848939845,0.6209635441961366,0.5797693070762205,0.5374103773176654,0.5166193316762624,0.5378307720834417,0.5991216061046215,0.6548685027104377,0.45668511836675735,0.592678698342641,0.589801213374515,0.5582314253679937,0.4565568693013255,0.4781169218581645,0.5983917700693784,0.4969567278168581,0.5529305865957715,0.6032879268040908,0.5740996082256511,0.48297235863779653,0.5204862536840242,0.4795072560567817,0.6906316496168009,0.5240582456681447,0.5442497097162077,0.5776029657586926,0.5179108286651777,0.6222401006991193,0.5335004827048682,0.6060332564114965,0.5494086753435783,0.5490959239436953,0.5296396650492243,0.57855350701705,0.5270478858935382,0.5040175673024088,0.5445204186628909,0.6032041651557345,0.4711769789470246,0.5815294645303714,0.5096449885752544,0.5919642499109867,0.5444321893185015,0.5928805730373643,0.4715494888066289,0.5026427285906934,0.5594099326771605,0.48004330238524395,0.5449831022574981,0.4341282345011802,0.4910333953048318,0.5183644744608273,0.5489145076160328,0.6760126121261039,0.49245140855356967,0.5724598907099641,0.6507016019430507,0.4687225794963678,0.48438719052689994,0.5973065996857976,0.5724938418093367,0.5187160816273563,0.5359074900097711,0.5599700049098429,0.5046336925344248,0.5426932303226003,0.6075308962286377,0.5420647071721614,0.6167912860684688,0.541801783274116,0.49301618061182395,0.5876027532118671,0.5671642377377772,0.4668172545403072,0.5146725966223147,0.54200497977202,0.5458978614986568,0.5059484180162228,0.5078890727484499,0.5185115844534751,0.4950376381364268,0.685621386567305,0.4728553677929782,0.5309488079833388,0.44813020025429245,0.5387579731933339,0.4938575597851627,0.5077256102768295,0.4486077872368023,0.5035115489543547,0.4770682239556149,0.5874261528222622,0.5099581537225635,0.560122362244437,0.552486537667047,0.655755073699742,0.5764531557231903,0.4756219426487131,0.5769406459896553,0.4807826088878634,0.518543137194224,0.6405489702441319,0.5275377429836628,0.5118125326747287,0.5612215892262294,0.4967190896556206,0.5361913646892419,0.48095405430065336,0.5521286382959976,0.6475365826483639,0.48649890644247384,0.6582513889088695,0.4837873697167082,0.5805377376046704,0.5414142055868207,0.5297513275565882,0.5215635805676259,0.604609661601893,0.4994350754751584,0.5393240520318688,0.5587613459844557,0.5242556146944158,0.5904876257039695,0.552990240594642,0.494345377010088,0.5155936963105845,0.49780077124251537,0.578992211946607,0.5283010761783878,0.45369496487837885,0.6023034383727582,0.5357636402184247,0.5964480555409399,0.5855499230219898,0.5738620069774797,0.44953734038676907,0.5198290183155572,0.497450206622966,0.5056323871187728,0.5104753760521168,0.5991934489664873,0.5977100961016579,0.5337715125787107,0.6757799003782738,0.4863156458597281,0.5023837057435822,0.5232551139534694,0.5393639612287909,0.46850874425784517,0.6338176147042548
0.5773225388016505,0.5896624106404095,0.5232792405875497,0.5705875925441622,0.48283664147120536,0.540986577296906,0.0,0.520514525218543,0.4987277587994435,0.5985590299571446,0.56775880786486,0.6631219384766304,0.564051752592299,0.47255195239466247,0.672231641220298,0.5682404219973766,0.573636927835662,0.5701234553479017,0.6040394676446984,0.5059031707630484,0.5770378061005016,0.5882602981583249,0.6041958969110048,0.6046436544676722,0.5920239753569313,0.5089885144987086,0.5420245286435197,0.5193792570674172,0.5714087379800971,0.5706371252091756,0.5777383155368254,0.6161953376269802,0.5891584931079448,0.5373590109106583,0.5060446720300024,0.4878861314109621,0.5808530444247948,0.4996685940711406,0.6153224720925545,0.6572063952231315,0.5248242408635088,0.5774128178984712,0.5497548213650326,0.5457278032238009,0.5443331718895718,0.5941085829422964,0.5053144216686691,0.48168888977611923,0.6662090069557117,0.5219687239000818,0.6070482928267763,0.5211337736925268,0.4901288400570284,0.5855516997636481,0.5553480136613811,0.5035956591596359,0.5770739606878311,0.5970099756143501,0.5113320622321453,0.5598352577138845,0.497265036580291,0.46207299043933364,0.4861021786286742,0.4318480773838323,0.5059666064770576,0.4931000650269944,0.5238448018192878,0.5416920396206749,0.4905809786144557,0.5463199055918325,0.5482048952860066,0.47732240471612514,0.450077610308902,0.6271145003308869,0.5252921722888562,0.5323998858423146,0.6042261444309208,0.592934540624017,0.4907020401995025,0.46658105709680886,0.4868890026062557,0.5558089222245969,0.5764720700225169,0.45464224959433974,0.49968927608764274,0.525685502058681,0.48849551706567595,0.5205853228655106,0.5491699895346703,0.4926219726963887,0.5881903165432627,0.5461343078145298,0.581233707055119,0.5265700178199101,0.4994185751233573,0.5698523440082207,0.438775079798043,0.4962952685999708,0.4422888886797412,0.5563905512727396,0.4861752445344543,0.5435600069487928,0.4821805311478001,0.5180106023918593,0.4723460902674825,0.5469404690559497,0.5224382550595965,0.532871397292463,0.6079180773638988,0.5439910998918153,0.6522306348562185,0.4909543034595014,0.4811194856677071,0.5001524574722929,0.5008387896001534,0.596335090875945,0.5314475155863191,0.6337446990375201,0.4870156390773694,0.47029028692609254,0.53482705936819,0.4798061783785522,0.4663235369152047,0.6800680647960518,0.4422687782582216,0.6339784378298822,0.485116458957464,0.5781227144967531,0.5033277501398186,0.5200070366339506,0.4880506899301976,0.5102176686229613,0.46838167662303126,0.5001610931646766,0.5021588432675971,0.4735872018096194,0.5296159991258365,0.5890288338739254,0.5163677589751156,0.6071881871614209,0.47229834473269794,0.5242974821561784,0.5948601987728509,0.4583476185370446,0.5481383405016262,0.5562323912789221,0.5414494430882405,0.6094050641437329,0.5380422625947631,0.41645014309191575,0.5283430467604765,0.5206271217076993,0.5910259344598779,0.5398250839492351,0.6029367129066021,0.5468784837693891,0.5286695154870019,0.5990165967404335,0.4956958518723525,0.5515040268596161,0.49000102483614355,0.5065565188022759,0.48095813123168424,0.6010365347310701
0.6074603299828779,0.6498798456135545,0.5106132199018318,0.5679395282035401,0.39181690550880116,0.5416531741264204,0.520514525218543,0.0,0.659448470410608,0.6663544508351833,0.49255337974511726,0.5668089371596601,0.5838446088979101,0.5323595399895825,0.5984863943771795,0.5095833098883727,0.5271930168078994,0.6179534014142117,0.5577974163850236,0.600609084793651,0.5269269103868913,0.5646330658137539,0.5315481028926918,0.49235004218914047,0.6462923412844578,0.48301462896029257,0.610123878759168,0.5336585190438562,0.5063686847318618,0.4780477897885982,0.7111821886991277,0.5704921070948095,0.5976231279653468,0.5386943401868075,0.5734462416790643,0.5338219998808521,0.5598246566490501,0.5740464395156479,0.5340379186555543,0.5602622467726704,0.5267925240544673,0.5856537453520906,0.5267092518167688,0.4813128973946396,0.731266583971659,0.6172309859219286,0.4715479958457525,0.4357627756897492,0.5464707304731207,0.5356222321647972,0.5192260566143304,0.5038620668631466,0.5007636678080868,0.5420413225574158,0.4988778005668829,0.5790358420804713,0.5488579608902019,0.5509477168689432,0.5361314338399757,0.5735259848730708,0.5719911486160122,0.49029331857741193,0.4888283790985444,0.4916386426365177,0.5219790335402446,0.5349534070232396,0.5945783049446414,0.51488135425817,0.5786027103995723,0.7250413905047121,0.5636351666035795,0.5211648479725345,0.5073225890473518,0.5776385129242054,0.6235507632194419,0.5380321975550534,0.49222618109248956,0.45772388380869766,0.5772239447751749,0.4023703471669122,0.4916139108129471,0.6443401162703163,0.5131364941297979,0.5484594522181664,0.5280931368594994,0.7035579177585382,0.5962464171826714,0.5549880631831501,0.657265884367408,0.5880671326979371,0.5245961281777305,0.6323246064232892,0.48946980644713306,0.5031988992585535,0.5250554814300115,0.6070210018889831,0.5261482240505634,0.6388498801227203,0.4819320767455479,0.6541463184289954,0.5055158757614817,0.5707671068785679,0.5260235457374031,0.6336871219049914,0.5495326358532793,0.5612839024493318,0.5374101010362213,0.6282109834137338,0.5662199263121198,0.49895910723733167,0.5117683592416699,0.5187845990221208,0.5264776255198476,0.5848257782565405,0.5366061106538996,0.5782550656673962,0.5738037387099194,0.5196916694220689,0.4742378807798825,0.5735207938654795,0.4729702398559463,0.5774686832633861,0.502431123913531,0.5280750646745499,0.48104193200736234,0.5641599252861078,0.5289692463182839,0.5488134025164123,0.5502115561483141,0.5741444163803802,0.6340923841522623,0.5117273559151216,0.5129706274723237,0.5592931245762996,0.5561197444599009,0.465208600372332,0.5174112788713439,0.5725791965102557,0.6187179002836581,0.6068332480865732,0.5308714966516018,0.5308542594490924,0.629562919337473,0.5109663976113789,0.5411604419012296,0.6370263831450144,0.5494582607050746,0.5484936917557752,0.6661435594702843,0.4590668011410818,0.5822960616549283,0.5228962617012446,0.5623958068752785,0.5270588861260926,0.6365651243902926,0.6480611465088786,0.4692426618134325,0.5262771110902107,0.4968693760473351,0.4647351732180794,0.536148325203319,0.5474741809254381,0.5463712770160958,0.5285239074616308
0.5750041654895294,0.6467371665892483,0.4734601444915921,0.4994208532645479,0.3777989934819052,0.5122386302975717,0.4987277587994435,0.659448470410608,0.0,0.6207865992259245,0.4520663912130273,0.5194563659370351,0.5289076387975136,0.5082541945629057,0.5571970722516201,0.4568225674580098,0.46851934609759616,0.5581558581437925,0.4934914590709997,0.5505875696430321,0.47364582488174417,0.5502261179682328,0.4874426220233947,0.4655204213923557,0.5891869753316791,0.4307110529370099,0.5630666243946335,0.4774422920742154,0.46848057348967237,0.4690530335538331,0.6583600943436414,0.5069631194350005,0.5291466535009792,0.4741904671510532,0.5443661742342502,0.4748174769832191,0.5209788489818963,0.5103957125796548,0.48080438252672114,0.5028174251334276,0.46997385835345773,0.6123375722735,0.4583410902368275,0.4447149876065057,0.593657970119756,0.5247459553132843,0.45340210442388795,0.40554101515336305,0.49896655775714366,0.47753359695835096,0.4629481079064346,0.4547938722944445,0.46872196321466436,0.48198608217043415,0.4422116523222112,0.6436649604170498,0.4873934170387667,0.49019340898538194,0.49657343666531073,0.5043326806634932,0.506602318016058,0.44761886219743846,0.4333903747183407,0.4583685475265058,0.48661728596842796,0.4727035623337108,0.5554891415315333,0.5005454961777557,0.5100572025439204,0.6107013447000854,0.5248369360390076,0.48182749401141106,0.47617728601190884,0.5046333683151364,0.542072203645067,0.5027058692718384,0.44064006885538254,0.4307497839122528,0.4829336609082479,0.38269936632024776,0.4577679930134344,0.6089795544449805,0.5161871783812235,0.4838240485433402,0.47151351956181314,0.6288741416925763,0.5380711649923577,0.5010060470551957,0.5673550783943515,0.657857742924645,0.4773908868458543,0.6201547355213637,0.4431878648755892,0.4604552176150295,0.4932710981954976,0.5966896047501717,0.47970616952463674,0.5863481464484233,0.4637506004395325,0.5653987418548715,0.4743847213570702,0.4790583647908998,0.4676122006908565,0.564221694075373,0.4904905316310342,0.49205317282933986,0.45952991586796227,0.5750678020685613,0.5006668059118581,0.4861991733168887,0.46387431089128417,0.4691351219434045,0.4952874408643593,0.53370008849717,0.46637206801472875,0.5373170153703919,0.5172416352917717,0.4735162081900833,0.42899799008422207,0.549126022077991,0.44196505102846473,0.4994183229984992,0.4721025940319103,0.4889174874497347,0.481166995334292,0.49718098320076803,0.4853342596056795,0.5013969596738661,0.4774460488557352,0.515537480033999,0.7278607048747175,0.46743864882022973,0.47449280143928985,0.5414522263946856,0.5113943103962545,0.44489206959154615,0.49434139877671407,0.5145288222811037,0.5311634405151104,0.5336863351081019,0.48869614599380856,0.4934076302339684,0.5962174831389462,0.4777226887071749,0.4936877834591196,0.5757048233723291,0.5494031782971365,0.4969440867782879,0.5927857088736115,0.4249233450846409,0.5216451217506063,0.4861039093015766,0.5066507462416404,0.5165282655664272,0.5510505417744623,0.6083023637654134,0.453133237117461,0.4936106708006548,0.47349875719246826,0.42399718187249513,0.49025136979856926,0.5254591859623602,0.5160234168268502,0.5029093366796386
0.6501071904965031,0.7568601115427593,0.5383287746889798,0.5824436177936393,0.411425747179144,0.5803073128595289,0.5985590299571446,0.6663544508351833,0.6207865992259245,0.0,0.5304582741930844,0.6048670044148011,0.6242918883394875,0.5392334598434695,0.6365706361055041,0.5356540042177447,0.5621241519403622,0.6495018461747746,0.5952710842317929,0.6053174217798616,0.5566497307350665,0.6162045757336646,0.5701488727740268,0.5431686808789238,0.7362979308878815,0.4862116950394528,0.601001083258867,0.559713889632163,0.574217320659043,0.5031278961385399,0.6822891715927604,0.6176208953105168,0.6068544753175794,0.5493002516253028,0.5824781562297217,0.5167107116313777,0.5983058331799662,0.555595889861622,0.5487124755904819,0.620397902234925,0.531433960322016,0.6527898191088346,0.5294413249446669,0.5110876168497984,0.6637550990011237,0.6212079805342022,0.49008426350116746,0.46041243529357684,0.6119870229654413,0.5301115508446637,0.5422901322012886,0.5174068499700794,0.5168208695957868,0.57181759455205,0.5199862857848798,0.6099976856916312,0.5697685939055837,0.5574189064675943,0.5705421687837727,0.5713334683071352,0.5711143565357678,0.47561168611066473,0.4881012079904739,0.4812322351206321,0.534492740881936,0.5378677818783963,0.6095527914287807,0.5473791084803314,0.5651100660838605,0.6706726937342943,0.5722927607810188,0.5228165627868193,0.5089507769653211,0.6130636787494103,0.618501563055923,0.5798456822842779,0.5176697075635105,0.49305834391195347,0.5388054030225872,0.43338016520235884,0.5210427147816982,0.6248104633353518,0.5558994395497958,0.5301498632567452,0.5276927468855372,0.6550823510382122,0.5694901415145973,0.5507589848139768,0.6502705805523844,0.5809256243999182,0.5375793511309427,0.6269843935023701,0.5162131001231999,0.5322986300256495,0.5380065427218368,0.6535964223656391,0.49656301028671496,0.6226186113565035,0.47478746448349596,0.656126890455159,0.5181041415334917,0.5482363762011613,0.5115147387836304,0.6358754220081826,0.5228130079393913,0.5588831362527727,0.5361483942533332,0.6705671002854015,0.5976812289877431,0.5595458774089278,0.5617021465573361,0.5094562460458337,0.5454445489665622,0.5707096326608755,0.5278631367050998,0.6107130165077477,0.6130581833809642,0.5733256093583258,0.503386972407137,0.5500277567526521,0.4900321387807915,0.5227538804194383,0.5211170422509129,0.5816764667429395,0.49555542024062227,0.6152933398974872,0.5180219393009725,0.5419174201729654,0.5613353899774886,0.5725949559704732,0.6267854620543933,0.5212751236759946,0.5112858331864844,0.5537497095918006,0.568486582633679,0.4880102816331618,0.5480099241254919,0.590419706075191,0.6116915534158165,0.6070987740668963,0.5406405997813933,0.5525941905673236,0.6626843353759648,0.5002882800830907,0.5678564925410747,0.6261473074252861,0.5511782352684891,0.5965714933952343,0.7080141401996396,0.4508909646910312,0.5743566484320883,0.5593450252947382,0.5821574212370993,0.5532747990608541,0.6680229869025034,0.6565258771245787,0.5167594536019461,0.5685844712931751,0.5266427104689847,0.49439864404673434,0.5691923503667667,0.5775455535898868,0.5446028396953907,0.5699273718871279
0.6135882406106986,0.5379214365362254,0.5561993495306632,0.5636110322304753,0.47672967503941044,0.598024867881555,0.56775880786486,0.49255337974511726,0.4520663912130273,0.5304582741930844,0.0,0.552423826014273,0.6465166729338936,0.49984914741681186,0.5593503885205977,0.6781779040762347,0.6571937917129352,0.565138966804815,0.579138791325423,0.5487578588387739,0.6408249934936003,0.6048447610733693,0.49459552292305664,0.6038557390156719,0.5758584320405917,0.5967532216098944,0.47072274881067383,0.537385319848392,0.6570560124539228,0.47711103793915255,0.5177232506481243,0.6428739263521764,0.5506825453334507,0.515663855994721,0.535478403024159,0.4976681804156721,0.6679787133993116,0.5496778932199502,0.6199594985319395,0.6390764251574762,0.5272953585462677,0.5360480274499164,0.5972651519644511,0.6743936382003133,0.527868191073883,0.5483656369660506,0.46036995827266886,0.6665882526105581,0.616649382508156,0.5399588761037272,0.6181961703486133,0.5820016784561004,0.4840447739702932,0.6441477869848442,0.618877380407094,0.4648805570784561,0.6248030182957655,0.59586376774098,0.5107466075642397,0.5270529639612256,0.5774483325773142,0.47162208140831086,0.5774567189216525,0.4526838923404577,0.5183545247919248,0.5508348611496114,0.5519374738866725,0.56343687350889,0.5217081752669572,0.5649528147908002,0.5964545898553765,0.5002214784328314,0.5128822618055886,0.6659983060162695,0.5759931038239847,0.5299771006606128,0.6636019377346933,0.5696214220381592,0.5190615962813613,0.5805844442019319,0.566959948116493,0.5213556530171299,0.5110244325180171,0.5363122344198211,0.5382951685304207,0.5207130034815666,0.5656290742310709,0.5004410139820081,0.5023276228609009,0.4497105259842093,0.5880068121536292,0.4712897340563467,0.5884042293799158,0.5825252976291133,0.5249256581906817,0.5446690737479786,0.4681573763553248,0.47701538760684215,0.4552077634135249,0.5234382037844044,0.5342788652073245,0.5700747865482837,0.47484349190869773,0.474160733620062,0.4946553816423703,0.5471947186910607,0.5502168835661378,0.5293114933947011,0.553448640939657,0.5850852709855627,0.7089450495164676,0.518338370824484,0.5677036692422627,0.505998190768509,0.5482137878026229,0.5691161851676243,0.5341199532120949,0.6217270439240595,0.6081874350669496,0.4740924599151284,0.5994499157479853,0.48132080303256064,0.5575706963725529,0.6483513580805849,0.49760330940449027,0.6663900837332594,0.4813652388781441,0.5262631046275328,0.558592154843722,0.5402260929891688,0.44186429675928507,0.5923719460948045,0.5482217611532754,0.5385919153776572,0.5988651234290011,0.5461290103020036,0.5235392895235164,0.5871426037378086,0.5264568467699666,0.5457393942136952,0.501473348873417,0.5967130516998947,0.5215390712208386,0.46990815543740205,0.6563721957003135,0.5133076372029097,0.5008599295230473,0.5586624550892729,0.5369786404448308,0.4549024363245627,0.5713125771401417,0.5216230440372219,0.5878166787531086,0.451790515165141,0.577083088599117,0.5656880132889778,0.5857642965807536,0.5699841567520753,0.5302845228328193,0.6142419594827777,0.506419516700938,0.5490724221356668,0.46769153114847756,0.7402112470704784
0.5781193886158505,0.6067211340056063,0.561928850192482,0.5247955104917218,0.4843189973539855,0.5747772582133099,0.6631219384766304,0.5668089371596601,0.5194563659370351,0.6048670044148011,0.552423826014273,0.0,0.5762303891694703,0.44873003460483796,0.6300387869389039,0.605256193582984,0.5761056415961513,0.5437793514340992,0.5891045569065668,0.5206646802047229,0.5816570029815501,0.5934467348364685,0.5926984711159721,0.630263575130054,0.615525089406095,0.5206238345014877,0.5361278747172858,0.5097509539924675,0.5427845831300531,0.6381996166577468,0.5948795354664779,0.5973898807827229,0.5627706999032566,0.5613192162749275,0.49575037314000825,0.48133774674350016,0.5944013611666862,0.4981946806080231,0.5888056989891465,0.6050010657774438,0.5173007514507528,0.6136691879219863,0.5493037104275796,0.52948033840345,0.5810407618040953,0.5969745602233008,0.5469499996554077,0.4820742463990414,0.6012253727162815,0.5067997028910218,0.5534935167589518,0.5360341315377093,0.4518225261571361,0.5478691867209736,0.514165619453289,0.5399349731189427,0.5502133117626961,0.6618518517672417,0.46728227441222275,0.5385549470607873,0.48353048647617003,0.4498650495865459,0.4831454736332107,0.4264889124702282,0.4685108331670377,0.4731447633582575,0.49872913502642424,0.5450685995195828,0.483870214362987,0.558632392592759,0.5431192173317522,0.45304493405026613,0.43394879734381675,0.5915393361927399,0.5276436779420813,0.49783609286682123,0.5509898563107795,0.5880193043800575,0.5057605106939018,0.44859668790959084,0.47810347249396634,0.536848960461844,0.6215581951940103,0.46139303049199215,0.482353059683746,0.5717682013205555,0.49502131353487017,0.4801558379463333,0.5467299224194954,0.5316430712124532,0.5711144323853635,0.5339082506839348,0.5339378103249975,0.4893311202216674,0.46298752331845544,0.6087124006581724,0.42886597094271167,0.5326653148705933,0.4276877512132347,0.5419347504267922,0.45726067673257265,0.5299166174079668,0.4628843640296014,0.544518171168199,0.45991916535518235,0.603852453162289,0.5103761428052677,0.5855329148389748,0.5844578438710749,0.5746907452670186,0.6033424230113146,0.47619977831463367,0.46499723419720884,0.484364648101079,0.4913997544412075,0.663019186846419,0.5197815216950027,0.5913191894836188,0.482220554184676,0.4664864410667797,0.5180685344580188,0.4739644989281044,0.4760249925695751,0.641930125382164,0.42277501151948477,0.6359703701016367,0.4670348950693562,0.6613811432638934,0.514820478261293,0.4997323550201685,0.5330515542282654,0.5189506337913932,0.45085815874668117,0.48699532572686055,0.5001036561600385,0.447036908264991,0.6108075495716215,0.5657691318184283,0.5288335859667415,0.5867764293362958,0.44612248097688234,0.5131184529432111,0.5511077137203529,0.43966044083348044,0.5385419696818148,0.5912248307188435,0.5971722977446673,0.5763274616074902,0.5833907298123806,0.42944828363225224,0.5130451561948964,0.47807253491587126,0.5649628529408339,0.585047262692633,0.6450126445665962,0.5470114121745346,0.5095945077500784,0.6621751248762457,0.4514193234516037,0.4931605868060123,0.4666548134729947,0.48646840902548544,0.462291848495108,0.5826035892203059
