0,1,2,3,4,5,6,7,8,9,10,11,12,13,14,15,16,17,18,19,20,21,22,23,24,25,26,27,28,29,30,31,32,33,34,35,36,37,38,39,40,41,42,43,44,45,46,47,48,49,50,51,52,53,54,55,56,57,58,59,60,61,62,63,64,65,66,67,68,69,70,71,72,73,74,75,76,77,78,79,80,81,82,83,84,85,86,87,88,89,90,91,92,93,94,95,96,97,98,99,100,101,102,103,104,105,106,107,108,109,110,111,112,113,114,115,116,117,118,119,120,121,122,123,124,125,126,127,128,129,130,131,132,133,134,135,136,137,138,139,140,141,142,143,144,145,146,147,148,149,150,151,152,153,154,155,156,157,158,159,160,161,162,163
0.0,0.2963638884255508,0.27105464573575244,0.23121886995621183,0.2612881826746034,0.2500699102645339,0.24684624308436948,0.27046156374659797,0.3549003499330347,0.27338926350982934,0.3009720011254425,0.24100990663580552,0.33687079280147797,0.2607512873881226,0.2760700358087078,0.27360600889777537,0.3030718720950964,0.40882852028708344,0.2858517749830557,0.3860777039247308,0.3076775796899857,0.32536993657888735,0.2948424860308099,0.2721374933514791,0.32277539392506444,0.24256719584453654,0.2364452072186783,0.2989566318886053,0.23053871871900078,0.26391111081028945,0.2845695145142453,0.3028125922419161,0.237067066152596,0.2530290561775022,0.32989253290477694,0.2783798113545822,0.350349015110345,0.3245422325806299,0.2287957362694373,0.32162796779871544,0.2584485128345243,0.2972040277742142,0.3153762394764029,0.2735532944414583,0.2814202691816763,0.314927344964172,0.253673108080324,0.28689422714352597,0.3624124800815339,0.3513412889407807,0.3485893988119013,0.29123021485155587,0.2760067352350807,0.2694299864423942,0.275419966848823,0.29071117519108913,0.4064516634526625,0.2552771757644143,0.27765396287090605,0.2993781054029252,0.260890681118062,0.22506767345418735,0.3144345871404046,0.22999526466237236,0.28940453294507346,0.28588511840185293,0.2716539556781106,0.297081461731754,0.2641155158946958,0.3011574116751068,0.4028284335705296,0.28478646459369555,0.30541894871713793,0.3095108975711505,0.29247536753991527,0.2901255246834488,0.22930175705605424,0.24631505748864793,0.29235587942463515,0.2109060725593697,0.27129145207545585,0.37214235710675125,0.3086327595173659,0.2748877237139096,0.31794522978710876,0.3488979300681905,0.28647638839340756,0.32596781884778825,0.2914454812982455,0.2571484301778403,0.35099985879860207,0.26204000240775105,0.3645643301875695,0.3130105868132749,0.3531557891281878,0.25241239786454883,0.21862531403292504,0.23656170784155994,0.2377785341591745,0.28597710646095714,0.25050646414810496,0.22323451686893872,0.23494998622147373,0.21320584863592998,0.3651617315556903,0.2831814055124895,0.2580751232113779,0.300404160546258,0.29395781683333316,0.27002476786213586,0.26322408229207406,0.3485617639540317,0.31006576587058665,0.24359504185684788,0.31792759858934444,0.30313020008820035,0.29027709434233145,0.2916504924952629,0.22936054157962657,0.24005018392405938,0.2711310362861919,0.22775562402252517,0.31170222917219914,0.33511703863651193,0.2828910584090139,0.2422942454889522,0.22818775603867086,0.2130397391752546,0.24352590543759206,0.3307389234525651,0.24711017930704718,0.2640550469142462,0.22987739223664128,0.3079478817221965,0.26451125882707544,0.2594788705038613,0.29079038479397523,0.30619370765850734,0.30966617757250026,0.31706909720081444,0.22755733310445553,0.2629745686490575,0.3481432063249156,0.3059380483288651,0.29992977520569586,0.29136282377978756,0.31113453881260617,0.2348375856917337,0.34511137347063636,0.16245383258667545,0.34035811558660467,0.2744540427382403,0.30826606275724633,0.22161967475179714,0.25961008692636206,0.30391426469153127,0.28504266759683494,0.2547583538960431,0.26083335787826184,0.306332488585041,0.24078596641358918,0.32418531426308367,0.21915853696826554,0.39166737819754066
0.2963638884255508,0.0,0.2640388147550335,0.24477113463894065,0.21371632323539502,0.3212612717599421,0.2510257645727745,0.32481792664889786,0.2546619666190739,0.3522796712717716,0.2836777751060777,0.30427381358306366,0.2830134093098843,0.2712444575649325,0.25863142684058643,0.2613288965207492,0.2853387729832317,0.25962397067639825,0.3258551993316428,0.29139050130916483,0.3014579022086624,0.29214073679511166,0.3056015120718477,0.2744541831580711,0.34473780739582566,0.23487302291244846,0.22878262812124056,0.2870569690466809,0.3581683017972533,0.23069243568401157,0.30699566508923987,0.30147557092491284,0.2907007718380449,0.2747197724640599,0.29701284062581673,0.3093176617744928,0.2837208829047896,0.3037499553666913,0.24801607677881968,0.3119812497364725,0.3363064855315991,0.2673499627095263,0.22281142609815463,0.247947462339975,0.3290579908699904,0.25875982599752634,0.26899905486001063,0.25197124366993895,0.3114383793014483,0.27210535392384305,0.2979792066556804,0.29199948919470764,0.29999893008738115,0.326002153352689,0.3201835604145044,0.3381682572444799,0.30677955033848403,0.2578047250001761,0.2788776418538357,0.3131948626121747,0.296238776772357,0.20281064653436975,0.263512712301355,0.21734089088306888,0.22132763407926218,0.22897593078702796,0.24603623231890598,0.23934807710743444,0.22186351143568073,0.2770144525825001,0.26117242784824246,0.272440242987795,0.24239757490537514,0.2882343000983776,0.29228506152062833,0.2734878728400475,0.21540770245270768,0.30219830272456344,0.27089781146296965,0.22497580757108893,0.2693977569192755,0.2788889800977786,0.33818350883821097,0.2836151988010043,0.28880487977551084,0.4126433660831456,0.2534963420501759,0.2411076952273872,0.2758282093271983,0.28924289497156647,0.24827393868382625,0.27424695465794435,0.32998374748824577,0.2984099328479007,0.30706361043299224,0.3033256561194154,0.2428404491090561,0.2945122121811218,0.21445561707355135,0.2977450106157801,0.25609316013134487,0.2038904672879324,0.20311289457902393,0.24789822324072688,0.28878263842261365,0.257478537836291,0.24042543706441555,0.3417891692223127,0.29463595840375073,0.317975842420166,0.2627526991232592,0.26880471436688574,0.2883465647789561,0.2247642934380134,0.33255234542863893,0.353546343718763,0.3298672756386558,0.22373372782867063,0.2603622147427373,0.23868913684480195,0.24707538635726026,0.24286035579592619,0.3225268728392292,0.3326909914087475,0.2691202334217218,0.3386056277558131,0.2332659648427593,0.24821778792372484,0.35386378281813574,0.2618718349525237,0.2801303309109082,0.2440790557007487,0.23049199450221913,0.30924071081639415,0.2537921725640562,0.2206521469886802,0.2801707509209304,0.3013577199975513,0.2859774031605715,0.2614129627662166,0.23771117258544344,0.2698219083810295,0.36378705226712527,0.281598339404665,0.2995259342612794,0.25188623811060284,0.29646557179747185,0.2484613842829032,0.39358433534288295,0.18458402372634797,0.26644634826238234,0.32811400380281314,0.24178125188000157,0.25583220177681504,0.2787772333857628,0.2649417334753319,0.27403959567692426,0.2791793425668637,0.25572768711188754,0.26663315183795183,0.2578559169751671,0.3656845267306116,0.22260393377571597,0.2681909558684153
0.27105464573575244,0.2640388147550335,0.0,0.22903135025888857,0.24650441277328075,0.27033707393305934,0.2159054993203264,0.2766094453040955,0.23145843063306404,0.3339156702568311,0.30879677109277626,0.24383507878267283,0.32280951240718225,0.2182764147503521,0.22618484927299692,0.3752438710066895,0.350374039836568,0.27554825712874204,0.2378151237006495,0.22605033324736865,0.337022949146403,0.37918846356896124,0.25034309356754636,0.2543562626465842,0.2768314778836126,0.25313690918401777,0.23336926868233318,0.277914527998221,0.23343290462991453,0.2574408072093291,0.20376137493961283,0.2920259451521169,0.19982659623952653,0.21640948027401644,0.2025450766871463,0.22407437917177778,0.2774134255637569,0.2519876160329234,0.2160191942421283,0.28874898002978727,0.21326866096371827,0.30850481707002064,0.2521041188279586,0.21185022109357948,0.2615668365872772,0.2514828638044703,0.23122838333838144,0.26297359199583004,0.2686222255156689,0.23794991062770116,0.2837634080990446,0.2571735519911301,0.20014909240349613,0.2678674673547839,0.25004136633493584,0.23581066711451504,0.2532619211324489,0.2848163859908257,0.23565489586652918,0.23022024778425082,0.2644664873931826,0.1937378595396598,0.27811089677570044,0.18417099775805634,0.20103176710088075,0.23170203309798545,0.2366817464780226,0.28695979063623517,0.26260911330005576,0.28458579608007606,0.2719032837417136,0.19159037031486342,0.24644954020718887,0.38810850009665704,0.2928302378930546,0.19056448047025862,0.27708153205835534,0.2642401766512827,0.21915410960657877,0.20012901527844906,0.2512903122073498,0.25550300942357546,0.300110110841787,0.2475107363143071,0.25008663148171073,0.2870431636950308,0.22619872477941025,0.21265191809641035,0.23979570474012443,0.20720336610620518,0.27077999337289627,0.18509410449505226,0.2685211660562846,0.20118088382117044,0.26419686469621345,0.22074559080084408,0.18500942837446616,0.21368678685680792,0.1707757189919847,0.23993476734102434,0.18172565164784787,0.23701883663585235,0.18470653581659058,0.2068897124616714,0.23786942844782066,0.29418274445601633,0.2551265229044106,0.2826650344633783,0.2480305678649719,0.30184110281533516,0.23692710542068568,0.22132460690889572,0.25092745199921784,0.22853979340009678,0.2215632900573293,0.310929363357437,0.21548087531764806,0.26951683217977984,0.25901077915690596,0.21074035493535362,0.22019248518962933,0.20265628886902598,0.22588363863916947,0.2754317793348488,0.18062482497474694,0.2518283219185625,0.21306855641188882,0.2276082927959749,0.25896413660310824,0.22418928369057362,0.23970250820985367,0.34403088453572944,0.19320400426941634,0.1977963837593257,0.23214525973985298,0.18322145051927527,0.21098381620853315,0.21062188465176077,0.2719859698252155,0.23503813538072393,0.18548419940493413,0.2358240964827334,0.25863654005916126,0.2526957271041275,0.23726021707156844,0.19544861877416386,0.2685854439390728,0.25352229544847893,0.3093813317087897,0.16917714645077697,0.20429576287869625,0.1973396973220422,0.2452397923129956,0.26501298634994497,0.2544256171712076,0.24017518175292357,0.2842140452966555,0.2929146269370563,0.17236246616124073,0.264716605077252,0.2420120546687808,0.193351279170944,0.2093239882892612,0.26833718501364684
0.23121886995621183,0.24477113463894065,0.22903135025888857,0.0,0.19309249180155594,0.2451501868002587,0.27088636061001475,0.2505520793103679,0.20223297327234543,0.2505961836196713,0.24819811847480833,0.2643948890385633,0.2341378662692831,0.19927166716450215,0.24261034834107867,0.21558592256874243,0.23419298430083768,0.22680632022735997,0.2679479484466965,0.2062602200849443,0.27404434897979013,0.22158029485399802,0.27746107906907924,0.21510952829722435,0.2913098354092276,0.24789587143187136,0.23092693423253755,0.24775470607661693,0.21263444537592074,0.18281632604132494,0.2218575401073377,0.22476822540931093,0.35675649814332605,0.26081898111232255,0.22299234082740105,0.2467693430755837,0.25190065402420225,0.2280299176552028,0.2051854663936608,0.27970224115937276,0.25651206935694154,0.23740516434571948,0.21032435400078203,0.25575361265879876,0.2458013398214146,0.24299508900885783,0.17697773171861064,0.22514055698717242,0.2569483814772094,0.2138295300565681,0.28874516092263236,0.2887572308923845,0.20839760990902959,0.31992958280162137,0.2573624781331741,0.23114637145802808,0.24892277799865442,0.25841480228353764,0.22329409400097266,0.23671991358323785,0.25742939108964746,0.1885395625095537,0.2614606762494065,0.1708227044931788,0.20372644778256643,0.23589616918876086,0.27125484446428916,0.20721149497198876,0.20935809898831959,0.2480427924792775,0.22877902051155408,0.1994172060754457,0.23426292784829877,0.31270573595010576,0.2304204989813759,0.1976462719060537,0.24937159848940382,0.24336540064347345,0.22973679149248738,0.17037947894398037,0.2198520352071717,0.28837316144409636,0.22618974867647268,0.2239049952364933,0.28681961228108943,0.25156606429478107,0.26575635356994576,0.2280363237066867,0.23895263714804887,0.21770342192490866,0.25635920181047517,0.2483912775713367,0.2186214361032593,0.2117041273462854,0.27015437367345,0.25749938413227647,0.18681029014899808,0.28172032994527896,0.17922244746680174,0.24959698640862563,0.1967959621058806,0.22257197365911974,0.2996946377587043,0.270132822931846,0.23683451233152997,0.22804891236389532,0.23298364820150014,0.25097884337118637,0.23187347927649046,0.22915566802330672,0.2960759552731066,0.2442652677667705,0.2846437478818751,0.22542093932851845,0.24597826864630246,0.23240874372103992,0.250557667243331,0.1910531449143547,0.2904724671136515,0.22932137380226372,0.19443844400744717,0.2749253204180075,0.23612648323622545,0.2515005523265265,0.1885596820492182,0.24067151013562363,0.21156274626949112,0.19959504648611245,0.2731078827125988,0.2307539095846474,0.1906822825553634,0.2258720731962728,0.21299014891053383,0.2348925382872101,0.2227373914784052,0.1722526874589071,0.1722513850000894,0.23604166004872093,0.25873758493501897,0.23567416718214954,0.3143061603220591,0.19950925490317925,0.28319818988902457,0.2456951985198575,0.23031138525635508,0.240794316045981,0.23400426431738594,0.2090201025122046,0.2369818946375804,0.14721608581789386,0.2613940447438353,0.2409821509363268,0.22291545055564652,0.20507671316382237,0.30520989291494327,0.23661532653281311,0.23307717073003223,0.26565218408905206,0.3043476665728445,0.23760174523711444,0.22823692754823785,0.2248229612253035,0.22634327440700833,0.23000871627309746
0.2612881826746034,0.21371632323539502,0.24650441277328075,0.19309249180155594,0.0,0.18220607138225467,0.26012465076278385,0.18580896183927767,0.22580793032631452,0.22060329678489438,0.2823981420610995,0.21248472093602871,0.20171920187475512,0.19793997380904796,0.24922916519888597,0.22885433428217888,0.2418886500248388,0.2557291795785835,0.2076165476096133,0.20997420074746637,0.2609744695319145,0.2760669475149652,0.2832058036527508,0.2545351632237547,0.23490513115313738,0.2231129073468712,0.20383619818748056,0.20672687150328736,0.19759484844181088,0.23638793164324895,0.22207450324767186,0.1931551691323669,0.18079675277514742,0.19954115156528152,0.2745080692202995,0.22906808232007692,0.2392111420950262,0.2217680293543485,0.2206015683219398,0.2358677940665553,0.21659512027634925,0.27962307845999274,0.2386450004577149,0.25274716117200724,0.19195168210950145,0.19339706044078947,0.2233862402627494,0.2754287970077342,0.2819757920119513,0.2291178186609332,0.24698966389524496,0.21406560189261015,0.19084480888350008,0.2137119076839906,0.22316897221652893,0.19998623544818955,0.2150737823675647,0.24996259808296178,0.21035727835834944,0.19351747043532597,0.16935211964084015,0.15980474448830562,0.22047689521656144,0.20330310506283528,0.21271598209444773,0.17096465345975542,0.18883765806613273,0.22503939988094382,0.20440677107641791,0.22960772323592316,0.2314080047095971,0.20556567361591643,0.20386199909691366,0.22783978803725433,0.18916605642750936,0.17728041366080705,0.20261917092728127,0.3009976182755625,0.18316148637631446,0.17364276724851402,0.20393709845802563,0.25275361140680636,0.2489928453898302,0.17362483556279643,0.21242953684546426,0.21195617027977764,0.19853997094835696,0.20091873368808222,0.17922130705708764,0.18287417625241342,0.3204884686782777,0.21512333021543556,0.27179821123253256,0.1772788476099405,0.24012177817609984,0.2000468077747371,0.15166640228636585,0.19206909481004106,0.19952461452303716,0.1808481093930602,0.1884090550895507,0.17862405960673958,0.196705546375,0.18368095640604093,0.20607995124722514,0.20136741773413955,0.17681213891247216,0.24711062666589775,0.22256141726495637,0.2336438588317442,0.23636460008596205,0.24742174589123886,0.19643252512674544,0.2027979554562077,0.19374835042828484,0.22604019529478314,0.19420177778827558,0.2433434814294885,0.1994831882806963,0.2066257516089066,0.27840497480400467,0.18046012068590014,0.2023591097146634,0.2505892960061276,0.21431825518362144,0.18963577039337262,0.17204851552270137,0.1929952428973872,0.1953419373885257,0.21168109342459826,0.1914716820933702,0.2048609353809376,0.16086257568571571,0.22635123648017316,0.21341677610585205,0.20974136765909435,0.2020160531658098,0.2725672052762506,0.23344131103200097,0.22915342024699958,0.16938075030546415,0.2072015732343079,0.23586323653948332,0.23517873730549266,0.23613648254550013,0.22065290129865991,0.26991375299060705,0.19151954595374437,0.22355959241745038,0.15003042018646334,0.22084430861993853,0.20078274662855344,0.24799961539022866,0.20931521219668323,0.22142986479200283,0.21104462108500904,0.2022002096059944,0.2306600447740631,0.19928332242852448,0.20240450353697326,0.1881424687456657,0.20800673179413331,0.1919783605044266,0.3269196136155347
0.2500699102645339,0.3212612717599421,0.27033707393305934,0.2451501868002587,0.18220607138225467,0.0,0.21440752059195886,0.28385933350224946,0.21500594064870235,0.26588820758261705,0.2609318061346702,0.31516193982487856,0.30301481166361477,0.18959203767791738,0.22796704835524143,0.2893696500826196,0.2809247418757206,0.1964542517121063,0.2918742591807477,0.23631309143314633,0.2766579739569433,0.238984644667002,0.20507701374249954,0.21127181651156673,0.2884118073010063,0.22259729965256156,0.1969339570908805,0.257799028763163,0.2582409058383377,0.2190199181018283,0.24895593654788564,0.3282413404959805,0.27266805427269114,0.2446868995473679,0.22725349650626583,0.2345228798683532,0.2553269196803874,0.23842112778198496,0.21106494584356747,0.22633829532684308,0.27399534690951927,0.24075596841779598,0.21697738561593521,0.26424476601166075,0.24215971215724433,0.22539511076477392,0.22118256817210286,0.2386837370755127,0.2105962817441979,0.23529908167141692,0.2649077763126896,0.3453704198622583,0.21145970362954444,0.2984915751922925,0.25780673583878727,0.28869086411459244,0.25308530496093923,0.3313440806259888,0.18957269854043657,0.2290340113435556,0.29105345896291296,0.20993297004405517,0.2995942737416008,0.16649785362067404,0.18174420183490456,0.21225509572579546,0.21318085079526114,0.23081568987143777,0.1874602155521643,0.24100109177569054,0.24134304973373025,0.19046459207598082,0.22559741274744813,0.2712387409071311,0.29975348748292,0.21199358995360346,0.2243920969609037,0.2398763346068795,0.22376914388096314,0.24879589488602907,0.2956592673797521,0.23212302104399543,0.265877248175809,0.28584273745080174,0.24734406680930854,0.2825590561767815,0.2510172380924075,0.20478817994518234,0.2766063246643458,0.22494529126913,0.24470173331050074,0.24704995518677011,0.26800010197946117,0.22688894537499046,0.2186463662911013,0.2862335008108681,0.2166182188586916,0.29463542607510534,0.1724721187956171,0.2628590030610579,0.19473815916864537,0.1970222324052953,0.20308889524092985,0.21178352483651175,0.2553939047365089,0.285326324332607,0.2653271860116946,0.2771028478880081,0.22344746405812865,0.2542046664760459,0.2666690747874736,0.21031970897837948,0.30255067044823486,0.2239905155855289,0.25403046608213514,0.3123748774515702,0.28017511666550826,0.19117316726966033,0.32474066168109195,0.22502244260631094,0.20470766869037432,0.25680423095006266,0.2550591561114247,0.28013933058428314,0.2108527423729568,0.31126267295052745,0.2285882523441228,0.21417472291140335,0.2958935417924457,0.19953615194003838,0.2526550607691056,0.3101055532640567,0.21590298681158887,0.24171530754664486,0.21146849570977233,0.18328555747782738,0.23758779679132264,0.21063342912775987,0.20985551716964423,0.21578294994388705,0.22269925261300388,0.23391128024924623,0.2402976651576841,0.23094859710054588,0.2406118468961398,0.21571551115732307,0.26887103774671284,0.25127122275669084,0.2658748571851397,0.1749689463552204,0.2275814420059477,0.24554937272415936,0.19104904338939607,0.20616519279703793,0.2994707531206283,0.21692452685516486,0.2381929009145321,0.33430257518513334,0.2108435023796342,0.2749557088940384,0.21524923106838711,0.2631881180248124,0.19302197326406975,0.2286633264724154
0.24684624308436948,0.2510257645727745,0.2159054993203264,0.27088636061001475,0.26012465076278385,0.21440752059195886,0.0,0.19821419659351988,0.2002456088839464,0.24696568409707717,0.250697186347369,0.29662171892047,0.2207106008658945,0.20922548496221582,0.296211614364006,0.1971697562448083,0.2171688302277688,0.23924196213039264,0.2605863120571165,0.20023995628445543,0.27202067812531167,0.2506623443502622,0.3398315708531484,0.2946892946292915,0.28657819862172806,0.2618021341785193,0.19777960631888433,0.2031421725005992,0.23820712581275855,0.20365524438819965,0.24074192851940723,0.2206949050020731,0.2687799890043532,0.25649352838923983,0.23712696146473625,0.24389125390030675,0.29051167693431085,0.20902694695172436,0.22476797095528414,0.3051511123172033,0.3109092896266905,0.25800432566404885,0.2618740608987596,0.3112957101143616,0.24758322655793955,0.23272164961735978,0.2580968913239767,0.2607457406171176,0.36720593227215226,0.21916257018943527,0.3095027006959539,0.2603871018875315,0.1986973679204562,0.3109606144483435,0.28778193456992673,0.23897054987000602,0.23056209446636616,0.2352255507336065,0.27238714175137446,0.21045819988010622,0.18952226761785407,0.17941990564510119,0.2206927272428105,0.20384637995841326,0.22079353400145885,0.1969386519369892,0.24864288012158195,0.27393859587081737,0.20826187450916708,0.214919778060928,0.2689732432412574,0.2120441927846023,0.20789042751760028,0.2715031292468118,0.1741019530074338,0.21387733280997057,0.25236051887017624,0.2901047340105497,0.21037574373984105,0.18487284285172648,0.2341039787829435,0.27561491094832713,0.2569655382314068,0.17648750686918596,0.2285698720638207,0.22904602169207708,0.2134335059478514,0.23954139499972715,0.2060518119138949,0.21362832606736265,0.29227164092016084,0.3297453239859316,0.2538921716133171,0.21111485225654666,0.25317732134291737,0.2990070434998977,0.17084706075931302,0.2867238296909966,0.20299815295240559,0.23963831361205673,0.21311421088173987,0.21316692951960967,0.3035033198630058,0.25447228856688053,0.2073051458027951,0.22420399701190777,0.20040805419873328,0.2438012764755163,0.28480515431432746,0.2866976042843487,0.3814572998353524,0.25112521849769476,0.23137104396841138,0.1820308443387111,0.2192039641873637,0.22139104829581374,0.22718653146824672,0.23580360779253065,0.2674653723914324,0.19697302761094845,0.22033606830552782,0.21301425830372606,0.22583542002114215,0.2972713175248603,0.20102680284547142,0.26812786008540807,0.18929030566134472,0.22707533534107815,0.23534084290436094,0.24586204335521158,0.17993543639593287,0.18676368154918135,0.17066332370549833,0.2163151587398232,0.21972501580081916,0.21373799472414792,0.22316319757379288,0.288072004866778,0.2571781530666101,0.26277584118459085,0.2429847575698366,0.2045960361233639,0.26826688973061696,0.22821136261565375,0.27321291536024267,0.3170448206289714,0.25286080852553633,0.2262950385963682,0.23897485466502466,0.14071418048750572,0.2504181006825182,0.24666812752586575,0.21927882915597224,0.2755299724070244,0.32697720471055625,0.2540126271349889,0.23142866743942067,0.28538952198757295,0.26936577340521023,0.23659068706410183,0.23544460463077546,0.23569550627251643,0.2255977510272335,0.26958812784382613
0.27046156374659797,0.32481792664889786,0.2766094453040955,0.2505520793103679,0.18580896183927767,0.28385933350224946,0.19821419659351988,0.0,0.279217108282573,0.30280994752884194,0.24850364756841656,0.2643477733391556,0.3147150842821286,0.21958983284356653,0.2290883590428901,0.29636433752507524,0.29581763235889325,0.23915874170251017,0.2708733796781564,0.2696622302261329,0.2911041406813556,0.23853196802918497,0.25009766607104755,0.21903783392024426,0.30194448842141597,0.23969277573314782,0.25672135235169136,0.30974610510297423,0.21946838569484967,0.23471330209751307,0.31034830652414563,0.2987572840874594,0.24082335279034386,0.26211407627769556,0.23756895985358964,0.26522881455856584,0.2982238800248964,0.29894088563819593,0.2488771869022149,0.27068586894958313,0.2480069598385287,0.2519945468054118,0.24580572459902555,0.21610171495474825,0.3412226140515473,0.2693441204391781,0.21643803044653742,0.23029262481285925,0.26438120728676945,0.2446728321513954,0.2761953640383654,0.2504052136147813,0.2387814577233538,0.2598296183256897,0.26153768768149954,0.29283854042675567,0.27638080580099644,0.30764784810339657,0.24455624656219022,0.2563681349954383,0.4312584411099703,0.20832751274378747,0.2797769394266452,0.19578775878828675,0.20096708675106753,0.23723104329804406,0.27182365441341283,0.2345560512554258,0.24056979672265122,0.3935906781000049,0.2589412280502941,0.22851749596945248,0.2548553246965432,0.3242840178211871,0.341999804013735,0.23491531099738322,0.2749387154918643,0.2478648725906716,0.31622155400920676,0.204375912301669,0.26528639458865283,0.2729527622245193,0.2999521623258144,0.3351443282486488,0.3117266869741095,0.384422484634078,0.39811403855859023,0.2604082659788453,0.32794472574113775,0.26615976637160743,0.23292788156381544,0.22890452274146533,0.26747719247616625,0.2379545311850901,0.2889187828526721,0.25099518010761834,0.25680638718422166,0.27080673339119227,0.19103178635995666,0.29797501104539914,0.22425751637003402,0.28610672708661666,0.2094998765380758,0.2254977868242934,0.29813846651345766,0.2915210162939125,0.2830867423378746,0.3188913283402964,0.2522691992666005,0.2504175721873945,0.22004537377936353,0.25587980916911035,0.31057574906551855,0.2819136527714069,0.2757417960499123,0.3012525325711637,0.30696143652805186,0.2105233761372597,0.22908253478367105,0.23847000062631157,0.21073573301516665,0.36652257829431023,0.25369948890073113,0.28054983535350525,0.2269883636401434,0.26073702708103397,0.2327198086977638,0.2565518654045753,0.28302495304843944,0.2415357724897962,0.29711789342421646,0.2884378563989365,0.2814847656985119,0.2454427864667696,0.24352999630344568,0.1872592744819478,0.23771552547487698,0.23219389940253027,0.27746695392976356,0.27989010131489295,0.22168575908865312,0.22824538263628108,0.32234153756612793,0.28218367271842437,0.2701896624528849,0.23381487841253032,0.29974308840223934,0.2606887118205432,0.33335727132909915,0.1762664862658606,0.2879147515240176,0.2720315849417173,0.22713760062084157,0.22773109056930838,0.29169612848722914,0.28902758914981913,0.25522171592955034,0.2866634339378857,0.2088882056017557,0.2752137191850712,0.2458043069665112,0.2739712525517791,0.2479386177006449,0.2390079274897259
0.3549003499330347,0.2546619666190739,0.23145843063306404,0.20223297327234543,0.22580793032631452,0.21500594064870235,0.2002456088839464,0.279217108282573,0.0,0.21880137106133088,0.2528598961724512,0.23621833833905273,0.24958976989470472,0.2668744469946455,0.22293172215417917,0.2615523188971199,0.2692605057949049,0.31556713490190585,0.2439337260647544,0.32865775894237553,0.24664539166729374,0.3079848464963198,0.23278904090617045,0.22175507458180288,0.25430907965713295,0.20783619967110867,0.2763002705430707,0.27487223839788744,0.2021594937682203,0.32049905796341843,0.30591383772830305,0.25779186975664853,0.20703622804338087,0.21259383040340005,0.2866950209425802,0.24106354699500873,0.25536841455749304,0.37224478306897546,0.24470223201847577,0.2417719964083663,0.2240684198842284,0.2748625819796919,0.2495929090956736,0.22711734935390807,0.26821958152601544,0.24530936985099774,0.20857895116313852,0.22322952047581096,0.2632799451745759,0.2846410596195071,0.24677352844848044,0.21780320156878766,0.2552100584147225,0.22698420438380723,0.22853634140917836,0.26798635033198476,0.3039328666629753,0.26080207815465273,0.2408006718672227,0.23745564820237905,0.23530895459979795,0.20732605328131481,0.23554439088129056,0.2395464937892406,0.24963275519046374,0.22848070443832316,0.2603613657171367,0.23624275679102613,0.25136443097046907,0.28492056559887624,0.30320655889916237,0.2741297712669044,0.2956617063734631,0.24878531983073715,0.30728509770860696,0.24825240525495548,0.20413929145847165,0.20656264407426853,0.2691945800080746,0.1997118214329635,0.22163984352579247,0.33107569537676906,0.281877615164847,0.2455675970050204,0.30355209318923865,0.3438354632032739,0.26703703250032707,0.30902958316582446,0.26230413257383844,0.2944786414866512,0.29253753088579276,0.255354467638172,0.27236334202847184,0.25253778441520824,0.32303444296577705,0.23914868058688246,0.24270847704058718,0.2264451888935183,0.26558305971302815,0.2267309178651877,0.2652877374761345,0.20173093335330766,0.22042284822281732,0.20148164891858714,0.32126718977646807,0.23851653576045076,0.21308227046317443,0.26801826279358837,0.23076840768939816,0.21675586267867303,0.2014498617851218,0.32443443966807883,0.254084910750704,0.32330884595581927,0.24903420082505673,0.2713307753694744,0.25112929229053554,0.2496699994228736,0.18113880684261066,0.2494992243876229,0.2664626960880436,0.23788607054849814,0.2586059386939916,0.25168682772133155,0.3495220726441805,0.21324691917609914,0.22585418346668354,0.21028001028356844,0.20708281451207894,0.27394420317027973,0.34439685988927876,0.26817243689469294,0.252205609482176,0.3186815419219288,0.25448586119893113,0.22017883363025598,0.26025257567727994,0.24648857191172502,0.2933357999760682,0.3163986364594864,0.20633485223138673,0.24500645582419725,0.299508363446291,0.32508195268588236,0.2736232356926125,0.25190718921048955,0.3441642498347325,0.2120014275296388,0.2865669305308839,0.18279850593792996,0.32164115285136535,0.24439455883409117,0.29142083119582335,0.21004231722320552,0.230918770805923,0.28999246891884883,0.2526258595477065,0.22488176428100806,0.24109928910946318,0.24831297972047026,0.19286194536014095,0.3070806458210492,0.2581517937771214,0.3176476314502429
0.27338926350982934,0.3522796712717716,0.3339156702568311,0.2505961836196713,0.22060329678489438,0.26588820758261705,0.24696568409707717,0.30280994752884194,0.21880137106133088,0.0,0.24859342917704896,0.23838851403024094,0.2864996422254323,0.2314606297591267,0.2322839453061796,0.25547067393418144,0.29160636392690925,0.27753851844234145,0.2681660863577238,0.23078625692965266,0.2824552191009801,0.2530736542980851,0.3463318241581503,0.2316759287087265,0.38451700675844047,0.22693205768296545,0.23111961660100838,0.3027528699142816,0.2860546572807586,0.2125687153685638,0.24427388377728787,0.2835928990786952,0.20786947612388565,0.2566468013239655,0.2469778833001215,0.24805251322769964,0.27920287477237543,0.23902629478162346,0.1926574933396561,0.2980230061866573,0.2276324811498805,0.29082433860817963,0.23259262816338913,0.2138475255515848,0.2644294470656327,0.24788786760202308,0.22629623436493473,0.2401977286756564,0.33497286098197404,0.21661352446715598,0.27041488034062583,0.2449959308394129,0.2207759859678156,0.2626051432794473,0.2694978564457681,0.30180466787009547,0.24825551013999028,0.23111075002146644,0.2774029974929838,0.238814383023058,0.2810811329184939,0.19154281446514904,0.24025038760534123,0.19339593678681236,0.21252075583119323,0.22744683491137674,0.23906329837542337,0.2456091073057694,0.24842528633321603,0.29951970653583815,0.23778154700345266,0.2385763782403553,0.22800778484285014,0.3157233405806622,0.25742278149182896,0.23880356086670548,0.23442488955017893,0.27877642735696334,0.22711642258716627,0.21210847450959797,0.28861616121992634,0.2653212488162896,0.29717679813975445,0.2654185043173136,0.2757649930122165,0.2899636486592825,0.2550408858065386,0.2381015194021137,0.2904051256510472,0.21725465648660247,0.23938738959144892,0.22937056368336797,0.2626469917889311,0.21587828603865503,0.2947390186574926,0.2521645131950831,0.18083080642581514,0.2732585691785211,0.19418355330111248,0.29121473964617123,0.20839193567309441,0.22927819791304452,0.2162086567179118,0.2618609599434065,0.2391202852705311,0.25319866552116893,0.24962199177758962,0.39678436635152925,0.26132522332016567,0.2870636761579666,0.24090255387005602,0.2379190979887628,0.2978858304334842,0.23879277761968576,0.24506164897809046,0.2874286257037862,0.2981077148568952,0.2622853953529102,0.28373670082807834,0.24286250982647073,0.20088292534557928,0.2376452249056237,0.24526079120749217,0.286261818362962,0.21024688069259273,0.26969651958528673,0.2312000334124872,0.20040999309101057,0.32040444646595945,0.2418082977011611,0.2760942044732402,0.2421414391282252,0.2109968850414218,0.21522654010097145,0.22044819207946503,0.19348254510349203,0.22260832321348853,0.25278159233829905,0.29286741973556457,0.24503279359009542,0.21982731939885972,0.23809500242692969,0.3054315770716276,0.24126414169017016,0.24729002960448496,0.2423792069399358,0.2250073191645772,0.2817607308165966,0.42070914629707734,0.17457101492583302,0.22866738411824353,0.28013054459521036,0.2159786828961083,0.2593665173896356,0.2827613825070813,0.24874283016624843,0.237836532671959,0.3086420204967752,0.22206087138036235,0.28376046521486653,0.331326651976345,0.2715439320875519,0.25006476487582713,0.23574218785399673
0.3009720011254425,0.2836777751060777,0.30879677109277626,0.24819811847480833,0.2823981420610995,0.2609318061346702,0.250697186347369,0.24850364756841656,0.2528598961724512,0.24859342917704896,0.0,0.3026454208581474,0.277092102192053,0.21708259569916893,0.2505985361622303,0.3161436039500195,0.30249633031220635,0.27514215438157436,0.2756049742832333,0.24463464256045223,0.317066899462786,0.36724192204755995,0.28525763039012186,0.27453487458853126,0.30499432785889125,0.27411586537821386,0.25133110046716123,0.29142176645825413,0.2625679346496827,0.2699364434640151,0.24367949744655373,0.2501425341824883,0.23116243897607794,0.2296723071912847,0.24144655043895233,0.2655573744758999,0.32997058745020963,0.27891589954618173,0.2686214448083623,0.26951775297795527,0.24545722693725314,0.3061101591711448,0.2552205784607258,0.2684155660185956,0.250954157020845,0.2276754734554282,0.19587111833930057,0.3460970235987454,0.29921540216213616,0.23091458037569537,0.3115693696206639,0.24217678624163239,0.20910062909725127,0.3165136841702674,0.3147289812445216,0.21880919884953795,0.2783624470261583,0.3511803118432783,0.23079074408920916,0.22347824603517247,0.25637331013185855,0.17209713845292127,0.2994720904516531,0.19696605238155235,0.1897368427562014,0.21015737167195947,0.2457084693949737,0.25694342462456704,0.26170490701009813,0.2981040067247199,0.275421355796565,0.19602953016107297,0.24867358211476273,0.30267797915309563,0.27308427122971135,0.20116363366396164,0.2743453854061307,0.2784031686182924,0.22777924056446075,0.1862606288065353,0.2428637950025691,0.26193314184669236,0.28341319128667647,0.23861323965050568,0.23881139278118388,0.26858531096902777,0.26969118631355166,0.22035594703737135,0.209065578992098,0.22828478564288224,0.3655474186304978,0.2027744978063481,0.30554854044825114,0.22331852575204203,0.25934648414163786,0.2639471396410312,0.19267951800956373,0.20449566764184107,0.18303400305641554,0.2104847591466678,0.21708186657199297,0.22173063892581032,0.2123936381004962,0.20334206098992488,0.24683440533631634,0.22685617991337712,0.21420169968810338,0.29582598215260036,0.2286088616930558,0.3020240150919659,0.3066776665264129,0.24990099641632504,0.24930819573578944,0.24334797687784074,0.24765555444612927,0.2809156250083481,0.22494630572645194,0.25078336549170416,0.2503153612985445,0.22399852691955283,0.2413902935138046,0.21324031058972892,0.2375914857178235,0.3075087796344621,0.20773099680722903,0.277835240770463,0.17923844675082398,0.2442018714673071,0.24420887308642547,0.22298319589287124,0.2150502510727938,0.275435651821357,0.2171157032443727,0.2609867758582785,0.27967820406527066,0.19959531402583341,0.23065774612893156,0.23660125061132797,0.2926982179176218,0.26301517024603654,0.22685546108601035,0.2387351450791247,0.2415879388892656,0.2718957510818093,0.3122633066839952,0.22657133014149922,0.2844290962138567,0.22316663823615895,0.27215837983447727,0.17627032287180716,0.2914489000640377,0.23180987526348656,0.32183018395608687,0.22462306481378388,0.26361708725688676,0.27260920831178426,0.28057183938591096,0.2738104005766075,0.2170682397091057,0.23615999499095747,0.20506014124968658,0.24482526128141088,0.19681425044076578,0.37912726821906706
0.24100990663580552,0.30427381358306366,0.24383507878267283,0.2643948890385633,0.21248472093602871,0.31516193982487856,0.29662171892047,0.2643477733391556,0.23621833833905273,0.23838851403024094,0.3026454208581474,0.0,0.2208316541806911,0.1745473485495227,0.2516405513144372,0.24346686080629423,0.24044266330385347,0.20111316827309458,0.34135871519427247,0.22645681959247452,0.30746749416290153,0.25572570087938257,0.24692771155406157,0.2532555427397687,0.31384139694138297,0.24870668728833517,0.20804215079669822,0.21763054964690653,0.2610231258943509,0.24842862440353738,0.28377069051506193,0.24407222360425002,0.2860992679612143,0.26674768932349907,0.21847164236700542,0.2648798224206593,0.29449950331382635,0.24906107593780827,0.304679405646067,0.24767207382122933,0.3214911308919769,0.23992559715217632,0.240604779137643,0.3151955158419506,0.25104265320063784,0.2357079930788197,0.22824042974594172,0.2846488327035948,0.2542408180369209,0.22670968671413735,0.31424802282187353,0.3057334870131057,0.20475127200291118,0.37661557282232344,0.33239159030789023,0.24136025724901602,0.2684232339772726,0.35289796363049847,0.1985384928641571,0.221730195662407,0.2302183168154063,0.1809703373304848,0.26273557808160114,0.17970507468508762,0.19174086969702958,0.203837911445542,0.2232622556110231,0.2263773021403171,0.18533144239296384,0.23068404164075168,0.25063922603935385,0.1889452175356022,0.20673303657131223,0.2516680061991473,0.23082988788367817,0.20709840878379815,0.23769544826177644,0.28655909592740786,0.24332478030241725,0.1914871987630859,0.2403641739683942,0.26861364768910195,0.28895627317688116,0.20613824974685013,0.2512264045444723,0.28421244202492696,0.23978103898803452,0.21773083313266106,0.23082754525722465,0.25751806166394586,0.2855015928380471,0.2743190049694568,0.2687467152721163,0.23594741377568804,0.23192132148476963,0.3880037114544588,0.20353007221894906,0.28136672187448775,0.1793030105822052,0.21732795579594838,0.20531201707879518,0.2122746014057454,0.2563792729267703,0.281687016418113,0.22878533559447436,0.2417850510884167,0.23261898195325378,0.24711473153169128,0.23759991654719012,0.28906366936514005,0.39815130912404506,0.2584258944283254,0.23956427106349554,0.22470926619173545,0.24237157981799112,0.24887825256188575,0.2410036247456157,0.23358855041246254,0.27276261793161616,0.20290933329274188,0.21332915374872596,0.2538721568696352,0.23122152841526344,0.2996139523307501,0.1954822763994434,0.3747862739806996,0.18441852887763188,0.25258776785345066,0.28761794169270033,0.21724924918608324,0.2057872602740396,0.23349489443332191,0.19318523224213602,0.265223934134947,0.24485388872152272,0.1860663893291576,0.2571926997998507,0.23692296196664678,0.23992459144124637,0.27501231729149433,0.22836077996587645,0.21422898577180016,0.26503596664365586,0.26048914606467244,0.30369678864459254,0.2885251121776257,0.34849840609859745,0.22980623408008438,0.2909124457669759,0.16391400918207016,0.27608025412805137,0.2673256405033075,0.22809126174176383,0.23132664852025164,0.3787612785537784,0.23677898318469548,0.2360358204374345,0.30781773372359417,0.22504522006334168,0.22943957209422158,0.18660118605370282,0.24481733363984914,0.20769644081784577,0.27183151418491014
