0,1,2,3,4,5,6,7,8,9,10,11,12,13,14,15,16,17,18,19,20,21,22,23,24,25,26,27,28,29,30,31,32,33,34,35,36,37,38,39,40,41,42,43,44,45,46,47,48,49,50,51,52,53,54,55,56,57,58,59,60,61,62,63,64,65,66,67,68,69,70,71,72,73,74,75,76,77,78,79,80,81,82,83,84,85,86,87,88,89,90,91,92,93,94,95,96,97,98,99,100,101,102,103,104,105,106,107,108,109,110,111,112,113,114,115,116,117,118,119,120,121,122,123,124,125,126,127,128,129,130,131,132,133,134,135,136,137,138,139,140,141,142,143,144,145,146,147,148,149,150,151,152,153,154,155,156,157,158,159,160,161,162,163
0.0,0.8537639729741788,0.7254071127795522,0.7653354173426602,0.793833598909953,0.7950638679863568,0.8400516575837873,0.8085678164920358,0.8763938767228627,0.7270546449614074,0.8751745481976916,0.8110808029483133,0.8815507989007877,0.8928210311876649,0.8842739555201292,0.8136870555570043,0.8365765880811283,0.9615850072607721,0.864457277215014,0.9134823007807964,0.86255578453275,0.8440941855476903,0.8148777969567788,0.9138764346394153,0.8760587707934331,0.808245464584319,0.7828403557103423,0.8249370635733586,0.753692731319144,0.8287275790239355,0.8951949461346719,0.8489826526596079,0.8001748559078286,0.8146895143907502,0.9311356592959681,0.7961404685818484,0.9244360379555553,0.8987010151553444,0.8012350835871627,0.9184298900857435,0.8124811470265574,0.8372351584398433,0.8867078636974101,0.8714391957320182,0.8897442877887128,0.8701363171579907,0.8052790209960018,0.8626131159825787,0.9030518510633382,0.8622779774192016,0.8928001873669694,0.8402856605601995,0.8024176376959755,0.8251267111200042,0.8138745549515245,0.8071240412506773,0.9309528684521035,0.8020351853588146,0.8809970521093101,0.8706872837170088,0.803874841871671,0.7412476998297824,0.8569047796134253,0.7441220290186765,0.8598972577995196,0.8570646218267328,0.865228015266251,0.8668019762124718,0.8199765813423117,0.884064821320794,0.9082065104937268,0.8926253223457837,0.8550117508510023,0.8795083048326764,0.8292414985466772,0.89586053235293,0.76370391340176,0.7887806383432262,0.8450027423713092,0.7692904947163641,0.7754894755100515,0.8760292783701661,0.8560298006886732,0.8191124597229543,0.8908345593668636,0.9023915326964259,0.8592638158734056,0.8807346836409563,0.841173359892972,0.8135584391484466,0.8618567514669436,0.8221537333204717,0.8483430181382706,0.9029306757155836,0.9059760359373009,0.8024126346829146,0.7457166670614005,0.778147877900719,0.7938756779378183,0.8626033928682053,0.8656855509723075,0.753434699782568,0.7632942960778237,0.743458195509732,0.9061850512737214,0.8104299404269378,0.7477551967538467,0.8017323267220393,0.8734915712531215,0.8619408057304639,0.8544299432993604,0.8542407213176724,0.8410628043338524,0.7632082942079975,0.9036171336513595,0.8705870791695961,0.8786425001851894,0.8151639139641506,0.7505347649844789,0.7671539892340811,0.8380304757918767,0.7185495570865188,0.8748866532008269,0.9044527277719994,0.8536815438130555,0.8187368196097969,0.7305122320434883,0.811616224078201,0.7684198228606194,0.8653018569726716,0.7865849422215079,0.7500581548578041,0.818001981622196,0.8563997720190393,0.8451098225770562,0.8189488718939568,0.9086992266359352,0.9110932025197805,0.8430900579730579,0.8653097744883661,0.8044373524952455,0.8311360654726226,0.8960645671369639,0.7436297552411563,0.8741787388084254,0.8669150520472284,0.829077242380703,0.7368901343287321,0.8100573073920604,0.6255083228327585,0.9383327179938676,0.832993354347012,0.8414213418383168,0.724722697016053,0.8112910879716715,0.9202723032338082,0.8740457762721443,0.805088657404646,0.8590846557508015,0.8087480980427506,0.7395661089342047,0.9467410344578416,0.8721647322850063,0.9400242980052026
0.8537639729741788,0.0,0.8719697168399978,0.798893356814184,0.7753965611343824,0.9023747077399934,0.8500266692632682,0.8750052886514407,0.817560241613779,0.9080845729558901,0.8879427325254938,0.9125848465437312,0.857109124517215,0.8426824235003801,0.8765021378243439,0.8307730771081673,0.8249362506300055,0.8295005132263262,0.8893028784096717,0.812798537660179,0.8877086171565253,0.9318432270559613,0.7672865920226465,0.8839160183621332,0.9261614692371956,0.7197608902778266,0.7708750761823062,0.7777010579375893,0.9165370413003272,0.8064794689510554,0.8966118241907578,0.8747625417701752,0.8613431967056578,0.7651665178928084,0.8449976392659299,0.8563839543497029,0.8704968983470411,0.8355423440223866,0.845164583424932,0.8610874208861515,0.8552704261543728,0.878931831720257,0.8086944883149577,0.8649219231738446,0.8735650556855866,0.7826752245392423,0.7974904762379,0.8689113218015703,0.8413988114209201,0.7898411576816042,0.8453666793988224,0.7958380388739094,0.7765412283159155,0.9226599306077269,0.8813826920494222,0.8518326014412676,0.8049967979881344,0.8637236414797861,0.8587560500287,0.8108021724618905,0.8572861687111523,0.7025713665402613,0.8066087214859474,0.7318338334009414,0.7519943011572303,0.7421846167207748,0.8096181108932117,0.8318531289563963,0.7923625831485552,0.8796407649690737,0.8150595843614264,0.7662905865154137,0.7524099453335638,0.8708985119481294,0.8718766978373549,0.7910725109653822,0.7519127006786016,0.8329244654104714,0.7366063324241108,0.7090490492463772,0.8223291039573378,0.8177584323610791,0.9053937249799642,0.8049473043056592,0.7660632357100761,0.877106694562671,0.8184125418325908,0.7757446859642974,0.8029956046794015,0.8152154605347126,0.7939981418148008,0.8548181632663462,0.8636524085162229,0.7780669630619502,0.8206866884364742,0.919855499787175,0.7746614871039739,0.8264480569398981,0.7084531748084019,0.8213442660401249,0.8176508096011593,0.7680199511055472,0.7242169064025931,0.8520415899148343,0.8088580972799623,0.7494358850182213,0.7656184127916357,0.826716448950638,0.8525898517231622,0.908162106286406,0.8674753346317543,0.7279462302085004,0.805377025964244,0.7757787113023936,0.778014028042573,0.8132670129394688,0.8376398513027332,0.8340796014832919,0.8254384661152258,0.7505474016553385,0.7265306136549238,0.7191388270975746,0.7679548153707146,0.8800279624552729,0.7496445646548545,0.9343720921178942,0.7072807243112712,0.849789542516287,0.8700734445227355,0.8004357944174132,0.8565789844894144,0.7901849029041432,0.7026724401486611,0.7954396280399465,0.8557913322047581,0.7492265363820168,0.8519575434708605,0.8221161128875923,0.8301995644705396,0.8402479114034878,0.8449684334831394,0.8784114952303935,0.8837777020865336,0.8191957939342249,0.8749643201361024,0.7781755979145725,0.8526529594050699,0.8282961930639371,0.9053888897286719,0.6917307492744836,0.8134200959033688,0.8825086200154525,0.8165310420005336,0.8310355282942052,0.8862438824203043,0.8641320205618834,0.8086734642876541,0.8574695061960432,0.8158561165892411,0.7244177786414939,0.7998189713897229,0.8430435910696976,0.9479219933054149,0.8138748538217148
0.7254071127795522,0.8719697168399978,0.0,0.7041711035764904,0.7575389807029532,0.8760149250842093,0.7116596661005737,0.848039672614645,0.6831118115579863,0.8843531093600427,0.8323025542519645,0.8387049502572916,0.8271277699614635,0.7250892730864984,0.7383955559702745,0.882783653638509,0.8389421561842123,0.7276236939780275,0.7699046401952422,0.7304746305014046,0.8864657883956973,0.886043205326266,0.6765085072500711,0.7929005186014632,0.8273380129604851,0.7431228084411152,0.6943149146867977,0.7047754119092993,0.8697332168233978,0.750513300176616,0.7381227920706511,0.8250706459279711,0.7495511251274138,0.6892268712709531,0.6974955537008254,0.8044595542266136,0.7880821227547345,0.795895015019507,0.7581746584022523,0.7757613884917441,0.7888976592818854,0.8365732499423398,0.7790688553848659,0.7710885625202701,0.8067751949909338,0.7300637088923547,0.8074965630658831,0.8351570820767478,0.7218933932331418,0.7424870791845373,0.7608577963770594,0.7719191148509177,0.6724491321305192,0.8381820889589267,0.8007702525825139,0.7752358547410418,0.7187946601852937,0.8680124218934986,0.7422273780173241,0.722446397852023,0.8062803649933192,0.7068658921422782,0.8058832019915163,0.7112890973277749,0.6502613431213026,0.6950596593553118,0.7086444182683258,0.8010376953434665,0.8153349878761617,0.8150387795874914,0.753011436217337,0.650642651114193,0.6906674323121406,0.8379355324917271,0.864106886049692,0.6514821286714133,0.7391886760947102,0.820951469547066,0.7046328789306973,0.674887790708135,0.8348552242676787,0.6931684804860382,0.8334233038159737,0.8083284198855554,0.7132262556043306,0.822795925478357,0.7578479138069877,0.662747477795184,0.7095526535164449,0.7137265891757689,0.7463709342941584,0.6950179962864452,0.7800249798447734,0.6601975399855995,0.7038884163369032,0.8286708472168387,0.7312550350996517,0.7723059760032539,0.6148917341743643,0.7209032949134083,0.6748177310187745,0.7783834821471151,0.6510613682852479,0.7890362145548774,0.7185735180122698,0.7929042183893371,0.807414596847249,0.8102311239681081,0.7933721828727757,0.8521638879468404,0.7674334488308532,0.6713117109182731,0.73601590521377,0.7398250168394032,0.7053307201546363,0.7708213358407812,0.727548892212825,0.7679614448881391,0.8437314198859649,0.6770341125132106,0.682781271002095,0.6914144247451102,0.7153187355860174,0.7734608743467359,0.6208898309137727,0.8620471851145597,0.7086011569744588,0.8354290785332266,0.871174781107008,0.7402563200656381,0.8142465687788683,0.9128180557933611,0.624672641589188,0.6657638054219923,0.784441142842481,0.6717657052945625,0.7830456735848059,0.7082601469772586,0.7896669940146237,0.7374318474292489,0.7198317489834494,0.8613683000648423,0.7201967373423597,0.776124014985287,0.8194884339895565,0.7077655107386616,0.7941721208854299,0.8192602863991205,0.8857670499608541,0.7921602407530671,0.6731515992998146,0.736003939289226,0.7492606505026722,0.8803749698189736,0.8373129851188365,0.7550609914347117,0.7077677418100119,0.8395765380409638,0.651310681629602,0.6503637690679586,0.7864299361028458,0.6813048053853149,0.844968777733861,0.7090008660561057
0.7653354173426602,0.798893356814184,0.7041711035764904,0.0,0.720580311542237,0.8390595670659245,0.8684838714240893,0.789207572095418,0.6923557960819566,0.7485432184898293,0.8095706715736308,0.8485803192936453,0.7274128211494231,0.7152873694274215,0.7843749440364307,0.7018607790138485,0.7482968875871562,0.7290367621404416,0.8554062944630759,0.6500862055540824,0.7975143105526551,0.7337949583277362,0.7746128059584042,0.760588107616615,0.8322986693912198,0.7627999873998654,0.7351885833901262,0.7738809081412361,0.764613754805711,0.7134152142683089,0.7872439557125739,0.7456392604910547,0.9414934997630932,0.7851733862555327,0.7810579904862738,0.7966338143977565,0.7708493915634959,0.7183621140837375,0.7221604041465348,0.8045086382636485,0.8392025178956322,0.7849308018862003,0.7176989885892399,0.8495697029278754,0.7581287849388263,0.6920894768531421,0.6793961902994745,0.7547940033712766,0.7742612669345068,0.6746925199840935,0.8427758770321616,0.8409861475203221,0.6761586746146404,0.8894052031815252,0.8191650277401255,0.7368380484111454,0.7203325777299259,0.8658899405797569,0.7194785798648347,0.7085639120927044,0.7651094143376462,0.6334359404035326,0.8022898510181659,0.6012755738253096,0.6475970364876924,0.652630044650895,0.7359049353725204,0.6991999651046638,0.678293464399192,0.8331115029731385,0.7055641607478693,0.6562108532623812,0.7726398320874349,0.8081527487308845,0.7563990571468485,0.7060266753847473,0.7050583001090273,0.7789809830362004,0.7150678680579934,0.6743397522344925,0.7300314506722457,0.7968683342613284,0.7398766467044045,0.7274843823733617,0.8001566876060573,0.7492821625332841,0.784153805312913,0.7274299934726521,0.7509442483375043,0.6776010175834757,0.8498115687092881,0.8809908883640761,0.7630560145272485,0.6978099218795825,0.8036614265580868,0.8359531593975276,0.6357471027129096,0.8434028554049147,0.6722990705298061,0.8342490025781628,0.6966231710659093,0.6910958365327217,0.9012354422666083,0.8497378467902243,0.7796027423264373,0.6593448205973402,0.6804064514085328,0.7663341559372303,0.7401228852858113,0.734708005782804,0.8957326640402122,0.7302214002110237,0.8102513287787314,0.721869928356653,0.776127234952999,0.788740674438908,0.7996927432400925,0.6738040939072293,0.8602813174991047,0.8533887575959483,0.6247714353998756,0.8773677156461138,0.709643895967292,0.8176681314518108,0.6591103968028545,0.8299367133542154,0.7190733583442086,0.7056352062120774,0.8078503676263566,0.6459115094120494,0.6928938830857286,0.6572934344657959,0.6479763647477589,0.8020281209323633,0.6809046379200843,0.5993287983241982,0.674450620472234,0.7646372254680487,0.7023101090112739,0.7324110676433301,0.8807264545965626,0.6863230426601764,0.8339943888542233,0.7404689864717533,0.7421840378665598,0.7972509129946156,0.7228817460427124,0.6928907292624952,0.7225186379861036,0.582869662701917,0.8115920094419055,0.8214629531349981,0.699299446444333,0.6329786971830942,0.8911489528484074,0.7121258325002315,0.6970951878123709,0.8345570984063236,0.8859988345407357,0.768425310416466,0.7066167532413324,0.8076955843426845,0.7929540951081888,0.7796139061257221
0.793833598909953,0.7753965611343824,0.7575389807029532,0.720580311542237,0.0,0.7173871302128347,0.8418956700038355,0.6915417782667861,0.7688791640657725,0.6757648811834774,0.8270948572755454,0.8196845518256616,0.7053443608789045,0.7260961481241824,0.8719291374272441,0.7702903052874406,0.750341930526996,0.7782379622932285,0.768170779531317,0.7230490086123701,0.8503345011272961,0.8575561868780666,0.7398520995066465,0.8556545400432617,0.7508325737923645,0.7964676276908972,0.6975946548167273,0.6506736225669099,0.7571148543552743,0.8285832962590179,0.8121192514414549,0.733253831079445,0.7806748191727433,0.6837945700453617,0.7994521876606194,0.8241742526901281,0.7896435511281742,0.8142801335921803,0.8468362590960445,0.8152488184361653,0.8393116869498396,0.7927952514189199,0.84000106081334,0.8711525268776894,0.739710085077984,0.7207740019694169,0.835124082068548,0.8344690898492341,0.799400387664631,0.831946111294784,0.8522159308654121,0.7799285481139191,0.6976379571619867,0.812559006206905,0.802995192979875,0.6985037973915875,0.7850856883144052,0.8387768935239437,0.7345999037374689,0.7569254610480698,0.6441923633492399,0.7083442213059586,0.778784369678533,0.7261687937336683,0.7580635534834819,0.6514595293900668,0.6788428124688268,0.8115858389744428,0.7360957263217615,0.7417242670425882,0.833762808321366,0.7509513157419868,0.669193563324856,0.7810333871102628,0.6926018562871903,0.6693336094914923,0.7252993921491122,0.8995978145479734,0.7013582849474616,0.677131056129724,0.6859286274107635,0.821712957988424,0.8434911349156649,0.6490458429222102,0.7531397859056851,0.7729466514059313,0.6882541069192738,0.7578357008227188,0.6455038347426157,0.7098766890335343,0.9138451633689749,0.7871184492997215,0.866425099796145,0.6947507589493952,0.8037899827445556,0.7915611988990578,0.6541338325815715,0.6934279363252266,0.7900716530304247,0.666852831599094,0.7454676643427592,0.692913884049947,0.7273552329433461,0.7296659202703499,0.7608422683649665,0.7269138160292952,0.6661595842356991,0.6836743097364187,0.8053756860556892,0.7673176331690178,0.8124177087014297,0.8395298132701918,0.6573020050354811,0.6626293469015284,0.7346638123662979,0.7540339439336505,0.679739219153041,0.7882158880714648,0.7123605858087672,0.6798425854783159,0.8960808185404302,0.6900867300601976,0.6946986501768195,0.8340191437773538,0.7262644618079463,0.7834801878086681,0.6738140999581077,0.834586063063541,0.713408283910144,0.7960572385664642,0.6771061440092138,0.7371951366711537,0.6162831863060121,0.7944132532670477,0.7602519227644472,0.76566580641863,0.7840877399076123,0.8730938494115406,0.7428976842948273,0.8365439054134756,0.7017767538829561,0.7924674929333638,0.7908846693204206,0.7863824957652521,0.8407868254766557,0.7888378128280935,0.9010216598324692,0.6958520859130733,0.7329226376137202,0.6262020813456315,0.7695485378442639,0.7367370553981533,0.8072631862684422,0.77921327100161,0.7744781839681623,0.7503325985453699,0.6994956005255132,0.765216114714741,0.7418511170850236,0.6978169612113814,0.6283042283605258,0.7468027822357028,0.806769488484747,0.8698217053821148
0.7950638679863568,0.9023747077399934,0.8760149250842093,0.8390595670659245,0.7173871302128347,0.0,0.7912187911814954,0.8696767802326101,0.7155921609045848,0.8736991295265343,0.8575752464795777,0.8560981950591396,0.877268731556226,0.7590098485124959,0.7616324808265015,0.8332904869606089,0.832680123792829,0.7500906461298568,0.8274441858750086,0.7118074629717474,0.8677229445142317,0.833372750421768,0.7073334864757315,0.8063757986178498,0.8849051244335123,0.7668621563182293,0.7046870423252267,0.7744480172931073,0.8532362743391774,0.7562865696993665,0.7761724437690242,0.8485471671331694,0.8563907124297916,0.7463397712494179,0.7414334599689285,0.7617024809118383,0.8551769966618605,0.7583723213330104,0.728929165023297,0.8159915142370106,0.7999032211419479,0.8801538093781408,0.7439333766417555,0.8315924467780245,0.8039684235212649,0.7420873462258999,0.7664534963722459,0.8391746016293844,0.755147408209273,0.6875509163225012,0.8155687652752749,0.8503449213896805,0.7032509502235947,0.8857193606148858,0.8109779671578288,0.8785217282407117,0.7398115471607108,0.8832846015818966,0.738076845138836,0.7200679242867147,0.8888240225651166,0.6993462202358369,0.8496453128601508,0.6152390649907556,0.6550111107144454,0.7280586518935962,0.7914174600030562,0.8323758184057201,0.7330512683940824,0.882571827828907,0.7756731526381396,0.6519179070796968,0.7716748278836913,0.8709567414906285,0.8802385321806353,0.7461827092011081,0.7541837213215021,0.8272886789773614,0.722143639507528,0.7909803499953997,0.9148684086900682,0.7455204075417837,0.8693002371565205,0.8543346019839578,0.7620535911919224,0.8247752478985465,0.8530613641005564,0.6872220779139803,0.7929189381695434,0.7693104778046899,0.7787016415607885,0.779471693361697,0.7645467833310531,0.7305809014245885,0.7686285221784114,0.8887697697207286,0.7112251496873216,0.8368440319049827,0.6197034575136808,0.8369954191880686,0.7123446365065336,0.747359673562032,0.7241425192271801,0.816834182514133,0.7505251417851488,0.75888513846448,0.7677832338994032,0.8356313758373658,0.7877269538368491,0.8749695827004056,0.8493272069878093,0.660364116933689,0.8927017041301248,0.7540896901759373,0.7693533220919831,0.8474849194083504,0.8283769371127175,0.7135636332961086,0.9029396806972168,0.7934489193962366,0.6410879692303694,0.7815461047652601,0.7667757705250859,0.8663744072683982,0.6687448419780921,0.9007430738903486,0.7326227326745385,0.7877607410317878,0.8626499031884934,0.694522976898208,0.8307043772997493,0.8401344294615644,0.7017859499478062,0.7449446585958989,0.7474640959800098,0.6548244308691363,0.7751141084652687,0.7205232134719755,0.7268863246800125,0.7259488258895126,0.8426801059231734,0.8120030689485835,0.795943040037204,0.7236271546858078,0.8095585404956924,0.7389396576788159,0.7708787534941459,0.8401671379842264,0.8251300643695951,0.6746530469406227,0.7516623937489674,0.8245638590659933,0.7010418840738121,0.7469715239205217,0.8949723437596333,0.7961432742214218,0.7758045725171475,0.939896999909136,0.7781178852474351,0.7533221293073965,0.835560954164414,0.7989867560870743,0.860285983448908,0.768809019986736
0.8400516575837873,0.8500266692632682,0.7116596661005737,0.8684838714240893,0.8418956700038355,0.7912187911814954,0.0,0.7555295918908964,0.7687519907225862,0.7721752457931884,0.8662818271206344,0.9007783245215893,0.7679172851551507,0.7687574127233955,0.8926093572312259,0.7619640117239327,0.7715028172849207,0.80457296734772,0.8855423459102058,0.7220204352933245,0.8273543510172129,0.8098094836786296,0.8670492324043312,0.8727260581902923,0.866771623136213,0.7573453214780614,0.8063931753702984,0.774747152116188,0.81108643852113,0.850440239700158,0.879525304375899,0.8254865715195556,0.8748117683510336,0.8123041348899688,0.8348734982166934,0.8064736526177598,0.8545137752464523,0.7521272548824705,0.8399490259057385,0.8905017130914731,0.8197700346553466,0.820536018544626,0.7968141681358647,0.8848980334125025,0.7976839536921948,0.7592437582603866,0.7563300285540193,0.8162917495110725,0.9119382082521892,0.753848027927045,0.9123183440262396,0.7785954257343836,0.7216406605696776,0.8799839563186757,0.8845375874731969,0.7582658519359237,0.8043144562773403,0.853469282234796,0.8095930607452505,0.8029372789519919,0.7372941621838649,0.6653606868101972,0.7544054093728019,0.6535893166500669,0.7291869784457188,0.6792061890512238,0.7830212257820536,0.7824167626927798,0.699981164394672,0.8140241534550713,0.772081187181384,0.7526966516075704,0.7205954615839567,0.8492775130658451,0.7267849236571441,0.7963857108420761,0.7979801415144514,0.8993446731406237,0.701980856151242,0.7262818754006185,0.6946970244353049,0.8291813558111034,0.8552795689903203,0.6683235067179248,0.7873504678945683,0.7558046908882758,0.7628776844707087,0.8313512154625828,0.7813059628402396,0.7481696846551735,0.8831686563438569,0.9040729102724522,0.8809308518299027,0.775123996141289,0.8292037847689824,0.8518669110684686,0.6361206677655156,0.7636502911882586,0.7311110812505951,0.817037858487659,0.8078737428949342,0.7404878655127796,0.816206001557744,0.7944412098180667,0.774190682816572,0.6953616763690739,0.691083853089122,0.7448128052615691,0.8282900380632633,0.8110631706754255,0.9375143920781385,0.7735022403590462,0.7525921409212815,0.7371788475294635,0.7663545514081639,0.7965051038623273,0.7981324348508664,0.8153936828581368,0.7609225787665473,0.7478818064950065,0.7475937219116289,0.743829271338314,0.7115526198543745,0.9222977145711929,0.7190424248524893,0.8693328052574553,0.6920098567507612,0.8191807607566508,0.7598808322523544,0.7315978148323625,0.7134004025798627,0.6629914613603565,0.6928853066343106,0.8000773352669365,0.7424437374000816,0.6881050800791122,0.7789079620170937,0.858378258326294,0.7500861697041447,0.8597642361580459,0.8082749530224814,0.7738987930250972,0.9128452260980731,0.7436621531378574,0.8248975733512258,0.8283193672504113,0.7974955351774263,0.7513671349855231,0.7543941716388208,0.572823069934074,0.854207258334422,0.8459625815496291,0.7925992634518563,0.7344326857233654,0.8504265457071185,0.7933961879215643,0.7970613365942266,0.8410894905307127,0.8820862377178034,0.8368749047871783,0.6763010325493802,0.841092479888654,0.8335468228448972,0.8614892707725404
0.8085678164920358,0.8750052886514407,0.848039672614645,0.789207572095418,0.6915417782667861,0.8696767802326101,0.7555295918908964,0.0,0.7720074932926231,0.8586130485914781,0.8320701720229654,0.8714815275522316,0.8728032097140119,0.7572790686725365,0.7861757819349293,0.8470816438335574,0.8318125908452524,0.8067595491225581,0.8532317192335437,0.787934588604807,0.8487231035353707,0.8245181302311618,0.766482703907789,0.8015381233112486,0.8945144721359566,0.7538718354796177,0.8130137454921914,0.813211672873068,0.7928059943621181,0.7919879025702995,0.8330981499491381,0.858858353237743,0.8096816099521789,0.7982138927568521,0.7614698290664407,0.8094422711433945,0.8428311065226293,0.8271390035036651,0.7671894717077766,0.8143259976513461,0.7911359230734306,0.8228594995535681,0.8116411553834237,0.7683626250795837,0.9202413076944965,0.8194313794842173,0.7561711740625348,0.7913632409172536,0.7850451800260885,0.7544385212614337,0.8082934395189306,0.7873841314392749,0.6994526779924582,0.8416904828300436,0.8173009316050948,0.7999934676500324,0.7823876622581835,0.8832530803671096,0.7743117710423985,0.8007097689221533,0.8835373442029578,0.7141409785634847,0.8271339280429365,0.6825447116712804,0.6810527388191814,0.7623344207501312,0.7926731332075958,0.7797787828439015,0.8250739986246833,0.9493934411220735,0.7677454045149065,0.7001998308142318,0.7468635693072019,0.8781892528886875,0.906147636802305,0.7463301621560662,0.7659489604635458,0.7610026616267125,0.8086981022680105,0.656025427727138,0.7725394727819934,0.7675029054227184,0.823446852117481,0.8579630024101631,0.7860406061057303,0.8906543843678975,0.8744074566640236,0.7581764577484044,0.8583345344015,0.7860800710450814,0.772321145972311,0.7769147241727897,0.7791728134531248,0.7348048304409854,0.7346893116434233,0.8340476237078971,0.7584567925276484,0.8315124755378536,0.6272628255888102,0.8568268430407221,0.7211437769002212,0.8554675802658162,0.7394236185222595,0.8221623077501842,0.8149826041516912,0.8153243260471162,0.8269631590951695,0.8540078833524049,0.8163517423216462,0.8210988003334345,0.8060757228807407,0.7106988463728554,0.7886992708700126,0.8349364502216228,0.7953016186871408,0.8305792039347653,0.8184727911102834,0.7699090574302349,0.7971003268809123,0.7552138965003,0.6547991134298101,0.8161595261104934,0.7407998463084944,0.8128482679201121,0.6418941231715002,0.870252112095053,0.7323918698596588,0.8550155790965122,0.8535734774100409,0.7485795761870901,0.8652663899018634,0.8067016212712395,0.7236210035632891,0.7170324119596032,0.7848665661739915,0.6449543469375062,0.8124385326442215,0.7489776783861182,0.8366113374399596,0.8133215846079607,0.7889641467515944,0.7918145430323187,0.804428050962201,0.752004913749487,0.7946871248726601,0.7857511283903754,0.778974273308502,0.7988838277531475,0.8738522282794229,0.6977565689228894,0.7934067930098014,0.7770962645946775,0.7753864992513015,0.7942111505644784,0.8812445245047077,0.8386078302219769,0.7673385828960788,0.8531416049963135,0.7252910396860698,0.7135156327449776,0.7647422755085584,0.7557712402495463,0.8896718966323065,0.7433329473245276
0.8763938767228627,0.817560241613779,0.6831118115579863,0.6923557960819566,0.7688791640657725,0.7155921609045848,0.7687519907225862,0.7720074932926231,0.0,0.6753313895917706,0.7653929670816881,0.7482739570691795,0.7437423567920033,0.8327380524951904,0.8681538545852897,0.6904634317814297,0.6818356646700988,0.840744575225312,0.7449505344816733,0.8037086394965508,0.7401559618253437,0.8489166896197009,0.6986525384168104,0.7949043779438064,0.7652694920811973,0.675078532013274,0.7406702605422001,0.6731951850220407,0.6887610363536936,0.7806477853876541,0.8826242405099427,0.7176679462232194,0.7559379393550187,0.6647956565106791,0.8625774191893283,0.755044845431779,0.8071148957774307,0.820186706790547,0.7780339112580263,0.7578944827685373,0.7451875993471835,0.8101533204656456,0.7633599050049623,0.7756689118659958,0.7862377430554628,0.7261180251154552,0.7368150482451143,0.7518518358318231,0.7654071321267855,0.7927983919898299,0.7655341426891207,0.7082762652220184,0.7406114793361258,0.749247829415918,0.7227578177975983,0.7970214327861628,0.7765167036382609,0.733988285656373,0.7696931539201971,0.7606163120606212,0.7111767822546265,0.6887956620654979,0.7248695839756084,0.7158267868373142,0.806050432906138,0.6983358612138747,0.7810369646853293,0.8170668587977643,0.7461876896591081,0.8188422691680707,0.8603504522298121,0.8020713185936744,0.7373144657710868,0.7396816695631768,0.7314819125131057,0.7412949148430712,0.6596867034983961,0.7080048316837273,0.7006461407159423,0.6203689926949257,0.6630543569851858,0.9003822293045727,0.8312500130614277,0.6922445566305835,0.7155631418449161,0.8403879871657907,0.7771339990892455,0.800654903982067,0.7092915005927946,0.8677040421391412,0.7863110706766933,0.8263581683862383,0.7601435172946884,0.7372238324157624,0.8372310023935188,0.7872250778121033,0.7399712743025575,0.7013730686278915,0.8018077024590513,0.7192578736831307,0.7962839011090722,0.6749995377381369,0.6824135072935836,0.7018495859970734,0.8131870620658922,0.6816508365411555,0.6202698948860753,0.6885526946707594,0.7427767989622001,0.7514830110899801,0.7277888951756335,0.7718956027229594,0.7203021569544364,0.7175617495941603,0.7343583329662862,0.7492128437318186,0.7085094850326725,0.738170149865756,0.6343491457652811,0.7478777214477251,0.7867635357054318,0.6931497683891477,0.714720757093635,0.7783526271072612,0.835182135165184,0.7275774021477115,0.6678292496873358,0.7795186881899604,0.6574985775621579,0.8138157109702084,0.8022329825453777,0.6801002517605736,0.7133431066465717,0.8663222234614014,0.794062661326486,0.7812044889235653,0.790254619990895,0.8308372907621241,0.746162224899043,0.8113877870015367,0.7421037663995131,0.7561761002734256,0.8519647899166528,0.7744913202134848,0.7765712825530063,0.7761333637138443,0.8858289343818744,0.6559193066150254,0.7319695388337599,0.5737546260755492,0.8313031780537264,0.7442509344646869,0.7840136803697596,0.721002399506331,0.7180547207042632,0.8696303501759844,0.7480386609341595,0.7057868769402983,0.7798520738896874,0.6539855935929136,0.6346031147169933,0.8219589141840875,0.8604332952391303,0.8505887520166677
0.7270546449614074,0.9080845729558901,0.8843531093600427,0.7485432184898293,0.6757648811834774,0.8736991295265343,0.7721752457931884,0.8586130485914781,0.6753313895917706,0.0,0.8269061624499114,0.8739091229010271,0.8294486545320723,0.7418772170286373,0.7368276163374732,0.8370234896635771,0.8098498935357389,0.7317777613516125,0.8270928785222549,0.7170101164134173,0.8048452899425644,0.8151840613317449,0.7524494362056527,0.7657467832959828,0.9057426037089378,0.6652429780004764,0.7773622394300043,0.778182168066551,0.9313154353696356,0.7662381150587853,0.7743536343206395,0.8760895542929277,0.770166749135243,0.7519394961590625,0.7117405842665435,0.7764794372085034,0.7970953397526518,0.7419244314406017,0.7450247860517668,0.7790848988410477,0.7488010764055036,0.8062439555481259,0.7361934656821114,0.7505262840521667,0.8167214632534623,0.7244008215298318,0.7309417674509822,0.7897765100808775,0.7830079724178034,0.6797422427845624,0.749854433040274,0.7078475430541246,0.6715188907212826,0.8308585713407751,0.8456226162952271,0.778798182230518,0.7019639831847064,0.8363481379550105,0.7858224146528421,0.7312832305841319,0.8292169456916846,0.643050773803916,0.7275699471298538,0.6725879506076384,0.6193897852134138,0.6712277694860977,0.726218307699394,0.7370189130107642,0.7792489143098195,0.8367375840047026,0.673135394975377,0.6613466027659606,0.675313026224939,0.8203029720959253,0.846490149208036,0.7287411994629568,0.744257539897902,0.7967413244047946,0.6764714333972822,0.6727103054045284,0.7821537216785687,0.6596453417771763,0.814207556481911,0.7831306027442365,0.6905278151312636,0.7691775873106912,0.7686088363946257,0.7004801436301016,0.8013111371339113,0.7015404926993813,0.7031537778796767,0.7413522389393649,0.7893590685587217,0.6831268269305705,0.6776686725761194,0.8571857600852872,0.671681808423615,0.7947793913198306,0.5911620736585087,0.7782615269927632,0.7159226054202711,0.7808691444649464,0.6770751584602608,0.8411576600623085,0.7011124137941754,0.7181157376854912,0.7735030900125787,0.8415635720705071,0.7810848021493656,0.8390539579694827,0.7981714408390951,0.6236621729364049,0.7431044773621593,0.7987463512276447,0.6938815725522458,0.7451616359369002,0.7984923430782951,0.8079010970193823,0.8247246552464237,0.6972578415016341,0.6075003282940347,0.6896646646864788,0.6883310393358488,0.7858415632852094,0.6137897514286306,0.9147957548360709,0.653052571605375,0.7895259509445882,0.8843726600849617,0.6942932209208764,0.8392516172639762,0.754470101752617,0.6574741550638941,0.6394607447862916,0.7452710399531605,0.6241393622880775,0.7741981140574217,0.6939348698966205,0.7910072589769046,0.7536980382657953,0.7770663217650445,0.8305971623933224,0.7510921982847971,0.7263356586539366,0.7878325554919163,0.7085056392884493,0.7051597446851482,0.84396377097548,0.9082691554589646,0.72862939253993,0.694283170004771,0.8169221741587515,0.7246288236376803,0.8177141659240285,0.8582184465358533,0.750486551015042,0.745353588442812,0.8354662490978813,0.7095053056768424,0.7033423382714878,0.8092977564939747,0.7250942468684152,0.8449458510535895,0.67628360421056
0.8751745481976916,0.8879427325254938,0.8323025542519645,0.8095706715736308,0.8270948572755454,0.8575752464795777,0.8662818271206344,0.8320701720229654,0.7653929670816881,0.8269061624499114,0.0,0.9141059416983525,0.8853782620465604,0.8340039906324359,0.8394958770352484,0.9082389835768252,0.8809191738072508,0.8358613114576761,0.9018632567754512,0.8290295034379135,0.9165222054506573,0.9002147298230115,0.8232102242257641,0.9131525919170432,0.9247815812102574,0.8118201096095758,0.8156948737383465,0.8371867536747093,0.8905073803119188,0.8435427247604887,0.8605558792095198,0.9043081338512079,0.8072719014876211,0.826576604057487,0.8520402889735539,0.8428296882194538,0.9363526838908081,0.8739671188949891,0.8799760693108147,0.9024965331986643,0.8084910854630261,0.8652775437710796,0.8543280548270346,0.8960991473055109,0.871835653934844,0.7738264379322586,0.7389961334064961,0.943776052189702,0.9117888983091218,0.7996922534898442,0.8876909699483281,0.7947176393641621,0.7065192475263941,0.9088300051804595,0.9342224733247892,0.7605628507945859,0.8559525633072118,0.9054297853759147,0.8407468051734994,0.8172185858816028,0.862029017902381,0.6784659196337772,0.8215307200828224,0.7400922390178452,0.7274710860429048,0.7469654288810806,0.8485705401252359,0.8188877380415548,0.8112931157499246,0.9028619894554525,0.8103407300191602,0.782256310216968,0.81495277984708,0.918761772715526,0.8547106511670862,0.7824345716366631,0.8643102452508348,0.8909529837682748,0.7496806890489583,0.7796119029571958,0.7697202220107564,0.7850374848203692,0.8564962404301791,0.8046820204995494,0.8425613596526362,0.831901177254784,0.8873254226414056,0.7977460109015555,0.7825362609523717,0.7618277892671337,0.855641810096166,0.7831331239068845,0.8944703333785435,0.8043838219942115,0.8387031951388854,0.8583401164186973,0.7117680551351714,0.7720857376320643,0.7208854009936327,0.7989197946189063,0.8574698082238077,0.8390480986243314,0.7453341943428506,0.7806166112031414,0.8096779638585723,0.761645995298491,0.7772746551034156,0.8292072584230445,0.8152068772810186,0.9120780637945128,0.9337431918468575,0.8016114289901894,0.8258604851096486,0.8572975108026176,0.7899662826104987,0.8246622651175296,0.8103758243553931,0.8859720861615563,0.8382403801932489,0.7429710896069786,0.7907721927663497,0.7252327602047907,0.8150385290985617,0.8975388619059592,0.7594664322566956,0.9142671501581546,0.6949544840098656,0.869534958224273,0.8539243020751033,0.7785103871220779,0.7623700643169047,0.8095513389259404,0.8017948949222868,0.8116633714932948,0.8722699289389856,0.7282190882553393,0.8463733713207532,0.8370251695903834,0.8537475724619636,0.8587394461428418,0.7891623815771359,0.9196060586570749,0.8385544108622236,0.7984523142513353,0.9414107769494922,0.8002391930466588,0.8060509678243518,0.7647638611977784,0.8579367003404954,0.7141087537339107,0.8724347315398919,0.819973439131257,0.8703861532007727,0.7534556856425304,0.869487665107118,0.8728742011878332,0.8799236527063795,0.8564859426569894,0.827026113872831,0.8293316626287264,0.7043748249856606,0.8507245304283078,0.8431833781104272,0.8994325078154807
0.8110808029483133,0.9125848465437312,0.8387049502572916,0.8485803192936453,0.8196845518256616,0.8560981950591396,0.9007783245215893,0.8714815275522316,0.7482739570691795,0.8739091229010271,0.9141059416983525,0.0,0.8097842307187721,0.7357805998484539,0.855742127052824,0.857999819827892,0.8442513901653035,0.7855097493315097,0.9360860655097468,0.7689511720523481,0.9120067008436061,0.8619569295813043,0.8645175592158372,0.8968309571745198,0.9422482971682528,0.7829399143981028,0.821939336967916,0.8098717069734302,0.8884185618174983,0.8564184572464465,0.8850166898173367,0.8680950315602751,0.8596365761373169,0.8569292494613269,0.8146384733591573,0.8750491664049526,0.8641971706977428,0.8133716292802121,0.8750888737820288,0.8752743873640482,0.8603074411321125,0.8584664426448345,0.8339103072413452,0.8782164683098468,0.8828689034423088,0.777151355246449,0.7775212712995091,0.8656867305835876,0.8864671088296577,0.7687176277196177,0.8721763390784939,0.802128628804744,0.6828702326739876,0.9218261754336317,0.9224592328694707,0.7761029566398046,0.8015131346586801,0.9482378133274824,0.7948434680843531,0.8048298705610123,0.7971120068780562,0.6513774961624654,0.7893760770095438,0.709508556065058,0.6850528707866755,0.6879108772619343,0.7631690086338189,0.7632222074178245,0.762533707736102,0.8750932210199153,0.7520163532333631,0.7209344819648288,0.7172827173654062,0.8801490433387794,0.8154409950042051,0.7411021957518006,0.8003112682210525,0.9006968496459029,0.7557878799799296,0.6925539167310271,0.7362418668178029,0.7851245430606921,0.861779456548467,0.7486476106314143,0.8042348594299525,0.8385946093579285,0.8100892057293564,0.7645750652314632,0.7945884642325076,0.7628126428010039,0.8497008577692061,0.8547626800624373,0.8789261157180117,0.7376065248501692,0.7601943764154473,0.8975042797785063,0.6796912133742258,0.8481031331295908,0.6826175509858398,0.8099580847213569,0.7743486173749977,0.8146410474136636,0.7969487799956275,0.8799411946602221,0.7782219407452586,0.7622753364943079,0.7746951686328438,0.8525955513027382,0.8355832865694902,0.8782558255332874,0.9411904337516828,0.7707485364263819,0.7450590261752013,0.7996547684123062,0.7645092457946994,0.8184516654048045,0.8154400454974131,0.8569195861879618,0.8407652781712961,0.7352380551860417,0.7228730001536217,0.7602884299304582,0.7492651885142465,0.8841670197389684,0.6723601169230831,0.9418061219977096,0.6811192865762531,0.8854512022634027,0.8891019148707039,0.7335675004446685,0.7873674433918202,0.7509310056201287,0.6786957570749983,0.7648953381889937,0.8109870056683882,0.662760690109023,0.8318640100826276,0.8249725250357802,0.847364595522471,0.8773940328256667,0.7934169392227,0.8291549282516141,0.8495325089381304,0.7865535044834462,0.8772218451877235,0.8308963506368318,0.8236917360618911,0.7813349385110936,0.8868301716347524,0.6971163116611445,0.8311386137450736,0.8234314560600722,0.8327104528051831,0.8105843690206005,0.9493484353170974,0.8088201379242476,0.784259055420021,0.8880165267775806,0.7941175761652413,0.7604818888408916,0.7047440532286952,0.7957575063583644,0.893366406736716,0.8198503958904729
