movieId,0,1,2,3,4,5,6,7,8,9,10,11,12,13,14
1,0.6677497743414169,0.20729832823078123,0.15653547409837415,0.09655801448306468,0.6729670741042054,0.18209721199674325,0.2706485602314978,0.31670632341211713,0.5641431942801558,0.11852252143945897,0.026276077567880574,0.1562455822750508,0.2305738738531462,0.1991327949491321,0.4409892137882354
10,0.8892980906204503,0.16895806986641168,0.3168923587234893,0.7546684191761303,0.43447160517696043,0.052852176025364066,0.4564601435240397,0.22921298589005606,0.3918966555925738,0.03277464196175491,0.062159921383919084,0.13810681686196402,0.1091747741046937,0.24677114372775627,0.27787356383358625
11,0.7154283891790789,0.13741445961613175,0.06721465927315122,1.0511007718276597,0.13617028422138794,0.12762598355437352,0.4359793672359397,0.17761552458173124,0.025537758089185292,0.1534134372845308,0.05729465907782424,0.40614751334461335,0.24726718905933356,0.16716663398936046,0.4788319783611384
14,0.23937128134115707,0.04675250734811094,0.11882609309910559,0.25977085506132597,0.20412267927759825,0.07012711187563433,0.48170610255750473,0.11119051435943718,0.5247345878267515,0.1600609832877373,0.07897679810473668,0.10176439505330141,0.20176107489013909,0.5585561811482014,0.24395223233089536
15,0.5661644141511551,0.008574894901101726,0.0650218117384515,0.34948847628522123,0.9573551909912987,0.08230687479175294,0.20451237830318467,0.0030629479644207055,0.35499686652944734,0.055861595825142496,0.04220614910325642,0.6333240769931143,0.23734931931699577,0.24904244204287407,0.519369176592436
16,0.7396878327939056,0.1961351139249659,0.32858808882973245,0.6571752217607736,0.001996700730815105,0.05039437985363577,0.44624679575000165,0.35696559462336586,0.3228886958140387,0.15510409696566038,0.005193292542176534,0.3107265580149229,0.12274916450895752,0.374404634459299,0.30652453527513934
17,0.7459624701217168,0.04132794246867909,0.06980096563277836,0.3377834876112983,0.600877998499891,0.02501009140922425,0.20705868120224039,0.09509124790902453,0.9312873661885281,0.021943540875663026,0.06965322131457274,0.2647397604704352,0.38280312222997803,0.3915027399075227,0.11133048805713662
18,0.8836088797479731,0.144462970143551,0.22523461425025812,0.5461177069546593,0.13721768883610477,0.15225533998047297,0.33946839528264194,0.12878005391024508,0.3022620920594247,0.3197720898131099,0.04005117835862826,0.055484108604500655,0.08313476576117039,0.1992385541382806,0.2789064343979236
19,1.1258710514837986,0.10825263651206392,0.20318066754161293,0.08679574793350071,0.7313479453952554,0.001125446818364376,0.24604176065025476,0.17638420034473712,0.21628157434355977,0.14431175208915176,0.0050957355423915315,0.02016073441033321,0.06877272680447234,0.13283624613456427,0.552632902095969
20,0.8596175064089397,0.15596988563806463,0.08979721465377345,1.1494392248767895,0.022648289327513216,0.08703411295633978,0.08581245285460261,0.18118308727752386,0.4901175541560848,0.047630270751436,0.051939008176718024,0.10279567660440282,0.23618351308109617,0.244542540809864,0.2949755260981234
21,0.30365944394475747,0.012866670810352279,0.11201130776494869,0.6794299509127527,0.5095658251744607,0.14351643301027153,0.3340783460128294,0.3285745217134378,0.7364594612157064,0.1795172137017442,0.05772514114450758,0.31608178639176404,0.14678949879021688,0.24837841497364266,0.5894532824669838
22,0.972837974982347,0.004337802427321949,0.2174509686546525,0.8967737226214867,0.477717163502977,0.19159896611011837,0.4434965278562745,0.10066544377750669,0.7463172744367893,0.1411614225104105,0.021650168403852553,0.2865451031023497,0.0669948192630232,0.38138572122292735,0.171276804637338
23,0.6692894615391906,0.19567434870028697,0.2519046721992593,0.40949171483656305,0.10822628317746107,0.16220771486216676,0.23290212967228635,0.35677698231751426,0.5610020825836515,0.18486731032255302,0.06414808435820524,0.22571906630561078,0.2770002887201026,0.10400752733075047,0.38289411666131
25,0.18369943848868606,0.1386781852024119,0.5332402630717356,0.23968451768302526,0.4327324579573164,0.03316346754526393,0.12502461544901744,0.23008652757368234,0.27194100738879595,0.05096592739105645,0.07148269080206182,0.007384616787846105,0.3378068161435151,0.09432052383013655,0.4997742863114155
34,0.7306147919704981,0.1953361497811631,0.001536376052548858,0.42784502231424687,1.045140299119514,0.03901020525551133,0.32287092583990495,0.09982777960236291,0.5106238089265248,0.15880483374782223,0.08089574682816673,0.22166753956518878,0.16318481208704463,0.293840370202088,0.05649058623661308
36,0.5027531888895972,0.10955004220466676,0.2746907154298043,0.647314551488414,0.14266089786493488,0.22863021708403564,0.2047648593769321,0.20332774368465553,0.5834120987682944,0.17420944039749503,0.03663819375334684,0.3881736838770816,0.17183905704461172,0.0742582328520724,0.4852779129151324
39,0.33424687636377143,0.15284937259384654,0.23146346981769894,0.42748626233697,0.0806261870045147,0.2630817738797609,0.418915820387415,0.15166030957210297,0.5551305675171819,0.0697546737192259,0.04101272716179171,0.2925279568151882,0.20840668840879156,0.13462431234801492,0.5631851222241276
41,0.48012230847957865,0.2515266204045692,0.0038604880092662935,0.1493280245142324,0.5505125702475877,0.1849479614465999,0.17730343272341922,0.14718856322051868,0.4958261597119759,0.09834010557494952,0.0560479878737863,0.10571891122108516,0.2332785018260943,0.12246531841113242,0.5249077951910107
44,0.42809046527742795,0.1689464351614768,0.06552541707583158,0.6474098229020624,0.49538913285919695,0.22770871459181818,0.6445701926018135,0.11450355889109774,0.9575753705696438,0.11500603352340318,0.00031517026635792663,0.13761228870312764,0.03111978542936387,0.3435331049890917,0.2804230061655533
45,0.55055799036252,0.1877737803254779,0.23670056916970067,0.3796544604275359,0.7117327231625555,0.30951059310695217,0.42412765817826553,0.3038621869355886,0.4932039613541856,0.10498071733975699,0.024348307995511992,0.06062267288423634,0.15570480049887866,0.004153856776699409,0.3757522050806856
47,0.36194261728452715,0.09949324579909434,0.05974957804460556,0.4693486918048945,0.35190220959919655,0.19313592584745184,0.5524889181583406,0.14615339773678204,0.3170836041391417,0.10060944972643947,0.022673118101083058,0.32870774112647594,0.18222004422862242,0.19144630445083646,0.21665904593390825
48,0.7452135623771828,0.10454075955963613,0.008013771573445348,0.7431106716709213,0.6907333341794996,0.014479826862005784,0.5098856760555318,0.2306080399545263,0.23856312164107746,0.1358837194150064,0.06639292171245983,0.2913806200971103,0.19248707294932835,0.15860163438479935,0.5352291848761915
50,0.7763865598963824,0.018601937654686332,0.09216649616844297,0.292467689193655,0.35164284539123913,0.32227250758281517,0.11060635466652757,0.005978289728860295,1.096437452599097,0.01695562896434983,0.06771790536825804,0.1162252166950777,0.25369314961015166,0.24748749528038677,0.36129296771906644
57,0.8405978417483464,0.08658851933215597,0.0052382212528912595,0.4336500394655458,0.7160380151025095,0.23350761792358363,0.5622696878220822,0.28588881343569283,0.6696827314330484,0.056456040648474606,0.08853437338552242,0.381518754500276,0.14284906246468132,0.19735848186250407,0.04314804958312459
60,0.7713338714836973,0.0946443008511635,0.057808795470174666,0.6817589551153324,0.3267023818286059,0.21245427772385814,0.1434499093907628,0.2675025068288178,0.6121168148870058,0.09986287525251915,0.02162416609249784,0.10840450268564286,0.18253533809861885,0.29580317643598014,0.2509545584248308
61,0.2738922977263616,0.003039295160900843,0.25107109777986325,0.038590885430353064,0.28422871908090735,0.2738396700170593,0.10982246332354076,0.1985641194727431,0.15929304989072163,0.190808644175274,0.0726272308162279,0.384587489788818,0.313333799536862,0.2315765859078097,0.048547843069576935
62,0.8182213519291023,0.009881758799186713,0.2825884080477404,0.3354895153148006,0.20062150596502493,0.15144741312287674,0.007345020854500916,0.012323900769773891,0.8122685777565818,0.14647841645260068,0.10747538545720588,0.00010686266656240325,0.1909797657982264,0.12663458355603774,0.6952377591361664
69,0.44003933471778417,0.14868704117429607,0.192835319092541,0.3342819338921056,0.005166338984810999,0.32897459947860413,0.4271336693119633,0.22338010971863706,1.0745550721673771,0.10129410597500138,0.053916469645255316,0.039750638616525426,0.15405070182437577,0.21801072363814686,0.6575150521122973
70,0.27273401807426295,0.12492652163497286,0.38588042106750226,1.3300919288206592,0.4316077614797683,0.05688904866261962,0.06247503671175049,0.24895518418228677,0.5654383492744586,0.0020429854958014773,0.0832335688525354,0.25093465589464603,0.09808337134470739,0.31102686793928974,0.3716270102351052
79,1.2152672835873912,0.11700314731528502,0.18628357068074208,0.3546478014504631,0.40875602859789734,0.1285535197815587,0.03845845530099258,0.01429904663946999,0.9366421837694652,0.11810710780946117,0.0013264238344455166,0.38882420693938613,0.029148341456290475,0.14186570177243535,0.7138464398886629
81,0.8045067146802819,0.1273145356231924,0.2843277883180702,0.5039094904243493,0.8910823189672062,0.08544062632055838,0.18949477600491224,0.16319634084726098,0.5298130987681309,0.18856825622561924,0.019494786828814763,0.0627290753323819,0.09789801712084291,0.2654563429280751,0.03737662805278249
86,0.4519214182148188,0.18634373362675577,0.32687149227997336,0.6225120976627708,0.18496702633708517,0.13233548071716877,0.23888630932587374,0.19708835983664924,0.7972190491043544,0.14435006232980288,0.00659183464700926,0.2094741695715576,0.33696519436428424,0.11585659884009362,0.31166418063646595
92,0.4653707428072101,0.18670861247460946,0.283212755891611,0.4192639713850632,0.5169072406407961,0.02612071575597041,0.37791876739159896,0.09659243228169039,0.3140263130593029,0.16144458277344628,0.09603569094299119,0.1780374042061603,0.1273616252066111,0.5543903224594944,0.10056144209956423
93,0.6179588205198039,0.013397204591015548,0.4061332069448269,0.32036717291159567,0.19579996033437663,0.41961086854908014,0.36688517659935616,0.17707315732653897,1.019022629229149,0.10206638798716744,0.026606341694042118,0.09146661118342939,0.27746625410286724,0.26923941973695675,0.006314030443200125
95,0.3726717471136361,0.11203721398932831,0.37695840131456776,0.279752934383954,0.9787791381915231,0.1881122315073793,0.23449338242512172,0.27279516613953175,0.40299972258621286,0.058799278045208445,0.0385798570597054,0.019340546502413455,0.23106444123145978,0.2898714057584537,0.38286411139608423
100,0.10708101612705813,0.06586236930642456,0.5113725975310782,0.6285387021283689,0.6374757271628289,0.1463589687131425,0.34210746945985554,0.011365178580365575,0.16188115623585644,0.1335577494222836,0.040968416594814344,0.10855405221410484,0.27124988740755557,0.24674841684082602,0.22390046054293197
101,0.7039545297715953,0.0788241329439068,0.1690480830544091,0.3702934533256635,0.4568805218715438,0.13233741540934024,0.03960877473274942,0.38518028893729767,0.5920934637641813,0.2045287465502999,0.04502397523051206,0.2555519734231282,0.23581861723034203,0.18968513978210413,0.17145057040632208
104,0.18403850364287178,0.11441851812092078,0.3321822483533748,0.3281452984752507,0.5118292742893831,0.17402643867587264,0.11439841013178705,0.12909939398728937,0.16391483735735765,0.14333652414457743,0.036768064534432224,0.11934221150131845,0.07051953067149841,0.1021505053867529,0.45846624617860093
105,0.32979210843098483,0.019445776266333436,0.23689579631726787,0.7450148034429055,0.9207026206786195,0.036725621688417545,0.47772252728993386,0.0936764365488308,0.680310971181262,0.20976979799538664,0.039549557094922076,0.25985395548379353,0.006371740270427584,0.13651951608469287,0.005780889476965666
110,0.4785522305618477,0.1156655162491273,0.15089049233730342,0.2116101094452513,0.32862725996345327,0.18247183925058633,0.3415097759232548,0.15544768549527227,0.6025500002718758,0.041982475932131974,0.10874582952054737,0.23873911008500096,0.2827632248898055,0.17215199209259374,0.23288749407279502
111,0.2179316841745228,0.1806557926052295,0.27359555164570404,0.45022059753008414,0.6128404100959087,0.16318564374595884,0.41530648473964105,0.013964130558760895,0.10995191373411686,0.06731777051649857,0.07344387584283978,0.2309963990816897,0.04036134594050064,0.35720680015024703,0.1135453314730415
112,1.0040907731710613,0.012666544059217964,0.04692864528885363,0.298126809240065,0.184556583994593,0.07952631534644941,0.3762361357689101,0.21871248990371236,0.25434596041208457,0.02420828965367711,0.003921853876591849,0.22947661623368343,0.236705817173396,0.20641119159555776,0.5941269712392633
122,0.2583384383582875,0.20810903291336125,0.026780052516957326,0.4305748380777464,0.7143477408458473,0.26207416987870863,0.12413261873315767,0.08688837818265734,0.4470933602962217,0.22624860226592403,0.018239058425601164,0.2882002507918751,0.26423674239319694,0.13683962277033832,0.14327980345505315
125,0.19537955474185242,0.0827601563961211,0.21531136123828673,0.470277325367,0.8291699293215691,0.1268132304974726,0.24843983122255267,0.28012694653609543,0.367294162508038,0.10033149344110097,0.030635937841777337,0.3410818443676458,0.19114056552353892,0.42100563942193603,0.0539439170895901
132,0.744017571237278,0.11242187190628028,0.33249174280638455,0.47656776111707444,0.4041695804173671,0.2635210434669476,0.30973776797441555,0.18354501780022858,0.43566338179712627,0.2139839611868048,0.0632440905166476,0.07417282188997977,0.2741994964932729,0.14496332911337115,0.09417626570761754
140,0.579510959746873,0.2787787369232861,0.18411262519929925,0.15288940882736693,0.28835034719572605,0.23807832977440307,0.3064152656380988,0.06929727985783944,0.5501074122675186,0.14261164273712615,0.05427644818735919,0.1895010794757777,0.21080229107505796,0.06565731649749706,0.041386051204830666
144,0.9780259493281916,0.26953987934188617,0.318215069972357,0.30395786149183024,0.4439205129112537,0.20616950635503847,0.07468202169279307,0.028269329131791195,0.06183320629294713,0.003816256216883879,0.023599430689220515,0.44434609599001734,0.37424272216135723,0.1727365975557769,0.14753111552276493
145,0.2070450047189111,0.05988816559405214,0.15234218976221453,0.7837997473828352,0.7590240623352773,0.17318170853037018,0.1895776669019721,0.4505811134687917,0.43340229863285773,0.18662827068176605,0.0383451990779534,0.4214871308469426,0.2185432598195897,0.25147581170026057,0.12954528570526827
150,0.4930109003231538,0.07587384111911591,0.09462318580777247,0.3983175084635779,0.5819463123375558,0.20448895508787124,0.1389868608697288,0.1677443935743909,0.9887960097501427,0.05342384363228497,0.051589613981087426,0.16468121846126976,0.30688426571814376,0.18577031048485385,0.26969201038937707
151,0.15098459512933984,0.19772872588252693,0.29417713470689943,0.3044094444653941,0.7536672291845161,0.17264123043880894,0.43633299103199685,0.020731841576423028,0.29625613720287536,0.1330124485313844,0.02908283524688143,0.1912829554693957,0.2982475707724062,0.05422863063026021,0.34169843948956746
153,0.1990195327387254,0.16500542450611175,0.14115365795576582,0.23293849070219036,0.46551539296720795,0.09025300082684284,0.4091064153810367,0.07298712106724227,0.6165525272150411,0.1555858465721333,0.03230830636571485,0.27573888869515467,0.3069498550879434,0.23220917773154703,0.16632758017029525
158,0.3479718996929815,0.20575330418081472,0.2524929179048279,0.08852575707067914,0.2806121400387514,0.25380805084454333,0.5200547328057388,0.1802658334091539,0.11729772665686938,0.08565549830600382,0.03128247249024356,0.35148083350125175,0.20308203367959368,0.3779837155365101,0.21749942173771755
160,0.06096105393354273,0.4041174904393337,0.27601519321968565,0.18095084411814766,0.4965643810434506,0.00023645534301490278,0.557949563728589,0.038095451774880495,0.4146397018464199,0.011877577669877454,0.035342945531100046,0.09122380438547306,0.13872278004665672,0.09919459005143018,0.34232663100087296
161,0.19930368837095347,0.11193719488586706,0.18884153065025283,0.6917645899082617,0.4973256568551335,0.05512781603841277,0.6676860455164675,0.16378525588291806,0.44311549946271694,0.151179053616302,0.05810244793700125,0.22843551860467018,0.2106210712456105,0.35852092304555816,0.1337203406617708
163,0.01569124043897619,0.07128937414979832,0.3293279130637035,0.8835899379815,0.5954578409433076,0.09059694660773981,0.2510438146275022,0.1366072273644539,0.7927897382222526,0.18623274331730594,0.0509977326313351,0.2012768581894638,0.2527338206683736,0.2788516625452153,0.17495255685957622
165,1.2227076976467817,0.0973032128250326,0.3251095899033043,0.1925516281138486,0.11231202935560612,0.04361355691151402,0.16543105403063815,0.29455673631443813,0.08658069518916488,0.014695656564872425,0.01150181261192174,0.15798997108453566,0.1794577555682002,0.20779653683298127,0.18737986760094813
168,0.24176952120378026,0.19926166201882314,0.1651679830143479,0.14217460390954362,0.5219170388214217,0.20304788782719896,0.47576988175510104,0.14051362197193315,0.6553771413720549,0.11220705197228004,0.024743523294846213,0.19733639045729065,0.14309411411862646,0.07858442689618755,0.2968835977739263
170,0.5999097848464592,0.043836297925297335,0.21912361684494766,0.5840621728734186,0.24921647786646792,0.16009210555747821,0.299117070503684,0.052415767817683985,0.4319889088595677,0.2128448766081883,0.011668661474349749,0.344423753861109,0.08332411895838297,0.3390731154980123,0.5197326791845499
175,0.16251204377637576,0.18560276663258293,0.04327395523123999,0.43289937715151644,0.5031029779041793,0.11353229586550007,0.3149017213260457,0.14332063223995004,0.5102984350600588,0.021561252149040203,0.05366675071897278,0.005857274056574856,0.4513720213932047,0.08542091563924896,0.264981607243019
180,0.3559009424228403,0.20098028071417742,0.4806616978407962,0.24834367300859447,0.4229209283558805,0.15613643410907954,0.4256623378752994,0.0184402843094732,0.6547698691403828,0.11280557591054749,0.05579882011856129,0.12418400906787835,0.23176789547521215,0.05104349890050888,0.25991178803060894
185,0.2846737232153541,0.1753941445389717,0.21484725993849343,0.5691532617289246,0.06849656113986798,0.04737939334757425,0.5520948150032674,0.35709934607203503,0.5123415295978312,0.28541983103770313,0.05095710870608548,0.07411889839363116,0.14686373369779784,0.15191705511060624,0.19855126265039363
188,0.05831566890011192,0.24204225713229333,0.6723958194106592,0.10331006205701516,0.23169782590058619,0.013663207093596646,0.1577412559587871,0.0012628586739700499,0.11259553683349037,0.15922143485380885,0.0054060380424211735,0.1896742367121913,0.31774062903906086,0.03574960844793582,0.17223111020416498
191,0.043102814296855294,0.288961326820772,0.1495450088237189,0.24727249829895454,0.34360594185789156,0.19584190820339709,0.423202744089438,0.15961923379326215,0.16091466090896317,0.2258427638114232,0.016644867389201626,0.31548394932425844,0.19113025020750926,0.27818883656560855,0.3557564325721204
193,0.022782393480686294,0.03073827101819363,0.5311812909813469,0.5518139218305128,0.7282271583117061,0.23139122621730188,0.17246356739881374,0.07611374921505279,0.020898265241468227,0.015360539296596915,0.03283562768073551,0.00012061503508514537,0.356354831761705,0.00598747763833003,0.42973853147508045
196,0.09929655763288264,0.29141511873678616,0.014863613491181805,0.0703197006282894,0.8689889427137796,0.0684373640978024,0.5014089558524772,0.11500997759818525,0.31056258622740046,0.0760405053122215,0.011185300066995672,0.10813989745023471,0.2634633823521544,0.05270331479310814,0.12570002799514032
204,0.09622599108643477,0.3138942940096114,0.1105910558732644,0.09354790511430515,0.28191897313998054,0.1905119428208366,0.4579119115295106,0.22685126346382822,0.40703233170399833,0.16246177077756843,0.01919486497876935,0.11852847382086723,0.24937698165423444,0.017218760076151036,0.030680370428865008
208,0.45839521953867934,0.026846509081208003,0.2029219004904469,0.13948398431678774,0.2503574711617521,0.042498555276224016,0.3109488766827015,0.32735987416603424,0.4099086444230117,0.1585025271679559,0.0689757285451025,0.04830242697983341,0.3314109112374062,0.08689001611878072,0.050541544222598725
215,0.7933258631959864,0.19036101337100117,0.0073701653758961585,0.24420842752835278,0.46745385088907065,0.010954012578691717,0.017433958197321454,0.3113280391683821,0.16184548114366484,0.17412416358713403,0.041590106163488925,0.3653485342893868,0.3432863692712212,0.13897205146735855,0.12922814701123048
223,0.25465726138549666,0.18044788166659534,0.08126174165490675,0.5208677583364123,0.39139972585810856,0.22476979544925751,0.005112744490044737,0.09016499232364088,0.16369233125178148,0.16993233069894897,0.050311351521497016,0.08248364857831199,0.39535161942563984,0.08258345828684457,0.7576761662008363
224,0.6267332814029601,0.12626157279582356,0.017276392392672726,0.4098014613188218,0.27598335169895644,0.11994335539931104,0.11910478838957761,0.21241332536744562,0.4005965810070496,0.29290098762220745,0.03362445102023599,0.08583409486111467,0.09013683436869957,0.24001655182199924,0.47602007132133206
225,0.4830428819040032,0.18326369324287145,0.1446779234698395,0.09552532923315997,0.640739111610215,0.05472641389317723,0.3002659948832819,0.23566131847398336,0.11510567759881576,0.1808922632976896,0.0305619803143692,0.27156660746438877,0.24640461119732532,0.12003352506973866,0.12817899817067294
231,0.05302334195086957,0.17335245014968054,0.4173580018421511,0.18083243325811127,0.7695351921782123,0.14971292883638715,0.03191059012891434,0.1542983002098947,0.3937962206030009,0.045727009554039716,0.04841948848865849,0.01438025428723451,0.2264239167807641,0.05453613894695851,0.22652928675165754
233,0.030862663472635606,0.040750961298932985,0.2632216585192114,0.034157351805061034,0.2338443337724546,0.1447700111936838,0.40569630799325096,0.3146440013430047,0.20258285219023103,0.0978190031425585,0.010833343915023887,0.009838959245753159,0.40790502644056564,0.17567697065333526,0.4980174497825477
235,0.38352335765611045,0.13187145381801157,0.10457088560419203,0.34667987873815653,0.18186286922286618,0.13091354123859716,0.4512993944000519,0.15343569461318685,0.5556881286226754,0.16468628724854448,0.05550081673373449,0.238993613394307,0.32307407771713176,0.14942477000259832,0.28520421471726287
246,0.3486166764875107,0.22415683620913818,0.2704479261938929,0.4983715888362342,0.07447936462313523,0.1444733297973252,0.45944473098701905,0.17195382968754433,0.34067391081590104,0.162766783758109,0.026856487693647957,0.1197804802530914,0.07352757966121673,0.13770375072304702,0.6274795583312828
247,0.41696217070942754,0.34241737322416826,0.2896076196147177,0.13652869910705756,0.41250958479627226,0.12770219306347996,0.014489737559263029,0.283025490553967,0.8989378428527097,0.05043691908436151,0.0179609412381403,0.05432930038243329,0.18915909886410712,0.13577589223043196,0.022045650465139125
253,0.2604792620460259,0.026900339638502132,0.15207887174504203,0.3828260646753903,0.12130789298384434,0.054158526013350035,0.3556367466777782,0.15620703774634567,0.9248636124670064,0.24552062181788092,0.05198769749888194,0.31593630349598206,0.35010838037127584,0.03972059123311062,0.18627908622309272
254,0.5937750955655583,0.008105021318869239,0.2680899537589453,0.4582402553613671,0.31988636128187936,0.06565394417638037,0.007944695717229444,0.09769280802985279,0.5402897745299062,0.05634993342825035,0.06168942369432331,0.484994432564397,0.21115333751532464,0.22818432028650404,0.18196640889077098
255,0.2701871129247861,0.24019474555985812,0.23127391139086959,0.10803805445744226,0.378087708831183,0.3573682724439762,0.19360550763906412,0.09969420590815123,0.24219061058496075,0.20384010053620727,0.04218134128157274,0.13090687888902608,0.03289214264049029,0.1670525433618723,0.0007285589996188386
259,0.09876203599430791,0.1663096181424902,0.32641243865923397,0.033699211645822374,0.007970743154701648,0.05770483735756067,0.0181205628602745,0.44471125354310487,0.6697719422487685,0.007837333542019036,0.007685913552330307,0.46023719603100904,0.0030366840346291906,0.13707231092137753,0.022368388638242323
260,0.19858878479389896,0.2869869104099384,0.11990765202084831,0.38716771433253566,0.042229621593502305,0.07820376300445904,0.2313401953461751,0.2946746202895628,0.023056299436854,0.048718390402020244,0.010069922720494237,0.2860737229361873,0.06664128990003021,0.21122120795651364,0.12190923093648547
261,0.5353237168430268,0.10871770831811138,0.0707367322116303,0.035050392810821056,0.6933494067240978,0.016807108130520335,0.533865714509774,0.10002636109403278,0.1817099076430042,0.15535697141706561,0.015533236453550476,0.0985136730787719,0.2183967637829559,0.22967169565454648,0.19161583439054572
266,1.1684608812652575,0.1702850050551136,0.12924533333291682,0.42001525734742245,0.4115846451949162,0.002593356413401522,0.12181978788481587,0.20049294374462687,0.4286831632936523,0.09650877657453874,0.04402069097781358,0.38262231514874157,0.04581500277488761,0.18271052177407712,0.23889768006637943
292,0.16934114132282005,0.22947247360436526,0.41307295433182456,0.39956013719698646,0.09362330719339983,0.22337369530903226,0.11621320259435787,0.3110235017680115,0.08901271487498347,0.19156486697410838,0.049623191256484823,0.09863687674115937,0.03278665254481689,0.17244663725685208,0.34890455453166674
294,0.027180384810908995,0.07935359478641998,0.23734408256356246,0.04149815271206641,0.24098680342982357,0.2057554932802137,0.333172600511017,0.10402562108811103,0.3281290055857192,0.0825307989350124,0.004090294263222792,0.11204822231702924,0.21168762646037026,0.14712819070420316,0.24480755387844566
296,0.7883928430820284,0.1445365019420088,0.2881022153450053,0.2851024230660251,0.4029851091343165,0.22061817114677978,0.3146904872537242,0.17955140902363634,0.08083537030564286,0.12909531339021976,0.04977232529940227,0.1301743115812616,0.0428528369931308,0.1651886229832423,0.3045597446706282
303,0.44332574968998695,0.039664056545032716,0.17672228497339673,0.3231209866709881,0.26171112086802045,0.10968088708171823,0.14937678354094988,0.38693035954266036,0.3778333903756274,0.32384315356735527,0.0004256154844966935,0.06844078660056713,0.15686126629409805,0.1998560884829761,0.23774707158402195
315,0.18660441352079055,0.18426244969070346,0.20814354954059028,0.17014211179732244,0.5967580069165954,0.07757934672348618,0.062334895629268014,0.041353277814655975,0.5989952192486254,0.1610670980319502,0.021839479096566524,0.022772189857105943,0.4377316814098433,0.11362470796418161,0.2521360040156595
317,0.6557841079489294,0.26393949893407337,0.3410560942357434,0.24743670925406366,0.04933160152193732,0.18271213384473256,0.10444412145100891,0.12262086260036442,0.7373145433343912,0.14266976805956005,0.03313626232884386,0.02766501729729691,0.18054451410590458,0.15572152991559915,0.18160668296031585
318,1.3346039151434366,0.008672740232075895,0.3349789815676429,0.12189722258324052,0.3636746293570421,0.01897778646209512,0.28702714091572956,0.292921250023089,0.1955429032908863,0.13152557429888545,0.048263726243110774,0.11895946608273762,0.04630682901045695,0.09687721924433895,0.012387861332478373
327,0.34712678037368766,0.06323876612571931,0.1772627500346335,0.0968247542268111,0.5089512425600705,0.13033122015433268,0.19200150431862772,0.01958390442430195,0.35268936933312917,0.1271895596542967,0.03329029586513313,0.31043050272617795,0.283590899959583,0.29963072363355786,0.545194784561782
328,0.685248219940016,0.07875847002696171,0.37261624245086633,0.25353551552534026,0.5999816101875735,0.020035559705859265,0.27366042821022735,0.05053538443992302,0.3156308671881706,0.05748958862087895,0.009071453491198905,0.023117614359130078,0.2794105620241229,0.3775355777332098,0.04488456137485268
329,0.12419683419815535,0.17748786545352221,0.3001737222933556,0.6300317677164415,0.7078478425925749,0.08959311351592802,0.2383106923145816,0.022356791752681914,0.7413805886085952,0.09786202628447689,0.04332373485669937,0.27898943749664645,0.19994307486063834,0.18718851524181063,0.3670895016884919
330,0.14447156431922037,0.29965740287694476,0.27046185066314987,0.06650886722223327,0.4802851084957515,0.15465380589757238,0.5231686835082054,0.27267076867777307,0.8853447583944708,0.07730882133498507,0.024029506213408137,0.1344723547379986,0.1390895826898793,0.0741490131738289,0.12195089778303458
337,0.053727803487506706,0.08912503416155931,0.16406552749006525,0.039516764171058365,0.40640832628803686,0.016148364068339367,0.3456495518032515,0.1391389355496101,0.2088258506466724,0.050759716260937685,0.03563286415554585,0.08056108350197817,0.2559597718859962,0.14554882857466098,0.33347564820940323
338,0.926421319257274,0.08187123513888628,0.22539355598623914,0.8199962068644929,0.5686363641799038,0.025201812572024807,0.007079612047997558,0.2806983895104342,0.21505547688655102,0.1384050662600278,0.041567906968823155,0.21422735384162908,0.11907789251370435,0.4427041740964765,0.08460960618412841
344,0.038502508386759574,0.2553348076721094,0.3403299708025195,0.4423756712434658,0.5093579121673077,0.004578916813021511,0.7250569051810544,0.15647520092590325,0.02526902288167915,0.24278561456043252,0.0047171383252995365,0.024454826349624745,0.11176407729422701,0.024878761060195504,0.03183172453553074
348,0.765151293431442,0.0679117322318856,0.327381747849915,0.4299564770618012,0.18539324834514634,0.28484345622620444,0.27395366819432476,0.17457620598350265,0.05223291270349809,0.036022936648513235,0.008740069460971351,0.04929960645294158,0.22071355765430298,0.4033544291558502,0.08170021335395192
349,0.011055527769274738,0.020833107625815372,0.6584044843804127,0.03716996896920512,0.7387409646222781,0.05932567593525311,0.09432536581570229,0.0850170555638545,0.047073665872443535,0.0003819682673425476,0.0009007359356346934,0.0352762124297269,0.29246826137203974,0.13275133810032952,0.3228935343100474
350,0.558524900973922,0.187743133203544,0.3750614245939777,0.11841635622714686,0.05495172055463449,0.16602796787029547,0.3699336017086167,0.16343883389708183,0.5447223029094812,0.11447443614644523,0.0595783564020836,0.04651688396480108,0.3574407436593959,0.22272047164546693,0.09089482693585137
352,0.079983017405625,0.08382788071176732,0.5084896929107635,0.39116191710994413,0.7590066478017097,0.030295259239167812,0.02722916125112866,0.29751237517699625,0.6013463468404384,0.10399283248211282,0.054342689627946125,0.0420420332804317,0.12172402512745274,0.09787235564265774,0.05260654509840376
353,0.2554018572455886,0.08465525238404535,0.04981453329661564,0.6031504862313486,0.2094638751824962,0.11533981600078069,0.2768330363510544,0.09016645153251528,0.6633794890031587,0.382122484916801,0.015274894626235509,0.16146168295551416,0.2696228648922299,0.031597178304365904,0.05368935226990946
355,0.07993878968188353,0.029341674829064177,0.1170514050582583,0.10528170790953748,0.41365857025253544,0.19966081342670247,0.11006349922105586,0.00905102395167655,0.2512789634345532,0.13554253379856704,0.010467919667702276,0.02655558690045279,0.3858848574288284,0.44080836575661014,0.020700128380564342
356,0.7170290356383389,0.13704008402150278,0.020489533860181465,0.9670602536392126,0.4872041764919628,0.2367737826147391,0.04689243311042202,0.06062442231931342,0.12583826226027883,0.08075983203528377,0.030143424254417368,0.057403830631587556,0.097892047875347,0.5771384723095551,0.0870250328632512
357,0.07310971349615253,0.1965211065312694,0.3824862715250746,0.1570046101660098,0.5178160013160773,0.14853924269141122,0.29914015424533824,0.08628262936426587,0.23842643358673193,0.1679627435085591,0.013717207424435815,0.033244665819635116,0.23521168737319367,0.17641572731937302,0.34685115749168954
364,0.6915895257709618,0.19942874019195836,0.2824649968389906,0.19481608965852118,0.1258334509992048,0.30363834712719756,0.24202020926213,0.10536934134649126,0.2611721842399864,0.1522748078860415,0.0446434909059262,0.3245081539554169,0.22357613153622713,0.052178248043343915,0.14568043101043393
366,0.11485643116650741,0.2098255097751453,0.2209645692820895,0.46010939484727625,0.012326229087542624,0.2030949992012681,0.5032564848746723,0.04634576633284754,0.4376844310428259,0.17412137606898664,0.023936310170420704,0.19508081680815695,0.24336146076815135,0.03510252701579651,0.0762011744771276
367,0.851544175426509,0.06636470265561628,0.13513988889335662,0.506192411326307,0.010390611761079327,0.3462510511578836,0.19140177827088203,0.233852496102852,0.3586817744511215,0.026458532540568763,0.03801893445790818,0.11635321846342137,0.11569017235642183,0.24750881145615855,0.4720236376958218
370,0.48242755015717065,0.25237727779643687,0.23025332354608954,0.31039690927035185,0.37171126914242875,0.17001777377026805,0.2298487646283571,0.0361467004978998,0.4281008062795846,0.05823163743032469,0.07905602866687464,0.2447249542437521,0.26030853117424835,0.13249132619728132,0.05376383041321282
374,0.905411904509214,0.06825331881347182,0.0865222765109563,0.6576502622365108,0.3691169185008644,0.1836353294914367,0.4567856642108838,0.43729694567424743,0.5099931045775581,0.0344789803716472,0.04326304684485244,0.32371557508124377,0.1980144514176107,0.16380732284106841,0.05275430205736307
376,0.3427040390870367,0.004043049316840811,0.11540766554681638,0.4792649311813103,0.4478119431143592,0.15863486597248963,0.5294606930996141,0.21522119757179337,0.8292385750976485,0.0962309698810884,0.023043086699857485,0.2730706110253208,0.28667535651440107,0.37675388236184026,0.07630907653850216
377,0.027849129973792176,0.007197445055447285,0.25747502930253174,0.044374474288083034,0.6168194847734084,0.1958461148147564,0.24206309567706757,0.05081110596762089,0.19195125949016556,0.09542489651045129,0.016290787083248753,0.12136504553294941,0.24224920945810183,0.13645778181391427,0.25777726331719386
379,0.2523850615394548,0.12098232100848809,0.25515872096579145,0.14366748861390913,0.08191086795033789,0.06402545679576858,0.3331283104862408,0.4313551527522286,0.2738990019659188,0.14005662274939001,0.02083848839718049,0.10358508996644174,0.34870018860317054,0.25107149179698596,0.22970765605849047
380,0.2654598402954474,0.0013220872515036352,0.2531397943157911,0.2928256747848385,0.04698932364695299,0.06465169858166829,0.07351824435920673,0.08728573098951846,0.41488016524214194,0.13679961370291846,0.020473828174415128,0.005121179703361869,0.054025558627093406,0.05874215170531665,0.5338245160729924
382,0.10611157934322162,0.29330163197508213,0.40320553066086057,0.040008362067734095,0.4044568157642604,0.2557562892462737,0.227240681224844,0.1405236934002276,0.37691282479707194,0.1417960877946107,0.0568860019102507,0.15361303900537002,0.1462799937707149,0.22523882788174976,0.20435718281091908
383,0.9023207092617311,0.15324444526011513,0.30597788809117193,0.04039401064113672,0.08612616929473847,0.21971547487995943,0.4041421471508164,0.18339561240504265,0.45308832023187573,0.07585384912606095,0.06989035781752247,0.2944983023893124,0.10964880967478571,0.2224681848144676,0.5082787704929546
387,0.3918107308386531,0.28864701729594394,0.24282433396412256,0.27923321011739916,0.17522278033770886,0.2494555952387671,0.25419388077794464,0.19773890928386045,0.6219503246824029,0.001847823172873697,0.005906006975731329,0.06046162921343283,0.1256163576263237,0.2613147968192108,0.22598108296732936
393,0.4374700085323532,0.09838773388472616,0.00683094040443804,1.0119254215219238,0.8335948358669063,0.18370108919855974,0.0925443055137997,0.13378700822460332,1.0391010554421503,0.12178623916873482,0.024116988465858087,0.21566755695222567,0.2804591868780565,0.04571557838772245,0.35625640387300933
405,0.05351198156645948,0.08269455722217531,0.1705751115829214,0.7190443656047254,0.026180442636345315,0.24536886357392654,0.4585731890646164,0.29791876148768337,0.15758339086697462,0.051384755158606965,0.03478415394620125,0.2795418314110644,0.34829439683098196,0.46154838172948515,0.3105870344345311
412,0.381154063060322,0.028447934394936612,0.5620909652292404,0.02493300418976565,0.12553996666713643,0.057147961156964334,0.009558565513489627,0.14302763982289815,0.04571174502242654,0.07479572443807632,0.03073708017846667,0.005971508487623075,0.1811883463660034,0.28980002590357895,0.5137073146299856
420,0.18675991194090838,0.06979444999427181,0.30487983952643316,0.09485745114741258,0.9272980912232502,0.13056950095962377,0.24869720895666902,0.11736430010357381,0.3161118522675309,0.06114524055881323,0.04807077000556745,0.37069407530024184,0.15842907062722764,0.009798298102085504,0.3370958218580453
434,0.2050600844279192,0.09296846812136271,0.26979252359893124,0.12183137716847542,0.1454349928853358,0.04859798374313751,0.02366634735286386,0.00402937149625674,0.09052300470975838,0.3073104969830386,0.027319054197025842,0.07428425906686585,0.09238804854266829,0.33021404153699935,0.17667491984875983
441,0.32231174845037314,0.07217259077140467,0.35331504104090355,0.11897620336792745,0.353342780845119,0.3369452517913151,0.37486881581271053,0.43056668296762995,0.2426642482932062,0.0030500244482128697,0.008381491209416506,0.14668353028284614,0.2195072178630776,0.16666547737859572,0.2442923883757739
454,0.6004053695923388,0.1756508537872832,0.14493273951078364,0.25644158924541344,0.39253346555251684,0.06651603035205517,0.24787947556440865,0.1953456405832697,0.6915517856291999,0.10328870307409158,0.0433301713281155,0.34153004196463277,0.1212957429727809,0.235161269894223,0.04976235638317751
457,0.08553631803233168,0.09486238489653756,0.30231739115813483,0.06242970912025111,0.9337187889387523,0.022708637159046134,0.1676911580874949,0.3993215852680493,0.175121562537845,0.0019845921695504664,0.004007610317499058,0.01332173466058524,0.10640118766009886,0.13537257902043726,0.2963242348210978
471,0.5108936560328308,0.17261592962074412,0.2722002562757678,0.9700727950920299,0.41747781203648493,0.10755916890455268,0.12483036400734018,0.215808575121268,0.6298664674198252,0.16235206748750022,0.06332546145013634,0.2726756174879951,0.06618483247690417,0.34777795837884684,0.028673635325833603
476,0.16167361404562264,0.10798501186041146,0.5095688726157667,0.013141459274923196,0.026608072906995916,0.047551028827083196,0.45912543672824757,0.011317337006544794,0.13367867715356727,0.0835570308809421,0.013202794098290867,0.10826263271614771,0.4288809507097014,0.0831813799594084,0.30316195836258536
477,0.9505125748687805,0.04501527484351398,0.5142024764394267,0.5575784513276812,0.4625405379442161,0.09941164502091368,0.24568688525799678,0.09817275378424123,0.503997298921531,0.2659816161028795,0.0632970049136042,0.35043621097159805,0.19912174337353725,0.07882604413856419,0.049089708408505336
480,0.21119155953167762,0.10897524104007555,0.43828297094522617,0.8878382429026556,0.17734956965480062,0.29260450392135995,0.3316561790028008,0.18160374588619085,0.2478576738871278,0.06811381965971912,0.04498837513249462,0.14577412344173557,0.20108735484745285,0.31745328469973366,0.19576098425143493
482,0.2628822739810827,0.21620952636182816,0.20713460397251926,0.3119934472336528,0.7104742956982812,0.11304874060611915,0.038183306397440483,0.12574299727757177,0.12991485639690703,0.12571987788461939,0.08002002482327064,0.14147146649561426,0.23324709563395155,0.04318839014855002,0.14024930444533232
485,1.2600766249649866,0.14110582674435793,0.34046581538349213,0.39849336664033275,0.06527865892210129,0.10155348282717576,0.11022614200731586,0.15873248554395936,0.17127608977149122,0.05371952466191197,0.00706712444137283,0.06621437231022363,0.057409822086871766,0.13231837587460735,0.6489663798772084
493,0.30621818548233704,0.14074576073880493,0.1701981842483788,0.41824764528584113,0.05811213885319325,0.08935378578493043,0.46447840358181064,0.17244768427075277,0.07601026738101062,0.1706640501554621,0.004240084902448444,0.34700487321260576,0.12182880075990367,0.03211513771331273,0.4223762378425324
494,0.1602471417553422,0.07375209492684413,0.3779104695046913,0.049441505935379305,0.22609654513286778,0.07131117540671761,0.05279681340339094,0.39432942602942156,0.714468329282166,0.23760106166349107,0.04612414005828792,0.033467278659976354,0.0261550667228646,0.005279368576204802,0.30527909916913354
497,0.2715962072351258,0.005484387863964649,0.384143229790525,0.014270272004452177,0.6841724060718131,0.014336603231838448,0.4655108757683633,0.23264485802253432,0.1604733530343909,0.09612231177353146,0.019085605737334095,0.08012340871618572,0.021447172853429054,0.26133765905262746,0.3618719691065453
500,0.3204303222467871,0.05772345369439508,0.07204104139977685,0.7280354044351106,0.861769805892246,0.16025026467638126,0.5736250376828933,0.3640433565436103,0.30423778506412247,0.17818890445953722,0.03631557648551051,0.1176572589963007,0.12667063792899338,0.0732140770788902,0.07949530104923172
508,0.012650077860354488,0.31984224016635043,0.14078697500696494,0.29997094240366384,1.140221844040767,0.03625102932391421,0.22759208494730687,0.285834543720123,0.1346506755907025,0.034964163383071005,0.030534303828737855,0.2382767232049307,0.14474433073615087,0.014951713898541993,0.08648875079865968
509,1.0923931230901638,0.247451320734259,0.27215641399860047,0.5073578682458327,0.6784331536613053,0.33078411680350167,0.051457872552711434,0.30416127927375636,0.5868605364617843,0.076213172825464,0.03567451896600234,0.3207870341562702,0.002801294597571183,0.09760051655038864,0.1367448195790875
510,0.38473685335895563,0.12025837858748047,0.2973246892794493,0.2125547345276376,0.939535128723905,0.18935404501412503,0.131225133559409,0.12594025247397583,0.3732467244857028,0.07465823568096888,0.09381720563775192,0.19051710710126554,0.23759402168478738,0.24208351294171915,0.13140101709419205
515,0.5236395477289232,0.07080710077642116,0.09327376393851605,0.6539619466527476,0.572143909930799,0.3593062904107876,0.20338657274076394,0.15861666798123816,0.38823303936078263,0.1257354476502217,0.10349964151527263,0.050316765657359645,0.20788704124550658,0.10932631650235723,0.31625321983615595
516,0.4584704566565848,0.12159176969050561,0.10264189673338577,0.3920205489836165,0.6288452611479205,0.10943574586943554,0.16335332676109673,0.0026943456249088724,0.6002168266270789,0.1648253500870798,0.022165417912233296,0.14963082795661364,0.024154318749747525,0.11034492065639698,0.11754406147445103
519,0.1572214029086871,0.29180157012324276,0.10112479362029358,0.5270058818336674,0.5463498747917193,0.02212692144930142,0.05998655959510769,0.2802755831023206,0.2842315510584161,0.1645624253817918,0.07252743698461557,0.005056782005742317,0.10620639499088659,0.5504799659038063,0.11828077818690805
521,0.21629495744053376,0.06844742380127111,0.5280751751617482,0.5768931380170604,0.360276048676287,0.06333990914939035,0.1433535408370555,0.2149435068931006,0.3325002986023915,0.07501012742928562,0.008844797843363969,0.20120983295972372,0.2568656844987502,0.047269266713665804,0.4060989355283302
523,0.5415099041306736,0.11831188187158856,0.23189758201233715,0.14375271027964698,0.4010280243501851,0.01834430567759783,0.49232398387589665,0.07419118331663127,0.488183273033859,0.049898088654595184,0.03347165260181397,0.06950489723799903,0.2601285539335594,0.18298311816528956,0.241831063479884
527,0.012747911245082365,0.02680744267261336,0.2560735894163006,0.4753205153984091,0.5136965589902912,0.0017813679216761697,0.39413835224134874,0.030434725557879422,0.019813859375843807,0.11527739255487061,0.009374542105148848,0.03941632001486063,0.2465679158965192,0.14454703713825462,0.36802742035736397
532,0.2562264066038232,0.013974250436349367,0.2465594815418833,0.4944694014189988,0.5432119200957833,0.13080287826008533,0.1018561615704074,0.2626022590491429,0.30280050639653183,0.10231598420413254,0.03540606112998958,0.225863338233553,0.14348387015523612,0.1393456398912696,0.09260253706381512
533,0.781131012744549,0.020692666449616766,0.2207466746246457,0.11865831092974555,0.5641976371698227,0.3088873840204486,0.07332369885425942,0.12763840391282302,0.2889064098042232,0.10185928172354837,0.01622397591144139,0.12180161185798742,0.5341667878219191,0.3107069894775866,0.17592708901679152
534,1.0104542023251792,0.07957606213663047,0.2050765613266447,0.35695981894842893,0.8246465108622455,0.032028364275498315,0.43184254742473216,0.11951308142175589,0.016417521076994623,0.1535384423874005,0.02545022705127047,0.33490641745567473,0.06813826197948626,0.20330737106231778,0.24248070000756747
541,0.5171247685598898,0.292711096654493,0.12843213587459265,0.5190881731285246,0.00012054741008554394,0.007612557889587233,0.11530231840079916,0.07223707088768963,0.47367774383428035,0.08907964302886738,0.05565948326227497,0.28639814881288445,0.04259929561862435,0.1044503260321742,0.03685539829948463
546,0.7335873410347283,0.13867460622465597,0.1641605235913051,0.9608239563836134,0.3876797815080105,0.2823738773665147,0.1326741674543306,0.2044258346054737,0.2660176318631315,0.0646486943767225,0.02123537114241998,0.1072482154703467,0.16673295812373765,0.18607793816376172,0.2919966491740923
553,0.027619521883683017,3.874779502580847e-05,0.9049340212745379,0.7075473014459978,9.893569832472535e-07,0.256484015283976,0.23459303160790673,0.08203273745675782,0.006314928419065806,0.0010220739854061036,2.0392800952351275e-05,0.1412778337747969,0.012523879516183471,8.041160234073396e-05,0.6579665751025627
555,0.31597537927329433,0.07977825352130562,0.14702107577120596,0.11517479051103309,0.7646636279458964,0.1804370008808843,0.3469342229202556,0.26660625578724734,0.6492785755595306,0.21045190778622383,0.017458074446374004,0.04408953119450973,0.11307019458214522,0.2617897874888123,0.11802055411950049
562,0.1090878295619802,0.2990041319391684,0.18064522805443903,0.5068729874890343,0.4456500661097247,0.021375178393239692,0.1148111629205379,0.12138326695635755,0.5452413954470167,0.00828701427417228,0.022413576632191193,0.07094383896375087,0.009575600927387134,0.3100685724110031,0.25807258601791067
586,0.34738946691567163,0.061541749602085714,0.11198490188111503,0.4735975092876081,0.6731776602449262,0.17304837744965051,0.7121585925018028,0.04650637663554292,0.6958264135582892,0.11450390354482969,0.04477879129290064,0.15943448890765125,0.15104658050473851,0.04299860869094991,0.6430742676710057
587,1.2345440225238102,0.10789919576728153,0.15220780735681608,0.6888777201816692,0.28890669083019893,0.11416467984101986,0.22676083008628317,0.0014125023168151758,0.16441951672954627,0.04872443696124719,0.08782941316854119,0.31646226003771366,0.39388557425819076,0.027945205022015154,0.14908594418948634
588,0.6301296719720108,0.07062948473023507,0.058958859358859854,0.5650996278651178,0.2360410233009176,0.21425116314946932,0.2479384590629014,0.12960193886151142,0.3197721333676351,0.10966134856960595,0.026787550189747412,0.19709708454363561,0.06675475695969547,0.3800232198284844,0.08550893169574186
589,0.6999541576785281,0.10276325357336004,0.03524573977742885,0.29045628502019255,0.53308417782292,0.07377723922800647,0.2244429390567889,0.3249058063283009,0.3862863548851316,0.21391907575825467,0.042615957663738865,0.10607581476741512,0.12965045822389593,0.08534951834532825,0.05531190462837119
590,0.7384404610751948,0.1293484213171819,0.03629776110702373,0.31258711832670283,0.366521197876751,0.12110591187192411,0.43093154968397696,0.4904060275532453,1.1851841447593534,0.13843894187169425,0.08665884989273794,0.2317534924473286,0.09132198670206147,0.05772216391133984,0.3552879153077396
592,0.9389566226002989,0.10268990662249607,0.13504000384755951,0.38265560562599954,0.004082142437626943,0.12455744005173798,0.20828873079820798,0.2268187559626554,0.4425638502903218,0.12418589693488868,0.046867704551033784,0.3885012514985912,0.1151128312059097,0.3154269163561419,0.10455149090399805
593,0.12563002563487768,0.11475642004112686,0.2365203311095795,0.16050652912020183,0.7518301795975973,0.02640525053417409,0.14693780105102325,0.33314871318169903,0.6344029472255251,0.05334623003510358,0.09964129035702024,0.01018556268554701,0.17652809971212235,0.49726135336457716,0.2252526454217815
594,0.01130503058920942,0.11851800419358371,0.30853085721574725,0.04262798248434745,0.09461171061727598,0.0751405660111785,0.12402054069440303,0.19024717887829573,1.053665856757397,0.1162409519794665,0.022381425315301566,0.23686498740647938,0.3209078811670697,0.17803380053115025,0.2946002241318999
596,0.2217693239126326,0.34399918973903076,0.05432138308159396,0.4303020934090128,0.0022409125895872413,0.10026240542730466,0.012626488381292352,0.17685916738224902,0.047637100331972715,0.003129989843117574,0.06399813004423517,0.11591191802403862,0.19315100054261095,0.1932464356039473,0.05949870883493832
597,0.28227673973090067,0.1556300193445387,0.30142859691602647,0.10715354461520589,0.5469085573297962,0.11878071450729472,0.09356786364191792,0.31356710305751906,0.45024653615775406,0.008985405494779814,0.00476127978249582,0.045036827632665886,0.07299263281247416,0.26816849574238855,0.27743270862186986
599,0.24727283416617768,0.04641126560093033,0.07541035362088429,0.14792345789092592,0.14559264496149485,0.02785247109882699,0.054038696189499746,0.03865834555248429,0.041203864185760386,0.03209757980571815,0.006089869658546133,0.03383487755878673,0.042797229110886674,0.0687361250790236,0.04445045230888613
610,0.46380116097982,0.026508878231435277,0.06358584338379156,0.016430664431878836,0.7237822600750001,0.12538398221603184,0.36457080737093456,0.2903294835060928,0.5121184522992319,0.09037319285081961,0.03910082696683863,0.2875227639086506,0.08098336003793984,0.22053543241396376,0.46547167728649375
